++STRT++
0.181972
0.234745
0.007364
0.000456
0.007299
0.002188
0.007672
0.002154
0.184515
0.235177
0.008548
0.000537
0.008418
0.002211
0.014786
0.003468
0.193282
0.234020
0.008118
0.000520
0.008035
0.002192
0.013040
0.003039
0.194753
0.234525
0.008843
0.000567
0.008600
0.002202
0.013496
0.002659
0.218939
0.237339
0.009730
0.000795
0.009612
0.002416
0.026807
0.005800
0.192892
0.235243
0.008843
0.000514
0.008619
0.002214
0.013951
0.002831
0.196568
0.235021
0.009108
0.000562
0.008950
0.002232
0.015648
0.003209
0.195279
0.233811
0.008638
0.000508
0.008462
0.002230
0.012958
0.002471
0.191489
0.233343
0.007238
0.000446
0.007228
0.002189
0.007654
0.002061
0.207815
0.238620
0.009988
0.000894
0.009879
0.002367
0.028680
0.006138
--STOP--
++STRT++
0.185483
0.233359
0.007429
0.000447
0.007343
0.002185
0.007502
0.002064
0.179939
0.234734
0.008521
0.000548
0.008263
0.002210
0.014752
0.003474
0.194410
0.234602
0.008141
0.000527
0.008096
0.002183
0.012703
0.002880
0.201426
0.235130
0.008704
0.000514
0.008656
0.002202
0.013353
0.002601
0.217436
0.236234
0.009706
0.000798
0.009581
0.002406
0.026775
0.005878
0.194972
0.234352
0.008834
0.000540
0.008609
0.002201
0.013650
0.002695
0.191517
0.234941
0.009064
0.000571
0.008927
0.002278
0.015635
0.003291
0.195073
0.234299
0.008669
0.000504
0.008482
0.002236
0.012964
0.002561
0.200235
0.235669
0.009362
0.000619
0.009230
0.002252
0.019572
0.004010
0.218492
0.238170
0.010057
0.000865
0.009941
0.002420
0.028697
0.006145
--STOP--
++STRT++
0.189236
0.233633
0.007604
0.000481
0.007488
0.002191
0.007584
0.002120
0.182792
0.234980
0.008512
0.000541
0.008336
0.002201
0.014742
0.003443
0.194694
0.234574
0.008080
0.000526
0.007998
0.002231
0.013111
0.002914
0.193554
0.234611
0.008750
0.000519
0.008677
0.002208
0.013135
0.002753
0.217143
0.236086
0.009766
0.000809
0.009592
0.002332
0.026789
0.005902
0.195288
0.235377
0.008815
0.000500
0.008557
0.002207
0.013516
0.002669
0.196529
0.234716
0.009039
0.000615
0.008857
0.002248
0.015836
0.003219
0.192421
0.234331
0.008655
0.000505
0.008477
0.002187
0.012964
0.002591
0.196580
0.235413
0.009359
0.000663
0.009163
0.002313
0.019536
0.004021
0.231861
0.237803
0.009904
0.000832
0.009776
0.002332
0.028851
0.006117
--STOP--
++STRT++
0.189838
0.233104
0.007395
0.000456
0.007330
0.002153
0.006980
0.002044
0.183569
0.235089
0.008427
0.000581
0.008213
0.002241
0.014906
0.003209
0.194072
0.234353
0.008181
0.000518
0.007992
0.002223
0.012692
0.002922
0.193727
0.235260
0.008777
0.000503
0.008593
0.002192
0.013803
0.002823
0.213611
0.236813
0.009841
0.000816
0.009568
0.002423
0.026610
0.005784
0.193708
0.234659
0.008878
0.000532
0.008542
0.002211
0.013971
0.002840
0.191364
0.234939
0.009056
0.000564
0.008934
0.002282
0.015754
0.003130
0.194127
0.234239
0.008712
0.000510
0.008525
0.002181
0.012789
0.002633
0.192228
0.235178
0.009288
0.000640
0.009129
0.002300
0.019667
0.004136
0.229760
0.238092
0.009928
0.000878
0.009817
0.002445
0.028498
0.006089
--STOP--
++STRT++
0.184721
0.233272
0.007417
0.000452
0.007392
0.002183
0.007521
0.001982
0.174777
0.234957
0.008490
0.000541
0.008217
0.002246
0.014894
0.003270
0.199274
0.234009
0.008230
0.000533
0.008450
0.002183
0.012460
0.002927
0.193727
0.235352
0.008747
0.000508
0.008570
0.002238
0.013373
0.002820
0.214526
0.236304
0.009802
0.000852
0.009589
0.002324
0.026977
0.005850
0.189015
0.234745
0.008841
0.000518
0.008686
0.002231
0.013652
0.002687
0.195054
0.234717
0.009024
0.000559
0.008839
0.002278
0.015656
0.003216
0.193715
0.234460
0.008668
0.000513
0.008561
0.002200
0.012730
0.002547
0.196978
0.235291
0.009280
0.000643
0.009021
0.002261
0.019372
0.003967
0.227747
0.237934
0.009883
0.000834
0.009760
0.002409
0.028725
0.006149
--STOP--
++STRT++
0.184457
0.232946
0.007454
0.000451
0.007281
0.002153
0.006944
0.001977
0.178120
0.235044
0.008572
0.000544
0.008439
0.002200
0.015227
0.003399
0.193114
0.234588
0.008303
0.000535
0.008090
0.002177
0.012250
0.002967
0.182430
0.234436
0.008841
0.000513
0.008628
0.002248
0.013309
0.002762
0.207422
0.237077
0.009698
0.000792
0.009627
0.002399
0.027033
0.005854
0.194109
0.234227
0.008772
0.000513
0.008642
0.002250
0.013554
0.002725
0.194580
0.235474
0.009099
0.000563
0.008925
0.002264
0.015612
0.003281
0.193422
0.234194
0.008631
0.000510
0.008504
0.002191
0.012871
0.002516
0.198424
0.235129
0.009239
0.000637
0.009015
0.002295
0.019754
0.004023
0.221626
0.237797
0.009982
0.000887
0.009751
0.002448
0.028742
0.006126
--STOP--
++STRT++
0.185625
0.232941
0.007343
0.000450
0.007356
0.002156
0.007746
0.002033
0.182132
0.235198
0.008499
0.000546
0.008354
0.002207
0.014732
0.003437
0.193278
0.233807
0.008260
0.000535
0.008109
0.002201
0.012389
0.002914
0.178359
0.234987
0.008907
0.000563
0.008738
0.002190
0.013432
0.002773
0.204412
0.236471
0.009818
0.000812
0.009648
0.002432
0.026711
0.005821
0.197497
0.234578
0.008797
0.000522
0.008673
0.002256
0.013212
0.002546
0.200651
0.234630
0.008909
0.000577
0.008742
0.002280
0.015854
0.003160
0.192913
0.233993
0.008703
0.000505
0.008570
0.002228
0.012294
0.002442
0.200263
0.235016
0.009192
0.000624
0.009012
0.002276
0.019947
0.004119
0.228547
0.238428
0.009898
0.000838
0.009709
0.002384
0.028547
0.006226
--STOP--
++STRT++
0.189060
0.234108
0.007404
0.000440
0.007358
0.002163
0.007505
0.001964
0.180479
0.234744
0.008484
0.000551
0.008345
0.002252
0.015084
0.003447
0.193000
0.234712
0.008213
0.000518
0.008061
0.002179
0.012669
0.002911
0.189069
0.234955
0.008833
0.000531
0.008656
0.002260
0.013412
0.002719
0.216819
0.235873
0.009670
0.000803
0.009619
0.002325
0.026795
0.005837
0.194870
0.234610
0.008742
0.000529
0.008539
0.002261
0.013936
0.002727
0.193939
0.235384
0.009086
0.000568
0.008917
0.002284
0.015759
0.003256
0.193017
0.234248
0.008627
0.000499
0.008551
0.002202
0.013230
0.002534
0.199222
0.235646
0.009213
0.000619
0.009022
0.002305
0.019694
0.004021
0.210110
0.238418
0.010031
0.000837
0.009789
0.002413
0.028755
0.006128
--STOP--
++STRT++
0.188280
0.233543
0.007422
0.000445
0.007418
0.002194
0.007726
0.002054
0.186301
0.235531
0.008507
0.000545
0.008315
0.002188
0.014661
0.003270
0.182343
0.234305
0.008272
0.000523
0.008115
0.002181
0.012234
0.002990
0.194758
0.234446
0.008786
0.000501
0.008668
0.002250
0.013482
0.002593
0.219078
0.236886
0.009768
0.000820
0.009521
0.002396
0.026794
0.005797
0.195219
0.234699
0.008776
0.000511
0.008641
0.002265
0.013596
0.002757
0.197340
0.235063
0.009098
0.000578
0.008894
0.002270
0.015931
0.003180
0.183925
0.234705
0.008734
0.000506
0.008511
0.002243
0.012676
0.002518
0.198222
0.235566
0.009333
0.000639
0.009118
0.002310
0.019702
0.004087
0.224598
0.237385
0.009873
0.000848
0.009735
0.002368
0.028573
0.006118
--STOP--
++STRT++
0.184947
0.233558
0.007436
0.000455
0.007256
0.002190
0.007335
0.002095
0.180686
0.235016
0.008523
0.000539
0.008352
0.002247
0.014627
0.003386
0.184684
0.234373
0.008291
0.000524
0.008125
0.002193
0.012530
0.002904
0.195213
0.235029
0.008761
0.000510
0.008685
0.002213
0.013284
0.002590
0.219734
0.236379
0.009756
0.000828
0.009552
0.002385
0.026951
0.005937
0.195143
0.235047
0.008824
0.000518
0.008629
0.002255
0.013547
0.002784
0.196810
0.234775
0.009036
0.000575
0.008962
0.002280
0.015464
0.003160
0.194023
0.233927
0.008725
0.000491
0.008519
0.002240
0.013082
0.002551
0.202658
0.235183
0.009228
0.000623
0.008949
0.002249
0.019639
0.003985
0.214553
0.238717
0.009992
0.000837
0.009947
0.002356
0.028717
0.006164
--STOP--
++STRT++
0.187144
0.233487
0.007488
0.000438
0.007322
0.002152
0.007656
0.001980
0.180191
0.234526
0.008415
0.000548
0.008283
0.002229
0.014778
0.003498
0.194658
0.234282
0.008243
0.000519
0.008029
0.002223
0.012463
0.002876
0.194463
0.234810
0.008764
0.000520
0.008582
0.002240
0.013493
0.002849
0.219972
0.236535
0.009728
0.000851
0.009620
0.002329
0.026978
0.005924
0.193315
0.234365
0.008808
0.000519
0.008552
0.002242
0.013534
0.002729
0.195459
0.235345
0.009035
0.000584
0.008927
0.002281
0.015745
0.003212
0.192956
0.234533
0.008757
0.000497
0.008492
0.002242
0.012802
0.002482
0.199354
0.235314
0.009257
0.000626
0.009051
0.002289
0.019535
0.004083
0.221408
0.237845
0.009988
0.000839
0.009921
0.002382
0.028836
0.006109
--STOP--
++STRT++
0.192216
0.233727
0.007432
0.000453
0.007449
0.002196
0.007320
0.002032
0.188047
0.234380
0.008369
0.000536
0.008228
0.002203
0.014983
0.003467
0.195558
0.234156
0.008252
0.000516
0.008013
0.002217
0.012202
0.002858
0.194361
0.234908
0.008758
0.000522
0.008604
0.002223
0.013344
0.002693
0.208046
0.236260
0.009827
0.000818
0.009693
0.002354
0.026803
0.005771
0.194683
0.234384
0.008810
0.000533
0.008578
0.002241
0.014080
0.002759
0.199754
0.235159
0.008981
0.000588
0.008799
0.002282
0.015998
0.003177
0.190268
0.234599
0.008608
0.000495
0.008467
0.002188
0.012853
0.002563
0.196494
0.234771
0.009220
0.000624
0.009066
0.002277
0.019819
0.003946
0.223255
0.239154
0.010003
0.000834
0.009844
0.002413
0.028686
0.006193
--STOP--
++STRT++
0.191644
0.233087
0.007597
0.000488
0.007400
0.002190
0.008222
0.002070
0.177674
0.235129
0.008531
0.000536
0.008318
0.002255
0.014984
0.003456
0.197452
0.233818
0.008185
0.000524
0.008190
0.002216
0.012747
0.002829
0.180380
0.235181
0.008804
0.000517
0.008662
0.002250
0.013587
0.002608
0.216546
0.236557
0.009819
0.000838
0.009552
0.002444
0.027270
0.005818
0.192958
0.234672
0.008830
0.000526
0.008677
0.002244
0.013511
0.002716
0.192107
0.235275
0.009106
0.000561
0.009029
0.002288
0.015517
0.003227
0.180678
0.234087
0.008779
0.000526
0.008553
0.002221
0.012787
0.002577
0.199123
0.235655
0.009285
0.000616
0.009143
0.002305
0.019778
0.004035
0.224195
0.238607
0.009956
0.000832
0.009801
0.002398
0.028613
0.006069
--STOP--
++STRT++
0.179573
0.232890
0.007406
0.000448
0.007221
0.002158
0.007321
0.001953
0.184960
0.234659
0.008529
0.000540
0.008364
0.002233
0.015385
0.003276
0.185470
0.234347
0.008359
0.000519
0.008127
0.002189
0.012609
0.002912
0.192252
0.235285
0.008764
0.000522
0.008710
0.002220
0.013660
0.002883
0.217713
0.236045
0.009718
0.000816
0.009624
0.002363
0.026888
0.005804
0.194631
0.235472
0.008772
0.000514
0.008594
0.002264
0.013741
0.002846
0.193973
0.234715
0.009047
0.000564
0.008885
0.002245
0.015654
0.003225
0.193039
0.234320
0.008590
0.000513
0.008493
0.002212
0.012872
0.002538
0.199752
0.234956
0.009268
0.000630
0.009024
0.002247
0.019695
0.003980
0.200820
0.238389
0.010035
0.000828
0.009808
0.002419
0.028767
0.006151
--STOP--
++STRT++
0.185871
0.233826
0.007513
0.000450
0.007370
0.002201
0.007728
0.002046
0.182738
0.234860
0.008481
0.000544
0.008425
0.002213
0.014949
0.003445
0.192556
0.234790
0.008258
0.000512
0.008055
0.002212
0.012489
0.002924
0.190026
0.235227
0.008789
0.000517
0.008653
0.002249
0.013391
0.002682
0.213866
0.236061
0.009730
0.000815
0.009541
0.002405
0.026929
0.005835
0.195517
0.234795
0.008781
0.000527
0.008637
0.002257
0.013830
0.002911
0.200939
0.234917
0.008988
0.000575
0.008832
0.002282
0.015311
0.003161
0.195245
0.233869
0.008583
0.000508
0.008418
0.002233
0.012981
0.002564
0.196564
0.235177
0.009308
0.000631
0.009066
0.002286
0.019572
0.004045
0.221865
0.238071
0.010015
0.000833
0.009822
0.002376
0.028726
0.006139
--STOP--
++STRT++
0.182240
0.234058
0.007406
0.000444
0.007402
0.002176
0.007734
0.002088
0.180367
0.235021
0.008485
0.000547
0.008370
0.002199
0.014705
0.003456
0.190660
0.234253
0.008376
0.000527
0.008120
0.002178
0.012252
0.002898
0.193597
0.234807
0.008824
0.000517
0.008715
0.002251
0.013252
0.002749
0.217567
0.236607
0.009697
0.000808
0.009650
0.002418
0.026867
0.005787
0.194171
0.234647
0.008741
0.000520
0.008549
0.002234
0.013409
0.002613
0.195002
0.234892
0.009139
0.000582
0.008832
0.002252
0.015669
0.003236
0.189575
0.234257
0.008680
0.000509
0.008507
0.002234
0.013119
0.002708
0.196895
0.234970
0.009206
0.000630
0.009158
0.002289
0.019699
0.004091
0.225162
0.236490
0.009986
0.000835
0.009836
0.002376
0.028690
0.006125
--STOP--
++STRT++
0.184169
0.233277
0.007401
0.000452
0.007261
0.002186
0.007436
0.002024
0.181921
0.235366
0.008505
0.000559
0.008362
0.002212
0.014664
0.003452
0.176004
0.234396
0.008217
0.000513
0.008142
0.002235
0.012821
0.002939
0.187967
0.235572
0.008875
0.000505
0.008720
0.002228
0.013960
0.002796
0.199101
0.237989
0.009882
0.000809
0.009673
0.002384
0.026858
0.005897
0.192034
0.234744
0.008809
0.000571
0.008620
0.002206
0.013530
0.002762
0.193651
0.234692
0.009136
0.000558
0.008905
0.002252
0.015666
0.003282
0.192284
0.233869
0.008636
0.000500
0.008479
0.002215
0.012763
0.002617
0.197173
0.235248
0.009291
0.000638
0.009108
0.002316
0.019693
0.003947
0.228654
0.237877
0.009905
0.000878
0.009763
0.002395
0.028724
0.006194
--STOP--
++STRT++
0.181196
0.233650
0.007342
0.000445
0.007322
0.002156
0.007251
0.002020
0.182748
0.234868
0.008447
0.000589
0.008231
0.002225
0.014708
0.003387
0.188902
0.234924
0.008298
0.000534
0.008129
0.002183
0.012817
0.002967
0.181809
0.235577
0.008784
0.000578
0.008633
0.002199
0.013236
0.002744
0.203710
0.237097
0.009905
0.000845
0.009643
0.002411
0.026880
0.005895
0.193336
0.234324
0.008846
0.000515
0.008669
0.002260
0.013623
0.002787
0.191024
0.235276
0.009035
0.000570
0.008914
0.002275
0.015750
0.003321
0.183558
0.234991
0.008713
0.000498
0.008505
0.002209
0.012313
0.002487
0.196606
0.235192
0.009241
0.000644
0.009187
0.002295
0.019578
0.004027
0.224161
0.238128
0.009923
0.000849
0.009793
0.002407
0.028534
0.006108
--STOP--
++STRT++
0.185951
0.233930
0.007353
0.000458
0.007346
0.002188
0.007545
0.002112
0.180831
0.235001
0.008475
0.000553
0.008351
0.002249
0.014802
0.003496
0.185194
0.234226
0.008350
0.000526
0.008202
0.002169
0.012433
0.002950
0.193816
0.234890
0.008784
0.000509
0.008661
0.002249
0.013807
0.002863
0.205689
0.236819
0.009844
0.000817
0.009730
0.002354
0.026776
0.005847
0.190624
0.234596
0.008718
0.000522
0.008656
0.002243
0.013750
0.002686
0.190908
0.234608
0.009110
0.000571
0.008959
0.002276
0.015621
0.003130
0.192187
0.233990
0.008625
0.000489
0.008510
0.002190
0.012834
0.002500
0.184172
0.235582
0.009343
0.000628
0.009229
0.002298
0.019676
0.003969
0.192080
0.237710
0.010087
0.000838
0.009891
0.002428
0.028725
0.006076
--STOP--
++STRT++
0.191211
0.233665
0.007534
0.000462
0.007486
0.002181
0.007578
0.002138
0.181711
0.234320
0.008628
0.000578
0.008376
0.002206
0.014636
0.003432
0.188331
0.234317
0.008290
0.000522
0.008061
0.002253
0.012457
0.002969
0.190980
0.235100
0.008842
0.000519
0.008569
0.002219
0.013369
0.002740
0.218338
0.236399
0.009719
0.000849
0.009588
0.002348
0.026918
0.005816
0.194817
0.234990
0.008686
0.000523
0.008555
0.002243
0.013485
0.002777
0.193450
0.234879
0.009051
0.000548
0.008832
0.002280
0.015787
0.003165
0.195200
0.233768
0.008722
0.000551
0.008574
0.002241
0.012827
0.002613
0.202008
0.235341
0.009318
0.000665
0.009062
0.002267
0.019787
0.004053
0.219862
0.237851
0.010059
0.000848
0.009871
0.002393
0.028574
0.006146
--STOP--
++STRT++
0.192129
0.233728
0.007603
0.000475
0.007560
0.002175
0.008717
0.002250
0.181827
0.234825
0.008511
0.000538
0.008348
0.002237
0.015041
0.003395
0.194137
0.234421
0.008253
0.000546
0.008117
0.002225
0.012169
0.002870
0.197550
0.234124
0.008796
0.000522
0.008624
0.002243
0.013242
0.002585
0.217087
0.236482
0.009761
0.000794
0.009566
0.002374
0.026907
0.005832
0.201146
0.234874
0.008701
0.000510
0.008597
0.002260
0.013421
0.002769
0.191931
0.235144
0.009205
0.000570
0.008847
0.002270
0.015462
0.003221
0.192937
0.233876
0.008682
0.000488
0.008533
0.002252
0.012932
0.002530
0.199287
0.235514
0.009320
0.000616
0.009230
0.002324
0.019625
0.004067
0.200485
0.238586
0.010003
0.000837
0.009872
0.002359
0.028670
0.006107
--STOP--
++STRT++
0.192757
0.233305
0.007432
0.000456
0.007257
0.002188
0.007431
0.002068
0.180970
0.234824
0.008479
0.000542
0.008407
0.002227
0.014433
0.003220
0.176470
0.234316
0.008242
0.000510
0.008116
0.002180
0.013036
0.002989
0.188513
0.234430
0.008752
0.000514
0.008672
0.002246
0.013349
0.002747
0.219485
0.236532
0.009754
0.000813
0.009553
0.002347
0.027063
0.005752
0.196027
0.234725
0.008744
0.000521
0.008570
0.002236
0.014119
0.002913
0.194658
0.235089
0.009046
0.000604
0.008949
0.002245
0.015642
0.003210
0.180631
0.234261
0.008716
0.000523
0.008506
0.002247
0.013197
0.002701
0.199599
0.235441
0.009248
0.000627
0.008996
0.002263
0.019676
0.004032
0.230226
0.237125
0.009925
0.000876
0.009758
0.002419
0.028620
0.006050
--STOP--
++STRT++
0.193995
0.233103
0.007481
0.000456
0.007395
0.002155
0.008565
0.002225
0.182167
0.234733
0.008570
0.000562
0.008450
0.002203
0.014869
0.003430
0.185350
0.234346
0.008364
0.000562
0.008187
0.002232
0.012693
0.003146
0.184784
0.235775
0.008830
0.000515
0.008620
0.002199
0.013505
0.002679
0.195959
0.236917
0.009911
0.000838
0.009775
0.002395
0.027359
0.005842
0.194506
0.234682
0.008818
0.000508
0.008637
0.002272
0.013862
0.002735
0.193882
0.234934
0.009163
0.000574
0.008952
0.002285
0.016234
0.003275
0.189487
0.234431
0.008646
0.000513
0.008572
0.002200
0.013060
0.002614
0.201080
0.235317
0.009229
0.000628
0.009062
0.002251
0.019719
0.004027
0.223053
0.237647
0.010075
0.000854
0.009843
0.002387
0.028783
0.006137
--STOP--
++STRT++
0.193886
0.234176
0.007422
0.000444
0.007318
0.002172
0.007628
0.001965
0.183683
0.234916
0.008467
0.000544
0.008325
0.002233
0.014955
0.003441
0.185407
0.234502
0.008274
0.000543
0.008096
0.002188
0.012928
0.002964
0.187556
0.234782
0.008801
0.000518
0.008675
0.002247
0.013588
0.002883
0.216780
0.237182
0.009706
0.000811
0.009650
0.002384
0.026941
0.005823
0.195115
0.234271
0.008839
0.000496
0.008661
0.002245
0.013446
0.002637
0.198483
0.234495
0.009053
0.000576
0.008862
0.002253
0.015589
0.003125
0.188475
0.234607
0.008705
0.000507
0.008566
0.002247
0.012518
0.002544
0.195862
0.235081
0.009236
0.000615
0.009106
0.002267
0.019699
0.003992
0.224067
0.236840
0.009978
0.000844
0.009847
0.002377
0.028855
0.006175
--STOP--
++STRT++
0.184550
0.233374
0.007525
0.000460
0.007482
0.002160
0.007766
0.002034
0.176845
0.235280
0.008524
0.000540
0.008365
0.002209
0.014925
0.003426
0.191880
0.234170
0.008189
0.000518
0.008038
0.002215
0.012689
0.002944
0.187993
0.234676
0.008834
0.000524
0.008753
0.002245
0.013684
0.002742
0.213039
0.236088
0.009886
0.000804
0.009614
0.002386
0.026822
0.005863
0.191814
0.234897
0.008779
0.000525
0.008635
0.002224
0.013555
0.002800
0.195332
0.234572
0.009046
0.000604
0.008938
0.002225
0.015723
0.003259
0.180808
0.234365
0.008627
0.000554
0.008573
0.002207
0.013034
0.002616
0.195364
0.235117
0.009291
0.000620
0.009163
0.002289
0.019640
0.004019
0.225185
0.236622
0.010023
0.000843
0.009818
0.002396
0.029014
0.006130
--STOP--
++STRT++
0.187489
0.233568
0.007378
0.000450
0.007446
0.002149
0.007093
0.001983
0.183477
0.234399
0.008511
0.000545
0.008370
0.002254
0.014762
0.003441
0.196066
0.233602
0.008269
0.000528
0.008143
0.002240
0.012292
0.002952
0.200572
0.234146
0.008716
0.000506
0.008580
0.002204
0.013621
0.002791
0.210227
0.236350
0.009825
0.000831
0.009701
0.002382
0.026878
0.005844
0.196364
0.234592
0.008873
0.000557
0.008663
0.002200
0.013733
0.002871
0.193574
0.235028
0.009064
0.000581
0.008905
0.002240
0.015632
0.003236
0.191590
0.234317
0.008628
0.000500
0.008517
0.002232
0.012885
0.002535
0.196940
0.235014
0.009300
0.000633
0.009107
0.002260
0.019548
0.004068
0.220632
0.237216
0.009972
0.000823
0.009884
0.002382
0.028840
0.006182
--STOP--
++STRT++
0.186723
0.234808
0.007396
0.000439
0.007511
0.002157
0.007936
0.002089
0.178951
0.235603
0.008568
0.000545
0.008345
0.002230
0.014590
0.003347
0.176025
0.234646
0.008213
0.000531
0.008084
0.002198
0.013227
0.002930
0.190294
0.234752
0.008760
0.000532
0.008620
0.002217
0.013264
0.002575
0.206258
0.237583
0.009766
0.000805
0.009579
0.002407
0.027035
0.005784
0.196637
0.234281
0.008784
0.000503
0.008680
0.002275
0.013367
0.002577
0.194632
0.234857
0.009035
0.000567
0.008893
0.002273
0.016251
0.003276
0.190949
0.233779
0.008676
0.000503
0.008558
0.002239
0.012626
0.002427
0.196311
0.235009
0.009259
0.000627
0.009084
0.002246
0.019736
0.004048
0.204542
0.237955
0.010045
0.000874
0.009802
0.002412
0.028858
0.006103
--STOP--
++STRT++
0.187714
0.233070
0.007365
0.000470
0.007245
0.002160
0.007366
0.001944
0.180886
0.235113
0.008481
0.000548
0.008276
0.002210
0.015242
0.003345
0.182385
0.234381
0.008237
0.000519
0.008039
0.002241
0.012748
0.002899
0.195057
0.234383
0.008768
0.000499
0.008643
0.002203
0.013646
0.002790
0.214415
0.236653
0.009774
0.000802
0.009554
0.002355
0.026883
0.005785
0.197536
0.234734
0.008784
0.000512
0.008671
0.002216
0.013421
0.002439
0.196417
0.234809
0.009007
0.000632
0.008819
0.002255
0.015386
0.003100
0.193622
0.234482
0.008630
0.000507
0.008439
0.002236
0.012716
0.002540
0.194678
0.235175
0.009251
0.000626
0.008995
0.002301
0.019582
0.003980
0.211092
0.237523
0.010036
0.000840
0.009842
0.002371
0.028543
0.006131
--STOP--
++STRT++
0.193038
0.233579
0.007425
0.000450
0.007428
0.002158
0.007472
0.002165
0.187040
0.234583
0.008431
0.000593
0.008261
0.002204
0.015241
0.003388
0.190952
0.234370
0.008321
0.000532
0.008063
0.002200
0.012609
0.002876
0.192661
0.234807
0.008803
0.000511
0.008671
0.002271
0.013404
0.002771
0.215940
0.236946
0.009720
0.000851
0.009579
0.002322
0.027025
0.005842
0.195771
0.234415
0.008827
0.000551
0.008649
0.002208
0.013515
0.002719
0.197372
0.234698
0.008998
0.000625
0.008899
0.002237
0.015521
0.003130
0.195301
0.233977
0.008671
0.000509
0.008512
0.002251
0.013102
0.002562
0.198110
0.235184
0.009295
0.000634
0.009137
0.002290
0.019723
0.004034
0.228982
0.237819
0.009962
0.000840
0.009833
0.002425
0.029059
0.006137
--STOP--
++STRT++
0.185091
0.234412
0.007470
0.000442
0.007316
0.002159
0.007854
0.002135
0.180732
0.235035
0.008573
0.000542
0.008399
0.002207
0.014748
0.003242
0.186854
0.233991
0.008244
0.000575
0.008149
0.002222
0.012818
0.002983
0.187134
0.234776
0.008806
0.000517
0.008664
0.002206
0.014266
0.002846
0.213232
0.236392
0.009791
0.000802
0.009609
0.002404
0.026966
0.005876
0.190786
0.234423
0.008808
0.000502
0.008625
0.002249
0.013793
0.002845
0.193739
0.234951
0.009024
0.000579
0.008959
0.002238
0.015701
0.003122
0.190265
0.234126
0.008613
0.000511
0.008421
0.002196
0.012834
0.002565
0.197589
0.235254
0.009294
0.000664
0.009080
0.002321
0.019718
0.004023
0.230936
0.236869
0.009943
0.000845
0.009780
0.002342
0.029010
0.006220
--STOP--
++STRT++
0.182636
0.234123
0.007645
0.000462
0.007399
0.002173
0.007967
0.002089
0.185041
0.234884
0.008410
0.000555
0.008230
0.002262
0.014418
0.003247
0.195957
0.234246
0.008325
0.000533
0.008152
0.002191
0.012188
0.002898
0.195736
0.234654
0.008831
0.000514
0.008593
0.002242
0.013602
0.002732
0.222119
0.237382
0.009873
0.000864
0.009659
0.002422
0.026893
0.005857
0.191863
0.234527
0.008743
0.000518
0.008639
0.002198
0.013573
0.002515
0.196172
0.234884
0.009045
0.000588
0.008912
0.002241
0.015782
0.003170
0.185301
0.234939
0.008763
0.000526
0.008528
0.002251
0.012736
0.002547
0.197946
0.235175
0.009271
0.000632
0.009091
0.002264
0.019818
0.004053
0.229295
0.237794
0.010012
0.000890
0.009835
0.002463
0.028945
0.006053
--STOP--
++STRT++
0.175852
0.234165
0.007462
0.000452
0.007471
0.002172
0.008408
0.002153
0.180977
0.234528
0.008485
0.000549
0.008288
0.002241
0.014819
0.003481
0.197566
0.233774
0.008321
0.000523
0.008082
0.002233
0.012440
0.002982
0.192474
0.234661
0.008736
0.000516
0.008662
0.002194
0.013675
0.002838
0.217688
0.236354
0.009797
0.000803
0.009646
0.002405
0.026715
0.005873
0.197942
0.234526
0.008896
0.000528
0.008729
0.002253
0.013200
0.002519
0.187095
0.235496
0.009046
0.000597
0.008926
0.002280
0.015879
0.003181
0.192760
0.234035
0.008666
0.000517
0.008481
0.002195
0.012948
0.002526
0.192949
0.235084
0.009336
0.000636
0.009112
0.002299
0.019598
0.004009
0.227896
0.237304
0.009936
0.000830
0.009815
0.002377
0.028822
0.006161
--STOP--
++STRT++
0.180770
0.233549
0.007372
0.000450
0.007344
0.002188
0.007830
0.002138
0.180366
0.235816
0.008469
0.000536
0.008367
0.002205
0.014953
0.003146
0.193776
0.233836
0.008229
0.000518
0.008095
0.002192
0.012781
0.002853
0.185593
0.235844
0.008840
0.000524
0.008682
0.002197
0.013456
0.002729
0.215663
0.236361
0.009801
0.000826
0.009630
0.002344
0.026727
0.005893
0.193695
0.234414
0.008812
0.000525
0.008632
0.002248
0.013656
0.002773
0.193327
0.235228
0.009106
0.000566
0.008975
0.002250
0.015771
0.003155
0.183045
0.234298
0.008680
0.000499
0.008626
0.002242
0.012474
0.002594
0.199671
0.235389
0.009242
0.000668
0.009159
0.002291
0.019647
0.004063
0.184028
0.233426
0.007289
0.000429
0.006968
0.002156
0.028679
0.006081
--STOP--
++STRT++
0.193079
0.233394
0.007554
0.000458
0.007437
0.002187
0.008027
0.002137
0.181524
0.234378
0.008425
0.000591
0.008315
0.002221
0.014965
0.003369
0.193359
0.234077
0.008315
0.000520
0.008018
0.002179
0.012679
0.002952
0.198726
0.234623
0.008798
0.000509
0.008589
0.002210
0.013393
0.002573
0.219722
0.236549
0.009709
0.000824
0.009617
0.002364
0.027277
0.005821
0.192236
0.234233
0.008818
0.000537
0.008588
0.002240
0.013343
0.002602
0.194813
0.234891
0.009044
0.000566
0.008884
0.002285
0.015750
0.003077
0.192843
0.234274
0.008718
0.000512
0.008510
0.002246
0.012610
0.002591
0.199020
0.234884
0.009270
0.000644
0.008991
0.002305
0.019786
0.004062
0.225730
0.237588
0.009967
0.000877
0.009801
0.002453
0.028823
0.006170
--STOP--
++STRT++
0.193481
0.233194
0.007457
0.000451
0.007336
0.002163
0.008059
0.002158
0.186853
0.234889
0.008503
0.000556
0.008395
0.002197
0.014571
0.003439
0.192531
0.233221
0.007321
0.000451
0.007155
0.002151
0.007647
0.002001
0.183400
0.234851
0.008800
0.000521
0.008750
0.002248
0.013690
0.002734
0.219672
0.235954
0.009735
0.000790
0.009720
0.002375
0.026645
0.005792
0.201809
0.234579
0.008653
0.000506
0.008511
0.002260
0.013652
0.002686
0.194314
0.234822
0.009201
0.000590
0.008955
0.002250
0.015867
0.003170
0.194311
0.233816
0.008721
0.000545
0.008520
0.002210
0.012917
0.002410
0.199341
0.235102
0.009325
0.000651
0.009157
0.002300
0.019955
0.004065
0.220295
0.238615
0.010049
0.000848
0.009818
0.002421
0.028768
0.006132
--STOP--
++STRT++
0.185010
0.233198
0.007377
0.000448
0.007332
0.002185
0.008415
0.002057
0.181846
0.234995
0.008478
0.000548
0.008359
0.002209
0.014852
0.003374
0.189017
0.234709
0.008314
0.000520
0.008061
0.002229
0.012117
0.003005
0.185398
0.235254
0.008840
0.000517
0.008657
0.002224
0.013516
0.002730
0.212188
0.235925
0.009820
0.000879
0.009627
0.002419
0.026904
0.005864
0.190168
0.234222
0.008796
0.000509
0.008624
0.002247
0.013818
0.002756
0.192170
0.234899
0.009066
0.000579
0.008977
0.002228
0.015725
0.003218
0.194065
0.234354
0.008645
0.000493
0.008432
0.002177
0.013079
0.002623
0.194076
0.234901
0.009210
0.000631
0.009111
0.002252
0.019866
0.004019
0.221943
0.237427
0.010028
0.000862
0.009792
0.002404
0.028709
0.006086
--STOP--
++STRT++
0.185385
0.233488
0.007459
0.000448
0.007389
0.002182
0.007858
0.002020
0.189817
0.235372
0.008517
0.000559
0.008301
0.002250
0.015353
0.003209
0.194070
0.233991
0.008235
0.000517
0.008119
0.002213
0.012287
0.002888
0.193531
0.234936
0.008746
0.000511
0.008606
0.002236
0.013429
0.002645
0.212970
0.236675
0.010049
0.000804
0.009578
0.002397
0.026683
0.005857
0.194180
0.234225
0.008810
0.000504
0.008655
0.002258
0.013341
0.002684
0.195723
0.235494
0.009093
0.000572
0.008868
0.002230
0.015651
0.003237
0.182566
0.234199
0.008671
0.000502
0.008477
0.002234
0.013023
0.002635
0.198073
0.235252
0.009309
0.000621
0.009093
0.002271
0.019591
0.004004
0.212665
0.238761
0.010013
0.000846
0.009858
0.002348
0.028687
0.006115
--STOP--
++STRT++
0.192480
0.233477
0.007433
0.000439
0.007341
0.002162
0.007270
0.001983
0.179853
0.234951
0.008430
0.000541
0.008270
0.002257
0.014694
0.003289
0.193182
0.234042
0.008301
0.000529
0.008070
0.002185
0.012445
0.002954
0.197439
0.234355
0.008847
0.000524
0.008621
0.002249
0.013631
0.002782
0.216767
0.236818
0.009811
0.000853
0.009577
0.002367
0.026938
0.005860
0.195622
0.234746
0.008739
0.000541
0.008622
0.002236
0.014129
0.002763
0.193539
0.234897
0.009002
0.000592
0.008871
0.002286
0.015811
0.003205
0.193868
0.234905
0.008705
0.000520
0.008561
0.002228
0.013410
0.002629
0.196046
0.234943
0.009177
0.000645
0.009025
0.002273
0.019729
0.004080
0.224702
0.237165
0.009938
0.000838
0.009877
0.002379
0.028640
0.006069
--STOP--
++STRT++
0.192297
0.234051
0.007432
0.000449
0.007361
0.002176
0.007820
0.002073
0.179632
0.234684
0.008576
0.000557
0.008287
0.002241
0.014784
0.003326
0.192386
0.234669
0.008225
0.000530
0.008155
0.002180
0.012430
0.003001
0.178678
0.235295
0.008869
0.000502
0.008618
0.002239
0.013505
0.002718
0.206343
0.236397
0.009786
0.000790
0.009677
0.002344
0.026766
0.005817
0.192216
0.234497
0.008801
0.000527
0.008572
0.002184
0.013664
0.002787
0.194956
0.234892
0.009176
0.000556
0.008852
0.002295
0.015557
0.003197
0.194347
0.234158
0.008690
0.000503
0.008548
0.002240
0.013095
0.002648
0.190224
0.235212
0.009352
0.000629
0.009098
0.002263
0.019660
0.004025
0.226125
0.236895
0.010010
0.000839
0.009846
0.002374
0.028933
0.006218
--STOP--
++STRT++
0.186257
0.233846
0.007430
0.000470
0.007487
0.002181
0.007723
0.002100
0.178655
0.234757
0.008470
0.000551
0.008304
0.002250
0.014853
0.003449
0.193251
0.234248
0.008272
0.000513
0.008065
0.002178
0.012626
0.002935
0.196568
0.234618
0.008736
0.000489
0.008630
0.002208
0.013589
0.002703
0.219542
0.237317
0.009819
0.000798
0.009508
0.002399
0.026701
0.005803
0.193765
0.234674
0.008816
0.000554
0.008649
0.002219
0.013357
0.002803
0.197477
0.234996
0.009065
0.000611
0.008999
0.002237
0.015571
0.003204
0.196123
0.234056
0.008651
0.000507
0.008470
0.002210
0.013339
0.002605
0.192774
0.235552
0.009369
0.000638
0.009124
0.002260
0.019717
0.004024
0.217598
0.239001
0.009972
0.000875
0.009855
0.002480
0.028829
0.006072
--STOP--
++STRT++
0.193040
0.233536
0.007457
0.000465
0.007383
0.002156
0.007910
0.002103
0.183101
0.234906
0.008510
0.000582
0.008261
0.002203
0.014756
0.003436
0.191877
0.234024
0.008336
0.000526
0.008124
0.002223
0.012450
0.002968
0.179289
0.235637
0.008870
0.000525
0.008735
0.002216
0.013612
0.002776
0.189264
0.236312
0.009961
0.000808
0.009687
0.002415
0.026765
0.005806
0.198473
0.234436
0.008741
0.000544
0.008636
0.002208
0.013641
0.002705
0.193820
0.234725
0.009092
0.000581
0.008942
0.002283
0.015785
0.003303
0.185220
0.234981
0.008781
0.000502
0.008700
0.002208
0.012736
0.002431
0.197452
0.235099
0.009226
0.000641
0.009098
0.002262
0.019641
0.003975
0.211372
0.237642
0.010047
0.000842
0.009821
0.002415
0.028780
0.006075
--STOP--
++STRT++
0.182818
0.233466
0.007523
0.000460
0.007446
0.002163
0.007677
0.002046
0.180054
0.235148
0.008476
0.000581
0.008213
0.002252
0.014549
0.003243
0.195073
0.233672
0.008210
0.000538
0.008047
0.002232
0.012929
0.002890
0.194807
0.235291
0.008767
0.000530
0.008674
0.002261
0.013328
0.002708
0.206202
0.237872
0.009807
0.000798
0.009721
0.002354
0.026661
0.005845
0.195269
0.234554
0.008784
0.000519
0.008568
0.002209
0.013967
0.002785
0.186094
0.235444
0.009096
0.000572
0.008907
0.002272
0.015870
0.003201
0.192457
0.234550
0.008591
0.000500
0.008488
0.002194
0.013181
0.002713
0.195968
0.235438
0.009271
0.000623
0.009083
0.002307
0.019586
0.004022
0.225897
0.237242
0.009935
0.000840
0.009892
0.002402
0.029032
0.006112
--STOP--
++STRT++
0.181986
0.233704
0.007452
0.000447
0.007259
0.002183
0.007182
0.001966
0.185808
0.234750
0.008534
0.000537
0.008261
0.002196
0.014508
0.003458
0.196199
0.233728
0.008255
0.000521
0.008162
0.002194
0.012586
0.002967
0.196054
0.235137
0.008784
0.000527
0.008646
0.002207
0.013681
0.002716
0.218729
0.237015
0.009722
0.000862
0.009624
0.002381
0.027126
0.005859
0.196261
0.234792
0.008758
0.000568
0.008615
0.002219
0.013517
0.002727
0.191085
0.235607
0.009104
0.000579
0.008892
0.002277
0.015835
0.003247
0.192439
0.234128
0.008601
0.000487
0.008449
0.002237
0.013216
0.002653
0.194029
0.235487
0.009229
0.000622
0.009039
0.002263
0.019597
0.004089
0.211199
0.237578
0.010063
0.000840
0.009885
0.002411
0.028827
0.006106
--STOP--
++STRT++
0.188953
0.232986
0.007537
0.000464
0.007449
0.002159
0.007897
0.002128
0.187853
0.234936
0.008489
0.000583
0.008298
0.002203
0.014949
0.003390
0.196356
0.234172
0.008170
0.000520
0.008127
0.002187
0.012819
0.002773
0.198103
0.234609
0.008801
0.000545
0.008587
0.002218
0.013872
0.002879
0.220896
0.236866
0.009761
0.000816
0.009649
0.002418
0.026835
0.005802
0.195609
0.234758
0.008796
0.000500
0.008661
0.002243
0.013715
0.002694
0.196773
0.234999
0.009120
0.000583
0.008934
0.002234
0.015632
0.003233
0.192676
0.234422
0.008606
0.000495
0.008542
0.002195
0.012982
0.002510
0.200792
0.235170
0.009270
0.000626
0.009091
0.002255
0.019514
0.003964
0.224950
0.237287
0.009980
0.000860
0.009840
0.002434
0.028725
0.006150
--STOP--
++STRT++
0.190016
0.233158
0.007355
0.000444
0.007234
0.002154
0.007084
0.001979
0.187673
0.235462
0.008457
0.000534
0.008245
0.002213
0.014828
0.003426
0.193970
0.233914
0.008283
0.000520
0.008098
0.002235
0.012590
0.002817
0.194073
0.234900
0.008783
0.000504
0.008623
0.002207
0.013544
0.002601
0.212009
0.236534
0.009679
0.000816
0.009609
0.002316
0.026792
0.005804
0.194524
0.234571
0.008857
0.000518
0.008569
0.002251
0.013759
0.002804
0.194167
0.235085
0.009055
0.000562
0.008977
0.002281
0.015722
0.003067
0.195895
0.234310
0.008673
0.000511
0.008486
0.002238
0.013049
0.002592
0.199528
0.235580
0.009287
0.000628
0.009102
0.002300
0.019620
0.004077
0.224148
0.236849
0.009879
0.000837
0.009771
0.002322
0.028523
0.006185
--STOP--
++STRT++
0.187421
0.234087
0.007529
0.000462
0.007254
0.002152
0.007746
0.002124
0.188259
0.234934
0.008472
0.000570
0.008321
0.002220
0.015033
0.003301
0.193024
0.234065
0.008185
0.000549
0.008106
0.002219
0.012584
0.003014
0.194310
0.234218
0.008774
0.000502
0.008554
0.002254
0.013642
0.002694
0.217496
0.236552
0.009745
0.000797
0.009564
0.002431
0.026683
0.005805
0.193189
0.234788
0.008638
0.000522
0.008639
0.002236
0.013680
0.002694
0.196360
0.235106
0.009057
0.000623
0.009022
0.002225
0.015742
0.003172
0.183456
0.234682
0.008702
0.000504
0.008466
0.002252
0.013358
0.002560
0.198630
0.235126
0.009270
0.000645
0.009030
0.002250
0.019751
0.004040
0.198134
0.238916
0.010080
0.000829
0.009903
0.002434
0.028743
0.006120
--STOP--
++STRT++
0.184318
0.233731
0.007426
0.000446
0.007328
0.002158
0.007519
0.002118
0.183492
0.234565
0.008496
0.000579
0.008281
0.002249
0.015056
0.003257
0.191897
0.234048
0.008362
0.000527
0.008082
0.002224
0.012454
0.002911
0.190574
0.235203
0.008763
0.000527
0.008602
0.002269
0.013641
0.002734
0.213820
0.236129
0.009812
0.000793
0.009691
0.002374
0.026960
0.005903
0.193286
0.234511
0.008814
0.000529
0.008684
0.002222
0.013641
0.002741
0.192558
0.234804
0.009023
0.000581
0.008892
0.002284
0.015985
0.003249
0.193010
0.233837
0.008682
0.000493
0.008561
0.002245
0.012610
0.002496
0.199978
0.235662
0.009218
0.000651
0.009086
0.002294
0.019678
0.004022
0.195952
0.237911
0.010040
0.000873
0.009795
0.002407
0.028966
0.006071
--STOP--
++STRT++
0.190779
0.233418
0.007451
0.000447
0.007378
0.002186
0.007195
0.001981
0.181907
0.234675
0.008492
0.000548
0.008357
0.002230
0.014867
0.003424
0.196124
0.234097
0.008192
0.000527
0.008199
0.002232
0.012618
0.002950
0.184244
0.234439
0.008845
0.000498
0.008662
0.002201
0.013623
0.002773
0.214359
0.236146
0.009708
0.000816
0.009610
0.002342
0.026853
0.005843
0.194607
0.234742
0.008885
0.000514
0.008629
0.002268
0.013677
0.002765
0.193630
0.234874
0.009018
0.000589
0.008868
0.002285
0.015691
0.003130
0.195584
0.234343
0.008595
0.000504
0.008402
0.002197
0.012842
0.002508
0.195502
0.235047
0.009220
0.000625
0.009054
0.002296
0.019722
0.004047
0.218403
0.238025
0.010058
0.000830
0.009871
0.002374
0.028889
0.006174
--STOP--
++STRT++
0.192621
0.233422
0.007529
0.000437
0.007431
0.002161
0.007254
0.002057
0.178094
0.234900
0.008414
0.000546
0.008387
0.002200
0.015162
0.003390
0.187287
0.234430
0.008220
0.000527
0.008080
0.002234
0.012518
0.002953
0.192340
0.234921
0.008819
0.000576
0.008597
0.002212
0.013583
0.002836
0.217276
0.236968
0.009765
0.000796
0.009837
0.002349
0.027039
0.005890
0.192073
0.234655
0.008768
0.000528
0.008536
0.002196
0.013425
0.002849
0.193922
0.235434
0.009030
0.000626
0.008861
0.002244
0.015780
0.003208
0.192589
0.234018
0.008654
0.000494
0.008463
0.002247
0.012886
0.002535
0.195636
0.235351
0.009279
0.000635
0.009086
0.002272
0.019626
0.004053
0.219926
0.237623
0.009901
0.000829
0.009838
0.002339
0.029091
0.006212
--STOP--
++STRT++
0.180079
0.233753
0.007472
0.000451
0.007341
0.002183
0.007989
0.002167
0.183614
0.234470
0.008457
0.000551
0.008467
0.002201
0.014855
0.003417
0.194939
0.233872
0.008282
0.000560
0.008183
0.002218
0.012260
0.002970
0.195260
0.234940
0.008890
0.000522
0.008641
0.002236
0.013382
0.002756
0.204678
0.236739
0.009832
0.000798
0.009530
0.002363
0.027280
0.005819
0.193553
0.235309
0.008809
0.000534
0.008701
0.002207
0.013337
0.002729
0.196686
0.234718
0.009037
0.000580
0.008966
0.002300
0.015439
0.003132
0.192250
0.234176
0.008579
0.000503
0.008361
0.002227
0.013083
0.002457
0.198699
0.235636
0.009235
0.000623
0.008962
0.002306
0.019921
0.004105
0.227048
0.238319
0.010029
0.000840
0.009916
0.002382
0.028731
0.006142
--STOP--
++STRT++
0.181274
0.234003
0.007393
0.000463
0.007389
0.002203
0.007290
0.002117
0.182775
0.235201
0.008442
0.000583
0.008360
0.002231
0.015255
0.003357
0.188424
0.234097
0.008239
0.000519
0.008057
0.002206
0.012438
0.002922
0.194608
0.235163
0.008770
0.000518
0.008629
0.002212
0.013218
0.002556
0.217311
0.236617
0.009781
0.000837
0.009526
0.002329
0.027304
0.005809
0.193264
0.235040
0.008757
0.000568
0.008619
0.002204
0.013706
0.002806
0.194112
0.235230
0.009142
0.000565
0.008961
0.002294
0.015841
0.003228
0.191401
0.234183
0.008646
0.000538
0.008509
0.002197
0.012503
0.002461
0.199029
0.235227
0.009291
0.000627
0.009096
0.002263
0.019968
0.004023
0.225652
0.237714
0.010022
0.000844
0.009876
0.002430
0.028755
0.006065
--STOP--
++STRT++
0.188682
0.233623
0.007411
0.000446
0.007483
0.002198
0.007558
0.002041
0.179924
0.234850
0.008503
0.000607
0.008355
0.002218
0.014974
0.003407
0.196152
0.233790
0.008209
0.000534
0.008093
0.002190
0.012475
0.002897
0.190273
0.235186
0.008771
0.000505
0.008710
0.002213
0.013380
0.002755
0.213910
0.236566
0.009850
0.000801
0.009690
0.002397
0.026908
0.005851
0.195072
0.234829
0.008754
0.000551
0.008605
0.002196
0.013561
0.002803
0.194368
0.235483
0.009127
0.000555
0.008894
0.002251
0.015771
0.003220
0.194264
0.234066
0.008668
0.000498
0.008464
0.002253
0.012910
0.002347
0.200346
0.235002
0.009248
0.000625
0.009099
0.002280
0.019855
0.004020
0.216416
0.239072
0.009981
0.000845
0.009859
0.002421
0.028547
0.006096
--STOP--
++STRT++
0.187471
0.233601
0.007433
0.000453
0.007453
0.002181
0.007430
0.002077
0.183257
0.235725
0.008506
0.000543
0.008393
0.002206
0.014862
0.003408
0.178510
0.234516
0.008290
0.000516
0.008093
0.002176
0.012760
0.002973
0.194122
0.234341
0.008848
0.000516
0.008668
0.002242
0.013774
0.002609
0.208157
0.236405
0.009795
0.000818
0.009713
0.002348
0.026599
0.005837
0.194274
0.235344
0.008746
0.000531
0.008625
0.002245
0.014052
0.002817
0.193355
0.234867
0.009138
0.000568
0.008900
0.002274
0.015312
0.003240
0.193298
0.234308
0.008576
0.000503
0.008461
0.002200
0.013006
0.002539
0.196527
0.235065
0.009212
0.000608
0.009089
0.002295
0.019732
0.004043
0.224752
0.236640
0.009941
0.000849
0.009845
0.002375
0.028888
0.006211
--STOP--
++STRT++
0.183488
0.233435
0.007346
0.000450
0.007291
0.002188
0.007354
0.001969
0.192941
0.235158
0.008486
0.000541
0.008325
0.002206
0.014833
0.003379
0.181944
0.234497
0.008282
0.000515
0.008143
0.002248
0.012615
0.003006
0.179188
0.235203
0.008835
0.000522
0.008620
0.002244
0.013663
0.002658
0.207343
0.236939
0.009812
0.000806
0.009743
0.002446
0.027002
0.005857
0.194345
0.234976
0.008714
0.000551
0.008544
0.002197
0.013818
0.002780
0.194055
0.235384
0.009038
0.000568
0.008932
0.002246
0.015492
0.003090
0.193743
0.235609
0.008592
0.000514
0.008491
0.002195
0.012833
0.002501
0.197650
0.235102
0.009294
0.000630
0.009098
0.002298
0.019854
0.003999
0.204333
0.238360
0.010087
0.000856
0.009802
0.002426
0.028702
0.006125
--STOP--
++STRT++
0.188751
0.233757
0.007536
0.000454
0.007478
0.002154
0.007693
0.002057
0.185307
0.234830
0.008491
0.000529
0.008308
0.002197
0.014639
0.003467
0.177640
0.234414
0.008287
0.000538
0.008081
0.002224
0.013209
0.003054
0.173404
0.234380
0.008811
0.000552
0.008652
0.002219
0.013425
0.002752
0.218801
0.236712
0.009734
0.000816
0.009703
0.002370
0.026983
0.005800
0.196536
0.234347
0.008846
0.000514
0.008682
0.002248
0.013564
0.002835
0.193063
0.235294
0.009103
0.000575
0.009066
0.002249
0.015733
0.003155
0.191366
0.234538
0.008678
0.000512
0.008533
0.002201
0.013056
0.002668
0.196081
0.235087
0.009307
0.000673
0.009064
0.002307
0.019503
0.004019
0.225636
0.237869
0.009918
0.000838
0.009772
0.002361
0.028882
0.006123
--STOP--
++STRT++
0.188211
0.233554
0.007506
0.000471
0.007535
0.002160
0.008611
0.002159
0.181076
0.234622
0.008511
0.000580
0.008347
0.002206
0.014980
0.003408
0.186833
0.234285
0.008277
0.000570
0.008158
0.002238
0.012764
0.002963
0.201024
0.234632
0.008725
0.000497
0.008668
0.002206
0.013347
0.002633
0.218993
0.236667
0.009727
0.000807
0.009546
0.002420
0.027007
0.005803
0.192345
0.234513
0.008774
0.000512
0.008588
0.002242
0.013710
0.002788
0.193187
0.234641
0.009082
0.000566
0.008948
0.002283
0.015580
0.003160
0.195536
0.233885
0.008598
0.000496
0.008494
0.002196
0.012756
0.002513
0.197741
0.235703
0.009207
0.000625
0.009058
0.002273
0.019998
0.004002
0.223974
0.238236
0.009995
0.000855
0.009851
0.002397
0.028935
0.006116
--STOP--
++STRT++
0.190017
0.233548
0.007731
0.000451
0.007468
0.002178
0.007606
0.001986
0.185566
0.234963
0.008539
0.000547
0.008412
0.002194
0.014669
0.003453
0.182101
0.233998
0.008243
0.000538
0.008134
0.002237
0.013235
0.003049
0.180238
0.234686
0.008804
0.000556
0.008622
0.002210
0.013807
0.002822
0.219428
0.237130
0.009788
0.000805
0.009668
0.002375
0.026646
0.005791
0.191720
0.234559
0.008840
0.000513
0.008715
0.002250
0.014109
0.002899
0.188229
0.234654
0.009104
0.000567
0.008940
0.002284
0.015777
0.003191
0.192647
0.234091
0.008593
0.000501
0.008485
0.002194
0.012644
0.002502
0.201276
0.235049
0.009200
0.000620
0.008997
0.002250
0.019660
0.004014
0.233101
0.238623
0.010006
0.000822
0.009748
0.002373
0.028835
0.006086
--STOP--
++STRT++
0.176135
0.233864
0.007465
0.000441
0.007376
0.002219
0.007003
0.001890
0.181595
0.234923
0.008557
0.000540
0.008375
0.002207
0.014705
0.003183
0.195426
0.234055
0.008225
0.000504
0.008123
0.002219
0.012904
0.002905
0.193490
0.235418
0.008793
0.000512
0.008694
0.002251
0.014010
0.002744
0.214919
0.237077
0.009756
0.000816
0.009600
0.002401
0.026779
0.005861
0.196241
0.234420
0.008845
0.000520
0.008657
0.002202
0.013550
0.002708
0.195634
0.234855
0.009007
0.000576
0.008869
0.002287
0.015785
0.003258
0.186445
0.234604
0.008689
0.000551
0.008552
0.002215
0.012541
0.002538
0.201175
0.235428
0.009289
0.000635
0.009128
0.002299
0.019651
0.004037
0.225205
0.237027
0.010069
0.000841
0.009858
0.002378
0.028656
0.006139
--STOP--
++STRT++
0.191484
0.234433
0.007449
0.000444
0.007379
0.002195
0.007316
0.001943
0.178501
0.235405
0.008476
0.000536
0.008321
0.002224
0.014746
0.003338
0.178775
0.234476
0.008382
0.000524
0.008114
0.002229
0.012492
0.002936
0.194504
0.234250
0.008694
0.000515
0.008627
0.002262
0.013785
0.002587
0.213004
0.236089
0.009778
0.000870
0.009619
0.002356
0.027018
0.005822
0.193914
0.234545
0.008787
0.000527
0.008721
0.002239
0.013479
0.002564
0.196903
0.234634
0.009120
0.000579
0.008922
0.002278
0.015844
0.003167
0.184348
0.234255
0.008706
0.000498
0.008570
0.002233
0.012756
0.002530
0.197528
0.235659
0.009221
0.000641
0.009070
0.002291
0.019837
0.004037
0.231588
0.237485
0.010093
0.000819
0.009841
0.002372
0.028598
0.006104
--STOP--
++STRT++
0.192204
0.233423
0.007520
0.000449
0.007435
0.002197
0.007575
0.002014
0.180193
0.234928
0.008460
0.000539
0.008353
0.002244
0.014960
0.003507
0.192776
0.234431
0.008252
0.000517
0.008081
0.002182
0.012637
0.002905
0.188689
0.234991
0.008726
0.000518
0.008650
0.002251
0.013367
0.002542
0.207909
0.236551
0.009835
0.000855
0.009593
0.002372
0.026774
0.005758
0.194942
0.234894
0.008764
0.000523
0.008570
0.002257
0.013248
0.002653
0.192904
0.234956
0.009075
0.000564
0.008912
0.002295
0.015898
0.003217
0.195674
0.233967
0.008573
0.000503
0.008501
0.002256
0.013331
0.002502
0.200163
0.235141
0.009196
0.000606
0.009196
0.002258
0.019517
0.004038
0.226069
0.238144
0.009985
0.000876
0.009792
0.002443
0.028798
0.006219
--STOP--
++STRT++
0.188636
0.233535
0.007390
0.000440
0.007407
0.002155
0.007582
0.002025
0.182446
0.234991
0.008531
0.000559
0.008368
0.002238
0.014987
0.003387
0.194296
0.233628
0.008227
0.000519
0.008100
0.002189
0.012363
0.002988
0.200108
0.234403
0.008724
0.000572
0.008579
0.002202
0.013760
0.002853
0.212444
0.236721
0.009785
0.000821
0.009622
0.002409
0.026501
0.005773
0.191919
0.235299
0.008916
0.000521
0.008736
0.002241
0.013376
0.002675
0.194133
0.234866
0.009126
0.000558
0.008852
0.002249
0.016043
0.003278
0.188704
0.234227
0.008704
0.000500
0.008543
0.002254
0.012723
0.002645
0.201048
0.235163
0.009303
0.000623
0.009066
0.002253
0.019949
0.004042
0.222032
0.237763
0.010043
0.000888
0.009817
0.002415
0.028790
0.006183
--STOP--
++STRT++
0.181910
0.234240
0.007483
0.000482
0.007476
0.002206
0.007329
0.002092
0.181417
0.234942
0.008439
0.000547
0.008290
0.002248
0.015225
0.003379
0.194295
0.234279
0.008224
0.000535
0.008040
0.002187
0.012441
0.002939
0.195238
0.235483
0.008766
0.000498
0.008557
0.002230
0.013814
0.002841
0.209967
0.236630
0.009715
0.000809
0.009556
0.002356
0.026572
0.005850
0.196460
0.234571
0.008816
0.000527
0.008634
0.002206
0.013693
0.002847
0.190982
0.234762
0.009059
0.000606
0.008884
0.002232
0.015531
0.003250
0.200041
0.234216
0.008590
0.000497
0.008453
0.002206
0.012979
0.002421
0.201006
0.235417
0.009223
0.000646
0.009073
0.002249
0.019846
0.004119
0.222962
0.237807
0.010064
0.000844
0.009810
0.002327
0.028678
0.006153
--STOP--
++STRT++
0.186467
0.233919
0.007461
0.000444
0.007374
0.002186
0.007406
0.001868
0.180381
0.235734
0.008564
0.000595
0.008425
0.002202
0.014720
0.003478
0.180811
0.235027
0.008282
0.000518
0.008181
0.002219
0.012308
0.002803
0.195881
0.235380
0.008768
0.000526
0.008645
0.002265
0.013446
0.002763
0.213212
0.236040
0.009734
0.000790
0.009683
0.002359
0.027006
0.005835
0.194074
0.234658
0.008776
0.000514
0.008565
0.002200
0.013401
0.002701
0.194909
0.234888
0.009091
0.000585
0.008829
0.002298
0.015834
0.003247
0.196187
0.234080
0.008655
0.000494
0.008471
0.002198
0.013005
0.002514
0.199339
0.235511
0.009201
0.000618
0.008994
0.002299
0.019806
0.004027
0.207188
0.238764
0.010023
0.000853
0.009909
0.002376
0.028837
0.006137
--STOP--
++STRT++
0.187147
0.233901
0.007483
0.000435
0.007576
0.002180
0.007112
0.002061
0.193812
0.234651
0.008487
0.000559
0.008376
0.002236
0.015225
0.003340
0.190378
0.234053
0.008285
0.000534
0.008149
0.002185
0.012382
0.003017
0.190955
0.234849
0.008832
0.000532
0.008585
0.002260
0.013322
0.002725
0.217576
0.236123
0.009694
0.000827
0.009582
0.002405
0.027197
0.005800
0.193808
0.234478
0.008877
0.000510
0.008629
0.002219
0.013137
0.002561
0.193007
0.234581
0.009099
0.000622
0.008909
0.002236
0.015772
0.003329
0.183144
0.234446
0.008742
0.000559
0.008641
0.002201
0.012660
0.002441
0.199258
0.234888
0.009248
0.000605
0.009061
0.002299
0.019689
0.004050
0.218751
0.238618
0.009996
0.000827
0.009822
0.002416
0.029000
0.006181
--STOP--
