++STRT++
0.574012
1.121363
0.018959
0.001148
0.018584
0.004578
0.030752
0.007559
0.629037
1.481250
0.019990
0.001310
0.019531
0.004650
0.041041
0.008667
0.687486
1.337796
0.020196
0.001266
0.019694
0.004610
0.036400
0.008336
0.652346
1.348814
0.019931
0.001255
0.019634
0.004640
0.039019
0.008267
0.648456
1.917904
0.022188
0.001698
0.021987
0.004873
0.059428
0.012228
0.559712
1.384805
0.019956
0.001259
0.019482
0.004623
0.039570
0.008630
0.646788
1.622293
0.020275
0.001377
0.019805
0.004723
0.042482
0.009427
0.637713
1.348318
0.019980
0.001310
0.019546
0.004626
0.038176
0.008297
0.691779
1.664920
0.020771
0.001510
0.020365
0.004739
0.045970
0.010455
0.653874
1.873403
0.022594
0.001690
0.022395
0.004911
0.062208
0.012397
--STOP--
++STRT++
0.595148
1.103294
0.018970
0.001148
0.018613
0.004624
0.030803
0.007540
0.654145
1.450915
0.020041
0.001344
0.019579
0.004636
0.040161
0.008382
0.603208
1.338565
0.020119
0.001264
0.019639
0.004633
0.036232
0.008267
0.597553
1.378415
0.019969
0.001270
0.019692
0.004622
0.038419
0.008302
0.785130
1.851005
0.022206
0.001679
0.021672
0.004792
0.059554
0.012184
0.608587
1.370779
0.019953
0.001300
0.019492
0.004590
0.038832
0.008512
0.603362
1.590884
0.020286
0.001431
0.019821
0.004659
0.042801
0.009413
0.725644
1.372707
0.019962
0.001259
0.019509
0.004650
0.038182
0.008273
0.703572
1.724951
0.020747
0.001477
0.020356
0.004655
0.046945
0.010416
0.801891
1.935428
0.022531
0.001737
0.022159
0.004871
0.062980
0.012389
--STOP--
++STRT++
0.605061
1.129578
0.019069
0.001169
0.018612
0.004602
0.030965
0.007524
0.628872
1.487961
0.019998
0.001327
0.019594
0.004598
0.039645
0.008585
0.659921
1.334939
0.020176
0.001304
0.019757
0.004609
0.035993
0.008149
0.603259
1.409608
0.019976
0.001301
0.019471
0.004592
0.038692
0.008460
0.692878
1.786297
0.022204
0.001669
0.021782
0.004905
0.059273
0.011979
0.621443
1.433360
0.019993
0.001254
0.019539
0.004649
0.038516
0.008275
0.665959
1.490019
0.020280
0.001380
0.019853
0.004738
0.043244
0.009565
0.658730
1.401705
0.019971
0.001273
0.019515
0.004620
0.038723
0.008441
0.701631
1.729454
0.020807
0.001514
0.020283
0.004712
0.045925
0.010312
0.772278
1.916809
0.022573
0.001736
0.022150
0.004875
0.062340
0.012666
--STOP--
++STRT++
0.604325
1.127393
0.018986
0.001189
0.018582
0.004613
0.030517
0.007478
0.631682
1.467203
0.020007
0.001331
0.019539
0.004649
0.038935
0.008326
0.656475
1.333919
0.020089
0.001224
0.019714
0.004686
0.036884
0.008060
0.644311
1.294171
0.019945
0.001229
0.019566
0.004710
0.038890
0.008193
0.691113
1.882787
0.022234
0.001710
0.021809
0.004838
0.059450
0.011989
0.563508
1.403836
0.020043
0.001284
0.019485
0.004679
0.038862
0.008614
0.674335
1.544960
0.020268
0.001405
0.019875
0.004703
0.042295
0.009391
0.604732
1.368328
0.019963
0.001319
0.019446
0.004633
0.038138
0.008329
0.639609
1.731222
0.020745
0.001460
0.020414
0.004712
0.046271
0.010368
0.697905
1.879225
0.022681
0.001706
0.022235
0.004911
0.063131
0.012512
--STOP--
++STRT++
0.604319
1.134175
0.018998
0.001155
0.018594
0.004601
0.030920
0.007593
0.660815
1.510293
0.020007
0.001336
0.019574
0.004590
0.041042
0.008677
0.561671
1.314711
0.020130
0.001286
0.019610
0.004638
0.036646
0.008318
0.707095
1.342577
0.019974
0.001275
0.019597
0.004612
0.038883
0.008270
0.752166
1.889704
0.022197
0.001701
0.021764
0.004837
0.058961
0.012132
0.731465
1.349825
0.019971
0.001274
0.019509
0.004686
0.039103
0.008594
0.602283
1.465635
0.020251
0.001359
0.019953
0.004701
0.043107
0.009318
0.596374
1.370011
0.019913
0.001272
0.019513
0.004606
0.038986
0.008431
0.703463
1.740319
0.020771
0.001486
0.020324
0.004697
0.046404
0.010403
0.736571
1.832055
0.022685
0.001765
0.022225
0.004851
0.062705
0.012327
--STOP--
++STRT++
0.588868
1.129444
0.018985
0.001177
0.018534
0.004626
0.030924
0.007563
0.596770
1.511424
0.019997
0.001280
0.019540
0.004670
0.039775
0.008529
0.649182
1.276242
0.020287
0.001258
0.019710
0.004664
0.036002
0.008103
0.609451
1.392916
0.019959
0.001297
0.019587
0.004581
0.038673
0.008553
0.644925
1.887189
0.022226
0.001681
0.021758
0.004811
0.059450
0.012096
0.605032
1.394514
0.019966
0.001259
0.019547
0.004700
0.038436
0.008272
0.612096
1.486793
0.020245
0.001433
0.019826
0.004690
0.042836
0.009572
0.741088
1.339512
0.019982
0.001236
0.019607
0.004675
0.038144
0.008263
0.682102
1.713960
0.020865
0.001483
0.020361
0.004753
0.045783
0.010329
0.805372
1.943129
0.022607
0.001719
0.022161
0.004906
0.062182
0.012365
--STOP--
++STRT++
0.597509
1.118424
0.018974
0.001157
0.018594
0.004622
0.031061
0.007504
0.646206
1.501588
0.020016
0.001259
0.019594
0.004659
0.040930
0.008377
0.609972
1.329647
0.020213
0.001245
0.019665
0.004666
0.035962
0.008102
0.734993
1.378813
0.019975
0.001261
0.019593
0.004638
0.038922
0.008233
0.809660
1.927869
0.022253
0.001686
0.021736
0.004837
0.059384
0.012151
0.689878
1.371969
0.020070
0.001282
0.019556
0.004626
0.038391
0.008249
0.593092
1.510497
0.020322
0.001453
0.019824
0.004680
0.042206
0.009363
0.618051
1.351622
0.020052
0.001285
0.019521
0.004658
0.038354
0.008253
0.603039
1.723289
0.020782
0.001477
0.020297
0.004684
0.046185
0.010500
0.714052
1.906522
0.022565
0.001786
0.022103
0.004812
0.062172
0.012540
--STOP--
++STRT++
0.609182
1.112830
0.019005
0.001199
0.018570
0.004608
0.030840
0.007503
0.627301
1.409603
0.019977
0.001272
0.019562
0.004657
0.040155
0.008423
0.629195
1.368984
0.020172
0.001260
0.019627
0.004621
0.036297
0.008155
0.651602
1.356222
0.020052
0.001241
0.019476
0.004599
0.039095
0.008240
0.696734
1.795509
0.022228
0.001711
0.021736
0.004900
0.059335
0.012262
0.608201
1.388590
0.019985
0.001288
0.019610
0.004637
0.038266
0.008272
0.676821
1.561147
0.020276
0.001403
0.019797
0.004650
0.043003
0.009539
0.638521
1.374313
0.019986
0.001303
0.019499
0.004640
0.038364
0.008246
0.662023
1.721686
0.020748
0.001437
0.020433
0.004684
0.045980
0.010344
0.664597
1.921886
0.022613
0.001704
0.022081
0.004888
0.062436
0.012401
--STOP--
++STRT++
0.588864
1.103288
0.018992
0.001162
0.018584
0.004624
0.031041
0.007525
0.645822
1.461972
0.020023
0.001251
0.019665
0.004675
0.040164
0.008322
0.620328
1.369959
0.020100
0.001282
0.019602
0.004622
0.036976
0.008305
0.678202
1.365214
0.020098
0.001273
0.019495
0.004615
0.038391
0.008310
0.730630
1.754265
0.022152
0.001621
0.021831
0.004847
0.059810
0.011905
0.703347
1.379679
0.019961
0.001259
0.019478
0.004658
0.039017
0.008438
0.566202
1.581927
0.020289
0.001392
0.019868
0.004693
0.043048
0.009411
0.647309
1.307973
0.019973
0.001229
0.019569
0.004688
0.038630
0.008215
0.599771
1.684389
0.020742
0.001475
0.020368
0.004708
0.046498
0.010476
0.768828
1.932916
0.022670
0.001730
0.022178
0.004893
0.062776
0.012428
--STOP--
++STRT++
0.585988
1.127686
0.018985
0.001158
0.018599
0.004601
0.030990
0.007540
0.631198
1.397070
0.019974
0.001244
0.019605
0.004667
0.041133
0.008309
0.721477
1.350175
0.020147
0.001263
0.019665
0.004637
0.037153
0.008311
0.613678
1.353985
0.020017
0.001275
0.019475
0.004663
0.038182
0.008281
0.645823
1.801988
0.022231
0.001651
0.021835
0.004861
0.059853
0.011992
0.680159
1.389729
0.020006
0.001307
0.019548
0.004605
0.038964
0.008469
0.601586
1.510585
0.020330
0.001378
0.019856
0.004731
0.042360
0.009348
0.596269
1.428279
0.020047
0.001300
0.019527
0.004642
0.038435
0.008217
0.724645
1.648109
0.020767
0.001509
0.020328
0.004693
0.046317
0.010392
0.781044
1.961533
0.022550
0.001736
0.022174
0.004893
0.062558
0.012334
--STOP--
++STRT++
0.598841
1.130835
0.018944
0.001143
0.018572
0.004596
0.030972
0.007466
0.616834
1.514656
0.019973
0.001294
0.019521
0.004640
0.038927
0.008285
0.672256
1.277164
0.020123
0.001234
0.019617
0.004652
0.036111
0.008044
0.673941
1.365050
0.019911
0.001270
0.019544
0.004641
0.038589
0.008578
0.806571
1.825486
0.022248
0.001667
0.021799
0.004843
0.059045
0.011938
0.689519
1.408741
0.019933
0.001250
0.019533
0.004656
0.039000
0.008411
0.616216
1.519472
0.020243
0.001364
0.019792
0.004679
0.043183
0.009408
0.687718
1.356653
0.019965
0.001330
0.019514
0.004634
0.038869
0.008403
0.680345
1.570420
0.020827
0.001470
0.020351
0.004714
0.046451
0.010346
0.823366
1.800674
0.022551
0.001732
0.022144
0.004887
0.061763
0.012490
--STOP--
++STRT++
0.582041
1.116485
0.019034
0.001198
0.018570
0.004612
0.030967
0.007527
0.602649
1.456472
0.020026
0.001306
0.019530
0.004635
0.040323
0.008312
0.607774
1.361240
0.020105
0.001289
0.019701
0.004662
0.035986
0.008137
0.692344
1.373044
0.019951
0.001263
0.019509
0.004613
0.038587
0.008493
0.854612
1.937207
0.022233
0.001689
0.021767
0.004882
0.059500
0.012218
0.705427
1.367955
0.019975
0.001265
0.019627
0.004626
0.038193
0.008255
0.733109
1.589108
0.020268
0.001406
0.019838
0.004703
0.042755
0.009394
0.598313
1.354010
0.019948
0.001289
0.019466
0.004615
0.038778
0.008448
0.777316
1.749729
0.020806
0.001442
0.020393
0.004713
0.045981
0.010327
0.733068
1.892079
0.022586
0.001700
0.022164
0.004835
0.062360
0.012369
--STOP--
++STRT++
0.592212
1.122249
0.019008
0.001148
0.018539
0.004591
0.031004
0.007555
0.642549
1.513169
0.020046
0.001294
0.019647
0.004693
0.039568
0.008513
0.585200
1.372258
0.020137
0.001290
0.019710
0.004612
0.036813
0.008273
0.585169
1.365874
0.019978
0.001309
0.019558
0.004643
0.039136
0.008436
0.544771
1.650166
0.022223
0.001681
0.021690
0.004835
0.059528
0.012109
0.707475
1.398855
0.020114
0.001316
0.019553
0.004636
0.038332
0.008216
0.745624
1.482683
0.020271
0.001447
0.019907
0.004672
0.043366
0.009544
0.595281
1.284744
0.020028
0.001284
0.019543
0.004639
0.038766
0.008261
0.756500
1.676726
0.020658
0.001466
0.020315
0.004711
0.046230
0.010485
0.578246
1.892511
0.022628
0.001700
0.022205
0.004909
0.062569
0.012467
--STOP--
++STRT++
0.586891
1.122758
0.018981
0.001157
0.018633
0.004597
0.030999
0.007516
0.648088
1.474119
0.020028
0.001302
0.019706
0.004671
0.041101
0.008381
0.650006
1.344577
0.020115
0.001287
0.019741
0.004630
0.037480
0.008172
0.613043
1.396727
0.020010
0.001300
0.019585
0.004653
0.039655
0.008599
0.684511
1.878863
0.022166
0.001667
0.021661
0.004833
0.059348
0.012102
0.683480
1.432372
0.019955
0.001277
0.019525
0.004637
0.038514
0.008287
0.616661
1.502364
0.020268
0.001393
0.019851
0.004664
0.042907
0.009511
0.590574
1.354414
0.019992
0.001281
0.019499
0.004655
0.038740
0.008439
0.627700
1.655440
0.020779
0.001497
0.020369
0.004753
0.045653
0.010267
0.742971
1.914157
0.022597
0.001735
0.022145
0.004850
0.062305
0.012733
--STOP--
++STRT++
0.593758
1.120294
0.018993
0.001164
0.018591
0.004600
0.031136
0.007606
0.609289
1.486094
0.020022
0.001341
0.019511
0.004640
0.040486
0.008441
0.568925
1.297334
0.020151
0.001303
0.019713
0.004635
0.036471
0.008146
0.671209
1.365573
0.019942
0.001317
0.019590
0.004655
0.038701
0.008250
0.869955
1.930315
0.022262
0.001678
0.021746
0.004856
0.059325
0.012049
0.620103
1.423584
0.020013
0.001257
0.019570
0.004665
0.038468
0.008299
0.737084
1.500939
0.020292
0.001365
0.019880
0.004711
0.043506
0.009462
0.645746
1.419148
0.019953
0.001283
0.019584
0.004668
0.039284
0.008507
0.724444
1.724213
0.020836
0.001480
0.020364
0.004699
0.046114
0.010311
0.742340
1.924919
0.022609
0.001683
0.022263
0.004924
0.062251
0.012467
--STOP--
++STRT++
0.595762
1.112955
0.019009
0.001154
0.018578
0.004625
0.030953
0.007522
0.636867
1.463195
0.019974
0.001254
0.019656
0.004655
0.039311
0.008510
0.694081
1.347114
0.020107
0.001245
0.019729
0.004631
0.035879
0.008149
0.629571
1.398643
0.020111
0.001262
0.019600
0.004629
0.038400
0.008199
0.700937
1.873197
0.022251
0.001678
0.021755
0.004831
0.059572
0.011977
0.669432
1.359766
0.019946
0.001259
0.019588
0.004666
0.039033
0.008435
0.614820
1.503771
0.020298
0.001387
0.019928
0.004669
0.042567
0.009394
0.579896
1.375115
0.019932
0.001252
0.019547
0.004622
0.038818
0.008534
0.712386
1.729178
0.020814
0.001483
0.020331
0.004694
0.046033
0.010321
0.746430
1.943577
0.022538
0.001697
0.022171
0.004834
0.062510
0.012551
--STOP--
++STRT++
0.590258
1.100475
0.019048
0.001157
0.018600
0.004637
0.030882
0.007577
0.583188
1.438440
0.019943
0.001257
0.019597
0.004639
0.041610
0.008431
0.678741
1.278834
0.020076
0.001232
0.019638
0.004599
0.037086
0.008343
0.680846
1.380818
0.019981
0.001312
0.019480
0.004635
0.038417
0.008255
0.874480
1.913662
0.022249
0.001701
0.021754
0.004882
0.059606
0.012016
0.560998
1.431610
0.020026
0.001284
0.019587
0.004640
0.038469
0.008246
0.562557
1.528544
0.020240
0.001379
0.019869
0.004685
0.043474
0.009439
0.643347
1.328736
0.020001
0.001245
0.019596
0.004670
0.038012
0.008226
0.834981
1.698387
0.020864
0.001488
0.020372
0.004697
0.046376
0.010336
0.756137
1.918999
0.022548
0.001733
0.022151
0.004837
0.062765
0.012570
--STOP--
++STRT++
0.588769
1.104259
0.018998
0.001159
0.018706
0.004629
0.030850
0.007533
0.610352
1.409846
0.020034
0.001277
0.019582
0.004675
0.040308
0.008286
0.594348
1.305628
0.020108
0.001229
0.019772
0.004589
0.037148
0.008335
0.593496
1.412515
0.019997
0.001302
0.019464
0.004633
0.038487
0.008280
0.834478
1.756122
0.022303
0.001692
0.021810
0.004816
0.059751
0.012224
0.752342
1.368572
0.019965
0.001287
0.019554
0.004667
0.039212
0.008499
0.706728
1.475129
0.020335
0.001387
0.019861
0.004671
0.042576
0.009395
0.556597
1.394672
0.019944
0.001271
0.019520
0.004637
0.038359
0.008247
0.644339
1.717719
0.020731
0.001491
0.020296
0.004685
0.046139
0.010442
0.697413
1.878299
0.022555
0.001780
0.022164
0.004867
0.062122
0.012480
--STOP--
++STRT++
0.596894
1.099921
0.019011
0.001155
0.018643
0.004613
0.030696
0.007547
0.645593
1.380452
0.020062
0.001263
0.019527
0.004694
0.039771
0.008571
0.589011
1.354947
0.020093
0.001256
0.019655
0.004687
0.036421
0.008113
0.626523
1.355092
0.019946
0.001227
0.019576
0.004702
0.038647
0.008282
0.782669
1.881268
0.022165
0.001687
0.021715
0.004829
0.058995
0.012023
0.585316
1.410181
0.019962
0.001289
0.019570
0.004673
0.038468
0.008278
0.581049
1.513295
0.020244
0.001350
0.019936
0.004698
0.043185
0.009439
0.624623
1.447046
0.019995
0.001281
0.019547
0.004653
0.039019
0.008471
0.648618
1.630984
0.020803
0.001472
0.020403
0.004753
0.045644
0.010282
0.655536
1.928955
0.022709
0.001754
0.022150
0.004914
0.062535
0.012368
--STOP--
++STRT++
0.593166
1.107449
0.018952
0.001154
0.018558
0.004597
0.030985
0.007458
0.561275
1.390581
0.019930
0.001286
0.019507
0.004627
0.040945
0.008514
0.607634
1.223795
0.020082
0.001237
0.019715
0.004655
0.035802
0.008031
0.650065
1.393188
0.019933
0.001279
0.019529
0.004626
0.038527
0.008315
0.685394
1.880835
0.022216
0.001710
0.021837
0.004827
0.059482
0.011910
0.710329
1.388180
0.019968
0.001240
0.019527
0.004601
0.038944
0.008600
0.642770
1.467716
0.020255
0.001420
0.019863
0.004670
0.043099
0.009540
0.658491
1.376049
0.019932
0.001270
0.019467
0.004675
0.038267
0.008275
0.721556
1.746799
0.020742
0.001483
0.020359
0.004669
0.046410
0.010227
0.699923
1.821384
0.022538
0.001771
0.022100
0.004895
0.062369
0.012536
--STOP--
++STRT++
0.589703
1.115202
0.018975
0.001178
0.018637
0.004621
0.030855
0.007429
0.581851
1.507399
0.019993
0.001301
0.019556
0.004628
0.041099
0.008484
0.622764
1.335141
0.020154
0.001280
0.019703
0.004653
0.035678
0.008093
0.625846
1.417096
0.019899
0.001242
0.019514
0.004635
0.038593
0.008226
0.681983
1.869020
0.022150
0.001713
0.021762
0.004792
0.059554
0.012087
0.720453
1.363279
0.019990
0.001258
0.019562
0.004673
0.038225
0.008275
0.592292
1.502399
0.020246
0.001417
0.019859
0.004664
0.042973
0.009500
0.609802
1.362566
0.019910
0.001258
0.019498
0.004634
0.038831
0.008389
0.650010
1.626116
0.020783
0.001509
0.020345
0.004705
0.045742
0.010324
0.793083
1.867905
0.022550
0.001693
0.022153
0.004874
0.062569
0.012366
--STOP--
++STRT++
0.581815
1.104481
0.018950
0.001136
0.018627
0.004609
0.031121
0.007490
0.615130
1.479696
0.019992
0.001288
0.019577
0.004684
0.039654
0.008471
0.594696
1.292767
0.020177
0.001296
0.019644
0.004640
0.035917
0.008116
0.662800
1.392282
0.020000
0.001253
0.019626
0.004629
0.038473
0.008260
0.779951
1.837034
0.022210
0.001640
0.021829
0.004842
0.059500
0.012166
0.719429
1.370174
0.020044
0.001313
0.019594
0.004647
0.038287
0.008242
0.602435
1.485259
0.020250
0.001383
0.019889
0.004666
0.043106
0.009386
0.668301
1.382011
0.019949
0.001242
0.019520
0.004669
0.039084
0.008438
0.760732
1.732499
0.020814
0.001502
0.020359
0.004724
0.045906
0.010268
0.891490
1.838146
0.022557
0.001693
0.022151
0.004934
0.062530
0.012319
--STOP--
++STRT++
0.593424
1.124883
0.018977
0.001135
0.018621
0.004580
0.031034
0.007465
0.581453
1.478126
0.020022
0.001335
0.019537
0.004683
0.039285
0.008233
0.739353
1.343238
0.020099
0.001233
0.019777
0.004648
0.036834
0.008082
0.642439
1.343447
0.020016
0.001259
0.019522
0.004656
0.038520
0.008267
0.743500
1.849515
0.022154
0.001610
0.021754
0.004841
0.058896
0.011931
0.686817
1.392979
0.020034
0.001291
0.019573
0.004656
0.038213
0.008242
0.719926
1.549745
0.020294
0.001382
0.019877
0.004768
0.042375
0.009434
0.554035
1.372110
0.019916
0.001272
0.019488
0.004642
0.038695
0.008461
0.655653
1.652991
0.020754
0.001517
0.020330
0.004693
0.046075
0.010432
0.801303
1.942186
0.022680
0.001726
0.022174
0.004859
0.062808
0.012409
--STOP--
++STRT++
0.603207
1.126741
0.018993
0.001183
0.018611
0.004596
0.031046
0.007569
0.572601
1.501295
0.019978
0.001273
0.019539
0.004622
0.040796
0.008500
0.605303
1.290298
0.020149
0.001244
0.019641
0.004633
0.036805
0.008291
0.637541
1.416788
0.019959
0.001306
0.019559
0.004615
0.038199
0.008324
0.736439
1.752055
0.022128
0.001686
0.021705
0.004790
0.059772
0.012131
0.585177
1.429497
0.019959
0.001273
0.019644
0.004642
0.039193
0.008521
0.561371
1.592959
0.020258
0.001403
0.019908
0.004663
0.042596
0.009409
0.688077
1.378185
0.019896
0.001249
0.019494
0.004641
0.039075
0.008460
0.740519
1.695824
0.020832
0.001498
0.020398
0.004720
0.045780
0.010294
0.773949
1.910027
0.022548
0.001696
0.022147
0.004867
0.062627
0.012598
--STOP--
++STRT++
0.594605
1.124837
0.018953
0.001155
0.018594
0.004586
0.031053
0.007499
0.641883
1.472445
0.019974
0.001228
0.019590
0.004652
0.041480
0.008383
0.744005
1.314978
0.020102
0.001269
0.019688
0.004596
0.036654
0.008277
0.633839
1.341963
0.020037
0.001280
0.019589
0.004686
0.038964
0.008278
0.647259
1.880522
0.022142
0.001682
0.021670
0.004874
0.059369
0.012157
0.686037
1.322175
0.019988
0.001271
0.019520
0.004644
0.038760
0.008443
0.715245
1.515773
0.020238
0.001426
0.019794
0.004696
0.043199
0.009546
0.665019
1.424766
0.020004
0.001271
0.019619
0.004628
0.038727
0.008247
0.680095
1.656726
0.020726
0.001522
0.020383
0.004684
0.046080
0.010412
0.734676
1.936458
0.022615
0.001704
0.022057
0.004844
0.062895
0.012647
--STOP--
++STRT++
0.596078
1.125959
0.018935
0.001145
0.018565
0.004624
0.031104
0.007448
0.669253
1.479276
0.020124
0.001312
0.019622
0.004670
0.038902
0.008300
0.640576
1.333724
0.020071
0.001224
0.019648
0.004643
0.037117
0.008217
0.715646
1.356714
0.020047
0.001305
0.019468
0.004635
0.038375
0.008265
0.866004
1.893935
0.022200
0.001715
0.021810
0.004841
0.059504
0.012177
0.609718
1.425991
0.019979
0.001251
0.019469
0.004602
0.039260
0.008502
0.766833
1.535081
0.020283
0.001433
0.019842
0.004669
0.043258
0.009482
0.714701
1.398707
0.019990
0.001259
0.019571
0.004652
0.038445
0.008256
0.640660
1.680595
0.020758
0.001478
0.020414
0.004731
0.045694
0.010361
0.757775
1.986071
0.022569
0.001798
0.022109
0.004863
0.062850
0.012600
--STOP--
++STRT++
0.586937
1.115328
0.018976
0.001164
0.018556
0.004597
0.030879
0.007484
0.664156
1.487024
0.019981
0.001228
0.019617
0.004642
0.040855
0.008416
0.589975
1.356638
0.020080
0.001252
0.019703
0.004605
0.036220
0.008272
0.696189
1.270233
0.019944
0.001261
0.019573
0.004654
0.038858
0.008242
0.681016
1.826832
0.022205
0.001719
0.021659
0.004880
0.059160
0.012238
0.646559
1.362208
0.020082
0.001280
0.019704
0.004630
0.038188
0.008226
0.672940
1.525842
0.020296
0.001387
0.019869
0.004731
0.042616
0.009410
0.640580
1.389125
0.019952
0.001243
0.019535
0.004626
0.038950
0.008310
0.704473
1.528602
0.020802
0.001492
0.020313
0.004709
0.046033
0.010399
0.610290
1.761477
0.022588
0.001722
0.022152
0.004816
0.062452
0.012520
--STOP--
++STRT++
0.604548
1.121078
0.018944
0.001148
0.018607
0.004607
0.031023
0.007478
0.656963
1.488099
0.020079
0.001323
0.019665
0.004660
0.038878
0.008301
0.712804
1.289535
0.020114
0.001250
0.019664
0.004636
0.037113
0.008331
0.634164
1.314802
0.020030
0.001275
0.019592
0.004647
0.039287
0.008279
0.730257
1.883846
0.022181
0.001674
0.021680
0.004880
0.058888
0.012115
0.613940
1.439936
0.019910
0.001309
0.019527
0.004671
0.039110
0.008511
0.558998
1.557775
0.020255
0.001359
0.019894
0.004667
0.043220
0.009360
0.625464
1.389633
0.019937
0.001263
0.019479
0.004663
0.038922
0.008451
0.715851
1.683192
0.020815
0.001487
0.020321
0.004696
0.045987
0.010366
0.789033
1.928976
0.022672
0.001737
0.022170
0.004892
0.062687
0.012340
--STOP--
++STRT++
0.592816
1.096162
0.018974
0.001194
0.018619
0.004648
0.031137
0.007433
0.624147
1.407457
0.019959
0.001253
0.019542
0.004640
0.040256
0.008429
0.606491
1.300784
0.020102
0.001256
0.019621
0.004618
0.036010
0.008123
0.621997
1.371883
0.020005
0.001269
0.019556
0.004641
0.038440
0.008232
0.805000
1.758185
0.022188
0.001713
0.021832
0.004840
0.059141
0.011985
0.650103
1.370335
0.019973
0.001290
0.019580
0.004671
0.038725
0.008470
0.570851
1.593377
0.020250
0.001405
0.019790
0.004632
0.043090
0.009566
0.741110
1.343196
0.020049
0.001308
0.019580
0.004630
0.038611
0.008202
0.688622
1.573788
0.020884
0.001455
0.020454
0.004755
0.045732
0.010286
0.707855
1.831373
0.022634
0.001738
0.022164
0.004912
0.062336
0.012414
--STOP--
++STRT++
0.607292
1.102322
0.018982
0.001153
0.018617
0.004600
0.030935
0.007501
0.625628
1.420096
0.020006
0.001272
0.019596
0.004659
0.041653
0.008532
0.680253
1.291332
0.020176
0.001233
0.019726
0.004661
0.036386
0.008074
0.681074
1.356610
0.020023
0.001312
0.019490
0.004598
0.038868
0.008412
0.663962
1.879853
0.022198
0.001739
0.021829
0.004874
0.059520
0.011958
0.616990
1.391372
0.020059
0.001258
0.019551
0.004635
0.039067
0.008290
0.638531
1.543201
0.020250
0.001359
0.019885
0.004711
0.043378
0.009535
0.603741
1.372695
0.019959
0.001277
0.019580
0.004646
0.038354
0.008267
0.597600
1.672453
0.020743
0.001507
0.020353
0.004737
0.046166
0.010327
0.761218
1.813995
0.022612
0.001738
0.022157
0.004851
0.062522
0.012577
--STOP--
++STRT++
0.603937
1.103152
0.018989
0.001142
0.018623
0.004615
0.030975
0.007552
0.641557
1.477899
0.020001
0.001270
0.019651
0.004666
0.041570
0.008494
0.711846
1.325211
0.020094
0.001244
0.019670
0.004611
0.036547
0.008191
0.602319
1.380783
0.019917
0.001300
0.019539
0.004678
0.038876
0.008481
0.715068
1.878610
0.022272
0.001725
0.021735
0.004890
0.059084
0.011908
0.660690
1.289277
0.020031
0.001237
0.019600
0.004694
0.038944
0.008209
0.767527
1.576376
0.020287
0.001386
0.019832
0.004685
0.043059
0.009564
0.655346
1.303786
0.019990
0.001245
0.019536
0.004667
0.038028
0.008251
0.644715
1.721739
0.020754
0.001494
0.020399
0.004681
0.046470
0.010390
0.735537
1.816310
0.022586
0.001708
0.022129
0.004845
0.062482
0.012623
--STOP--
++STRT++
0.605388
1.107987
0.018962
0.001200
0.018625
0.004592
0.031037
0.007460
0.583930
1.445725
0.019997
0.001261
0.019592
0.004670
0.040160
0.008410
0.625052
1.272743
0.020155
0.001275
0.019702
0.004603
0.037502
0.008138
0.698038
1.355288
0.019965
0.001257
0.019464
0.004611
0.039071
0.008474
0.765168
1.766970
0.022221
0.001694
0.021759
0.004858
0.059352
0.012182
0.591809
1.411692
0.020072
0.001290
0.019604
0.004652
0.038446
0.008347
0.619217
1.518418
0.020281
0.001408
0.019826
0.004666
0.043049
0.009587
0.633403
1.401609
0.019945
0.001243
0.019536
0.004636
0.039092
0.008466
0.733974
1.759536
0.020725
0.001491
0.020352
0.004698
0.046380
0.010406
0.654536
1.903503
0.022801
0.001766
0.022286
0.004805
0.063025
0.012789
--STOP--
++STRT++
0.624358
1.099756
0.018953
0.001165
0.018566
0.004625
0.030914
0.007486
0.572225
1.478059
0.020028
0.001256
0.019647
0.004678
0.040299
0.008415
0.721630
1.322086
0.020089
0.001221
0.019697
0.004641
0.036826
0.008181
0.647116
1.453423
0.019897
0.001270
0.019539
0.004632
0.038887
0.008489
0.720528
1.759071
0.022158
0.001679
0.021736
0.004801
0.059795
0.012170
0.721187
1.377242
0.019919
0.001294
0.019527
0.004635
0.038928
0.008490
0.602326
1.590536
0.020302
0.001407
0.019813
0.004686
0.042365
0.009384
0.585766
1.323968
0.019988
0.001270
0.019553
0.004656
0.038690
0.008363
0.671422
1.716588
0.020851
0.001494
0.020231
0.004743
0.046000
0.010349
0.750074
1.933655
0.022633
0.001722
0.022298
0.004914
0.062494
0.012425
--STOP--
++STRT++
0.581008
1.102982
0.018940
0.001152
0.018632
0.004630
0.031076
0.007503
0.638217
1.478185
0.020043
0.001259
0.019617
0.004665
0.039678
0.008335
0.663932
1.341932
0.020090
0.001215
0.019695
0.004683
0.037752
0.008096
0.728018
1.351934
0.019856
0.001284
0.019514
0.004694
0.038859
0.008506
0.843415
1.806841
0.022249
0.001676
0.021795
0.004828
0.060353
0.012023
0.700698
1.383647
0.020033
0.001283
0.019500
0.004650
0.039042
0.008479
0.686121
1.512175
0.020264
0.001386
0.019796
0.004705
0.043244
0.009513
0.619283
1.373150
0.020011
0.001297
0.019551
0.004632
0.038412
0.008270
0.684668
1.705360
0.020751
0.001489
0.020338
0.004656
0.046534
0.010358
0.764917
1.832505
0.022582
0.001753
0.022153
0.004908
0.062878
0.012351
--STOP--
++STRT++
0.592818
1.105563
0.018990
0.001172
0.018657
0.004622
0.031196
0.007510
0.621059
1.382413
0.019945
0.001284
0.019488
0.004644
0.040801
0.008556
0.631572
1.363965
0.020172
0.001302
0.019665
0.004641
0.037530
0.008323
0.662953
1.351674
0.019963
0.001257
0.019659
0.004678
0.038265
0.008277
0.759101
1.774296
0.022193
0.001642
0.021627
0.004878
0.058812
0.012110
0.690134
1.378062
0.020007
0.001257
0.019601
0.004702
0.038991
0.008456
0.723881
1.560204
0.020332
0.001411
0.019848
0.004684
0.042615
0.009411
0.677882
1.291697
0.019961
0.001230
0.019556
0.004695
0.038777
0.008225
0.738045
1.665466
0.020779
0.001512
0.020305
0.004703
0.046576
0.010425
0.699470
1.838460
0.022645
0.001675
0.022336
0.004920
0.062186
0.012395
--STOP--
++STRT++
0.593971
1.104798
0.018965
0.001153
0.018650
0.004619
0.031183
0.007513
0.641348
1.432281
0.020034
0.001256
0.019507
0.004626
0.040734
0.008546
0.700736
1.320303
0.020150
0.001257
0.019688
0.004641
0.036084
0.008099
0.666259
1.308976
0.019918
0.001263
0.019507
0.004617
0.038979
0.008493
0.692215
1.883551
0.022218
0.001667
0.021686
0.004810
0.058956
0.012039
0.711991
1.349041
0.019982
0.001321
0.019597
0.004630
0.038913
0.008307
0.729302
1.559482
0.020238
0.001411
0.019857
0.004654
0.043240
0.009443
0.571858
1.344695
0.019953
0.001261
0.019502
0.004663
0.038785
0.008480
0.687158
1.692398
0.020770
0.001441
0.020453
0.004754
0.046183
0.010289
0.659476
1.826363
0.022641
0.001731
0.022176
0.004883
0.063102
0.012507
--STOP--
++STRT++
0.584290
1.129591
0.018980
0.001191
0.018535
0.004589
0.030990
0.007495
0.571715
1.456775
0.019999
0.001287
0.019501
0.004690
0.040352
0.008389
0.604270
1.282876
0.020173
0.001233
0.019768
0.004649
0.037119
0.008159
0.596980
1.407184
0.019933
0.001257
0.019483
0.004675
0.039137
0.008455
0.718278
1.886188
0.022298
0.001679
0.021701
0.004863
0.059530
0.012014
0.739765
1.364767
0.020107
0.001297
0.019475
0.004651
0.039021
0.008570
0.656595
1.369707
0.020332
0.001400
0.019953
0.004702
0.042761
0.009367
0.597585
1.364494
0.019949
0.001279
0.019548
0.004691
0.038650
0.008495
0.713755
1.721146
0.020798
0.001487
0.020297
0.004706
0.045706
0.010311
0.875218
1.952877
0.022597
0.001716
0.022137
0.004935
0.062983
0.012603
--STOP--
++STRT++
0.595694
1.128020
0.018989
0.001162
0.018552
0.004608
0.031027
0.007501
0.613065
1.473167
0.019975
0.001273
0.019515
0.004685
0.040877
0.008530
0.726844
1.355879
0.020102
0.001300
0.019716
0.004616
0.036160
0.008166
0.640135
1.302790
0.019899
0.001238
0.019543
0.004654
0.038892
0.008249
0.650780
1.792040
0.022190
0.001739
0.021784
0.004892
0.059608
0.012204
0.697758
1.409271
0.020035
0.001271
0.019559
0.004639
0.038942
0.008509
0.615144
1.521912
0.020296
0.001388
0.019858
0.004713
0.042260
0.009410
0.671544
1.413602
0.019986
0.001234
0.019574
0.004647
0.038943
0.008358
0.736484
1.638639
0.020756
0.001495
0.020350
0.004773
0.046141
0.010411
0.690565
1.928399
0.022643
0.001741
0.022242
0.004873
0.062493
0.012431
--STOP--
++STRT++
0.601216
1.117637
0.019046
0.001146
0.018634
0.004616
0.031044
0.007510
0.645393
1.433094
0.020073
0.001250
0.019586
0.004652
0.040101
0.008344
0.597239
1.352169
0.020109
0.001271
0.019645
0.004585
0.037029
0.008175
0.664834
1.393570
0.020009
0.001262
0.019547
0.004635
0.038140
0.008231
0.731449
1.883170
0.022231
0.001656
0.021682
0.004811
0.058918
0.011925
0.569517
1.395342
0.019996
0.001271
0.019519
0.004615
0.038904
0.008462
0.571121
1.589752
0.020202
0.001422
0.019770
0.004694
0.043088
0.009506
0.671454
1.395723
0.019942
0.001265
0.019548
0.004652
0.038234
0.008269
0.780329
1.719109
0.020744
0.001500
0.020271
0.004689
0.046584
0.010505
0.704050
1.940938
0.022629
0.001765
0.022145
0.004865
0.062473
0.012407
--STOP--
++STRT++
0.608276
1.102871
0.018972
0.001156
0.018632
0.004601
0.031227
0.007515
0.609975
1.441818
0.019990
0.001336
0.019531
0.004682
0.040320
0.008339
0.657060
1.265671
0.020146
0.001244
0.019837
0.004642
0.036348
0.008238
0.673752
1.385842
0.020086
0.001253
0.019542
0.004671
0.039019
0.008438
0.676549
1.882940
0.022278
0.001677
0.021774
0.004866
0.059469
0.011994
0.636828
1.317206
0.020000
0.001256
0.019649
0.004656
0.038944
0.008463
0.591201
1.582548
0.020382
0.001436
0.019811
0.004679
0.042524
0.009336
0.722898
1.341665
0.019969
0.001235
0.019682
0.004625
0.038686
0.008228
0.597836
1.724016
0.020763
0.001521
0.020305
0.004695
0.046367
0.010457
0.810062
1.923502
0.022576
0.001711
0.022193
0.004899
0.062533
0.012384
--STOP--
++STRT++
0.616293
1.108077
0.018964
0.001138
0.018643
0.004611
0.030791
0.007549
0.623148
1.405322
0.019974
0.001285
0.019515
0.004628
0.041690
0.008449
0.608621
1.355750
0.020038
0.001276
0.019654
0.004588
0.036749
0.008337
0.718001
1.354229
0.020041
0.001295
0.019441
0.004651
0.038856
0.008453
0.648149
1.754495
0.022188
0.001659
0.021707
0.004850
0.060204
0.012144
0.732096
1.384657
0.019908
0.001291
0.019475
0.004630
0.039160
0.008526
0.567092
1.595833
0.020284
0.001410
0.019799
0.004670
0.042312
0.009403
0.663510
1.346641
0.019948
0.001219
0.019526
0.004658
0.038916
0.008222
0.695724
1.567699
0.020830
0.001502
0.020301
0.004733
0.045598
0.010348
0.756969
1.902446
0.022514
0.001717
0.022192
0.004835
0.062363
0.012378
--STOP--
++STRT++
0.601276
1.097236
0.018943
0.001154
0.018654
0.004602
0.030966
0.007519
0.668986
1.438544
0.019968
0.001249
0.019587
0.004641
0.040498
0.008308
0.639519
1.279806
0.020108
0.001257
0.019689
0.004642
0.037384
0.008330
0.614185
1.414705
0.020075
0.001254
0.019559
0.004612
0.038156
0.008284
0.751202
1.803144
0.022244
0.001718
0.021872
0.004884
0.059668
0.012027
0.778315
1.407857
0.019968
0.001279
0.019500
0.004642
0.039221
0.008552
0.566157
1.572279
0.020353
0.001390
0.019807
0.004665
0.042557
0.009431
0.677503
1.319415
0.019987
0.001252
0.019513
0.004633
0.038402
0.008426
0.777358
1.756022
0.020823
0.001503
0.020278
0.004698
0.045944
0.010361
0.751731
1.863088
0.022616
0.001674
0.022199
0.004859
0.062597
0.012650
--STOP--
++STRT++
0.606158
1.124563
0.018934
0.001160
0.018702
0.004565
0.030989
0.007482
0.623901
1.482629
0.020004
0.001267
0.019603
0.004635
0.040003
0.008343
0.662533
1.343185
0.020098
0.001254
0.019663
0.004628
0.036791
0.008292
0.700734
1.340328
0.019943
0.001280
0.019611
0.004669
0.038364
0.008290
0.832189
1.783646
0.022205
0.001713
0.021877
0.004856
0.059161
0.011935
0.661254
1.372354
0.020000
0.001268
0.019592
0.004682
0.038333
0.008269
0.797479
1.518424
0.020301
0.001392
0.019897
0.004672
0.042827
0.009382
0.668868
1.345300
0.020040
0.001243
0.019638
0.004673
0.038062
0.008202
0.596676
1.679688
0.020756
0.001478
0.020371
0.004688
0.046285
0.010290
0.813907
1.800794
0.022598
0.001727
0.022093
0.004851
0.062168
0.012549
--STOP--
++STRT++
0.591776
1.127202
0.018959
0.001205
0.018583
0.004629
0.031153
0.007591
0.626545
1.453484
0.019871
0.001271
0.019592
0.004600
0.039863
0.008496
0.594050
1.262507
0.020137
0.001222
0.019666
0.004664
0.035882
0.008101
0.691060
1.347621
0.019960
0.001287
0.019619
0.004661
0.039084
0.008277
0.777647
1.778560
0.022237
0.001690
0.021712
0.004866
0.059400
0.012053
0.732258
1.371720
0.019999
0.001254
0.019566
0.004622
0.039157
0.008250
0.608708
1.548881
0.020240
0.001381
0.019850
0.004697
0.043299
0.009553
0.681957
1.298873
0.019970
0.001264
0.019535
0.004678
0.038718
0.008394
0.659197
1.701580
0.020752
0.001473
0.020267
0.004696
0.046688
0.010412
0.921573
1.934116
0.022580
0.001752
0.022228
0.004885
0.062775
0.012383
--STOP--
++STRT++
0.595612
1.107693
0.018934
0.001193
0.018590
0.004611
0.031099
0.007504
0.544570
1.367085
0.020137
0.001293
0.019586
0.004665
0.040206
0.008291
0.580402
1.371958
0.020125
0.001292
0.019661
0.004610
0.036657
0.008267
0.679678
1.371815
0.020005
0.001288
0.019527
0.004640
0.039060
0.008496
0.789241
1.885700
0.022220
0.001668
0.021757
0.004826
0.059382
0.012067
0.562679
1.414720
0.019971
0.001315
0.019511
0.004639
0.039236
0.008449
0.624184
1.405647
0.020352
0.001405
0.019894
0.004685
0.042582
0.009525
0.588512
1.378546
0.020022
0.001345
0.019503
0.004640
0.039229
0.008456
0.688665
1.689020
0.020801
0.001522
0.020358
0.004715
0.046056
0.010367
0.661142
1.916228
0.022605
0.001781
0.022172
0.004816
0.062308
0.012568
--STOP--
++STRT++
0.587514
1.115652
0.018980
0.001161
0.018574
0.004599
0.031151
0.007475
0.608391
1.490653
0.020012
0.001311
0.019623
0.004653
0.039135
0.008282
0.691045
1.365744
0.020128
0.001229
0.019674
0.004639
0.036915
0.008107
0.637647
1.356445
0.019985
0.001301
0.019496
0.004621
0.038839
0.008454
0.678087
1.799713
0.022203
0.001666
0.021792
0.004847
0.060017
0.011965
0.588276
1.421657
0.019949
0.001247
0.019649
0.004657
0.038910
0.008276
0.585392
1.549106
0.020220
0.001389
0.019817
0.004674
0.042942
0.009559
0.634673
1.299533
0.020057
0.001248
0.019493
0.004645
0.039021
0.008196
0.722342
1.633395
0.020737
0.001460
0.020276
0.004696
0.045866
0.010354
0.797397
1.824663
0.022637
0.001788
0.022246
0.004872
0.062809
0.012428
--STOP--
++STRT++
0.598042
1.113299
0.018977
0.001142
0.018629
0.004616
0.030877
0.007506
0.630295
1.409490
0.020035
0.001299
0.019700
0.004679
0.040951
0.008343
0.594108
1.336631
0.020082
0.001261
0.019621
0.004692
0.037281
0.008358
0.695069
1.288554
0.019939
0.001248
0.019597
0.004655
0.038922
0.008225
0.763907
1.857286
0.022223
0.001655
0.021702
0.004825
0.059302
0.012135
0.674055
1.329947
0.019989
0.001227
0.019580
0.004685
0.038725
0.008222
0.683165
1.546107
0.020238
0.001453
0.019851
0.004639
0.043362
0.009435
0.599392
1.396590
0.019993
0.001268
0.019526
0.004644
0.038194
0.008209
0.747094
1.669793
0.020791
0.001463
0.020376
0.004734
0.046227
0.010365
0.714880
1.817798
0.022503
0.001728
0.022109
0.004805
0.062265
0.012585
--STOP--
++STRT++
0.581507
1.111324
0.019029
0.001139
0.018536
0.004592
0.030836
0.007518
0.653709
1.423484
0.019977
0.001278
0.019522
0.004699
0.040395
0.008411
0.605161
1.283210
0.020111
0.001276
0.019701
0.004611
0.036288
0.008302
0.701292
1.372279
0.020012
0.001330
0.019591
0.004614
0.038211
0.008285
0.755825
1.874233
0.022296
0.001674
0.021808
0.004894
0.059432
0.012041
0.646351
1.402872
0.019942
0.001266
0.019553
0.004658
0.038792
0.008453
0.560969
1.591227
0.020291
0.001420
0.019880
0.004671
0.042559
0.009413
0.574645
1.301964
0.020006
0.001223
0.019603
0.004616
0.038686
0.008427
0.615411
1.683918
0.020805
0.001511
0.020271
0.004707
0.045828
0.010383
0.717318
1.829850
0.022578
0.001728
0.022173
0.004843
0.061882
0.012358
--STOP--
++STRT++
0.594915
1.120821
0.018982
0.001148
0.018592
0.004599
0.031042
0.007533
0.622289
1.461306
0.019963
0.001274
0.019531
0.004658
0.041025
0.008426
0.610015
1.293499
0.020128
0.001257
0.019712
0.004630
0.036411
0.008127
0.661665
1.397768
0.020000
0.001287
0.019602
0.004647
0.038776
0.008430
0.756117
1.860331
0.022138
0.001698
0.021789
0.004886
0.059257
0.012070
0.669795
1.386846
0.019969
0.001306
0.019598
0.004636
0.038816
0.008484
0.639526
1.498971
0.020302
0.001394
0.019813
0.004685
0.042625
0.009353
0.662612
1.370890
0.019926
0.001286
0.019548
0.004631
0.038840
0.008210
0.691704
1.674510
0.020740
0.001476
0.020341
0.004671
0.046523
0.010433
0.744159
1.938167
0.022587
0.001742
0.022093
0.004864
0.062438
0.012317
--STOP--
++STRT++
0.589044
1.109660
0.018965
0.001166
0.018594
0.004619
0.030920
0.007551
0.651421
1.412292
0.020056
0.001301
0.019570
0.004693
0.041187
0.008309
0.688206
1.308303
0.020111
0.001280
0.019694
0.004648
0.036702
0.008280
0.598063
1.360205
0.019960
0.001308
0.019532
0.004644
0.038295
0.008262
0.729408
1.893467
0.022169
0.001660
0.021685
0.004792
0.059308
0.012023
0.710070
1.388826
0.019941
0.001278
0.019496
0.004657
0.039020
0.008447
0.604071
1.517904
0.020355
0.001418
0.019806
0.004682
0.042769
0.009355
0.687157
1.344707
0.019982
0.001264
0.019606
0.004662
0.038245
0.008300
0.709303
1.630439
0.020756
0.001458
0.020373
0.004708
0.046527
0.010343
0.779052
1.937685
0.022605
0.001725
0.022345
0.004856
0.062450
0.012606
--STOP--
++STRT++
0.594381
1.103405
0.018950
0.001158
0.018591
0.004610
0.030854
0.007555
0.569896
1.520758
0.019984
0.001266
0.019612
0.004632
0.038815
0.008289
0.649683
1.347462
0.020134
0.001250
0.019767
0.004630
0.036993
0.008092
0.668783
1.359482
0.020049
0.001278
0.019548
0.004656
0.038191
0.008224
0.872814
1.787573
0.022262
0.001669
0.021766
0.004830
0.059509
0.011963
0.615033
1.395130
0.019975
0.001276
0.019599
0.004592
0.038834
0.008450
0.735099
1.518328
0.020319
0.001432
0.019846
0.004664
0.042435
0.009416
0.611065
1.401562
0.019947
0.001225
0.019557
0.004626
0.039031
0.008250
0.801347
1.655435
0.020854
0.001491
0.020341
0.004678
0.046332
0.010412
0.648662
1.929249
0.022649
0.001691
0.022113
0.004863
0.062690
0.012536
--STOP--
++STRT++
0.587899
1.097848
0.018919
0.001163
0.018614
0.004615
0.031056
0.007539
0.607705
1.471072
0.019959
0.001289
0.019576
0.004677
0.040958
0.008604
0.587890
1.253500
0.020107
0.001211
0.019689
0.004638
0.036594
0.008136
0.680693
1.357868
0.019901
0.001278
0.019532
0.004685
0.039117
0.008491
0.723589
1.889782
0.022223
0.001734
0.021692
0.004890
0.059078
0.012004
0.592609
1.418320
0.020002
0.001243
0.019577
0.004675
0.038390
0.008270
0.645734
1.534258
0.020210
0.001415
0.019835
0.004696
0.042820
0.009554
0.665649
1.421119
0.020001
0.001279
0.019570
0.004648
0.038547
0.008289
0.643482
1.664918
0.020849
0.001493
0.020372
0.004719
0.045935
0.010277
0.705484
1.832341
0.022620
0.001744
0.022311
0.004836
0.062570
0.012598
--STOP--
++STRT++
0.591524
1.098420
0.018978
0.001157
0.018666
0.004642
0.030902
0.007513
0.584883
1.435915
0.019982
0.001293
0.019531
0.004666
0.039401
0.008251
0.586957
1.333118
0.020102
0.001236
0.019700
0.004629
0.037136
0.008192
0.600112
1.387336
0.019911
0.001271
0.019562
0.004648
0.038877
0.008416
0.838355
1.929520
0.022276
0.001708
0.021833
0.004903
0.059653
0.011997
0.680899
1.375015
0.019932
0.001283
0.019599
0.004634
0.038712
0.008235
0.755246
1.519755
0.020238
0.001404
0.019880
0.004718
0.042892
0.009530
0.622875
1.337433
0.020031
0.001290
0.019481
0.004647
0.038302
0.008305
0.699781
1.686691
0.020763
0.001537
0.020405
0.004718
0.046177
0.010268
0.654757
1.854482
0.022596
0.001772
0.022252
0.004875
0.062478
0.012462
--STOP--
++STRT++
0.588321
1.103835
0.018955
0.001165
0.018558
0.004651
0.031009
0.007539
0.624709
1.473218
0.020035
0.001282
0.019599
0.004669
0.040475
0.008354
0.579826
1.271679
0.020133
0.001243
0.019704
0.004671
0.036768
0.008134
0.739919
1.388733
0.020018
0.001257
0.019505
0.004610
0.039067
0.008420
0.782752
1.758160
0.022204
0.001719
0.021787
0.004819
0.059341
0.011936
0.580838
1.434343
0.019963
0.001269
0.019528
0.004635
0.038839
0.008246
0.657363
1.578848
0.020281
0.001392
0.019864
0.004647
0.043047
0.009559
0.648992
1.416450
0.019949
0.001290
0.019530
0.004625
0.038922
0.008463
0.600036
1.670351
0.020805
0.001502
0.020272
0.004694
0.045861
0.010357
0.885264
1.953988
0.022559
0.001737
0.022219
0.004870
0.062534
0.012442
--STOP--
++STRT++
0.586509
1.098509
0.019028
0.001158
0.018568
0.004606
0.030959
0.007496
0.565294
1.461271
0.019977
0.001291
0.019553
0.004661
0.040390
0.008288
0.632024
1.286323
0.020122
0.001274
0.019687
0.004679
0.036164
0.008245
0.715653
1.362757
0.019912
0.001239
0.019591
0.004651
0.038155
0.008290
0.710870
1.876447
0.022182
0.001727
0.021775
0.004805
0.059121
0.012046
0.598436
1.383957
0.019982
0.001232
0.019588
0.004673
0.038845
0.008259
0.616837
1.501019
0.020309
0.001438
0.019864
0.004670
0.043102
0.009606
0.652740
1.408738
0.019969
0.001289
0.019621
0.004642
0.038259
0.008250
0.711249
1.674464
0.020817
0.001503
0.020326
0.004689
0.046607
0.010449
0.713807
1.929081
0.022546
0.001746
0.022145
0.004870
0.062209
0.012521
--STOP--
++STRT++
0.616654
1.109024
0.018975
0.001148
0.018592
0.004595
0.030731
0.007510
0.641904
1.450134
0.020049
0.001264
0.019591
0.004663
0.039193
0.008449
0.632097
1.281083
0.020149
0.001275
0.019643
0.004633
0.037512
0.008279
0.579669
1.377473
0.019925
0.001290
0.019592
0.004679
0.038490
0.008318
0.826159
1.868505
0.022194
0.001629
0.021800
0.004865
0.059616
0.011959
0.700995
1.372009
0.019910
0.001266
0.019589
0.004651
0.038856
0.008460
0.664628
1.510295
0.020308
0.001398
0.019911
0.004710
0.042710
0.009452
0.633214
1.360886
0.019973
0.001275
0.019556
0.004634
0.038801
0.008234
0.702752
1.735817
0.020714
0.001504
0.020356
0.004652
0.046387
0.010379
0.703866
1.943171
0.022654
0.001730
0.022120
0.004932
0.062990
0.012436
--STOP--
++STRT++
0.607616
1.101716
0.019006
0.001130
0.018680
0.004611
0.030946
0.007513
0.580532
1.434251
0.020013
0.001263
0.019640
0.004648
0.039998
0.008363
0.615686
1.284771
0.020099
0.001247
0.019715
0.004690
0.036896
0.008150
0.619394
1.420650
0.019882
0.001260
0.019500
0.004611
0.038939
0.008436
0.764594
1.932538
0.022269
0.001726
0.021670
0.004862
0.059676
0.011982
0.615145
1.397975
0.019957
0.001285
0.019526
0.004667
0.038856
0.008269
0.721094
1.570511
0.020233
0.001386
0.019784
0.004640
0.043407
0.009540
0.619512
1.368743
0.019949
0.001277
0.019496
0.004644
0.039065
0.008467
0.667175
1.720545
0.020818
0.001519
0.020270
0.004703
0.046005
0.010355
0.689763
1.928956
0.022594
0.001752
0.022283
0.004863
0.062727
0.012499
--STOP--
++STRT++
0.597778
1.106619
0.018929
0.001152
0.018594
0.004599
0.031252
0.007475
0.573942
1.353646
0.019934
0.001254
0.019521
0.004691
0.040033
0.008258
0.737318
1.271870
0.020088
0.001243
0.019695
0.004626
0.037470
0.008334
0.650796
1.348942
0.020028
0.001269
0.019529
0.004631
0.038308
0.008213
0.754638
1.881700
0.022247
0.001693
0.021675
0.004808
0.059026
0.012176
0.718946
1.346603
0.020044
0.001314
0.019492
0.004636
0.038369
0.008322
0.652867
1.550724
0.020295
0.001355
0.019877
0.004736
0.042813
0.009390
0.687089
1.392897
0.019984
0.001271
0.019524
0.004605
0.038868
0.008423
0.632335
1.723622
0.020823
0.001496
0.020286
0.004697
0.045605
0.010345
0.923845
1.822397
0.022605
0.001778
0.022166
0.004868
0.062539
0.012355
--STOP--
++STRT++
0.588394
1.114856
0.018977
0.001153
0.018570
0.004596
0.030863
0.007507
0.677165
1.508376
0.020021
0.001270
0.019623
0.004668
0.038952
0.008270
0.632250
1.397343
0.020082
0.001299
0.019660
0.004608
0.036961
0.008271
0.606463
1.353351
0.019977
0.001276
0.019614
0.004663
0.038567
0.008227
0.726223
1.839870
0.022193
0.001681
0.021815
0.004837
0.058910
0.011957
0.748076
1.358632
0.020070
0.001261
0.019573
0.004595
0.038912
0.008478
0.764709
1.510047
0.020272
0.001386
0.019836
0.004674
0.042898
0.009418
0.638225
1.354921
0.019912
0.001242
0.019566
0.004613
0.038864
0.008342
0.682162
1.561321
0.020872
0.001495
0.020322
0.004753
0.045730
0.010311
0.739458
1.931884
0.022589
0.001700
0.022148
0.004884
0.062786
0.012518
--STOP--
++STRT++
0.595419
1.113164
0.018948
0.001152
0.018581
0.004617
0.030878
0.007536
0.643070
1.432689
0.019984
0.001285
0.019572
0.004668
0.038513
0.008271
0.621724
1.292322
0.020110
0.001267
0.019625
0.004606
0.036764
0.008224
0.616164
1.431523
0.020040
0.001300
0.019592
0.004671
0.038276
0.008258
0.647011
1.873773
0.022179
0.001673
0.021671
0.004861
0.059322
0.012002
0.635789
1.292883
0.020039
0.001280
0.019622
0.004673
0.038171
0.008210
0.713860
1.469182
0.020260
0.001385
0.019809
0.004693
0.043121
0.009548
0.568913
1.388081
0.019970
0.001255
0.019546
0.004643
0.038274
0.008296
0.676235
1.667060
0.020775
0.001474
0.020395
0.004660
0.046321
0.010444
0.768766
1.832426
0.022569
0.001740
0.022166
0.004859
0.062344
0.012379
--STOP--
++STRT++
0.606904
1.114962
0.018955
0.001143
0.018556
0.004594
0.030890
0.007509
0.669843
1.464301
0.020021
0.001311
0.019556
0.004674
0.039088
0.008304
0.588261
1.349077
0.020076
0.001261
0.019697
0.004637
0.037218
0.008079
0.701605
1.398114
0.020008
0.001262
0.019625
0.004716
0.038267
0.008204
0.650305
1.786856
0.022137
0.001727
0.021686
0.004836
0.059146
0.012160
0.613417
1.379815
0.020046
0.001274
0.019558
0.004659
0.038869
0.008424
0.604466
1.530127
0.020305
0.001414
0.019767
0.004674
0.043007
0.009568
0.646287
1.351749
0.019985
0.001228
0.019536
0.004656
0.038932
0.008271
0.672174
1.599478
0.020768
0.001453
0.020369
0.004759
0.046167
0.010425
0.740657
1.856453
0.022613
0.001729
0.022131
0.004880
0.062929
0.012444
--STOP--
++STRT++
0.599949
1.099945
0.018937
0.001203
0.018530
0.004610
0.030991
0.007502
0.637186
1.486310
0.019997
0.001270
0.019582
0.004659
0.038935
0.008269
0.597785
1.302152
0.020157
0.001235
0.019725
0.004634
0.036680
0.008158
0.686169
1.358443
0.019934
0.001300
0.019444
0.004629
0.039071
0.008235
0.832964
1.876322
0.022307
0.001697
0.021819
0.004856
0.059704
0.012030
0.695295
1.357287
0.019957
0.001322
0.019503
0.004659
0.039246
0.008519
0.674424
1.489430
0.020261
0.001398
0.019897
0.004681
0.043109
0.009371
0.608991
1.383325
0.020061
0.001262
0.019622
0.004648
0.038243
0.008242
0.706279
1.628861
0.020722
0.001476
0.020306
0.004672
0.046522
0.010370
0.653431
1.847992
0.022599
0.001765
0.022288
0.004850
0.062545
0.012649
--STOP--
++STRT++
0.590798
1.106367
0.018955
0.001167
0.018560
0.004618
0.031198
0.007490
0.639400
1.517210
0.020010
0.001273
0.019655
0.004699
0.039587
0.008496
0.620875
1.274160
0.020194
0.001258
0.019669
0.004698
0.036148
0.008103
0.682093
1.371965
0.019972
0.001302
0.019569
0.004625
0.038725
0.008433
0.882235
1.767882
0.022173
0.001704
0.021765
0.004849
0.058983
0.011922
0.730872
1.380326
0.020013
0.001281
0.019546
0.004598
0.039138
0.008322
0.710971
1.505054
0.020257
0.001431
0.019814
0.004662
0.042916
0.009618
0.742401
1.406100
0.019966
0.001275
0.019498
0.004657
0.038336
0.008237
0.599739
1.699570
0.020730
0.001467
0.020447
0.004651
0.046787
0.010407
0.870521
1.980401
0.022574
0.001703
0.022233
0.004863
0.062795
0.012522
--STOP--
++STRT++
0.588429
1.122519
0.018986
0.001155
0.018547
0.004592
0.031115
0.007502
0.585520
1.508135
0.020011
0.001308
0.019557
0.004670
0.039115
0.008286
0.611676
1.348462
0.020109
0.001260
0.019678
0.004643
0.036886
0.008275
0.722481
1.394495
0.019957
0.001267
0.019544
0.004693
0.038295
0.008246
0.764237
1.875056
0.022140
0.001681
0.021825
0.004830
0.059022
0.011995
0.650164
1.355838
0.020000
0.001243
0.019631
0.004672
0.038094
0.008293
0.668680
1.481185
0.020223
0.001372
0.019921
0.004674
0.043238
0.009405
0.639003
1.361635
0.019988
0.001299
0.019499
0.004630
0.038755
0.008461
0.778597
1.669972
0.020806
0.001462
0.020371
0.004687
0.045992
0.010300
0.654395
1.891298
0.022650
0.001699
0.022378
0.004900
0.062928
0.012507
--STOP--
