320
381
314
383
341
369
312
323
310
329
384
323
344
314
314
316
364
328
319
323
384
317
370
354
344
464
311
401
321
336
368
398
318
331
314
408
359
322
315
324
325
424
322
371
348
325
315
314
356
326
364
316
320
314
315
397
405
310
400
315
314
314
339
317
384
315
434
315
314
404
373
367
323
310
329
319
318
383
314
314
314
381
310
324
376
314
384
361
322
316
322
315
382
315
329
321
325
356
316
421
326
327
314
331
332
314
339
379
314
315
318
328
326
315
361
318
315
417
413
326
364
320
383
339
311
321
341
379
370
338
383
424
315
420
324
314
342
321
310
314
314
310
359
315
383
326
335
352
315
375
364
321
328
345
377
328
311
363
368
314
353
315
343
315
320
319
317
335
331
314
314
323
354
315
369
321
315
318
360
380
315
364
322
327
341
315
326
377
338
357
375
344
323
320
314
321
339
324
356
314
317
322
376
413
369
384
418
355
310
419
336
314
326
326
314
317
326
321
344
375
324
332
327
314
431
331
314
315
325
352
315
314
328
314
314
398
320
314
365
343
315
341
342
314
350
324
363
314
341
341
315
355
315
311
353
319
323
417
354
387
327
314
314
352
314
363
344
321
314
329
328
344
314
315
371
316
384
324
323
331
324
312
328
358
311
314
314
321
345
376
314
408
328
311
421
316
317
349
325
360
357
319
310
315
314
336
322
328
333
321
316
314
371
314
317
323
319
326
320
327
344
314
320
327
391
314
363
310
333
328
342
354
337
356
311
316
420
315
319
339
346
328
328
321
322
310
385
331
327
356
335
381
315
314
376
315
326
322
361
379
321
330
322
323
345
313
317
339
315
336
316
314
381
335
314
342
383
315
358
314
324
323
323
314
315
383
315
336
345
320
315
315
344
314
310
330
338
349
368
329
384
321
315
356
314
350
313
350
427
317
414
314
324
355
339
322
336
350
353
341
383
353
324
351
328
319
310
341
317
365
395
321
340
426
351
315
456
379
329
331
330
314
385
325
418
314
315
323
316
315
318
369
384
422
315
350
320
315
372
450
425
346
354
325
368
314
314
330
322
369
325
321
347
380
330
326
329
327
421
341
328
340
341
314
432
314
346
351
315
442
344
314
381
311
385
323
369
325
418
341
