314
314
310
314
327
316
310
310
315
315
386
310
310
362
314
310
310
310
310
310
310
315
314
314
310
315
322
315
310
310
315
314
310
310
314
310
320
310
310
318
314
314
332
310
310
310
310
310
314
310
314
310
314
310
310
310
315
314
310
314
310
314
386
310
310
310
310
314
311
314
310
310
310
310
310
310
311
314
310
310
314
310
311
310
311
310
310
310
310
311
322
310
310
310
314
310
310
310
315
310
310
314
310
310
310
310
310
310
310
314
310
310
310
310
310
310
310
310
310
312
310
365
314
314
315
310
314
315
329
310
310
311
315
310
314
311
314
310
310
310
310
310
310
310
315
315
310
318
310
311
310
310
314
314
377
314
311
314
314
310
314
418
310
413
315
315
314
310
314
310
310
315
312
310
314
310
315
310
314
314
314
399
314
312
314
315
310
314
311
314
321
310
326
314
310
318
310
315
315
310
314
315
310
377
310
310
314
314
315
310
314
311
310
315
315
407
311
310
316
328
325
330
310
312
310
310
310
314
314
314
310
310
315
314
310
314
314
310
310
310
310
310
310
310
315
314
310
310
315
310
310
310
314
337
337
314
310
310
310
310
316
314
310
412
310
310
315
310
316
310
315
310
310
310
314
310
314
310
310
310
310
323
314
310
314
310
314
314
315
310
310
310
315
329
392
314
310
358
310
310
310
310
310
310
310
315
315
315
332
314
314
310
311
321
310
314
314
314
310
310
315
314
315
315
310
336
310
310
315
310
310
315
310
314
314
310
315
389
314
314
413
329
314
310
310
310
310
383
310
315
310
310
310
314
315
310
310
310
314
314
314
315
310
310
314
423
314
315
311
310
312
310
394
314
311
310
339
310
315
314
315
315
310
315
310
319
310
310
315
310
314
398
315
314
315
310
314
310
310
332
310
311
310
310
310
310
310
314
315
339
310
326
409
315
310
310
310
310
316
310
314
315
310
310
310
310
358
310
310
310
310
315
310
310
314
310
383
310
316
310
310
310
310
310
310
315
310
310
314
311
314
310
310
313
310
314
311
315
383
310
310
310
310
310
310
310
314
310
314
314
310
310
310
310
315
379
336
388
310
314
400
314
310
398
358
361
416
310
311
314
314
337
314
310
314
310
357
314
315
310
