310
372
317
322
314
339
369
334
322
380
327
314
377
315
333
381
315
314
318
314
352
314
321
315
417
315
340
314
336
328
314
315
361
317
314
315
327
321
324
323
385
316
310
324
388
335
355
316
314
380
314
328
328
316
316
344
371
369
334
315
314
315
323
369
329
325
380
314
316
357
354
316
314
384
315
314
331
319
316
323
324
359
327
314
314
321
379
325
317
325
315
324
383
325
314
321
320
327
322
314
314
369
314
315
321
322
317
355
315
315
369
315
323
315
310
364
376
325
433
324
418
341
373
310
314
371
382
315
315
327
381
315
315
325
360
314
315
314
384
377
379
329
326
348
315
321
327
321
351
322
411
369
314
319
314
315
328
315
384
330
343
315
316
375
389
402
328
325
314
317
315
315
329
326
329
348
315
317
434
342
375
323
356
379
315
392
320
326
327
312
342
314
320
356
321
338
315
322
321
350
384
315
314
355
316
315
314
320
333
336
410
315
320
389
349
314
315
314
323
379
319
323
315
315
381
314
341
380
325
323
322
324
314
318
315
314
351
338
331
322
436
326
394
339
322
380
325
314
322
324
323
317
321
329
318
373
330
326
351
318
314
406
321
388
322
314
384
352
324
316
417
352
314
314
406
317
316
348
326
314
310
315
315
356
317
314
360
315
321
329
318
354
320
347
323
314
317
314
331
319
314
346
380
315
319
316
319
315
314
315
323
318
314
383
337
315
363
314
330
320
366
343
356
326
337
314
380
325
315
350
314
317
325
369
315
324
322
316
323
330
318
320
329
381
314
354
326
328
315
360
315
398
326
314
350
382
316
316
381
325
314
314
376
324
314
319
320
319
314
342
321
363
325
333
369
314
315
329
430
314
322
367
376
314
319
369
329
314
414
381
315
410
323
379
324
329
321
346
333
325
346
405
376
314
321
316
317
314
437
360
321
372
315
326
360
317
314
341
320
315
416
327
337
373
317
314
315
317
315
317
376
321
314
320
365
412
384
381
321
321
341
314
379
384
321
319
320
429
323
339
315
317
322
341
315
315
315
360
315
315
360
319
316
315
318
351
319
315
314
326
336
315
323
336
394
314
395
402
320
358
326
327
314
314
318
327
328
460
336
334
408
359
364
331
347
365
329
317
324
335
