384
320
328
324
314
351
329
409
333
384
429
328
318
318
321
313
375
375
330
374
331
385
358
375
314
373
347
315
360
401
347
315
381
392
363
365
331
345
328
371
367
349
322
380
368
315
335
332
333
334
352
315
321
381
334
383
338
355
379
330
394
383
317
335
393
346
316
328
350
340
378
381
342
383
361
310
317
376
318
360
331
398
317
441
325
342
346
320
330
315
328
322
345
349
360
330
334
364
364
335
334
314
354
315
375
328
399
349
384
370
317
341
383
364
331
374
369
336
384
381
328
359
327
380
339
322
314
365
340
385
327
332
363
384
321
383
327
360
383
376
345
340
374
327
434
348
329
372
334
379
326
328
342
340
368
351
364
363
313
342
339
340
336
314
408
350
317
327
372
358
376
383
384
422
337
355
328
448
380
360
374
318
369
350
380
314
447
315
321
339
368
333
316
364
340
325
310
310
344
311
314
379
349
323
418
311
364
377
328
314
345
329
315
374
371
340
384
354
337
351
347
351
383
383
440
325
407
325
341
314
393
376
330
392
355
315
330
343
375
377
321
328
329
375
329
379
380
388
384
336
384
349
354
332
378
370
357
340
332
321
329
363
330
322
354
325
328
315
360
328
350
315
328
350
346
316
350
366
343
351
374
317
380
349
384
396
393
315
326
376
384
314
371
327
355
337
342
379
376
394
315
338
360
359
341
327
331
332
315
327
323
355
384
370
379
337
381
380
356
348
382
374
314
325
380
371
424
325
320
436
372
361
330
324
376
342
355
361
317
371
328
341
320
345
354
396
345
336
387
380
347
376
314
380
332
319
364
373
365
321
359
353
361
383
342
378
351
355
335
381
317
352
381
315
373
373
332
330
337
340
353
425
322
376
377
320
314
384
340
342
314
365
327
321
317
327
326
333
389
380
358
341
359
375
431
350
362
315
361
342
414
338
454
385
379
322
376
369
384
372
379
349
382
402
358
320
368
332
346
316
403
379
383
354
314
330
346
384
362
336
345
314
384
352
315
382
320
338
329
368
324
405
353
348
361
385
327
369
314
435
330
317
440
367
326
322
365
314
380
343
345
405
347
352
385
349
351
317
367
327
383
360
339
366
342
322
360
370
314
334
386
360
418
337
321
354
313
387
334
321
