0.001232
0.001291
0.001226
0.001238
0.001303
0.001261
0.001251
0.001316
0.001238
0.001253
0.001333
0.001281
0.001261
0.001294
0.001246
0.001295
0.001262
0.001306
0.001246
0.001321
0.001231
0.001261
0.001316
0.001265
0.001256
0.001275
0.001286
0.001308
0.001251
0.001281
0.001260
0.001255
0.001262
0.001231
0.001308
0.001257
0.001307
0.001256
0.001272
0.001310
0.001257
0.001253
0.001340
0.001250
0.001243
0.001324
0.001277
0.001295
0.001271
0.001226
0.001254
0.001269
0.001288
0.001255
0.001295
0.001253
0.001265
0.001306
0.001263
0.001291
0.001247
0.001246
0.001271
0.001271
0.001252
0.001254
0.001242
0.001284
0.001261
0.001301
0.001236
0.001246
0.001319
0.001244
0.001303
0.001235
0.001273
0.001291
0.001235
0.001259
0.001278
0.001255
0.001235
0.001301
0.001235
0.001294
0.001250
0.001256
0.001323
0.001257
0.001322
0.001271
0.001250
0.001248
0.001260
0.001297
0.001250
0.001294
0.001248
0.001232
0.001236
0.001246
0.001293
0.001240
0.001227
0.001307
0.001245
0.001291
0.001240
0.001267
0.001304
0.001253
0.001285
0.001304
0.001259
0.001248
0.001305
0.001243
0.001278
0.001305
0.001250
0.001296
0.001269
0.001247
0.001236
0.001267
0.001321
0.001261
0.001295
0.001258
0.001230
0.001250
0.001267
0.001314
0.001252
0.001320
0.001241
0.001236
0.001307
0.001264
0.001327
0.001246
0.001299
0.001246
0.001262
0.001295
0.001264
0.001242
0.001300
0.001241
0.001247
0.001325
0.001244
0.001262
0.001298
0.001268
0.001253
0.001274
0.001251
0.001304
0.001279
0.001296
0.001254
0.001262
0.001242
0.001248
0.001307
0.001238
0.001303
0.001250
0.001253
0.001249
0.001247
0.001292
0.001241
0.001275
0.001236
0.001252
0.001317
0.001254
0.001298
0.001272
0.001260
0.001237
0.001254
0.001293
0.001228
0.001255
0.001303
0.001244
0.001236
0.001253
0.001269
0.001289
0.001241
0.001298
0.001277
0.001286
0.001247
0.001249
0.001308
0.001256
0.001306
0.001239
0.001287
0.001301
0.001270
0.001288
0.001242
0.001267
0.001250
0.001275
0.001305
0.001255
0.001311
0.001255
0.001248
0.001266
0.001251
0.001317
0.001269
0.001293
0.001267
0.001259
0.001290
0.001265
0.001251
0.001288
0.001314
0.001214
0.001294
0.001278
0.001262
0.001240
0.001266
0.001326
0.001246
0.001300
0.001265
0.001269
0.001241
0.001259
0.001324
0.001247
0.001251
0.001230
0.001247
0.001230
0.001242
0.001332
0.001279
0.001287
0.001256
0.001253
0.001324
0.001248
0.001301
0.001255
0.001246
0.001297
0.001275
0.001277
0.001319
0.001262
0.001267
0.001269
0.001261
0.001313
0.001246
0.001283
0.001333
0.001270
0.001297
0.001245
0.001276
0.001317
0.001255
0.001292
0.001253
0.001253
0.001247
0.001264
0.001310
0.001260
0.001298
0.001284
0.001256
0.001275
0.001246
0.001322
0.001242
0.001269
0.001256
0.001240
0.001301
0.001237
0.001255
0.001291
0.001256
0.001248
0.001342
0.001261
0.001302
0.001263
0.001239
0.001311
0.001249
0.001319
0.001251
0.001282
0.001267
0.001267
0.001265
0.001253
0.001271
0.001317
0.001281
0.001296
0.001242
0.001250
0.001246
0.001249
0.001322
0.001270
0.001271
0.001247
0.001236
0.001319
0.001257
0.001298
0.001277
0.001241
0.001296
0.001230
0.001261
0.001279
0.001237
0.001228
0.001325
0.001244
0.001329
0.001255
0.001249
0.001251
0.001255
0.001320
0.001236
0.001300
0.001286
0.001237
0.001223
0.001228
0.001291
0.001244
0.001235
0.001317
0.001273
0.001293
0.001269
0.001254
0.001312
0.001271
0.001289
0.001241
0.001272
0.001309
0.001268
0.001259
0.001339
0.001249
0.001272
0.001253
0.001239
0.001279
0.001250
0.001258
0.001247
0.001238
0.001296
0.001239
0.001306
0.001243
0.001237
0.001298
0.001261
0.001284
0.001248
0.001258
0.001253
0.001265
0.001322
0.001250
0.001291
0.001251
0.001252
0.001305
0.001285
0.001263
0.001277
0.001252
0.001302
0.001259
0.001252
0.001318
0.001268
0.001243
0.001316
0.001253
0.001254
0.001265
0.001256
0.001307
0.001240
0.001311
0.001262
0.001252
0.001260
0.001265
0.001327
0.001240
0.001289
0.001247
0.001273
0.001326
0.001244
0.001272
0.001233
0.001248
0.001238
0.001263
0.001326
0.001265
0.001290
0.001263
0.001268
0.001246
0.001258
0.001271
0.001305
0.001240
0.001252
0.001317
0.001248
0.001257
0.001304
0.001254
0.001299
0.001266
0.001252
0.001253
0.001261
0.001313
0.001266
0.001302
0.001252
0.001250
0.001303
0.001253
0.001297
0.001258
0.001243
0.001258
0.001256
0.001323
0.001260
0.001289
0.001266
0.001241
0.001242
0.001249
0.001317
0.001247
0.001310
0.001246
0.001250
0.001304
0.001245
0.001248
0.001297
0.001245
0.001309
0.001248
0.001238
0.001293
0.001254
0.001285
0.001261
0.001256
0.001249
0.001271
0.001317
0.001241
0.001307
0.001238
0.001248
0.001233
0.001266
0.001329
0.001233
0.001290
0.001247
0.001270
0.001329
0.001248
0.001305
0.001267
0.001254
0.001264
0.001271
0.001299
0.001249
0.001312
0.001282
0.001252
0.001286
0.001243
0.001249
0.001308
0.001231
0.001266
0.001320
0.001278
0.001312
0.001250
0.001263
0.001310
0.001239
0.001293
0.001251
0.001274
0.001261
0.001249
0.001312
0.001264
0.001319
0.001276
0.001264
0.001244
0.001252
0.001308
0.001261
0.001276
0.001257
0.001271
0.001306
0.001233
0.001330
0.001275
0.001251
0.001314
0.001245
0.001233
0.001321
0.001248
0.001265
0.001257
0.001252
0.001315
0.001246
0.001262
0.001284
0.001264
0.001290
0.001262
0.001258
0.001325
0.001250
0.001286
0.001256
0.001255
0.001241
0.001274
0.001303
0.001243
0.001296
0.001252
0.001254
0.001283
0.001234
0.001332
0.001242
0.001288
0.001239
0.001303
0.001304
0.001266
0.001226
0.001300
0.001236
0.001248
0.001316
0.001236
0.001302
0.001267
0.001278
0.001246
0.001258
0.001260
0.001290
0.001247
0.001249
0.001296
0.001248
0.001243
0.001308
0.001254
0.001301
0.001242
0.001251
0.001267
0.001248
0.001311
0.001253
0.001300
0.001238
0.001268
0.001255
0.001244
0.001321
0.001244
0.001233
0.001325
0.001281
0.001262
0.001292
0.001261
0.001245
0.001300
0.001244
0.001292
0.001220
0.001282
0.001267
0.001275
0.001305
0.001255
0.001290
0.001238
0.001268
0.001257
0.001262
0.001296
0.001249
0.001263
0.001297
0.001260
0.001301
0.001276
0.001248
0.001311
0.001244
0.001301
0.001272
0.001286
0.001252
0.001264
0.001298
0.001271
0.001250
0.001296
0.001243
0.001271
0.001307
0.001258
0.001287
0.001259
0.001243
0.001309
0.001274
0.001283
0.001256
0.001247
0.001269
0.001254
0.001315
0.001253
0.001288
0.001227
0.001260
0.001250
0.001247
0.001300
0.001309
0.001251
0.001320
0.001234
0.001296
0.001267
0.001256
0.001323
0.001264
0.001260
0.001311
0.001257
0.001320
0.001280
0.001258
0.001355
0.001248
0.001225
0.001228
0.001267
0.001333
0.001231
0.001297
0.001265
0.001249
0.001263
0.001243
0.001293
0.001248
0.001303
0.001244
0.001257
0.001249
0.001273
0.001350
0.001250
0.001285
0.001255
0.001249
0.001291
0.001243
0.001290
0.001254
0.001234
0.001269
0.001307
0.001251
0.001261
0.001300
0.001266
0.001275
0.001300
0.001251
0.001290
0.001242
0.001252
0.001237
0.001264
0.001301
0.001259
0.001297
0.001248
0.001230
0.001329
0.001238
0.001299
0.001266
0.001296
0.001256
0.001255
0.001289
0.001231
0.001267
0.001238
0.001261
0.001249
0.001240
0.001308
0.001257
0.001298
0.001250
0.001255
0.001256
0.001236
0.001259
0.001328
0.001246
0.001292
0.001261
0.001254
0.001256
0.001255
0.001291
0.001263
0.001285
0.001271
0.001232
0.001318
0.001231
0.001297
0.001256
0.001255
0.001253
0.001253
0.001303
0.001254
0.001285
0.001266
0.001257
0.001264
0.001256
0.001311
0.001262
0.001303
0.001234
0.001240
0.001220
0.001238
0.001279
0.001243
0.001286
0.001245
0.001269
0.001318
0.001268
0.001256
0.001262
0.001260
0.001250
0.001294
0.001241
0.001300
0.001245
0.001239
0.001257
0.001258
0.001305
0.001253
0.001280
0.001240
0.001246
0.001301
0.001246
0.001290
0.001246
0.001251
0.001232
0.001264
0.001305
0.001272
0.001284
0.001252
0.001244
0.001257
0.001266
0.001324
0.001238
0.001283
0.001275
0.001265
0.001288
0.001238
0.001265
0.001286
0.001273
0.001267
0.001242
0.001274
0.001233
0.001239
0.001248
0.001296
0.001234
0.001320
0.001255
0.001271
0.001323
0.001261
0.001304
0.001244
0.001258
0.001272
0.001269
0.001292
0.001266
0.001282
0.001246
0.001252
0.001259
0.001268
0.001304
0.001279
0.001283
0.001242
0.001259
0.001318
0.001245
0.001234
0.001315
0.001257
0.001265
0.001254
0.001235
0.001309
0.001252
0.001295
0.001236
0.001256
0.001254
0.001243
0.001283
0.001232
0.001253
0.001277
0.001272
0.001259
0.001233
0.001283
0.001334
0.001245
0.001279
0.001279
0.001236
0.001260
0.001251
0.001306
0.001254
0.001292
0.001254
0.001233
0.001283
0.001264
0.001251
0.001274
0.001253
0.001265
0.001300
0.001254
0.001281
0.001241
0.001233
0.001242
0.001241
0.001307
0.001229
0.001281
0.001261
0.001277
0.001307
0.001242
0.001230
0.001314
0.001250
0.001283
0.001254
0.001280
0.001261
0.001249
0.001317
0.001268
0.001302
0.001258
0.001264
0.001251
0.001258
0.001288
0.001245
0.001250
0.001312
0.001249
0.001268
0.001295
0.001252
0.001311
0.001246
0.001252
0.001253
0.001249
0.001300
0.001243
0.001294
0.001252
0.001251
0.001260
0.001276
0.001298
0.001264
0.001301
0.001243
0.001272
0.001319
0.001254
0.001256
0.001316
0.001260
0.001286
0.001253
0.001264
0.001254
0.001245
0.001314
0.001253
0.001268
0.001286
0.001265
0.001240
0.001324
0.001266
0.001258
0.001255
0.001253
0.001287
0.001254
0.001239
0.001250
0.001250
0.001294
0.001248
