0.001261
0.001206
0.001198
0.001258
0.001230
0.001260
0.001227
0.001198
0.001215
0.001214
0.001257
0.001210
0.001254
0.001223
0.001222
0.001241
0.001200
0.001259
0.001220
0.001266
0.001203
0.001221
0.001286
0.001230
0.001249
0.001204
0.001231
0.001220
0.001240
0.001266
0.001202
0.001211
0.001279
0.001227
0.001225
0.001265
0.001221
0.001250
0.001237
0.001205
0.001227
0.001213
0.001247
0.001220
0.001246
0.001207
0.001214
0.001283
0.001209
0.001248
0.001244
0.001234
0.001250
0.001221
0.001253
0.001194
0.001250
0.001216
0.001195
0.001226
0.001202
0.001251
0.001207
0.001280
0.001210
0.001212
0.001257
0.001216
0.001238
0.001266
0.001226
0.001197
0.001306
0.001191
0.001243
0.001259
0.001225
0.001201
0.001216
0.001215
0.001255
0.001277
0.001199
0.001271
0.001211
0.001206
0.001205
0.001228
0.001248
0.001209
0.001243
0.001207
0.001197
0.001203
0.001200
0.001247
0.001206
0.001239
0.001200
0.001220
0.001306
0.001222
0.001215
0.001259
0.001203
0.001208
0.001277
0.001214
0.001205
0.001239
0.001190
0.001261
0.001214
0.001251
0.001207
0.001218
0.001255
0.001234
0.001187
0.001278
0.001221
0.001246
0.001198
0.001209
0.001204
0.001219
0.001253
0.001219
0.001264
0.001215
0.001234
0.001191
0.001212
0.001298
0.001222
0.001273
0.001229
0.001221
0.001243
0.001210
0.001190
0.001255
0.001221
0.001205
0.001263
0.001204
0.001257
0.001213
0.001207
0.001276
0.001227
0.001247
0.001215
0.001223
0.001211
0.001233
0.001281
0.001202
0.001202
0.001259
0.001207
0.001260
0.001212
0.001213
0.001198
0.001228
0.001259
0.001220
0.001207
0.001209
0.001230
0.001266
0.001236
0.001212
0.001253
0.001203
0.001209
0.001253
0.001231
0.001256
0.001193
0.001214
0.001234
0.001206
0.001283
0.001227
0.001237
0.001207
0.001211
0.001223
0.001217
0.001254
0.001216
0.001236
0.001204
0.001209
0.001303
0.001202
0.001263
0.001266
0.001214
0.001245
0.001199
0.001198
0.001211
0.001205
0.001258
0.001220
0.001208
0.001247
0.001201
0.001221
0.001265
0.001200
0.001220
0.001210
0.001223
0.001270
0.001222
0.001210
0.001201
0.001194
0.001272
0.001222
0.001254
0.001224
0.001193
0.001226
0.001204
0.001280
0.001217
0.001248
0.001198
0.001217
0.001220
0.001209
0.001264
0.001198
0.001259
0.001195
0.001249
0.001226
0.001217
0.001217
0.001262
0.001215
0.001214
0.001241
0.001227
0.001224
0.001242
0.001197
0.001267
0.001227
0.001216
0.001249
0.001203
0.001258
0.001222
0.001208
0.001216
0.001221
0.001271
0.001206
0.001274
0.001220
0.001237
0.001200
0.001210
0.001256
0.001200
0.001221
0.001201
0.001185
0.001215
0.001195
0.001253
0.001230
0.001196
0.001221
0.001223
0.001254
0.001281
0.001196
0.001268
0.001197
0.001234
0.001196
0.001212
0.001273
0.001201
0.001259
0.001204
0.001210
0.001201
0.001210
0.001254
0.001197
0.001261
0.001211
0.001211
0.001211
0.001207
0.001272
0.001207
0.001247
0.001189
0.001218
0.001272
0.001220
0.001254
0.001206
0.001212
0.001207
0.001239
0.001257
0.001196
0.001236
0.001209
0.001202
0.001255
0.001209
0.001217
0.001235
0.001203
0.001194
0.001208
0.001213
0.001270
0.001213
0.001268
0.001196
0.001214
0.001281
0.001218
0.001256
0.001209
0.001194
0.001212
0.001214
0.001283
0.001221
0.001234
0.001217
0.001223
0.001202
0.001199
0.001278
0.001216
0.001263
0.001196
0.001196
0.001208
0.001229
0.001248
0.001193
0.001204
0.001273
0.001214
0.001214
0.001262
0.001219
0.001191
0.001269
0.001261
0.001232
0.001267
0.001207
0.001213
0.001208
0.001192
0.001244
0.001225
0.001270
0.001211
0.001195
0.001213
0.001190
0.001260
0.001210
0.001222
0.001230
0.001212
0.001185
0.001213
0.001240
0.001208
0.001235
0.001186
0.001236
0.001259
0.001192
0.001207
0.001272
0.001210
0.001254
0.001209
0.001215
0.001245
0.001212
0.001260
0.001214
0.001198
0.001289
0.001219
0.001275
0.001265
0.001236
0.001261
0.001186
0.001223
0.001202
0.001214
0.001267
0.001223
0.001269
0.001220
0.001209
0.001223
0.001193
0.001243
0.001205
0.001273
0.001242
0.001214
0.001221
0.001207
0.001235
0.001216
0.001226
0.001196
0.001214
0.001219
0.001219
0.001204
0.001203
0.001267
0.001221
0.001252
0.001207
0.001219
0.001268
0.001228
0.001229
0.001212
0.001209
0.001201
0.001194
0.001215
0.001219
0.001193
0.001251
0.001188
0.001245
0.001225
0.001231
0.001251
0.001196
0.001241
0.001208
0.001182
0.001206
0.001225
0.001228
0.001209
0.001217
0.001242
0.001214
0.001209
0.001252
0.001199
0.001242
0.001211
0.001228
0.001271
0.001220
0.001271
0.001210
0.001212
0.001198
0.001213
0.001248
0.001206
0.001247
0.001232
0.001208
0.001186
0.001228
0.001206
0.001208
0.001210
0.001275
0.001250
0.001219
0.001223
0.001202
0.001272
0.001220
0.001212
0.001287
0.001193
0.001225
0.001265
0.001192
0.001217
0.001206
0.001246
0.001210
0.001251
0.001207
0.001213
0.001259
0.001200
0.001263
0.001214
0.001199
0.001204
0.001212
0.001269
0.001202
0.001255
0.001227
0.001226
0.001226
0.001209
0.001246
0.001198
0.001251
0.001212
0.001186
0.001248
0.001209
0.001196
0.001284
0.001223
0.001210
0.001269
0.001222
0.001286
0.001217
0.001223
0.001284
0.001208
0.001264
0.001212
0.001195
0.001235
0.001211
0.001280
0.001222
0.001271
0.001195
0.001176
0.001212
0.001226
0.001257
0.001194
0.001262
0.001217
0.001191
0.001218
0.001217
0.001245
0.001204
0.001262
0.001194
0.001222
0.001246
0.001210
0.001236
0.001201
0.001240
0.001212
0.001282
0.001209
0.001218
0.001278
0.001222
0.001273
0.001201
0.001272
0.001216
0.001214
0.001259
0.001187
0.001271
0.001217
0.001278
0.001201
0.001222
0.001269
0.001217
0.001252
0.001204
0.001226
0.001223
0.001198
0.001244
0.001205
0.001248
0.001209
0.001222
0.001189
0.001199
0.001253
0.001208
0.001250
0.001194
0.001226
0.001271
0.001208
0.001203
0.001199
0.001234
0.001210
0.001264
0.001211
0.001257
0.001211
0.001203
0.001196
0.001208
0.001274
0.001203
0.001253
0.001202
0.001189
0.001211
0.001237
0.001247
0.001215
0.001249
0.001202
0.001207
0.001257
0.001210
0.001260
0.001218
0.001202
0.001204
0.001222
0.001268
0.001242
0.001256
0.001201
0.001213
0.001262
0.001204
0.001226
0.001252
0.001189
0.001218
0.001264
0.001198
0.001225
0.001236
0.001208
0.001196
0.001208
0.001204
0.001246
0.001204
0.001265
0.001204
0.001218
0.001249
0.001222
0.001245
0.001217
0.001204
0.001224
0.001208
0.001273
0.001203
0.001258
0.001203
0.001248
0.001196
0.001199
0.001291
0.001204
0.001219
0.001254
0.001216
0.001222
0.001264
0.001203
0.001247
0.001215
0.001217
0.001262
0.001226
0.001241
0.001211
0.001213
0.001250
0.001215
0.001210
0.001187
0.001218
0.001277
0.001189
0.001220
0.001208
0.001225
0.001239
0.001172
0.001269
0.001186
0.001227
0.001228
0.001210
0.001259
0.001203
0.001235
0.001211
0.001216
0.001262
0.001211
0.001241
0.001258
0.001227
0.001191
0.001198
0.001224
0.001269
0.001221
0.001244
0.001230
0.001202
0.001260
0.001204
0.001245
0.001207
0.001197
0.001194
0.001206
0.001213
0.001214
0.001204
0.001254
0.001204
0.001250
0.001226
0.001194
0.001209
0.001212
0.001244
0.001217
0.001253
0.001211
0.001220
0.001247
0.001246
0.001225
0.001250
0.001214
0.001196
0.001274
0.001206
0.001202
0.001201
0.001220
0.001250
0.001194
0.001234
0.001211
0.001211
0.001211
0.001219
0.001242
0.001208
0.001249
0.001208
0.001211
0.001253
0.001210
0.001249
0.001275
0.001199
0.001261
0.001229
0.001215
0.001185
0.001207
0.001273
0.001209
0.001214
0.001218
0.001223
0.001207
0.001196
0.001215
0.001273
0.001196
0.001186
0.001232
0.001205
0.001259
0.001205
0.001239
0.001227
0.001186
0.001272
0.001204
0.001236
0.001200
0.001205
0.001213
0.001205
0.001252
0.001204
0.001251
0.001210
0.001209
0.001227
0.001219
0.001246
0.001194
0.001207
0.001246
0.001192
0.001215
0.001249
0.001206
0.001220
0.001258
0.001234
0.001240
0.001197
0.001212
0.001205
0.001213
0.001252
0.001216
0.001207
0.001223
0.001211
0.001275
0.001203
0.001263
0.001218
0.001203
0.001190
0.001216
0.001253
0.001211
0.001270
0.001219
0.001203
0.001210
0.001225
0.001264
0.001193
0.001253
0.001198
0.001214
0.001287
0.001195
0.001264
0.001220
0.001203
0.001217
0.001258
0.001188
0.001216
0.001256
0.001200
0.001262
0.001212
0.001205
0.001216
0.001217
0.001272
0.001214
0.001250
0.001208
0.001194
0.001211
0.001192
0.001246
0.001215
0.001243
0.001206
0.001207
0.001267
0.001199
0.001262
0.001219
0.001223
0.001196
0.001209
0.001256
0.001216
0.001247
0.001217
0.001190
0.001211
0.001196
0.001272
0.001220
0.001220
0.001224
0.001230
0.001236
0.001264
0.001200
0.001246
0.001237
0.001202
0.001220
0.001210
0.001257
0.001206
0.001257
0.001196
0.001232
0.001267
0.001218
0.001247
0.001209
0.001233
0.001222
0.001209
0.001250
0.001232
0.001249
0.001223
0.001232
0.001191
0.001196
0.001258
0.001210
0.001241
0.001220
0.001221
0.001260
0.001207
0.001233
0.001251
0.001238
0.001197
0.001220
0.001214
0.001212
0.001227
0.001199
0.001247
0.001210
0.001260
0.001214
0.001205
0.001211
0.001203
0.001248
0.001211
0.001242
0.001217
0.001209
0.001261
0.001208
0.001238
0.001219
0.001213
0.001211
0.001211
0.001280
0.001238
0.001260
0.001199
0.001223
0.001273
0.001224
0.001204
0.001259
0.001212
0.001225
0.001204
0.001202
0.001261
0.001196
0.001235
0.001219
0.001207
0.001275
0.001207
0.001229
0.001270
0.001218
0.001262
0.001228
0.001199
0.001206
0.001198
0.001253
0.001197
0.001257
0.001216
0.001217
0.001196
