0.031487
0.031515
0.031315
0.031538
0.031553
0.031370
0.031532
0.031441
0.031688
0.031550
0.031658
0.031686
0.031586
0.031360
0.031576
0.031426
0.031580
0.031409
0.031329
0.031753
0.031495
0.031401
0.031407
0.031577
0.031623
0.031584
0.031276
0.031511
0.031248
0.031497
0.031432
0.031478
0.031351
0.031619
0.031514
0.031498
0.031471
0.031802
0.031663
0.031694
0.031802
0.031663
0.031649
0.031519
0.031495
0.031514
0.031724
0.031184
0.031266
0.031386
0.031457
0.031592
0.031474
0.031318
0.031600
0.031609
0.031380
0.031420
0.031212
0.031615
0.031340
0.031599
0.031426
0.031667
0.031494
0.031669
0.031400
0.031523
0.031393
0.031561
0.031619
0.031334
0.031427
0.031517
0.031376
0.031476
0.031436
0.031319
0.031462
0.031417
0.031519
0.031713
0.031401
0.031399
0.031235
0.031626
0.031277
0.031491
0.031439
0.031574
0.031558
0.031491
0.031523
0.031479
0.031473
0.031696
0.031341
0.031435
0.031385
0.031490
0.031311
0.031500
0.031490
0.031584
0.031693
0.031581
0.031484
0.031622
0.031407
0.031407
0.031263
0.031475
0.031493
0.031372
0.031619
0.031403
0.031557
0.031444
0.031416
0.031336
0.031550
0.031606
0.031555
0.031429
0.031544
0.031546
0.031712
0.031463
0.031360
0.031380
0.031526
0.031449
0.031366
0.031308
0.031728
0.031392
0.031429
0.031512
0.031614
0.031556
0.031494
0.031451
0.031292
0.031421
0.031510
0.031481
0.031510
0.031388
0.031385
0.031553
0.031634
0.031579
0.031534
0.031473
0.031616
0.031484
0.031452
0.031713
0.031456
0.031647
0.031498
0.031351
0.031467
0.031412
0.031693
0.031400
0.031491
0.031375
0.031484
0.031601
0.031618
0.031453
0.031367
0.031658
0.031466
0.031462
0.031419
0.031332
0.031331
0.031458
0.031654
0.031395
0.031472
0.031427
0.031538
0.031411
0.031525
0.031625
0.031631
0.031475
0.031501
0.031396
0.031465
0.031507
0.031319
0.031283
0.031463
0.031512
0.031743
0.031571
0.031633
0.031505
0.031541
0.031533
0.031618
0.031524
0.031421
0.031327
0.031451
0.031377
0.031356
0.031632
0.031553
0.031641
0.031443
0.031725
0.031431
0.031598
0.031491
0.031539
0.031599
0.031550
0.031601
0.031449
0.031545
0.031608
0.031337
0.031558
0.031553
0.031492
0.031330
0.031360
0.031567
0.031462
0.031633
0.031526
0.031593
0.031355
0.031389
0.031345
0.031436
0.031257
0.031399
0.031517
0.031426
0.031562
0.031432
0.031398
0.031494
0.031470
0.031347
0.031611
0.031741
0.031195
0.031356
0.031528
0.031458
0.031552
0.031295
0.031529
0.031406
0.031233
0.031397
0.031184
0.031572
0.031547
0.031505
0.031457
0.031485
0.031389
0.031485
0.031623
0.031457
0.031501
0.031331
0.031601
0.031357
0.031392
0.031406
0.031721
0.031655
0.031577
0.031303
0.031333
0.031506
0.031568
0.031568
0.031501
0.031458
0.031492
0.031624
0.031386
0.031378
0.031382
0.031508
0.031299
0.031471
0.031393
0.031535
0.031288
0.031514
0.031306
0.031511
0.031373
0.031342
0.031527
0.031554
0.031346
0.031475
0.031412
0.031596
0.031571
0.031342
0.031621
0.031377
0.031649
0.031514
0.031510
0.031533
0.031561
0.031408
0.031606
0.031412
0.031432
0.031363
0.031366
0.031302
0.031520
0.031376
0.031465
0.031479
0.031631
0.031590
0.031551
0.031571
0.031693
0.031707
0.031433
0.031336
0.031411
0.031550
0.031432
0.031665
0.031530
0.031421
0.031503
0.031314
0.031476
0.031295
0.031553
0.031493
0.031515
0.031440
0.031257
0.031575
0.031645
0.031380
0.031528
0.031505
0.031266
0.031382
0.031843
0.031544
0.031515
0.031623
0.031586
0.031484
0.031621
0.031377
0.031533
0.031340
0.031582
0.031556
0.031326
0.031482
0.031686
0.031492
0.031331
0.031570
0.031402
0.031602
0.031295
0.031381
0.031488
0.031508
0.031397
0.031450
0.031621
0.031481
0.031592
0.031450
0.031545
0.031684
0.031437
0.031616
0.031558
0.031530
0.031494
0.031473
0.031418
0.031367
0.031292
0.031457
0.031542
0.031656
0.031348
0.031486
0.031570
0.031636
0.031422
0.031465
0.031352
0.031677
0.031490
0.031530
0.031543
0.031781
0.031604
0.031675
0.031371
0.031513
0.031340
0.031575
0.031595
0.031640
0.031615
0.031476
0.031366
0.031529
0.031457
0.031406
0.031576
0.031438
0.031426
0.031390
0.031434
0.031338
0.031533
0.031503
0.031581
0.031393
0.031589
0.031307
0.031608
0.031453
0.031578
0.031492
0.031575
0.031587
0.031422
0.031781
0.031649
0.031533
0.031524
0.031810
0.031792
0.031574
0.031494
0.031416
0.031342
0.031628
0.031441
0.031569
0.031384
0.031529
0.031278
0.031675
0.031683
0.031602
0.031567
0.031534
0.031459
0.031616
0.031481
0.031574
0.031475
0.031433
0.031509
0.031486
0.031569
0.031481
0.031546
0.031705
0.031619
0.031413
0.031693
0.031380
0.031606
0.031521
0.031374
0.031440
0.031292
0.031476
0.031471
0.031565
0.031452
0.031483
0.031536
0.031490
0.031370
0.031402
0.031400
0.031373
0.031594
0.031225
0.031609
0.031330
0.031363
0.031356
0.031313
0.031560
0.031567
0.031369
0.031565
0.031552
0.031430
0.031629
0.031640
0.031564
0.031519
0.031567
0.031682
0.031450
0.031635
0.031483
0.031469
0.031767
0.031731
0.031656
0.031613
0.031557
0.031686
0.031443
0.031421
0.031580
0.031847
0.031304
0.031502
0.031642
0.031660
0.031589
0.031596
0.031604
0.031708
0.031421
0.031682
0.031503
0.031604
0.031569
0.031613
0.031541
0.031526
0.031447
0.031569
0.031520
0.031481
0.031421
0.031601
0.031448
0.031426
0.031333
0.031550
0.031334
0.031529
0.031320
0.031443
0.031579
0.031526
0.031335
0.031340
0.031481
0.031471
0.031541
0.031558
0.031515
0.031456
0.031277
0.031379
0.031791
0.031516
0.031354
0.031412
0.031290
0.031494
0.031557
0.031560
0.031668
0.031547
0.031541
0.031550
0.031563
0.031532
0.031519
0.031537
0.031459
0.031572
0.031395
0.031539
0.031607
0.031301
0.031679
0.031337
0.031288
0.031513
0.031399
0.031242
0.031237
0.031163
0.031237
0.031471
0.031419
0.031434
0.031278
0.031463
0.031336
0.031477
0.031615
0.031308
0.031470
0.031440
0.031327
0.031622
0.031376
0.031254
0.031212
0.031552
0.031261
0.031330
0.031336
0.031295
0.031329
0.031436
0.031453
0.031510
0.031477
0.031639
0.031592
0.031501
0.031381
0.031508
0.031562
0.031512
0.031479
0.031500
0.031601
0.031470
0.031463
0.031595
0.031418
0.031459
0.031663
0.031418
0.031611
0.031452
0.031265
0.031411
0.031618
0.031159
0.031598
0.031421
0.031303
0.031331
0.031249
0.031354
0.031480
0.031220
0.031443
0.031432
0.031581
0.031408
0.031639
0.031227
0.031476
0.031340
0.031536
0.031509
0.031612
0.031484
0.031541
0.031441
0.031441
0.031364
0.031533
0.031556
0.031467
0.031372
0.031554
0.031259
0.031373
0.031412
0.031384
0.031282
0.031366
0.031310
0.031219
0.031537
0.031441
0.031418
0.031476
0.031457
0.031677
0.031491
0.031469
0.031534
0.031732
0.031596
0.031581
0.031599
0.031637
0.031390
0.031459
0.031391
0.031383
0.031213
0.031554
0.031327
0.031436
0.031403
0.031331
0.031320
0.031353
0.031423
0.031345
0.031465
0.031663
0.031454
0.031455
0.031452
0.031564
0.031691
0.031580
0.031672
0.031599
0.031428
0.031551
0.031537
0.031378
0.031435
0.031377
0.031400
0.031367
0.031470
0.031421
0.031450
0.031301
0.031530
0.031550
0.031370
0.031436
0.031431
0.031343
0.031460
0.031425
0.031545
0.031249
0.031650
0.031445
0.031482
0.031386
0.031554
0.031294
0.031527
0.031304
0.031516
0.031503
0.031479
0.031369
0.031535
0.031286
0.031431
0.031459
0.031503
0.031522
0.031464
0.031445
0.031550
0.031383
0.031560
0.031333
0.031409
0.031386
0.031598
0.031287
0.031603
0.031342
0.031285
0.031399
0.031490
0.031466
0.031604
0.031492
0.031413
0.031519
0.031627
0.031397
0.031558
0.031412
0.031601
0.031495
0.031479
0.031624
0.031448
0.031598
0.031509
0.031352
0.031706
0.031363
0.031584
0.031368
0.031531
0.031323
0.031268
0.031458
0.031641
0.031552
0.031597
0.031422
0.031504
0.031529
0.031279
0.031476
0.031559
0.031488
0.031440
0.031395
0.031460
0.031293
0.031462
0.031356
0.031503
0.031377
0.031403
0.031291
0.031774
0.031616
0.031585
0.031524
0.031730
0.031441
0.031441
0.031547
0.031207
0.031464
0.031272
0.031621
0.031571
0.031616
0.031648
0.031387
0.031432
0.031469
0.031614
0.031433
0.031514
0.031458
0.031398
0.031475
0.031380
0.031527
0.031569
0.031637
0.031379
0.031373
0.031356
0.031577
0.031668
0.031623
0.031456
0.031643
0.031447
0.031540
0.031456
0.031411
0.031311
0.031678
0.031456
0.031523
0.031386
0.031393
0.031471
0.031408
0.031327
0.031306
0.031613
0.031482
0.031517
0.031533
0.031563
0.031712
0.031251
0.031421
0.031557
0.031519
0.031323
0.031375
0.031590
0.031433
0.031567
0.031541
0.031437
0.031399
0.031277
0.031502
0.031694
0.031291
0.031444
0.031489
0.031443
0.031376
0.031330
0.031297
0.031670
0.031507
0.031441
0.031483
0.031614
0.031433
0.031476
0.031411
0.031426
0.031357
0.031524
0.031398
0.031484
0.031389
0.031491
0.031203
0.031405
0.031380
0.031264
0.031510
0.031466
0.031458
0.031364
0.031398
0.031384
0.031308
0.031526
0.031412
0.031250
0.031502
0.031453
0.031486
0.031684
0.031140
0.031606
0.031334
0.031405
0.031495
0.031475
0.031582
0.031652
0.031465
0.031606
0.031412
0.031280
0.031404
0.031548
0.031244
0.031616
0.031434
0.031407
0.031435
0.031508
0.031485
0.031525
0.031377
0.031390
0.031610
0.031484
0.031396
0.031397
0.031784
0.031537
0.031332
0.031574
0.031353
0.031439
0.031507
0.031333
0.031195
0.031521
0.031369
0.031396
0.031635
0.031752
0.031332
0.031551
0.031303
0.031389
0.031482
0.031619
0.031625
0.031518
0.031458
0.031532
0.031519
0.031538
0.031306
0.031372
