0.031542
0.031360
0.031617
0.031627
0.031571
0.031556
0.031604
0.031608
0.031532
0.031660
0.031541
0.031833
0.031678
0.031650
0.031546
0.031557
0.031570
0.031731
0.031658
0.031634
0.031587
0.031512
0.031769
0.031661
0.031650
0.031555
0.031610
0.031475
0.031733
0.031671
0.031731
0.031441
0.031762
0.031593
0.031388
0.031574
0.031824
0.031515
0.031619
0.031723
0.031615
0.031755
0.031501
0.031453
0.031699
0.031522
0.031590
0.031692
0.031539
0.031554
0.031545
0.031541
0.031427
0.031460
0.031756
0.031750
0.031613
0.031475
0.031733
0.031417
0.031652
0.031733
0.031554
0.031534
0.031685
0.031621
0.031823
0.031572
0.031680
0.031634
0.031532
0.031650
0.031691
0.031365
0.031404
0.031488
0.031824
0.031645
0.031636
0.031463
0.031544
0.031472
0.031370
0.031387
0.031459
0.031392
0.031698
0.031615
0.031697
0.031578
0.031568
0.031564
0.031565
0.031746
0.031615
0.031580
0.031667
0.031761
0.031627
0.031647
0.031586
0.031852
0.031569
0.031576
0.031696
0.031465
0.031669
0.031550
0.031659
0.031742
0.031701
0.031542
0.031734
0.031628
0.031758
0.031614
0.031650
0.031621
0.031664
0.031427
0.031829
0.031486
0.031741
0.031533
0.031785
0.031592
0.031597
0.031717
0.031610
0.031604
0.031725
0.031779
0.031813
0.031504
0.031661
0.031680
0.031602
0.031596
0.031753
0.031904
0.031516
0.031655
0.031608
0.031589
0.031756
0.031887
0.031583
0.031593
0.031657
0.031539
0.031577
0.031638
0.031751
0.031663
0.031637
0.031678
0.031663
0.031525
0.031490
0.031861
0.031657
0.031685
0.031645
0.031728
0.031647
0.031500
0.031563
0.031356
0.031764
0.031564
0.031482
0.031484
0.031465
0.031700
0.031551
0.031656
0.031598
0.031709
0.031647
0.031674
0.031641
0.031532
0.031658
0.031554
0.031568
0.031525
0.031542
0.031701
0.031445
0.031641
0.031848
0.031754
0.031676
0.031765
0.031488
0.031506
0.031590
0.031464
0.031634
0.031735
0.031898
0.031659
0.031650
0.031511
0.031513
0.031579
0.031496
0.031624
0.031719
0.031741
0.031588
0.031595
0.031618
0.031746
0.031551
0.031652
0.031912
0.031460
0.031674
0.031655
0.031756
0.031733
0.031774
0.031568
0.031536
0.031744
0.031548
0.031594
0.031447
0.031511
0.031761
0.031410
0.031703
0.031744
0.031471
0.031667
0.031771
0.031683
0.031557
0.031598
0.031521
0.031593
0.031511
0.031607
0.031598
0.031513
0.031526
0.031492
0.031709
0.031676
0.031566
0.031646
0.031575
0.031777
0.031637
0.031680
0.031858
0.031610
0.031533
0.031771
0.031687
0.031673
0.031766
0.031727
0.031437
0.031778
0.031615
0.031651
0.031647
0.031664
0.031584
0.031489
0.031705
0.031765
0.031782
0.031609
0.031460
0.031676
0.031532
0.031573
0.031563
0.031901
0.031505
0.031439
0.031457
0.031579
0.031751
0.031767
0.031787
0.031601
0.031436
0.031725
0.031590
0.031519
0.031468
0.031850
0.031542
0.031675
0.031440
0.031663
0.031499
0.031498
0.031631
0.031453
0.031700
0.031506
0.031676
0.031540
0.031587
0.031544
0.031488
0.031491
0.031658
0.031939
0.031427
0.031416
0.031771
0.031790
0.031825
0.031661
0.031648
0.031501
0.031495
0.031592
0.031819
0.031768
0.031732
0.031628
0.031839
0.031480
0.031528
0.031480
0.031626
0.031541
0.031825
0.031531
0.031695
0.031687
0.031550
0.031491
0.031542
0.031673
0.031677
0.031588
0.031644
0.031773
0.031631
0.031803
0.031489
0.031637
0.031625
0.031639
0.031602
0.031768
0.031607
0.031438
0.031809
0.031522
0.031645
0.031433
0.031351
0.031680
0.031736
0.031465
0.031722
0.031531
0.031715
0.031648
0.031434
0.031648
0.031745
0.031704
0.031728
0.031656
0.031713
0.031753
0.031734
0.031458
0.031496
0.031638
0.031623
0.031796
0.031701
0.031496
0.031413
0.031646
0.031553
0.031605
0.031685
0.031715
0.031710
0.031496
0.031509
0.031526
0.031754
0.031723
0.031552
0.031746
0.031526
0.031397
0.031607
0.031706
0.031878
0.031653
0.031703
0.031638
0.031596
0.031598
0.031632
0.031479
0.031483
0.031357
0.031435
0.031666
0.031813
0.031568
0.031607
0.031678
0.031601
0.031511
0.031487
0.031602
0.031509
0.031842
0.031577
0.031832
0.031646
0.031517
0.031718
0.031640
0.031541
0.031453
0.031735
0.031748
0.031875
0.031858
0.031602
0.031625
0.031583
0.031570
0.031670
0.031695
0.031690
0.031634
0.031492
0.031721
0.031779
0.031493
0.031653
0.031400
0.031405
0.031466
0.031554
0.031721
0.031604
0.031473
0.031588
0.031664
0.031615
0.031726
0.031686
0.031680
0.031650
0.031657
0.031537
0.031518
0.031697
0.031805
0.031748
0.031837
0.031615
0.031508
0.031746
0.031746
0.031567
0.031702
0.031822
0.031810
0.031609
0.031698
0.031503
0.031685
0.031737
0.031638
0.031539
0.031543
0.031751
0.031499
0.031544
0.031492
0.031484
0.031829
0.031685
0.031727
0.031740
0.031551
0.031814
0.031650
0.031655
0.031426
0.031609
0.031438
0.031705
0.031704
0.031734
0.031650
0.031572
0.031694
0.031589
0.031487
0.031491
0.031481
0.031868
0.031465
0.031652
0.031444
0.031550
0.031527
0.031571
0.031895
0.031535
0.031724
0.031753
0.031725
0.031490
0.031585
0.031552
0.031585
0.031575
0.031599
0.031614
0.031511
0.031586
0.031408
0.031551
0.031785
0.031676
0.031461
0.031641
0.031630
0.031711
0.031527
0.031591
0.031746
0.031584
0.031588
0.031506
0.031427
0.031455
0.031454
0.031584
0.031868
0.031683
0.031758
0.031589
0.031621
0.031473
0.031603
0.031559
0.031736
0.031549
0.031872
0.031472
0.031552
0.031483
0.031422
0.031768
0.031570
0.031634
0.031376
0.031580
0.031614
0.031548
0.031643
0.031710
0.031559
0.031636
0.032002
0.031684
0.031565
0.031613
0.031612
0.031735
0.031593
0.031614
0.031617
0.031582
0.031626
0.031730
0.031774
0.031736
0.031650
0.031580
0.031504
0.031576
0.031588
0.031738
0.031679
0.031650
0.031666
0.031440
0.031394
0.031641
0.031699
0.031658
0.031678
0.031722
0.031727
0.031697
0.031610
0.031643
0.031650
0.031585
0.031774
0.031570
0.031518
0.031672
0.031774
0.031877
0.031625
0.031801
0.031712
0.031577
0.031666
0.031659
0.031712
0.031730
0.031495
0.031684
0.031611
0.031620
0.031759
0.031680
0.031547
0.031678
0.031635
0.031681
0.031695
0.031748
0.031624
0.031829
0.031634
0.031511
0.031483
0.031473
0.031412
0.031539
0.031774
0.031741
0.031496
0.031717
0.031908
0.031490
0.031500
0.031538
0.031765
0.031667
0.031599
0.031732
0.031694
0.031567
0.031703
0.031460
0.031523
0.031367
0.031854
0.031695
0.031575
0.031712
0.031696
0.031690
0.031568
0.031623
0.031637
0.031660
0.031655
0.031535
0.031556
0.031630
0.031491
0.031699
0.031726
0.031643
0.031661
0.031674
0.031560
0.031562
0.031792
0.031865
0.031879
0.031640
0.031686
0.031711
0.031682
0.031574
0.031649
0.031469
0.031603
0.031552
0.031474
0.031499
0.031721
0.031529
0.031431
0.031506
0.031400
0.031427
0.031676
0.031702
0.031698
0.031740
0.031542
0.031873
0.031590
0.031793
0.031625
0.031640
0.031478
0.031542
0.031549
0.031652
0.031691
0.031487
0.031587
0.031630
0.031528
0.031632
0.031573
0.031860
0.031819
0.031496
0.031794
0.031447
0.031441
0.031489
0.031574
0.031649
0.031647
0.031729
0.031702
0.031569
0.031514
0.031803
0.031595
0.031685
0.031567
0.031884
0.031552
0.031646
0.031812
0.031527
0.031520
0.031684
0.031699
0.031541
0.031553
0.031658
0.031593
0.031589
0.031613
0.031612
0.031561
0.031576
0.031600
0.031606
0.031616
0.031768
0.031707
0.031608
0.031613
0.031496
0.031521
0.031488
0.031694
0.031732
0.031658
0.031574
0.031554
0.031535
0.031799
0.031605
0.031378
0.031603
0.031711
0.031712
0.031954
0.031545
0.031412
0.031752
0.031645
0.031879
0.031700
0.031425
0.031449
0.031665
0.031800
0.031635
0.031595
0.031577
0.031550
0.031423
0.031564
0.031624
0.031684
0.031708
0.031590
0.031655
0.031619
0.031653
0.031730
0.031618
0.031658
0.031769
0.031608
0.031876
0.031804
0.031480
0.031781
0.031692
0.031659
0.031577
0.031792
0.031578
0.031493
0.031638
0.031609
0.031576
0.031697
0.031835
0.031667
0.031614
0.031494
0.031615
0.031886
0.031558
0.031596
0.031682
0.031616
0.031722
0.031440
0.031595
0.031614
0.031884
0.031677
0.031689
0.031476
0.031601
0.031600
0.031501
0.031937
0.031723
0.031736
0.031629
0.031777
0.031486
0.031535
0.031678
0.031921
0.031613
0.031655
0.031571
0.031649
0.031565
0.031560
0.031651
0.031470
0.031458
0.031499
0.031551
0.031655
0.031555
0.031710
0.031704
0.031553
0.031526
0.031614
0.031462
0.031549
0.031551
0.031700
0.031394
0.031588
0.031573
0.031617
0.031503
0.031623
0.031605
0.031794
0.031692
0.031811
0.031786
0.031639
0.031505
0.031590
0.031512
0.031632
0.031593
0.031730
0.031836
0.031664
0.031474
0.031567
0.031526
0.031590
0.031690
0.031663
0.031668
0.031661
0.031555
0.031565
0.031554
0.031672
0.031651
0.031854
0.031724
0.031676
0.031593
0.031896
0.031697
0.031581
0.031699
0.031518
0.031526
0.031755
0.031686
0.031688
0.031565
0.031761
0.031567
0.031723
0.031719
0.031683
0.031442
0.031686
0.031717
0.031599
0.031669
0.031727
0.031647
0.031599
0.031702
0.031690
0.031516
0.031586
0.031689
0.031599
0.031816
0.031565
0.031783
0.031551
0.031699
0.031461
0.031533
0.031521
0.031684
0.031455
0.031743
0.031841
0.031687
0.031516
0.031596
0.031616
0.031856
0.031540
0.031611
0.031718
0.031830
0.031654
0.031882
0.031716
0.031611
0.031686
0.031746
0.031500
0.031693
0.031410
0.031552
0.031727
0.031582
0.031621
0.031737
0.031547
0.031708
0.031494
0.031519
0.031554
0.031551
0.031698
0.031578
0.031573
0.031599
0.031546
0.031518
0.031557
0.031420
0.031439
0.031701
0.031649
0.031619
0.031617
