0.031202
0.031265
0.031178
0.031300
0.031487
0.031619
0.031301
0.031363
0.031556
0.031233
0.031632
0.031132
0.031472
0.031416
0.031400
0.031351
0.031409
0.031262
0.031496
0.031555
0.031269
0.031441
0.031325
0.031571
0.031415
0.031321
0.031463
0.031350
0.031393
0.031409
0.031356
0.031413
0.031347
0.031611
0.031590
0.031679
0.031339
0.031451
0.031284
0.031434
0.031445
0.031121
0.031506
0.031429
0.031355
0.031351
0.031155
0.031431
0.031226
0.031570
0.031596
0.031487
0.031430
0.031359
0.031327
0.031689
0.031465
0.031682
0.031521
0.031428
0.031433
0.031352
0.031173
0.031508
0.031273
0.031650
0.031533
0.031441
0.031680
0.031263
0.031403
0.031384
0.031468
0.031573
0.031291
0.031300
0.031232
0.031415
0.031363
0.031539
0.031340
0.031466
0.031392
0.031260
0.031311
0.031301
0.031327
0.031429
0.031341
0.031290
0.031346
0.031720
0.031513
0.031560
0.031308
0.031352
0.031329
0.031294
0.031236
0.031151
0.031534
0.031569
0.031289
0.031591
0.031242
0.031338
0.031497
0.031476
0.031258
0.031650
0.031376
0.031437
0.031335
0.031378
0.031528
0.031325
0.031291
0.031509
0.031421
0.031470
0.031220
0.031389
0.031658
0.031670
0.031721
0.031561
0.031637
0.031398
0.031297
0.031432
0.031582
0.031584
0.031741
0.031555
0.031539
0.031206
0.031220
0.031402
0.031255
0.031407
0.031509
0.031421
0.031424
0.031369
0.031465
0.031378
0.031340
0.031282
0.031314
0.031509
0.031355
0.031678
0.031350
0.031633
0.031434
0.031347
0.031475
0.031515
0.031605
0.031734
0.031545
0.031499
0.031425
0.031425
0.031473
0.031392
0.031383
0.031265
0.031357
0.031260
0.031326
0.031295
0.031534
0.031561
0.031441
0.031265
0.031416
0.031276
0.031476
0.031315
0.031357
0.031451
0.031345
0.031196
0.031232
0.031322
0.031281
0.031244
0.031091
0.031414
0.031387
0.031391
0.031550
0.031592
0.031223
0.031579
0.031413
0.031340
0.031246
0.031132
0.031136
0.031382
0.031275
0.031366
0.031371
0.031446
0.031376
0.031304
0.031328
0.031346
0.031190
0.031486
0.031397
0.031428
0.031516
0.031411
0.031437
0.031408
0.031286
0.031432
0.031308
0.031383
0.031342
0.031385
0.031438
0.031251
0.031149
0.031281
0.031232
0.031316
0.031351
0.031296
0.031375
0.031552
0.031273
0.031559
0.031477
0.031309
0.031360
0.031346
0.031445
0.031184
0.031458
0.031373
0.031456
0.031274
0.031197
0.031215
0.031246
0.031298
0.031329
0.031174
0.031505
0.031618
0.031348
0.031329
0.031420
0.031216
0.031290
0.031377
0.031237
0.031326
0.031308
0.031458
0.031376
0.031273
0.031235
0.031290
0.031612
0.031300
0.031348
0.031438
0.031210
0.031474
0.031430
0.031534
0.031216
0.031367
0.031335
0.031349
0.031226
0.031446
0.031326
0.031283
0.031206
0.031345
0.031284
0.031209
0.031316
0.031202
0.031606
0.031541
0.031464
0.031100
0.031343
0.031418
0.031126
0.031381
0.031245
0.031241
0.031492
0.031340
0.031349
0.031454
0.031315
0.031401
0.031409
0.031561
0.031315
0.031293
0.031143
0.031154
0.031397
0.031262
0.031459
0.031400
0.031172
0.031260
0.031293
0.031199
0.031309
0.031351
0.031413
0.031336
0.031353
0.031349
0.031483
0.031402
0.031310
0.031357
0.031400
0.031283
0.031331
0.031477
0.031420
0.031308
0.031264
0.031399
0.031221
0.031462
0.031434
0.031465
0.031144
0.031465
0.031270
0.031331
0.031436
0.031238
0.031125
0.031433
0.031280
0.031625
0.031608
0.031538
0.031273
0.031527
0.031242
0.031390
0.031201
0.031438
0.031338
0.031482
0.031230
0.031416
0.031248
0.031473
0.031358
0.031250
0.031384
0.031579
0.031218
0.031458
0.031336
0.031398
0.031343
0.031459
0.031366
0.031279
0.031185
0.031479
0.031456
0.031340
0.031175
0.031588
0.031227
0.031341
0.031371
0.031591
0.031435
0.031539
0.031358
0.031367
0.031283
0.031378
0.031319
0.031308
0.031292
0.031259
0.031377
0.031493
0.031355
0.031468
0.031351
0.031226
0.031342
0.031365
0.031161
0.031266
0.031227
0.031371
0.031238
0.031453
0.031525
0.031390
0.031388
0.031409
0.031351
0.031358
0.031422
0.031429
0.031424
0.031445
0.031262
0.031400
0.031506
0.031375
0.031395
0.031621
0.031390
0.031605
0.031530
0.031505
0.031369
0.031404
0.031243
0.031367
0.031204
0.031501
0.031194
0.031598
0.031470
0.031536
0.031176
0.031319
0.031482
0.031275
0.031365
0.031566
0.031534
0.031585
0.031445
0.031523
0.031415
0.031406
0.031312
0.031453
0.031232
0.031463
0.031218
0.031316
0.031361
0.031452
0.031503
0.031410
0.031422
0.031438
0.031535
0.031320
0.031335
0.031400
0.031371
0.031394
0.031512
0.031487
0.031377
0.031219
0.031253
0.031392
0.031291
0.031154
0.031128
0.031180
0.031327
0.031410
0.031345
0.031397
0.031409
0.031451
0.031479
0.031457
0.031538
0.031412
0.031305
0.031442
0.031377
0.031222
0.031629
0.031601
0.031333
0.031327
0.031352
0.031343
0.031291
0.031500
0.031337
0.031363
0.031377
0.031386
0.031160
0.031365
0.031357
0.031399
0.031531
0.031452
0.031444
0.031404
0.031497
0.031419
0.031431
0.031394
0.031458
0.031379
0.031308
0.031226
0.031367
0.031513
0.031250
0.031467
0.031500
0.031627
0.031373
0.031423
0.031583
0.031405
0.031361
0.031518
0.031429
0.031429
0.031558
0.031538
0.031445
0.031454
0.031372
0.031290
0.031236
0.031503
0.031299
0.031401
0.031361
0.031424
0.031237
0.031505
0.031491
0.031277
0.031519
0.031399
0.031363
0.031184
0.031405
0.031221
0.031510
0.031285
0.031431
0.031313
0.031384
0.031231
0.031445
0.031440
0.031277
0.031407
0.031277
0.031303
0.031272
0.031498
0.031218
0.031299
0.031493
0.031336
0.031137
0.031387
0.031397
0.031489
0.031325
0.031408
0.031295
0.031349
0.031286
0.031330
0.031388
0.031693
0.031532
0.031303
0.031515
0.031236
0.031454
0.031352
0.031519
0.031275
0.031527
0.031202
0.031426
0.031584
0.031502
0.031631
0.031161
0.031141
0.031310
0.031360
0.031333
0.031374
0.031270
0.031359
0.031271
0.031219
0.031172
0.031245
0.031158
0.031522
0.031442
0.031511
0.031406
0.031357
0.031441
0.031352
0.031293
0.031244
0.031227
0.031341
0.031617
0.031220
0.031209
0.031100
0.031309
0.031395
0.031413
0.031267
0.031487
0.031280
0.031264
0.031477
0.031358
0.031453
0.031192
0.031402
0.031340
0.031456
0.031382
0.031434
0.031628
0.031354
0.031260
0.031202
0.031478
0.031338
0.031534
0.031398
0.031362
0.031194
0.031238
0.031293
0.031300
0.031259
0.031359
0.031331
0.031451
0.031314
0.031433
0.031543
0.031212
0.031492
0.031207
0.031282
0.031292
0.031335
0.031222
0.031352
0.031376
0.031226
0.031322
0.031406
0.031476
0.031370
0.031317
0.031378
0.031399
0.031410
0.031515
0.031315
0.031439
0.031241
0.031598
0.031520
0.031577
0.031306
0.031410
0.031431
0.031414
0.031305
0.031604
0.031255
0.031371
0.031419
0.031413
0.031394
0.031233
0.031353
0.031377
0.031494
0.031312
0.031497
0.031359
0.031362
0.031429
0.031319
0.031403
0.031470
0.031132
0.031348
0.031330
0.031298
0.031332
0.031239
0.031401
0.031436
0.031388
0.031266
0.031445
0.031400
0.031418
0.031246
0.031367
0.031374
0.031256
0.031178
0.031276
0.031281
0.031303
0.031422
0.031446
0.031206
0.031269
0.031269
0.031511
0.031314
0.031614
0.031078
0.031231
0.031337
0.031299
0.031419
0.031386
0.031295
0.031329
0.031248
0.031516
0.031409
0.031496
0.031330
0.031572
0.031374
0.031297
0.031478
0.031312
0.031493
0.031469
0.031157
0.031259
0.031315
0.031379
0.031354
0.031389
0.031439
0.031690
0.031527
0.031354
0.031364
0.031350
0.031398
0.031458
0.031423
0.031391
0.031364
0.031489
0.031489
0.031530
0.031538
0.031529
0.031577
0.031453
0.031500
0.031326
0.031466
0.031511
0.031521
0.031249
0.031217
0.031533
0.031379
0.031342
0.031369
0.031394
0.031295
0.031251
0.031481
0.031360
0.031217
0.031529
0.031324
0.031251
0.031452
0.031307
0.031145
0.031342
0.031332
0.031421
0.031318
0.031362
0.031353
0.031419
0.031454
0.031409
0.031138
0.031279
0.031424
0.031439
0.031377
0.031482
0.031341
0.031516
0.031292
0.031304
0.031225
0.031398
0.031401
0.031517
0.031481
0.031281
0.031333
0.031520
0.031425
0.031392
0.031360
0.031362
0.031444
0.031422
0.031262
0.031414
0.031147
0.031283
0.031203
0.031415
0.031402
0.031420
0.031498
0.031390
0.031440
0.031507
0.031256
0.031330
0.031224
0.031311
0.031473
0.031273
0.031346
0.031329
0.031240
0.031378
0.031340
0.031407
0.031232
0.031182
0.031380
0.031389
0.031391
0.031367
0.031356
0.031409
0.031318
0.031336
0.031101
0.031391
0.031350
0.031249
0.031247
0.031545
0.031430
0.031312
0.031411
0.031482
0.031385
0.031387
0.031429
0.031389
0.031483
0.031297
0.031454
0.031404
0.031627
0.031529
0.031477
0.031383
0.031448
0.031495
0.031671
0.031553
0.031193
0.031182
0.031228
0.031224
0.031454
0.031308
0.031511
0.031448
0.031433
0.031279
0.031223
0.031198
0.031344
0.031204
0.031484
0.031317
0.031503
0.031253
0.031273
0.031351
0.031640
0.031246
0.031466
0.031211
0.031401
0.031337
0.031412
0.031401
0.031428
0.031369
0.031349
0.031358
0.031325
0.031472
0.031249
0.031307
0.031392
0.031439
0.031375
0.031406
0.031560
0.031676
0.031462
0.031280
0.031493
0.031560
0.031381
0.031287
0.031380
0.031363
0.031401
0.031291
0.031376
0.031296
0.031390
0.031447
0.031408
0.031286
0.031537
0.031230
0.031154
0.031350
0.031171
0.031177
0.031333
0.031407
0.031365
0.031493
0.031293
0.031285
0.031302
0.031506
0.031344
0.031191
0.031313
0.031628
0.031223
0.031561
0.031142
0.031413
0.031479
0.031542
0.031319
0.031328
0.031386
0.031493
0.031550
0.031356
0.031397
0.031593
0.031369
0.031397
0.031375
0.031452
0.031548
