0.031008
0.031039
0.031291
0.031333
0.031072
0.031262
0.030971
0.031178
0.031187
0.031134
0.031142
0.031164
0.031117
0.031250
0.031151
0.031061
0.031252
0.031056
0.031072
0.031105
0.031111
0.030973
0.031179
0.030983
0.031178
0.031082
0.031365
0.030984
0.031156
0.030987
0.031108
0.031146
0.031162
0.030858
0.031258
0.030912
0.031564
0.031201
0.031219
0.031454
0.031237
0.031075
0.031331
0.031345
0.030933
0.031222
0.031317
0.031053
0.031193
0.031209
0.031068
0.031017
0.031125
0.030861
0.030955
0.031067
0.031077
0.031444
0.031213
0.031068
0.031298
0.030983
0.031429
0.031099
0.030961
0.031130
0.031058
0.031055
0.031220
0.031250
0.031260
0.031072
0.031111
0.031208
0.031209
0.031020
0.031193
0.031241
0.031116
0.031064
0.030978
0.030943
0.031407
0.031184
0.031252
0.031170
0.030910
0.030984
0.031079
0.031000
0.031234
0.031100
0.031020
0.031453
0.031137
0.030963
0.031180
0.030912
0.030948
0.030898
0.031013
0.031066
0.031155
0.031099
0.031165
0.031140
0.031313
0.031464
0.031200
0.031197
0.031305
0.031297
0.031105
0.031111
0.031488
0.031181
0.030916
0.031273
0.031190
0.031202
0.030967
0.031092
0.031121
0.030994
0.031133
0.031289
0.031023
0.031191
0.031407
0.030966
0.031263
0.031137
0.031102
0.030947
0.031196
0.030641
0.031269
0.031240
0.030854
0.031407
0.031292
0.031100
0.031126
0.031211
0.031058
0.030984
0.030995
0.031301
0.031166
0.031252
0.031222
0.031083
0.031017
0.031020
0.031203
0.031109
0.031245
0.031066
0.031109
0.031382
0.031565
0.030961
0.030981
0.031066
0.031086
0.031230
0.031027
0.031095
0.031206
0.031131
0.030932
0.031201
0.031322
0.030971
0.031101
0.031169
0.031024
0.030885
0.031166
0.031376
0.030846
0.031051
0.031062
0.031243
0.031416
0.031063
0.031180
0.031301
0.030954
0.030976
0.031100
0.030928
0.030924
0.030988
0.031258
0.031389
0.031190
0.031015
0.030905
0.031018
0.031057
0.030846
0.031033
0.031018
0.030875
0.030920
0.031210
0.031236
0.031125
0.031105
0.031007
0.031663
0.031349
0.031129
0.030773
0.030881
0.031141
0.031010
0.031252
0.031079
0.031025
0.030929
0.030982
0.031005
0.031098
0.031049
0.030973
0.031174
0.030864
0.031220
0.031138
0.030865
0.030961
0.031004
0.030998
0.030992
0.031117
0.030919
0.030950
0.030876
0.031275
0.030969
0.031245
0.031144
0.031176
0.031075
0.030914
0.030955
0.031156
0.031167
0.031040
0.031068
0.031024
0.031216
0.031000
0.031130
0.031054
0.031370
0.031094
0.031140
0.031069
0.031169
0.031138
0.031059
0.031131
0.031125
0.030988
0.030917
0.031168
0.030984
0.030852
0.030878
0.030962
0.030920
0.031229
0.031071
0.030887
0.031254
0.031040
0.031042
0.030957
0.031025
0.030934
0.030813
0.031043
0.031265
0.031279
0.031273
0.031048
0.031047
0.031254
0.031064
0.031204
0.031104
0.030914
0.031150
0.031139
0.030871
0.031074
0.031038
0.031200
0.030981
0.031148
0.031201
0.031045
0.031196
0.031111
0.030976
0.030940
0.031125
0.031122
0.031036
0.031092
0.031055
0.030955
0.031067
0.031140
0.031120
0.031133
0.031193
0.030925
0.031024
0.031056
0.031168
0.031091
0.030985
0.031094
0.031183
0.031346
0.031204
0.031309
0.031044
0.031365
0.031002
0.031106
0.031179
0.030880
0.030964
0.031121
0.031064
0.031297
0.031082
0.030987
0.030937
0.031077
0.031138
0.031381
0.031044
0.031147
0.031177
0.031222
0.031037
0.031154
0.031269
0.031088
0.030951
0.030873
0.031100
0.031194
0.031164
0.031162
0.031172
0.031094
0.031126
0.031103
0.031268
0.031188
0.031092
0.031062
0.031011
0.031175
0.030760
0.030805
0.031073
0.031309
0.031004
0.031432
0.031340
0.031182
0.031087
0.030888
0.030967
0.031079
0.031344
0.031093
0.030949
0.031193
0.031193
0.030925
0.031150
0.030988
0.031125
0.031099
0.031159
0.031073
0.030926
0.031175
0.031127
0.031159
0.031076
0.031137
0.031155
0.031135
0.031010
0.031196
0.031029
0.031360
0.030942
0.031097
0.031250
0.030950
0.031033
0.030879
0.031196
0.031083
0.031193
0.031165
0.031218
0.031079
0.031122
0.031020
0.030937
0.031153
0.031112
0.031133
0.031109
0.031201
0.031201
0.030987
0.031374
0.031042
0.031273
0.031131
0.030944
0.031064
0.031243
0.030929
0.031027
0.031045
0.030991
0.031076
0.031081
0.031087
0.031133
0.031169
0.031235
0.030875
0.031189
0.031172
0.031219
0.031258
0.030870
0.030900
0.031001
0.031086
0.030855
0.031031
0.031122
0.031165
0.030992
0.030971
0.030902
0.030989
0.031097
0.031121
0.031009
0.030983
0.030917
0.031001
0.031131
0.031031
0.031553
0.031219
0.031034
0.031195
0.030927
0.031100
0.031143
0.030915
0.031193
0.031403
0.031282
0.030974
0.031146
0.031005
0.030956
0.030989
0.031088
0.031073
0.031041
0.030956
0.031195
0.031329
0.031154
0.030878
0.031046
0.031087
0.031204
0.030930
0.031096
0.030968
0.031164
0.031064
0.031080
0.031187
0.030970
0.031200
0.031048
0.030976
0.030976
0.030976
0.030995
0.031470
0.031186
0.031010
0.031268
0.031171
0.031093
0.030928
0.030911
0.031140
0.031036
0.031135
0.031075
0.031179
0.031023
0.030839
0.030833
0.030973
0.031095
0.031230
0.031241
0.031243
0.031031
0.031060
0.031271
0.030969
0.031600
0.031005
0.031019
0.031051
0.031117
0.030989
0.030968
0.031106
0.031109
0.031138
0.030996
0.031021
0.030952
0.031065
0.031262
0.030960
0.031181
0.031439
0.031093
0.031346
0.030995
0.031088
0.030982
0.031234
0.031122
0.031209
0.030961
0.031136
0.031346
0.031082
0.031189
0.030992
0.031257
0.031187
0.031160
0.030946
0.030950
0.031073
0.031039
0.031172
0.031051
0.031015
0.031131
0.031055
0.031061
0.030957
0.031136
0.031323
0.030890
0.031139
0.030995
0.030962
0.030937
0.030949
0.031060
0.031151
0.031064
0.031112
0.030991
0.031195
0.031180
0.030987
0.031216
0.030964
0.030919
0.030952
0.030979
0.031524
0.031191
0.031158
0.031047
0.031050
0.031311
0.031297
0.031127
0.031088
0.031142
0.030977
0.031057
0.031397
0.031122
0.031106
0.030938
0.031125
0.031078
0.030959
0.030942
0.031164
0.031162
0.031101
0.031194
0.030836
0.030993
0.030939
0.030880
0.031128
0.031260
0.030947
0.031012
0.031204
0.031069
0.031209
0.031142
0.031241
0.031343
0.030870
0.031037
0.031067
0.031177
0.031188
0.031235
0.031348
0.030893
0.030951
0.031103
0.031230
0.030792
0.031234
0.030931
0.031147
0.031075
0.031065
0.030878
0.031361
0.031097
0.031047
0.031138
0.031155
0.031144
0.031107
0.030987
0.031037
0.031124
0.031093
0.031327
0.031010
0.031114
0.031078
0.031086
0.030977
0.030994
0.031271
0.031302
0.031063
0.031295
0.031100
0.031117
0.030903
0.031050
0.031162
0.031195
0.030888
0.031239
0.031115
0.030957
0.031157
0.031197
0.031300
0.031000
0.030944
0.031290
0.031382
0.031346
0.030975
0.031069
0.031378
0.031040
0.031088
0.031318
0.031019
0.030780
0.030938
0.031248
0.031046
0.031330
0.031112
0.031331
0.031108
0.031089
0.030971
0.030934
0.031064
0.031316
0.030992
0.030937
0.030779
0.031373
0.031312
0.031125
0.031082
0.031372
0.030989
0.031137
0.031132
0.031136
0.031291
0.031016
0.030913
0.031159
0.031094
0.030897
0.030872
0.030974
0.030961
0.031060
0.031015
0.031219
0.030903
0.030899
0.031359
0.031175
0.031220
0.030877
0.031125
0.031161
0.031153
0.031022
0.031190
0.031129
0.030880
0.031358
0.031195
0.031029
0.030954
0.031038
0.031396
0.031385
0.031072
0.031379
0.031124
0.031116
0.031043
0.031160
0.030859
0.031416
0.031304
0.031153
0.031142
0.031087
0.031188
0.031044
0.031034
0.031242
0.031321
0.031014
0.031154
0.031079
0.031241
0.031084
0.031128
0.031170
0.031240
0.030904
0.031283
0.031202
0.031042
0.030960
0.031382
0.031159
0.031056
0.031129
0.031017
0.031164
0.031245
0.031109
0.030902
0.031139
0.031084
0.031024
0.031088
0.031312
0.031110
0.031196
0.030947
0.031293
0.031000
0.030906
0.031332
0.030902
0.031262
0.031158
0.031144
0.030728
0.031174
0.030988
0.031259
0.031139
0.031053
0.031054
0.031093
0.031114
0.031115
0.030953
0.031033
0.030970
0.030916
0.031036
0.031164
0.031173
0.031023
0.031176
0.031350
0.031119
0.031185
0.030882
0.031054
0.030894
0.031291
0.031146
0.031085
0.031223
0.031114
0.031165
0.030934
0.031006
0.030898
0.031201
0.030958
0.031126
0.031014
0.031062
0.031031
0.031157
0.031259
0.030846
0.031076
0.030921
0.031101
0.031079
0.031056
0.031066
0.031020
0.031486
0.030980
0.031217
0.031091
0.030882
0.031050
0.031184
0.031506
0.031096
0.031163
0.031403
0.031388
0.031158
0.031155
0.031336
0.030939
0.031394
0.031397
0.031279
0.031114
0.031011
0.031162
0.030969
0.030845
0.031110
0.031431
0.031309
0.031076
0.031066
0.031022
0.031118
0.031011
0.031271
0.031181
0.030982
0.031014
0.031328
0.031494
0.031226
0.030776
0.031232
0.031321
0.031228
0.030990
0.031409
0.031043
0.031110
0.031044
0.031364
0.031250
0.031010
0.030968
0.030995
0.030972
0.031133
0.031352
0.031177
0.031191
0.031186
0.031132
0.031183
0.031071
0.031153
0.031215
0.031121
0.031097
0.031076
0.030849
0.031121
0.031190
0.030993
0.031019
0.030951
0.031178
0.031194
0.031116
0.031019
0.031089
0.031126
0.031055
0.031353
0.031222
0.031228
0.031091
0.031128
0.031105
0.030942
0.031134
0.031213
0.030893
0.030912
0.031160
0.031108
0.031228
0.031089
0.031027
0.031109
0.030865
0.030959
0.030973
0.031045
0.030914
0.031061
0.031268
0.031013
0.031287
0.030901
0.030782
0.031079
0.031042
0.031041
0.031144
0.030980
0.030971
0.031188
0.031194
0.031064
0.031001
0.031106
0.031255
0.031138
0.030988
0.031067
0.031074
0.031237
0.031097
0.031072
0.030889
0.031015
0.031044
0.031147
