0.014309
0.014471
0.014239
0.014328
0.014238
0.014421
0.014246
0.014417
0.014186
0.014346
0.014320
0.014370
0.014260
0.014475
0.014385
0.014361
0.014276
0.014352
0.014329
0.014392
0.014213
0.014373
0.014328
0.014422
0.014187
0.014357
0.014227
0.014308
0.014321
0.014387
0.014153
0.014328
0.014254
0.014399
0.014318
0.014407
0.014262
0.014326
0.014369
0.014441
0.014212
0.014319
0.014265
0.014313
0.014240
0.014241
0.014371
0.014311
0.014236
0.014380
0.014337
0.014312
0.014276
0.014441
0.014281
0.014364
0.014189
0.014311
0.014263
0.014362
0.014183
0.014411
0.014263
0.014463
0.014375
0.014430
0.014333
0.014468
0.014371
0.014476
0.014318
0.014371
0.014386
0.014491
0.014276
0.014344
0.014330
0.014366
0.014370
0.014319
0.014412
0.014457
0.014269
0.014436
0.014394
0.014413
0.014306
0.014466
0.014435
0.014483
0.014352
0.014475
0.014307
0.014360
0.014351
0.014380
0.014338
0.014483
0.014315
0.014432
0.014286
0.014465
0.014285
0.014276
0.014197
0.014421
0.014345
0.014405
0.014288
0.014583
0.014286
0.014423
0.014329
0.014408
0.014225
0.014400
0.014360
0.014406
0.014270
0.014314
0.014298
0.014384
0.014276
0.014353
0.014274
0.014414
0.014185
0.014338
0.014275
0.014413
0.014383
0.014324
0.014279
0.014359
0.014301
0.014406
0.014245
0.014455
0.014362
0.014393
0.014333
0.014369
0.014336
0.014363
0.014253
0.014422
0.014399
0.014321
0.014222
0.014395
0.014367
0.014293
0.014254
0.014410
0.014218
0.014447
0.014218
0.014414
0.014250
0.014482
0.014293
0.014295
0.014315
0.014420
0.014343
0.014387
0.014296
0.014392
0.014396
0.014270
0.014275
0.014464
0.014256
0.014527
0.014329
0.014348
0.014269
0.014422
0.014285
0.014399
0.014174
0.014365
0.014322
0.014484
0.014191
0.014515
0.014368
0.014416
0.014210
0.014341
0.014278
0.014438
0.014247
0.014412
0.014227
0.014435
0.014310
0.014352
0.014189
0.014390
0.014229
0.014415
0.014287
0.014318
0.014351
0.014369
0.014320
0.014282
0.014422
0.014351
0.014324
0.014334
0.014256
0.014362
0.014333
0.014453
0.014373
0.014394
0.014321
0.014391
0.014320
0.014354
0.014408
0.014387
0.014296
0.014486
0.014431
0.014389
0.014395
0.014411
0.014380
0.014308
0.014385
0.014418
0.014451
0.014384
0.014400
0.014292
0.014442
0.014334
0.014257
0.014301
0.014323
0.014320
0.014295
0.014400
0.014449
0.014478
0.014362
0.014273
0.014441
0.014271
0.014365
0.014274
0.014410
0.014352
0.014465
0.014332
0.014315
0.014342
0.014406
0.014283
0.014354
0.014304
0.014424
0.014202
0.014395
0.014287
0.014358
0.014265
0.014376
0.014282
0.014362
0.014343
0.014357
0.014233
0.014324
0.014384
0.014381
0.014315
0.014281
0.014422
0.014377
0.014462
0.014333
0.014417
0.014346
0.014298
0.014376
0.014325
0.014323
0.014278
0.014263
0.014354
0.014248
0.014457
0.014318
0.014361
0.014350
0.014347
0.014403
0.014362
0.014268
0.014376
0.014402
0.014568
0.014285
0.014385
0.014345
0.014336
0.014292
0.014302
0.014291
0.014311
0.014424
0.014423
0.014292
0.014471
0.014429
0.014555
0.014341
0.014401
0.014312
0.014457
0.014253
0.014447
0.014396
0.014323
0.014384
0.014464
0.014329
0.014480
0.014352
0.014274
0.014298
0.014326
0.014405
0.014334
0.014307
0.014304
0.014362
0.014489
0.014308
0.014475
0.014350
0.014339
0.014359
0.014440
0.014390
0.014343
0.014354
0.014514
0.014315
0.014353
0.014457
0.014294
0.014359
0.014458
0.014328
0.014308
0.014344
0.014398
0.014274
0.014305
0.014370
0.014441
0.014311
0.014283
0.014255
0.014504
0.014275
0.014354
0.014240
0.014290
0.014366
0.014340
0.014256
0.014300
0.014266
0.014373
0.014276
0.014419
0.014353
0.014492
0.014386
0.014405
0.014361
0.014435
0.014280
0.014484
0.014299
0.014370
0.014431
0.014346
0.014315
0.014323
0.014317
0.014423
0.014352
0.014378
0.014321
0.014388
0.014407
0.014334
0.014295
0.014465
0.014274
0.014306
0.014228
0.014320
0.014282
0.014358
0.014454
0.014483
0.014443
0.014401
0.014452
0.014479
0.014404
0.014439
0.014369
0.014405
0.014360
0.014426
0.014303
0.014355
0.014296
0.014331
0.014296
0.014365
0.014334
0.014459
0.014376
0.014437
0.014265
0.014302
0.014256
0.014344
0.014349
0.014260
0.014317
0.014370
0.014230
0.014290
0.014239
0.014281
0.014283
0.014352
0.014301
0.014329
0.014358
0.014424
0.014302
0.014357
0.014391
0.014335
0.014270
0.014361
0.014406
0.014379
0.014293
0.014360
0.014384
0.014362
0.014309
0.014387
0.014370
0.014328
0.014491
0.014483
0.014360
0.014272
0.014344
0.014375
0.014281
0.014238
0.014177
0.014457
0.014333
0.014334
0.014279
0.014438
0.014391
0.014311
0.014311
0.014374
0.014369
0.014409
0.014468
0.014285
0.014404
0.014491
0.014276
0.014323
0.014334
0.014344
0.014312
0.014373
0.014381
0.014336
0.014403
0.014412
0.014501
0.014449
0.014383
0.014446
0.014458
0.014421
0.014317
0.014385
0.014385
0.014405
0.014503
0.014346
0.014292
0.014445
0.014423
0.014499
0.014337
0.014440
0.014295
0.014439
0.014395
0.014308
0.014290
0.014336
0.014378
0.014351
0.014359
0.014376
0.014458
0.014372
0.014391
0.014437
0.014492
0.014388
0.014338
0.014337
0.014320
0.014271
0.014397
0.014358
0.014307
0.014310
0.014393
0.014430
0.014324
0.014432
0.014402
0.014388
0.014329
0.014369
0.014375
0.014259
0.014199
0.014292
0.014338
0.014516
0.014199
0.014377
0.014301
0.014343
0.014356
0.014375
0.014366
0.014458
0.014324
0.014393
0.014445
0.014434
0.014399
0.014417
0.014324
0.014330
0.014347
0.014342
0.014449
0.014369
0.014340
0.014337
0.014437
0.014497
0.014356
0.014393
0.014365
0.014412
0.014324
0.014310
0.014405
0.014357
0.014397
0.014373
0.014392
0.014358
0.014377
0.014446
0.014322
0.014307
0.014181
0.014318
0.014367
0.014398
0.014364
0.014511
0.014278
0.014253
0.014374
0.014297
0.014375
0.014377
0.014427
0.014345
0.014372
0.014271
0.014389
0.014355
0.014394
0.014376
0.014352
0.014289
0.014410
0.014350
0.014343
0.014444
0.014355
0.014363
0.014329
0.014380
0.014355
0.014344
0.014352
0.014328
0.014368
0.014283
0.014382
0.014291
0.014310
0.014400
0.014450
0.014433
0.014371
0.014347
0.014373
0.014272
0.014234
0.014430
0.014363
0.014394
0.014338
0.014293
0.014403
0.014398
0.014473
0.014211
0.014339
0.014285
0.014347
0.014260
0.014378
0.014353
0.014398
0.014331
0.014342
0.014300
0.014338
0.014338
0.014363
0.014257
0.014315
0.014290
0.014416
0.014261
0.014529
0.014300
0.014465
0.014300
0.014416
0.014326
0.014375
0.014268
0.014392
0.014344
0.014382
0.014322
0.014394
0.014321
0.014458
0.014426
0.014392
0.014286
0.014409
0.014249
0.014371
0.014285
0.014371
0.014401
0.014462
0.014265
0.014436
0.014355
0.014318
0.014305
0.014338
0.014366
0.014405
0.014366
0.014387
0.014187
0.014406
0.014359
0.014284
0.014273
0.014378
0.014297
0.014372
0.014387
0.014409
0.014356
0.014300
0.014271
0.014275
0.014285
0.014413
0.014328
0.014252
0.014299
0.014468
0.014374
0.014239
0.014271
0.014459
0.014350
0.014492
0.014266
0.014461
0.014364
0.014538
0.014283
0.014440
0.014335
0.014329
0.014281
0.014436
0.014384
0.014470
0.014283
0.014459
0.014250
0.014476
0.014321
0.014467
0.014413
0.014465
0.014268
0.014457
0.014374
0.014327
0.014338
0.014468
0.014259
0.014310
0.014352
0.014382
0.014325
0.014440
0.014410
0.014387
0.014245
0.014404
0.014308
0.014356
0.014232
0.014310
0.014382
0.014355
0.014403
0.014268
0.014305
0.014258
0.014303
0.014278
0.014265
0.014332
0.014255
0.014432
0.014314
0.014349
0.014359
0.014373
0.014221
0.014328
0.014280
0.014292
0.014270
0.014452
0.014296
0.014386
0.014338
0.014417
0.014337
0.014495
0.014333
0.014403
0.014303
0.014258
0.014306
0.014280
0.014293
0.014396
0.014354
0.014377
0.014211
0.014325
0.014282
0.014361
0.014296
0.014429
0.014263
0.014282
0.014319
0.014250
0.014235
0.014431
0.014321
0.014262
0.014278
0.014198
0.014274
0.014352
0.014338
0.014250
0.014231
0.014312
0.014236
0.014293
0.014314
0.014319
0.014243
0.014313
0.014425
0.014279
0.014188
0.014294
0.014366
0.014283
0.014412
0.014277
0.014313
0.014209
0.014291
0.014430
0.014288
0.014258
0.014348
0.014237
0.014265
0.014285
0.014308
0.014401
0.014208
0.014244
0.014339
0.014320
0.014329
0.014457
0.014250
0.014353
0.014296
0.014408
0.014314
0.014321
0.014282
0.014347
0.014350
0.014425
0.014268
0.014320
0.014398
0.014398
0.014275
0.014375
0.014290
0.014368
0.014165
0.014352
0.014327
0.014378
0.014280
0.014399
0.014414
0.014388
0.014239
0.014404
0.014349
0.014356
0.014267
0.014353
0.014387
0.014391
0.014329
0.014446
0.014276
0.014370
0.014356
0.014400
0.014282
0.014468
0.014390
0.014336
0.014263
0.014323
0.014374
0.014263
0.014324
0.014379
0.014263
0.014482
0.014379
0.014425
0.014381
0.014330
0.014270
0.014458
0.014247
0.014352
0.014261
0.014279
0.014209
0.014288
0.014259
0.014280
0.014375
0.014253
0.014332
0.014317
0.014338
0.014383
0.014288
0.014216
0.014325
0.014338
0.014324
0.014191
0.014176
0.014359
0.014282
0.014404
0.014395
0.014349
0.014347
0.014355
0.014287
0.014310
0.014273
0.014380
0.014361
0.014283
0.014213
0.014334
0.014337
0.014320
0.014432
0.014300
0.014327
0.014219
0.014320
0.014388
0.014398
0.014345
0.014289
0.014396
0.014319
0.014326
0.014271
0.014296
0.014332
0.014317
0.014274
0.014312
0.014129
0.014317
0.014286
0.014239
0.014221
0.014382
0.014257
0.014352
0.014252
0.014281
0.014364
0.014264
0.014270
0.014253
0.014332
0.014411
0.014453
0.014399
0.014311
0.014396
0.014275
