0.014027
0.014077
0.014015
0.013970
0.013979
0.014003
0.014073
0.013918
0.014091
0.014107
0.013973
0.013934
0.014066
0.014053
0.014029
0.013998
0.013982
0.014078
0.013978
0.014010
0.013902
0.013980
0.014072
0.014022
0.014093
0.014078
0.014056
0.014070
0.013983
0.014276
0.013971
0.014049
0.014081
0.013958
0.013874
0.013905
0.013952
0.014134
0.014093
0.014065
0.013977
0.013961
0.014025
0.013996
0.014101
0.014126
0.013936
0.013928
0.014041
0.013979
0.014181
0.014006
0.014150
0.014054
0.014104
0.013981
0.013920
0.014218
0.014077
0.013981
0.013948
0.013982
0.014075
0.013992
0.014060
0.014109
0.013999
0.013980
0.013917
0.013988
0.014071
0.014130
0.014083
0.014056
0.014032
0.014151
0.014169
0.014200
0.014139
0.014075
0.014158
0.014127
0.014019
0.013900
0.014193
0.013972
0.014072
0.014015
0.014139
0.014000
0.014028
0.013998
0.014025
0.014096
0.013940
0.014111
0.014108
0.014018
0.014063
0.013960
0.014062
0.014097
0.014074
0.014114
0.014045
0.014121
0.014007
0.014126
0.014017
0.014048
0.014124
0.013925
0.014058
0.014037
0.014005
0.014006
0.014066
0.014020
0.013904
0.014100
0.013953
0.013940
0.014210
0.014060
0.013982
0.013960
0.014117
0.013978
0.014129
0.014082
0.014087
0.014044
0.014072
0.013999
0.014081
0.014124
0.014032
0.014185
0.013972
0.013902
0.013943
0.014143
0.013934
0.014115
0.014079
0.014061
0.014090
0.014073
0.014021
0.014003
0.013893
0.014212
0.014013
0.014086
0.014141
0.013978
0.014010
0.014022
0.014019
0.013881
0.014045
0.014065
0.013988
0.014024
0.014062
0.014049
0.014008
0.014009
0.014061
0.013996
0.014021
0.014029
0.013928
0.014014
0.013978
0.013957
0.014034
0.014049
0.013941
0.013924
0.014176
0.014096
0.014020
0.014047
0.014122
0.014096
0.014025
0.014041
0.013945
0.013961
0.014059
0.014058
0.014020
0.014024
0.014111
0.013994
0.013967
0.013988
0.014067
0.014047
0.013957
0.014117
0.014115
0.014061
0.014082
0.014219
0.014099
0.013921
0.013990
0.014011
0.013994
0.014023
0.014099
0.014103
0.013983
0.013938
0.014081
0.014137
0.014007
0.013953
0.014127
0.014123
0.013994
0.013977
0.013961
0.013981
0.014083
0.014069
0.013939
0.014327
0.014168
0.014015
0.014123
0.013954
0.014097
0.013945
0.014092
0.014083
0.013962
0.014044
0.013868
0.014053
0.014073
0.014104
0.014039
0.014013
0.014013
0.013937
0.013948
0.014073
0.013968
0.014126
0.014058
0.014040
0.013871
0.013969
0.014079
0.014033
0.013967
0.014012
0.013949
0.013983
0.013933
0.013958
0.014014
0.013936
0.013923
0.013938
0.014141
0.014004
0.013893
0.014036
0.013935
0.014065
0.013964
0.014093
0.014090
0.014051
0.013994
0.013962
0.014052
0.014006
0.013971
0.014014
0.014076
0.014030
0.014046
0.014090
0.014101
0.014043
0.014145
0.014045
0.014018
0.014055
0.014006
0.014071
0.014030
0.014027
0.014066
0.014007
0.014039
0.014164
0.014050
0.014116
0.014048
0.014105
0.014143
0.013962
0.013997
0.013935
0.013980
0.013982
0.013955
0.014052
0.013931
0.014006
0.014036
0.014030
0.014051
0.014076
0.013909
0.014076
0.013974
0.014037
0.013999
0.014007
0.013947
0.014207
0.014022
0.013915
0.014089
0.013968
0.014042
0.014012
0.013946
0.014009
0.013947
0.014123
0.014031
0.013994
0.013941
0.014081
0.013952
0.014107
0.014081
0.013955
0.013973
0.013945
0.014093
0.013937
0.014049
0.014137
0.013941
0.013989
0.014006
0.013979
0.014034
0.014001
0.014073
0.014000
0.013877
0.014044
0.014119
0.013938
0.013935
0.014120
0.013954
0.014010
0.014090
0.013989
0.013969
0.014038
0.013985
0.014015
0.014022
0.013939
0.013893
0.014025
0.014164
0.013939
0.013943
0.013962
0.014146
0.014058
0.014058
0.014001
0.013997
0.014112
0.013919
0.013891
0.013977
0.014023
0.013998
0.014068
0.014027
0.014044
0.013951
0.013989
0.014132
0.014167
0.013888
0.013952
0.014013
0.013990
0.014078
0.014048
0.014079
0.014040
0.013911
0.013952
0.014084
0.013950
0.014092
0.013946
0.014045
0.014011
0.014072
0.014083
0.013950
0.014149
0.014105
0.013941
0.013964
0.013908
0.013943
0.014071
0.013978
0.014039
0.014024
0.014043
0.013969
0.013916
0.014074
0.014046
0.013970
0.014124
0.014027
0.014096
0.014120
0.013995
0.014098
0.014195
0.014031
0.014075
0.014043
0.014026
0.014182
0.014063
0.014085
0.014111
0.013930
0.013989
0.014014
0.013873
0.014018
0.014135
0.014036
0.013947
0.014002
0.014054
0.013987
0.014087
0.014018
0.013958
0.014000
0.014035
0.014065
0.014095
0.014235
0.013888
0.014033
0.014171
0.013901
0.014156
0.013965
0.014030
0.013927
0.014070
0.014021
0.014046
0.013959
0.014023
0.014122
0.014049
0.014049
0.014069
0.014025
0.014017
0.014065
0.014050
0.013877
0.013920
0.013969
0.013929
0.013983
0.013965
0.013969
0.014077
0.014009
0.013964
0.014064
0.014041
0.014024
0.014009
0.014049
0.013984
0.014030
0.014059
0.014172
0.014105
0.013874
0.014003
0.014003
0.013959
0.014083
0.014074
0.013978
0.013990
0.014056
0.014124
0.014081
0.014064
0.013986
0.014090
0.014114
0.013871
0.013950
0.014057
0.014049
0.014044
0.014029
0.014046
0.014104
0.013995
0.014152
0.014040
0.014034
0.014087
0.014004
0.014042
0.014034
0.013970
0.013866
0.013979
0.013964
0.014079
0.014048
0.014138
0.013818
0.014048
0.014023
0.013935
0.014108
0.013998
0.013945
0.013958
0.014066
0.013952
0.014025
0.014037
0.014004
0.014092
0.013943
0.014010
0.014035
0.013942
0.013961
0.013953
0.014002
0.013891
0.014079
0.013937
0.013944
0.013969
0.013986
0.013886
0.014035
0.013983
0.013928
0.014092
0.014081
0.014086
0.013987
0.014005
0.014011
0.014023
0.014029
0.013924
0.014151
0.014079
0.013962
0.014111
0.014051
0.013968
0.013971
0.013959
0.013884
0.013889
0.014040
0.013935
0.013971
0.014024
0.013930
0.013924
0.013990
0.014045
0.014030
0.013966
0.013868
0.014048
0.014080
0.014118
0.013936
0.014003
0.014014
0.014073
0.013886
0.014061
0.014053
0.013972
0.014059
0.014077
0.013934
0.013993
0.013994
0.014001
0.013892
0.014074
0.014046
0.014031
0.013927
0.014207
0.014174
0.014026
0.014029
0.014019
0.014076
0.014104
0.014139
0.013960
0.013956
0.014175
0.013962
0.014041
0.013961
0.014068
0.014002
0.013988
0.014004
0.014121
0.013880
0.014032
0.013990
0.013916
0.013974
0.013996
0.014006
0.014046
0.014069
0.014091
0.013971
0.013971
0.014002
0.013910
0.014078
0.014144
0.013948
0.014039
0.014029
0.013912
0.013982
0.014026
0.014065
0.014076
0.014021
0.013989
0.014209
0.014017
0.014015
0.014143
0.014047
0.013978
0.014041
0.013986
0.013975
0.013982
0.014042
0.014103
0.014066
0.013988
0.014140
0.014086
0.013995
0.014100
0.013914
0.013904
0.013919
0.014171
0.013938
0.014159
0.014008
0.014077
0.014049
0.014023
0.014028
0.014041
0.014116
0.013972
0.013956
0.014104
0.014062
0.013975
0.013882
0.013975
0.013880
0.014043
0.013980
0.014024
0.013983
0.013950
0.014009
0.014113
0.013952
0.014014
0.014030
0.014005
0.013959
0.014176
0.014008
0.014046
0.014037
0.014042
0.013956
0.014061
0.013938
0.014011
0.013983
0.013992
0.014077
0.014064
0.014006
0.014035
0.013969
0.014111
0.014094
0.014094
0.014042
0.014026
0.014142
0.013964
0.013973
0.014117
0.014022
0.013996
0.013922
0.014140
0.013959
0.014011
0.013985
0.013936
0.013968
0.014094
0.013999
0.014020
0.014070
0.014053
0.014002
0.014043
0.014047
0.013995
0.013963
0.013994
0.014017
0.013970
0.014100
0.014034
0.013919
0.014091
0.013959
0.014094
0.013943
0.014012
0.014031
0.014061
0.013970
0.014165
0.014062
0.014053
0.014019
0.014058
0.014003
0.014124
0.014128
0.013954
0.013974
0.014054
0.014046
0.014004
0.013900
0.014065
0.013938
0.014012
0.013966
0.013980
0.013954
0.014098
0.013958
0.013958
0.014074
0.013932
0.014046
0.014183
0.013870
0.014048
0.013982
0.014015
0.013932
0.014016
0.014001
0.013906
0.014044
0.013949
0.014060
0.014021
0.014113
0.014089
0.013902
0.014038
0.013955
0.014021
0.014004
0.013940
0.013851
0.014008
0.013961
0.014038
0.014049
0.013887
0.014033
0.014024
0.014038
0.014030
0.014043
0.014098
0.013989
0.014089
0.014020
0.014001
0.014030
0.013921
0.013915
0.014028
0.013829
0.013971
0.014118
0.014008
0.014028
0.014001
0.013991
0.013950
0.014052
0.014045
0.014050
0.014085
0.013996
0.013896
0.013968
0.014072
0.013964
0.014107
0.014047
0.013955
0.014045
0.014028
0.014009
0.014081
0.014049
0.014030
0.014025
0.014060
0.014062
0.014005
0.013889
0.013878
0.014010
0.014015
0.014008
0.014097
0.013932
0.014032
0.014060
0.013977
0.014062
0.014080
0.014151
0.014132
0.014027
0.014138
0.014047
0.014031
0.014019
0.014020
0.014069
0.013922
0.014010
0.013956
0.013970
0.013997
0.014013
0.013950
0.013973
0.014024
0.014184
0.013911
0.014086
0.014051
0.014030
0.014099
0.014037
0.013943
0.014030
0.013946
0.014026
0.013922
0.014097
0.013932
0.014001
0.014064
0.014128
0.014039
0.013944
0.013987
0.014062
0.013911
0.014031
0.014096
0.014100
0.013960
0.013961
0.013946
0.014062
0.013950
0.013996
0.014073
0.013881
0.014064
0.014154
0.014042
0.013983
0.014128
0.014137
0.014064
0.013941
0.013937
0.014110
0.014061
0.014094
0.014195
0.014097
0.014097
0.014059
0.013943
0.014114
0.014030
0.014120
0.013971
0.014149
0.014060
0.013877
0.014078
0.013998
0.014080
0.014122
0.014111
0.014187
0.013989
0.013915
0.013994
0.014047
0.014118
0.014166
0.014001
0.014118
0.014028
0.014058
0.014010
0.013935
0.014020
0.014005
0.014158
0.014116
0.013967
0.014011
0.014120
0.013996
0.014017
0.014037
0.013965
0.014004
0.013956
