0.015147
0.015164
0.015075
0.015231
0.015136
0.015137
0.015166
0.015114
0.015036
0.015052
0.015136
0.015027
0.015127
0.015021
0.015145
0.014987
0.015130
0.015062
0.015226
0.015107
0.015106
0.015163
0.015200
0.014915
0.014931
0.015057
0.015001
0.015095
0.015011
0.015121
0.015224
0.014985
0.015131
0.015239
0.015210
0.015263
0.015199
0.015203
0.015071
0.015215
0.015027
0.015231
0.015181
0.015182
0.015192
0.015176
0.015149
0.015201
0.015238
0.015205
0.015021
0.015240
0.015202
0.015236
0.015115
0.015244
0.015131
0.015261
0.015095
0.015211
0.015263
0.015078
0.015237
0.015214
0.015289
0.015251
0.015131
0.015238
0.015186
0.015175
0.015101
0.015132
0.015117
0.015072
0.015133
0.015201
0.015133
0.015154
0.015136
0.015106
0.015246
0.015166
0.015120
0.015237
0.015169
0.015146
0.015126
0.015153
0.015202
0.015161
0.015113
0.015184
0.015096
0.015116
0.015241
0.015141
0.015203
0.015080
0.015189
0.015191
0.015223
0.015228
0.015112
0.015226
0.015137
0.015274
0.015101
0.015119
0.015100
0.015156
0.015102
0.015210
0.015214
0.015111
0.015173
0.015242
0.015082
0.015124
0.015254
0.015168
0.015246
0.015293
0.015246
0.015320
0.015225
0.015195
0.015212
0.015229
0.015212
0.015147
0.015193
0.015272
0.015092
0.015246
0.015225
0.015156
0.015200
0.015251
0.015260
0.015156
0.015206
0.015088
0.015109
0.015075
0.015126
0.015171
0.015190
0.014999
0.015257
0.015083
0.015095
0.015134
0.015154
0.015372
0.015213
0.015284
0.015165
0.015218
0.015193
0.015204
0.015138
0.015131
0.015251
0.015279
0.015143
0.015184
0.015091
0.015257
0.015035
0.015107
0.015163
0.015269
0.015282
0.015192
0.015222
0.015217
0.015240
0.015205
0.015158
0.015064
0.015052
0.015171
0.015308
0.015137
0.015168
0.015255
0.015162
0.015164
0.015175
0.015217
0.015262
0.015293
0.015261
0.015173
0.015207
0.015343
0.015244
0.015227
0.015246
0.015316
0.015057
0.015384
0.015138
0.015187
0.015186
0.015218
0.015304
0.015183
0.015265
0.015231
0.015206
0.015352
0.015170
0.015281
0.015221
0.015205
0.015139
0.015157
0.015128
0.015186
0.015000
0.015249
0.015157
0.015221
0.015131
0.015195
0.015045
0.015167
0.015057
0.015194
0.015179
0.015222
0.015077
0.015100
0.015089
0.015251
0.015228
0.015237
0.015238
0.015187
0.015076
0.015201
0.015069
0.015276
0.015137
0.015183
0.015124
0.015217
0.015142
0.015113
0.014945
0.015118
0.015005
0.015278
0.015108
0.015220
0.014963
0.015062
0.015082
0.015256
0.015141
0.015205
0.015156
0.015150
0.015097
0.015103
0.014992
0.015059
0.015118
0.015057
0.015149
0.015140
0.015171
0.015260
0.015091
0.015175
0.015214
0.015220
0.015103
0.015167
0.015308
0.015173
0.015225
0.015138
0.015271
0.015242
0.015202
0.015213
0.015341
0.015266
0.015170
0.015153
0.015074
0.015162
0.015190
0.015142
0.015174
0.015017
0.015228
0.015139
0.015196
0.015121
0.015235
0.015212
0.015139
0.015077
0.015152
0.015042
0.015102
0.015094
0.015194
0.015197
0.015058
0.015119
0.015302
0.015150
0.015191
0.015260
0.015212
0.015189
0.015131
0.015155
0.015087
0.015099
0.015097
0.015061
0.015130
0.015187
0.015037
0.015198
0.015156
0.015189
0.015161
0.015032
0.015155
0.015039
0.015195
0.015081
0.015211
0.015202
0.015093
0.015086
0.015204
0.015178
0.015112
0.015158
0.015251
0.015162
0.015198
0.015225
0.015188
0.015271
0.015141
0.015250
0.015103
0.015243
0.015299
0.015254
0.015080
0.015157
0.015108
0.015123
0.015175
0.015017
0.015097
0.015071
0.015223
0.015218
0.015097
0.015159
0.015203
0.015226
0.015083
0.015137
0.015142
0.015261
0.015205
0.015178
0.015380
0.015209
0.015187
0.015267
0.015204
0.015192
0.015219
0.015310
0.015274
0.015215
0.015117
0.015265
0.015087
0.015177
0.015126
0.015128
0.015146
0.015231
0.015163
0.015078
0.014944
0.015082
0.015222
0.015097
0.015147
0.015183
0.015250
0.015192
0.015130
0.015043
0.015223
0.015131
0.015157
0.015018
0.015266
0.015159
0.015118
0.015124
0.015267
0.015220
0.015128
0.015141
0.015196
0.015140
0.015150
0.015226
0.015198
0.015349
0.015140
0.015172
0.015203
0.015204
0.015128
0.015025
0.015288
0.015216
0.015202
0.015109
0.015297
0.015004
0.015167
0.015047
0.015243
0.015126
0.015140
0.015071
0.015174
0.015114
0.015230
0.015074
0.015215
0.015134
0.015145
0.015075
0.015195
0.015106
0.015060
0.015153
0.015192
0.015167
0.015061
0.015038
0.015033
0.015222
0.015294
0.015115
0.015180
0.015303
0.015092
0.015304
0.015127
0.015228
0.015169
0.015264
0.015179
0.015210
0.015168
0.015122
0.015170
0.015260
0.015192
0.015225
0.015173
0.015311
0.015329
0.015196
0.015183
0.015194
0.015137
0.015239
0.015178
0.015297
0.015134
0.015297
0.015136
0.015250
0.015125
0.015247
0.015106
0.015143
0.015102
0.015236
0.015102
0.015237
0.015131
0.015245
0.015214
0.015188
0.015107
0.015185
0.015086
0.015167
0.015012
0.015135
0.015139
0.015162
0.015058
0.015143
0.015098
0.015255
0.015101
0.015079
0.015098
0.015166
0.015048
0.015130
0.015128
0.015220
0.015018
0.015247
0.015126
0.014986
0.015201
0.015171
0.015135
0.015112
0.015225
0.015298
0.015085
0.015301
0.015236
0.015179
0.015127
0.015256
0.015121
0.015093
0.015196
0.015236
0.015018
0.015106
0.014986
0.015131
0.015125
0.015066
0.014964
0.015062
0.015120
0.015230
0.015079
0.015220
0.015165
0.015088
0.015036
0.014969
0.015091
0.015187
0.014996
0.015050
0.015010
0.015115
0.015164
0.015132
0.015069
0.015105
0.015012
0.015103
0.015127
0.015202
0.015055
0.015190
0.015173
0.015327
0.015059
0.015209
0.015144
0.015257
0.015192
0.015220
0.015086
0.015199
0.015123
0.015195
0.015147
0.015164
0.015253
0.015249
0.015144
0.015275
0.015242
0.015179
0.015158
0.015275
0.015194
0.015073
0.015132
0.015235
0.015137
0.015250
0.015050
0.015117
0.015217
0.015084
0.015071
0.015272
0.015191
0.015116
0.015127
0.015155
0.015187
0.015132
0.015165
0.015165
0.015089
0.015231
0.015156
0.015202
0.015199
0.015206
0.015133
0.015228
0.015142
0.015219
0.015039
0.015227
0.015096
0.015304
0.014984
0.015150
0.015116
0.015195
0.015059
0.015205
0.015229
0.015153
0.015218
0.015338
0.015161
0.015262
0.015175
0.015254
0.015152
0.015330
0.015221
0.015256
0.015282
0.015157
0.015089
0.015145
0.015175
0.015146
0.015081
0.015299
0.015082
0.015163
0.015004
0.015256
0.015130
0.015050
0.015222
0.015094
0.015167
0.015219
0.015117
0.015210
0.015163
0.015245
0.015044
0.015065
0.015282
0.015247
0.015092
0.015234
0.015147
0.015313
0.015030
0.015069
0.015210
0.015290
0.015115
0.015181
0.014999
0.015094
0.015176
0.015267
0.014937
0.015321
0.015230
0.015318
0.015188
0.015332
0.015121
0.015378
0.015108
0.015261
0.015122
0.015299
0.015072
0.015211
0.015224
0.015221
0.015096
0.015108
0.015022
0.015120
0.015070
0.015200
0.015027
0.015251
0.015143
0.015056
0.015035
0.015072
0.015028
0.015062
0.015192
0.015135
0.015052
0.015249
0.015163
0.015192
0.015186
0.015299
0.015189
0.015085
0.015199
0.015122
0.015089
0.015159
0.015199
0.015070
0.015153
0.015130
0.014987
0.015139
0.015033
0.015339
0.015101
0.015139
0.015028
0.015281
0.015078
0.015076
0.015032
0.015290
0.015071
0.015203
0.015186
0.015182
0.015071
0.015267
0.015106
0.015241
0.015139
0.015204
0.015091
0.015162
0.015044
0.015197
0.015061
0.015228
0.015158
0.015135
0.015087
0.015132
0.015044
0.015152
0.015104
0.015211
0.015068
0.015094
0.015154
0.015298
0.015163
0.015194
0.015099
0.015148
0.015264
0.015129
0.015000
0.015184
0.015086
0.015078
0.015154
0.015121
0.015190
0.015279
0.014996
0.015211
0.015104
0.015235
0.015133
0.015155
0.015081
0.015178
0.015100
0.015129
0.015004
0.015379
0.015103
0.015246
0.015075
0.015163
0.015157
0.015137
0.015086
0.015116
0.015077
0.015126
0.015023
0.015158
0.015195
0.015122
0.015054
0.015190
0.015096
0.015023
0.015109
0.015181
0.015244
0.015264
0.015156
0.015263
0.015241
0.015181
0.015031
0.015151
0.015114
0.015342
0.015116
0.015200
0.015104
0.015261
0.015122
0.015007
0.015121
0.015037
0.015184
0.015251
0.015195
0.015207
0.015221
0.015180
0.015265
0.015219
0.015120
0.015289
0.015081
0.015027
0.015201
0.015106
0.015150
0.015053
0.015064
0.015216
0.015375
0.015161
0.015141
0.015260
0.015098
0.015159
0.015104
0.015120
0.015228
0.015244
0.015180
0.015181
0.015097
0.015080
0.015268
0.015177
0.015010
0.015152
0.015253
0.015074
0.015161
0.015136
0.015251
0.015037
0.015079
0.015137
0.015132
0.015201
0.015101
0.015083
0.015129
0.015089
0.015112
0.015096
0.015139
0.015185
0.015182
0.015344
0.015062
0.015145
0.015227
0.015251
0.015135
0.015289
0.015127
0.015163
0.015147
0.015121
0.015085
0.015193
0.015176
0.015201
0.015106
0.015140
0.014996
0.015162
0.015094
0.015336
0.015119
0.015188
0.015053
0.015189
0.015278
0.015204
0.015196
0.015296
0.015250
0.015184
0.015192
0.015108
0.015247
0.015058
0.015172
0.015124
0.015168
0.015083
0.015275
0.015056
0.015221
0.015216
0.015227
0.015208
0.015201
0.015286
0.015140
0.015180
0.015050
0.015074
0.015053
0.015180
0.015211
0.015169
0.015096
0.015187
0.015180
0.015021
0.015088
0.015279
0.015157
0.015261
0.015028
0.015125
0.015133
0.015264
0.015102
0.015211
0.015165
0.015184
0.015059
0.015183
0.015237
0.015129
0.015113
0.015135
0.015140
0.015056
0.015186
0.015155
0.015031
0.015192
0.015092
0.015110
0.015090
0.014998
0.015172
0.015166
0.015283
0.015112
0.015173
0.015120
0.015297
0.015038
0.015249
0.015162
0.015354
0.015135
0.015139
0.015211
