0.014638
0.014713
0.014627
0.014710
0.014719
0.014537
0.014616
0.014577
0.014703
0.014541
0.014701
0.014684
0.014708
0.014531
0.014615
0.014702
0.014672
0.014521
0.014703
0.014699
0.014589
0.014409
0.014716
0.014586
0.014625
0.014462
0.014525
0.014565
0.014556
0.014608
0.014511
0.014617
0.014705
0.014640
0.014620
0.014600
0.014574
0.014547
0.014606
0.014577
0.014643
0.014614
0.014760
0.014669
0.014630
0.014636
0.014809
0.014613
0.014762
0.014595
0.014721
0.014564
0.014785
0.014610
0.014658
0.014770
0.014692
0.014667
0.014614
0.014622
0.014624
0.014673
0.014627
0.014618
0.014792
0.014662
0.014616
0.014766
0.014737
0.014759
0.014660
0.014752
0.014695
0.014569
0.014644
0.014716
0.014696
0.014728
0.014766
0.014667
0.014703
0.014725
0.014657
0.014774
0.014800
0.014692
0.014708
0.014664
0.014663
0.014608
0.014648
0.014735
0.014776
0.014685
0.014780
0.014597
0.014622
0.014783
0.014721
0.014641
0.014598
0.014687
0.014627
0.014565
0.014824
0.014670
0.014639
0.014632
0.014760
0.014549
0.014708
0.014601
0.014603
0.014541
0.014652
0.014677
0.014660
0.014692
0.014645
0.014626
0.014578
0.014610
0.014745
0.014585
0.014660
0.014661
0.014629
0.014580
0.014717
0.014563
0.014625
0.014526
0.014657
0.014564
0.014666
0.014594
0.014657
0.014629
0.014688
0.014654
0.014752
0.014626
0.014676
0.014658
0.014725
0.014720
0.014571
0.014642
0.014634
0.014648
0.014661
0.014660
0.014750
0.014616
0.014776
0.014695
0.014696
0.014553
0.014480
0.014667
0.014782
0.014667
0.014694
0.014709
0.014771
0.014740
0.014663
0.014692
0.014686
0.014624
0.014597
0.014569
0.014591
0.014594
0.014645
0.014738
0.014553
0.014644
0.014767
0.014612
0.014639
0.014637
0.014650
0.014662
0.014732
0.014687
0.014711
0.014664
0.014712
0.014692
0.014684
0.014677
0.014773
0.014664
0.014741
0.014769
0.014665
0.014639
0.014588
0.014711
0.014649
0.014509
0.014606
0.014588
0.014657
0.014565
0.014636
0.014677
0.014671
0.014594
0.014629
0.014617
0.014770
0.014597
0.014632
0.014553
0.014697
0.014554
0.014633
0.014564
0.014665
0.014654
0.014864
0.014678
0.014777
0.014632
0.014853
0.014722
0.014961
0.014670
0.014679
0.014684
0.014742
0.014700
0.014684
0.014738
0.014825
0.014663
0.014756
0.014720
0.014643
0.014663
0.014647
0.014719
0.014665
0.014725
0.014763
0.014709
0.014709
0.014653
0.014692
0.014766
0.014626
0.014759
0.014736
0.014755
0.014645
0.014573
0.014646
0.014677
0.014761
0.014723
0.014672
0.014685
0.014769
0.014629
0.014613
0.014760
0.014772
0.014763
0.014755
0.014802
0.014656
0.014669
0.014663
0.014721
0.014562
0.014661
0.014619
0.014701
0.014766
0.014606
0.014671
0.014675
0.014645
0.014701
0.014692
0.014655
0.014670
0.014776
0.014699
0.014625
0.014555
0.014486
0.014699
0.014646
0.014618
0.014610
0.014528
0.014612
0.014525
0.014626
0.014595
0.014583
0.014665
0.014667
0.014683
0.014617
0.014653
0.014705
0.014708
0.014725
0.014744
0.014755
0.014674
0.014628
0.014678
0.014675
0.014635
0.014734
0.014762
0.014706
0.014767
0.014764
0.014672
0.014667
0.014649
0.014720
0.014705
0.014710
0.014609
0.014618
0.014600
0.014818
0.014708
0.014600
0.014710
0.014607
0.014627
0.014646
0.014663
0.014645
0.014656
0.014663
0.014696
0.014647
0.014665
0.014544
0.014635
0.014693
0.014689
0.014558
0.014632
0.014676
0.014571
0.014645
0.014612
0.014747
0.014684
0.014757
0.014761
0.014686
0.014793
0.014685
0.014705
0.014654
0.014637
0.014499
0.014722
0.014617
0.014811
0.014639
0.014682
0.014716
0.014768
0.014712
0.014705
0.014729
0.014643
0.014705
0.014795
0.014678
0.014866
0.014764
0.014734
0.014733
0.014700
0.014615
0.014633
0.014694
0.014710
0.014655
0.014741
0.014665
0.014840
0.014718
0.014626
0.014665
0.014633
0.014716
0.014759
0.014687
0.014702
0.014779
0.014725
0.014797
0.014620
0.014657
0.014752
0.014720
0.014745
0.014643
0.014717
0.014678
0.014747
0.014706
0.014758
0.014692
0.014628
0.014749
0.014722
0.014810
0.014710
0.014784
0.014649
0.014756
0.014628
0.014809
0.014679
0.014753
0.014668
0.014791
0.014717
0.014752
0.014769
0.014683
0.014780
0.014720
0.014773
0.014635
0.014727
0.014657
0.014698
0.014662
0.014571
0.014699
0.014615
0.014642
0.014521
0.014581
0.014635
0.014676
0.014634
0.014603
0.014685
0.014700
0.014550
0.014592
0.014541
0.014676
0.014685
0.014645
0.014649
0.014761
0.014502
0.014628
0.014687
0.014758
0.014647
0.014716
0.014660
0.014835
0.014690
0.014713
0.014673
0.014634
0.014754
0.014674
0.014621
0.014726
0.014662
0.014731
0.014646
0.014721
0.014665
0.014756
0.014755
0.014618
0.014613
0.014562
0.014766
0.014653
0.014716
0.014703
0.014721
0.014711
0.014638
0.014665
0.014732
0.014791
0.014706
0.014629
0.014689
0.014626
0.014556
0.014742
0.014634
0.014591
0.014576
0.014694
0.014731
0.014597
0.014777
0.014690
0.014681
0.014639
0.014695
0.014687
0.014606
0.014790
0.014670
0.014632
0.014645
0.014719
0.014676
0.014747
0.014780
0.014758
0.014615
0.014637
0.014691
0.014647
0.014679
0.014662
0.014695
0.014638
0.014642
0.014624
0.014722
0.014612
0.014673
0.014631
0.014708
0.014602
0.014644
0.014648
0.014635
0.014565
0.014687
0.014727
0.014557
0.014537
0.014682
0.014806
0.014825
0.014698
0.014687
0.014696
0.014743
0.014649
0.014653
0.014849
0.014659
0.014727
0.014755
0.014768
0.014688
0.014840
0.014733
0.014712
0.014801
0.014816
0.014651
0.014767
0.014817
0.014746
0.014679
0.014735
0.014748
0.014773
0.014719
0.014667
0.014674
0.014755
0.014798
0.014673
0.014676
0.014884
0.014728
0.014761
0.014677
0.014848
0.014817
0.014913
0.014785
0.014826
0.014846
0.014931
0.014697
0.014735
0.014729
0.014799
0.014725
0.014673
0.014706
0.014761
0.014746
0.014749
0.014615
0.014661
0.014798
0.014828
0.014772
0.014726
0.014680
0.014686
0.014703
0.014590
0.014636
0.014507
0.014670
0.014651
0.014699
0.014661
0.014665
0.014572
0.014678
0.014619
0.014574
0.014818
0.014654
0.014616
0.014607
0.014727
0.014670
0.014653
0.014721
0.014727
0.014771
0.014698
0.014672
0.014616
0.014749
0.014682
0.014719
0.014787
0.014722
0.014670
0.014593
0.014619
0.014748
0.014637
0.014755
0.014634
0.014752
0.014658
0.014714
0.014771
0.014687
0.014624
0.014566
0.014675
0.014705
0.014707
0.014695
0.014702
0.014677
0.014708
0.014606
0.014769
0.014638
0.014612
0.014707
0.014655
0.014725
0.014772
0.014596
0.014572
0.014666
0.014615
0.014614
0.014729
0.014655
0.014640
0.014647
0.014764
0.014702
0.014621
0.014751
0.014673
0.014662
0.014716
0.014631
0.014577
0.014654
0.014783
0.014579
0.014684
0.014675
0.014714
0.014665
0.014739
0.014560
0.014771
0.014565
0.014616
0.014673
0.014709
0.014626
0.014677
0.014710
0.014685
0.014727
0.014649
0.014698
0.014629
0.014810
0.014780
0.014670
0.014653
0.014655
0.014779
0.014660
0.014559
0.014678
0.014682
0.014709
0.014639
0.014683
0.014675
0.014594
0.014722
0.014589
0.014655
0.014787
0.014735
0.014560
0.014669
0.014638
0.014644
0.014683
0.014679
0.014660
0.014545
0.014691
0.014549
0.014811
0.014700
0.014729
0.014677
0.014632
0.014603
0.014865
0.014661
0.014727
0.014701
0.014649
0.014649
0.014690
0.014629
0.014800
0.014641
0.014730
0.014563
0.014669
0.014599
0.014733
0.014660
0.014665
0.014685
0.014688
0.014805
0.014690
0.014610
0.014692
0.014805
0.014830
0.014659
0.014792
0.014674
0.014656
0.014691
0.014747
0.014710
0.014695
0.014811
0.014698
0.014708
0.014725
0.014811
0.014727
0.014680
0.014789
0.014701
0.014708
0.014719
0.014791
0.014702
0.014603
0.014816
0.014810
0.014715
0.014874
0.014691
0.014726
0.014732
0.014863
0.014680
0.014743
0.014664
0.014736
0.014766
0.014799
0.014738
0.014770
0.014731
0.014737
0.014708
0.014684
0.014776
0.014689
0.014833
0.014779
0.014870
0.014848
0.014899
0.014646
0.014726
0.014775
0.014850
0.014764
0.014719
0.014725
0.014607
0.014722
0.014537
0.014707
0.014749
0.014664
0.014555
0.014682
0.014637
0.014776
0.014733
0.014764
0.014666
0.014641
0.014648
0.014692
0.014566
0.014675
0.014686
0.014793
0.014599
0.014707
0.014655
0.014779
0.014589
0.014643
0.014718
0.014713
0.014655
0.014721
0.014574
0.014756
0.014733
0.014674
0.014771
0.014735
0.014717
0.014779
0.014726
0.014668
0.014673
0.014609
0.014613
0.014723
0.014700
0.014653
0.014696
0.014688
0.014669
0.014632
0.014595
0.014705
0.014710
0.014722
0.014651
0.014676
0.014752
0.014663
0.014647
0.014639
0.014685
0.014667
0.014661
0.014713
0.014746
0.014677
0.014728
0.014744
0.014673
0.014769
0.014691
0.014751
0.014656
0.014648
0.014538
0.014697
0.014577
0.014612
0.014576
0.014839
0.014723
0.014643
0.014724
0.014678
0.014700
0.014543
0.014638
0.014701
0.014617
0.014636
0.014751
0.014687
0.014733
0.014538
0.014608
0.014609
0.014631
0.014614
0.014718
0.014684
0.014689
0.014578
0.014612
0.014658
0.014624
0.014656
0.014638
0.014614
0.014560
0.014604
0.014654
0.014572
0.014627
0.014606
0.014670
0.014605
0.014629
0.014652
0.014617
0.014751
0.014655
0.014709
0.014628
0.014659
0.014641
0.014640
0.014675
0.014597
0.014548
0.014772
0.014705
0.014663
0.014690
0.014668
0.014621
0.014645
0.014748
0.014663
0.014850
0.014607
0.014661
0.014602
0.014742
0.014639
0.014716
0.014635
0.014514
0.014551
0.014716
0.014705
0.014686
0.014664
0.014721
0.014624
0.014550
0.014642
0.014787
0.014690
0.014631
0.014655
0.014661
0.014595
0.014709
0.014707
0.014676
0.014630
0.014629
