0.015730
0.015653
0.015732
0.015595
0.015748
0.015627
0.015797
0.015678
0.015772
0.015664
0.015619
0.015609
0.015742
0.015594
0.015644
0.015736
0.015874
0.015692
0.015686
0.015645
0.015760
0.015604
0.015741
0.015674
0.015812
0.015697
0.015779
0.015658
0.015728
0.015752
0.015701
0.015730
0.015737
0.015521
0.015664
0.015692
0.015796
0.015681
0.015711
0.015785
0.015800
0.015697
0.015609
0.015771
0.015821
0.015777
0.015614
0.015575
0.015720
0.015685
0.015590
0.015746
0.015782
0.015800
0.015686
0.015692
0.015833
0.015709
0.015627
0.015596
0.015844
0.015648
0.015669
0.015614
0.015658
0.015772
0.015581
0.015549
0.015682
0.015543
0.015705
0.015758
0.015743
0.015548
0.015564
0.015648
0.015655
0.015884
0.015703
0.015734
0.015663
0.015728
0.015795
0.015777
0.015570
0.015551
0.015616
0.015610
0.015504
0.015506
0.015656
0.015691
0.015622
0.015612
0.015696
0.015727
0.015698
0.015665
0.015669
0.015689
0.015817
0.015797
0.015495
0.015632
0.015710
0.015616
0.015725
0.015723
0.015693
0.015738
0.015670
0.015634
0.015689
0.015789
0.015688
0.015600
0.015678
0.015771
0.015694
0.015797
0.015552
0.015553
0.015704
0.015730
0.015733
0.015625
0.015756
0.015635
0.015757
0.015534
0.015726
0.015694
0.015751
0.015494
0.015658
0.015607
0.015724
0.015554
0.015695
0.015677
0.015791
0.015738
0.015621
0.015639
0.015752
0.015671
0.015791
0.015771
0.015743
0.015670
0.015742
0.015603
0.015771
0.015651
0.015728
0.015779
0.015813
0.015592
0.015697
0.015522
0.015792
0.015812
0.015747
0.015572
0.015696
0.015714
0.015707
0.015718
0.015742
0.015647
0.015611
0.015606
0.015625
0.015683
0.015707
0.015638
0.015647
0.015689
0.015658
0.015763
0.015724
0.015734
0.015682
0.015508
0.015726
0.015639
0.015719
0.015601
0.015736
0.015676
0.015743
0.015655
0.015806
0.015623
0.015536
0.015534
0.015609
0.015534
0.015700
0.015603
0.015766
0.015557
0.015732
0.015707
0.015601
0.015533
0.015818
0.015640
0.015772
0.015527
0.015704
0.015485
0.015572
0.015475
0.015680
0.015780
0.015676
0.015384
0.015524
0.015486
0.015680
0.015530
0.015656
0.015756
0.015522
0.015713
0.015670
0.015627
0.015681
0.015787
0.015755
0.015648
0.015711
0.015544
0.015625
0.015764
0.015704
0.015693
0.015737
0.015546
0.015891
0.015767
0.015748
0.015642
0.015665
0.015545
0.015752
0.015737
0.015897
0.015619
0.015765
0.015596
0.015729
0.015658
0.015715
0.015606
0.015704
0.015797
0.015799
0.015658
0.015768
0.015522
0.015671
0.015600
0.015633
0.015731
0.015659
0.015603
0.015614
0.015708
0.015726
0.015811
0.015721
0.015549
0.015639
0.015660
0.015681
0.015568
0.015709
0.015669
0.015668
0.015761
0.015735
0.015698
0.015707
0.015503
0.015718
0.015701
0.015776
0.015898
0.015802
0.015653
0.015716
0.015642
0.015642
0.015727
0.015708
0.015621
0.015764
0.015628
0.015601
0.015551
0.015696
0.015514
0.015565
0.015559
0.015665
0.015701
0.015611
0.015650
0.015866
0.015646
0.015601
0.015555
0.015766
0.015710
0.015874
0.015558
0.015769
0.015680
0.015637
0.015616
0.015689
0.015687
0.015652
0.015679
0.015735
0.015696
0.015696
0.015686
0.015808
0.015833
0.015691
0.015599
0.015807
0.015578
0.015594
0.015574
0.015619
0.015644
0.015749
0.015621
0.015618
0.015639
0.015740
0.015708
0.015626
0.015714
0.015756
0.015763
0.015787
0.015638
0.015694
0.015815
0.015664
0.015721
0.015745
0.015821
0.015739
0.015622
0.015637
0.015653
0.015749
0.015673
0.015671
0.015716
0.015683
0.015687
0.015805
0.015679
0.015735
0.015806
0.015655
0.015815
0.015758
0.015827
0.015725
0.015681
0.015688
0.015792
0.015669
0.015674
0.015685
0.015692
0.015766
0.015788
0.015656
0.015652
0.015660
0.015616
0.015654
0.015637
0.015690
0.015635
0.015646
0.015658
0.015552
0.015520
0.015677
0.015495
0.015618
0.015566
0.015793
0.015771
0.015666
0.015604
0.015746
0.015682
0.015743
0.015752
0.015615
0.015724
0.015759
0.015778
0.015712
0.015668
0.015754
0.015621
0.015714
0.015676
0.015519
0.015465
0.015810
0.015623
0.015669
0.015670
0.015620
0.015651
0.015698
0.015667
0.015691
0.015792
0.015724
0.015692
0.015763
0.015680
0.015652
0.015612
0.015630
0.015729
0.015793
0.015822
0.015823
0.015713
0.015862
0.015688
0.015749
0.015688
0.015822
0.015668
0.015676
0.015736
0.015611
0.015549
0.015642
0.015698
0.015724
0.015636
0.015698
0.015724
0.015734
0.015720
0.015689
0.015619
0.015723
0.015575
0.015741
0.015613
0.015771
0.015527
0.015869
0.015668
0.015866
0.015662
0.015615
0.015624
0.015737
0.015568
0.015760
0.015624
0.015711
0.015569
0.015730
0.015596
0.015584
0.015488
0.015722
0.015655
0.015704
0.015651
0.015815
0.015700
0.015656
0.015660
0.015662
0.015554
0.015623
0.015521
0.015789
0.015502
0.015601
0.015547
0.015765
0.015655
0.015650
0.015584
0.015760
0.015714
0.015769
0.015681
0.015736
0.015753
0.015683
0.015655
0.015710
0.015552
0.015540
0.015641
0.015785
0.015709
0.015683
0.015710
0.015825
0.015812
0.015689
0.015814
0.015717
0.015823
0.015830
0.015653
0.015681
0.015641
0.015773
0.015544
0.015515
0.015716
0.015714
0.015552
0.015588
0.015605
0.015585
0.015643
0.015825
0.015795
0.015936
0.015847
0.015691
0.015721
0.015718
0.015689
0.015684
0.015738
0.015751
0.015751
0.015725
0.015635
0.015723
0.015865
0.015566
0.015612
0.015548
0.015625
0.015514
0.015530
0.015620
0.015653
0.015520
0.015683
0.015741
0.015804
0.015789
0.015562
0.015745
0.015635
0.015638
0.015516
0.015601
0.015680
0.015644
0.015613
0.015593
0.015588
0.015752
0.015652
0.015765
0.015659
0.015767
0.015674
0.015691
0.015674
0.015647
0.015727
0.015608
0.015520
0.015566
0.015609
0.015705
0.015696
0.015534
0.015606
0.015570
0.015639
0.015679
0.015709
0.015763
0.015503
0.015667
0.015507
0.015684
0.015632
0.015682
0.015749
0.015803
0.015763
0.015782
0.015542
0.015558
0.015485
0.015611
0.015649
0.015675
0.015752
0.015718
0.015603
0.015628
0.015979
0.015762
0.015954
0.015643
0.015667
0.015699
0.015672
0.015646
0.015697
0.015685
0.015799
0.015707
0.015748
0.015674
0.015796
0.015680
0.015885
0.015744
0.015848
0.015688
0.015751
0.015815
0.015807
0.015580
0.015755
0.015631
0.015565
0.015546
0.015694
0.015748
0.015533
0.015629
0.015618
0.015736
0.015701
0.015731
0.015807
0.015641
0.015899
0.015739
0.015865
0.015632
0.015852
0.015694
0.015746
0.015612
0.015796
0.015694
0.015665
0.015734
0.015712
0.015692
0.015765
0.015683
0.015896
0.015661
0.015629
0.015626
0.015641
0.015523
0.015668
0.015626
0.015669
0.015641
0.015754
0.015813
0.015871
0.015722
0.015791
0.015734
0.015769
0.015628
0.015739
0.015681
0.015850
0.015621
0.015707
0.015812
0.015667
0.015637
0.015734
0.015519
0.015714
0.015735
0.015666
0.015611
0.015677
0.015665
0.015647
0.015601
0.015633
0.015625
0.015875
0.015798
0.015774
0.015657
0.015795
0.015605
0.015653
0.015593
0.015812
0.015672
0.015751
0.015758
0.015641
0.015688
0.015614
0.015628
0.015628
0.015726
0.015755
0.015605
0.015626
0.015702
0.015711
0.015603
0.015541
0.015624
0.015661
0.015699
0.015637
0.015757
0.015700
0.015600
0.015660
0.015599
0.015679
0.015562
0.015714
0.015779
0.015725
0.015638
0.015563
0.015717
0.015737
0.015708
0.015621
0.015741
0.015677
0.015567
0.015731
0.015475
0.015710
0.015553
0.015740
0.015741
0.015522
0.015619
0.015709
0.015781
0.015752
0.015635
0.015623
0.015640
0.015671
0.015542
0.015615
0.015590
0.015623
0.015654
0.015672
0.015682
0.015613
0.015471
0.015665
0.015622
0.015648
0.015621
0.015625
0.015578
0.015705
0.015502
0.015663
0.015633
0.015636
0.015642
0.015510
0.015666
0.015546
0.015687
0.015617
0.015675
0.015754
0.015660
0.015588
0.015654
0.015578
0.015593
0.015627
0.015604
0.015653
0.015680
0.015574
0.015624
0.015643
0.015628
0.015640
0.015573
0.015562
0.015620
0.015461
0.015613
0.015590
0.015591
0.015591
0.015589
0.015698
0.015773
0.015649
0.015838
0.015699
0.015666
0.015596
0.015640
0.015597
0.015770
0.015633
0.015690
0.015745
0.015706
0.015594
0.015393
0.015561
0.015672
0.015628
0.015489
0.015584
0.015596
0.015675
0.015506
0.015577
0.015603
0.015717
0.015597
0.015680
0.015641
0.015662
0.015620
0.015760
0.015707
0.015672
0.015783
0.015709
0.015708
0.015659
0.015626
0.015804
0.015728
0.015495
0.015750
0.015587
0.015675
0.015669
0.015669
0.015693
0.015603
0.015694
0.015632
0.015632
0.015759
0.015733
0.015601
0.015609
0.015736
0.015670
0.015573
0.015641
0.015628
0.015732
0.015601
0.015615
0.015633
0.015564
0.015501
0.015684
0.015495
0.015478
0.015442
0.015557
0.015598
0.015533
0.015638
0.015643
0.015804
0.015780
0.015530
0.015737
0.015726
0.015641
0.015605
0.015558
0.015746
0.015775
0.015766
0.015685
0.015714
0.015703
0.015622
0.015633
0.015676
0.015639
0.015734
0.015799
0.015662
0.015633
0.015694
0.015692
0.015549
0.015603
0.015718
0.015689
0.015643
0.015683
0.015852
0.015625
0.015545
0.015538
0.015687
0.015688
0.015613
0.015626
0.015666
0.015707
0.015642
0.015748
0.015953
0.015965
0.015780
0.015847
0.015725
0.015697
0.015808
0.015651
0.015750
0.015714
0.015845
0.015792
0.015787
0.015886
0.015692
0.015781
0.015695
0.015642
0.015528
0.015763
0.015706
0.015784
0.015778
0.015905
0.015746
0.015872
0.015692
0.015886
0.015786
0.015830
0.015601
0.015697
0.015789
0.015768
0.015705
0.015805
0.015656
0.015700
0.015634
0.015782
0.015684
0.015752
0.015723
0.015813
0.015793
0.015724
0.015713
0.015584
0.015749
0.015723
