10.156650
10.160219
10.161504
10.162745
10.165654
10.163900
10.162782
10.176545
10.172366
10.171024
10.171970
10.165351
10.167724
10.170286
10.161237
10.169417
10.167818
10.165198
10.163574
10.164461
10.169576
10.176691
10.168560
10.164064
10.164842
10.164957
10.163727
10.166810
10.166282
10.169508
10.170055
10.173965
10.166596
10.166525
10.159272
10.170769
10.169726
10.182259
10.166558
10.169885
10.164284
10.168259
10.212979
10.222971
10.228305
10.207763
10.213386
10.215520
10.181640
10.179431
10.182808
10.176896
10.180427
10.174830
10.167437
10.166757
10.165203
10.161981
10.175358
10.179205
10.180019
10.179589
10.180666
10.169804
10.175630
10.168498
10.174879
10.161108
10.166974
10.166756
10.163147
10.161861
10.171503
10.172289
10.173476
10.167501
10.173758
10.177785
10.172016
10.166972
10.189423
10.188378
10.176085
10.170835
10.174828
10.168602
10.170062
10.171849
10.185677
10.169770
10.169704
10.169086
10.171574
10.187801
10.179253
10.164975
10.170155
10.167806
10.171065
10.166797
10.167136
10.165194
10.164911
10.167756
10.164139
10.255051
10.229233
10.208133
10.210025
10.230826
10.226445
10.220393
10.191424
10.197534
10.206098
10.188694
10.177821
10.192271
10.171748
10.176328
10.172712
10.170861
10.163842
10.165890
10.158051
10.158319
10.166132
10.168016
