10.182083
10.164342
10.179831
10.172207
10.167814
10.171134
10.166623
10.160172
10.163540
10.168078
10.160283
10.162940
10.169840
10.162308
10.169519
10.167376
10.162792
10.165616
10.171733
10.171417
10.157291
10.222349
10.207570
10.191018
10.222658
10.199297
10.187361
10.185340
10.201478
10.192243
10.183368
10.172215
10.165012
10.181824
10.179082
10.184386
10.169368
10.159221
10.167686
10.174873
10.156619
10.161545
10.156342
10.160356
10.159524
10.170110
10.160131
10.167476
10.157813
10.164645
10.172385
10.175999
10.171764
10.171295
10.166575
10.168426
10.174182
10.166158
10.174962
10.172768
10.166517
10.173457
10.168655
10.161401
10.165470
10.163328
10.168924
10.162744
10.163318
10.159762
10.162354
10.173349
10.168666
10.172605
10.163097
10.158356
10.168194
10.185945
10.173655
10.162724
10.176799
10.175858
10.175389
10.171676
10.210428
10.224293
10.222014
10.203663
10.191383
10.201634
10.189960
10.185430
10.173670
10.192921
10.175936
10.172994
10.175165
10.181088
10.177623
10.180702
10.172060
10.172694
10.179549
10.184010
10.181910
10.172627
10.177502
10.175827
10.176209
10.159137
10.161134
10.159005
10.166021
10.162405
10.162931
10.161676
10.173444
10.173985
10.166914
10.161546
10.171482
10.165594
10.168441
10.168654
10.174695
10.178499
10.167087
10.168027
