10.265759
10.225018
10.193969
10.217381
10.223194
10.230846
10.217256
10.205384
10.206698
10.192637
10.185756
10.198920
10.225513
10.203941
10.198065
10.188729
10.192375
10.195442
10.202954
10.199664
10.199144
10.200512
10.178955
10.198205
10.205024
10.191915
10.189143
10.190624
10.191541
10.189186
10.183999
10.185468
10.206177
10.182746
10.171957
10.180606
10.175249
10.169098
10.188937
10.176756
10.172957
10.164399
10.174826
10.182189
10.179937
10.179570
10.168556
10.169550
10.169428
10.165334
10.220759
10.201152
10.186036
10.175277
10.182802
10.187361
10.184922
10.170965
10.174026
10.209728
10.197474
10.184467
10.170199
10.193326
10.174876
10.186033
10.192166
10.183214
10.177231
10.169560
10.182131
10.180516
10.169325
10.171508
10.183480
10.174394
10.173968
10.172440
10.173744
10.172104
10.178116
10.176210
10.172825
10.175382
10.176671
10.167927
10.169379
10.175092
10.168460
10.166385
10.162130
10.173150
10.167561
10.162625
10.167009
10.167177
10.165653
10.167830
10.165349
10.173922
10.176376
10.172933
10.168117
10.166708
10.172978
10.175916
10.163864
10.174081
10.177450
10.175710
10.177022
10.178792
10.172747
10.175987
10.170590
10.177300
10.182493
10.188171
10.173548
10.180320
10.163808
10.175235
10.163364
10.174906
10.171472
10.165996
10.161237
10.163994
