10.198364
10.193008
10.206684
10.170516
10.169031
10.174361
10.171785
10.256422
10.231918
10.196006
10.188483
10.176236
10.172062
10.191230
10.173835
10.179910
10.185103
10.176485
10.171511
10.168319
10.163311
10.167538
10.161185
10.160819
10.161735
10.171069
10.171265
10.156861
10.170934
10.158212
10.170731
10.180029
10.178657
10.177351
10.176765
10.177287
10.168765
10.178027
10.167096
10.184813
10.184655
10.179151
10.168448
10.169077
10.160198
10.167728
10.165367
10.163207
10.168851
10.162559
10.166100
10.163944
10.168708
10.176031
10.171174
10.169477
10.158093
10.167332
10.174550
10.169878
10.160464
10.169718
10.183238
10.168883
10.174889
10.175710
10.171897
10.171409
10.164721
10.164237
10.220505
10.234739
10.217415
10.213563
10.216433
10.219486
10.203728
10.195772
10.199038
10.206928
10.197246
10.180584
10.186431
10.182368
10.174360
10.174993
10.171409
10.158944
10.171415
10.162861
10.164954
10.161995
10.171953
10.169948
10.165027
10.162708
10.171672
10.172341
10.172206
10.173365
10.172708
10.167269
10.173944
10.159261
10.173577
10.163874
10.168740
10.172882
10.168132
10.161539
10.177941
10.174541
10.171611
10.169434
10.171741
10.168577
10.156392
10.164316
10.172800
10.165311
10.172290
10.171975
10.169993
10.164270
10.169654
10.168198
10.172348
10.168763
