10.200088
10.181572
10.179237
10.185481
10.188506
10.173336
10.178935
10.165970
10.162554
10.169549
10.165617
10.165721
10.162199
10.159608
10.169253
10.166788
10.169062
10.164605
10.174185
10.171555
10.166217
10.239099
10.213102
10.201375
10.193817
10.183660
10.188552
10.179509
10.184469
10.191351
10.181343
10.178286
10.176940
10.177413
10.176063
10.178619
10.169232
10.174457
10.184768
10.173308
10.173639
10.172132
10.172959
10.174084
10.164566
10.166585
10.168579
10.182779
10.162154
10.165017
10.165975
10.166881
10.166604
10.167761
10.167631
10.179238
10.171743
10.156976
10.163099
10.165906
10.161753
10.163209
10.156390
10.154044
10.166499
10.164833
10.161457
10.166905
10.166615
10.163222
10.160291
10.160738
10.169245
10.166104
10.160513
10.168368
10.174047
10.167771
10.163803
10.167818
10.165722
10.172636
10.171927
10.172751
10.237628
10.197064
10.192424
10.213898
10.175377
10.180873
10.170648
10.169169
10.169472
10.172599
10.176411
10.171618
10.164631
10.162532
10.164754
10.158714
10.155359
10.175355
10.167246
10.168596
10.181482
10.181960
10.170560
10.170654
10.178229
10.185003
10.165980
10.167868
10.167078
10.164242
10.163185
10.164541
10.173441
10.165780
10.162795
10.165724
10.169987
10.178596
10.156266
10.163174
10.166335
10.173579
10.211608
10.226246
