10.262902
10.251796
10.216164
10.250253
10.229565
10.212276
10.187197
10.201203
10.183376
10.174126
10.189416
10.192954
10.183013
10.175140
10.176685
10.172342
10.175591
10.171111
10.165661
10.174618
10.183759
10.225205
10.228192
10.210217
10.214582
10.225242
10.208039
10.195314
10.190428
10.178218
10.183432
10.170561
10.173183
10.172530
10.163673
10.163207
10.173803
10.166809
10.180837
10.169818
10.173866
10.166282
10.184228
10.172167
10.169679
10.170730
10.171653
10.168105
10.164697
10.162490
10.166042
10.163050
10.166137
10.162866
10.169266
10.164065
10.169825
10.167864
10.173132
10.162640
10.172855
10.168802
10.175533
10.235108
10.237707
10.207582
10.190696
10.183647
10.173447
10.178804
10.172658
10.166438
10.188412
10.165504
10.167847
10.165836
10.173877
10.161902
10.169652
10.165893
10.165455
10.162168
10.163067
10.159223
10.161325
10.169895
10.174169
10.167668
10.173502
10.172801
10.175326
10.171152
10.168390
10.162325
10.169517
10.175662
10.167346
10.168340
10.163927
10.169641
10.170640
10.176605
10.159834
10.177877
10.171060
10.222910
10.222077
10.218469
10.218056
10.195523
10.194907
10.199651
10.190933
10.184862
10.175550
10.184327
10.180956
10.191927
10.174632
10.182865
10.198600
10.170385
10.167842
10.162201
10.163274
10.166501
10.162819
10.174573
