10.167998
10.162975
10.157879
10.165342
10.160042
10.160170
10.170330
10.168008
10.160158
10.161620
10.164704
10.173924
10.168495
10.171723
10.166198
10.173348
10.166555
10.159513
10.163715
10.175155
10.171213
10.168948
10.173594
10.171895
10.167678
10.173461
10.169536
10.175657
10.175980
10.176602
10.172965
10.164024
10.169628
10.171863
10.178022
10.188364
10.181515
10.181366
10.165321
10.179760
10.177299
10.174110
10.163607
10.162950
10.165963
10.168114
10.170232
10.168318
10.164588
10.167664
10.162682
10.171598
10.171512
10.164888
10.160568
10.165782
10.161103
10.164708
10.177722
10.174589
10.175268
10.177175
10.169223
10.174483
10.161129
10.175410
10.166645
10.166863
10.169849
10.160703
10.159702
10.154979
10.164510
10.168084
10.176863
10.157045
10.162658
10.161915
10.171912
10.165636
10.174085
10.177333
10.186191
10.168443
10.163110
10.178956
10.174751
10.165691
10.164324
10.184903
10.173913
10.184224
10.170640
10.171094
10.164938
10.169393
10.174898
10.172401
10.166715
10.160681
10.174834
10.173461
10.215244
10.194939
10.181996
10.187255
10.166725
10.164579
10.190177
10.177607
10.164403
10.191956
10.179362
10.167906
10.170772
10.181639
10.172252
10.179451
10.172174
10.175227
10.170287
10.167137
10.170584
10.166395
10.174160
10.167425
10.167047
10.165487
