10.169782
10.162829
10.169143
10.157163
10.159867
10.163068
10.159857
10.161914
10.162947
10.166178
10.160626
10.165727
10.164308
10.158790
10.162012
10.175912
10.168447
10.170036
10.162522
10.160665
10.165166
10.173605
10.170571
10.163305
10.165116
10.165146
10.175817
10.161655
10.210642
10.201494
10.202766
10.199556
10.195512
10.194074
10.200256
10.173374
10.160963
10.172667
10.185914
10.184260
10.171402
10.193825
10.173917
10.182279
10.188801
10.170392
10.170425
10.181797
10.191804
10.167571
10.171080
10.168220
10.166185
10.165908
10.164339
10.163970
10.164969
10.168723
10.169452
10.173523
10.165404
10.170711
10.166409
10.167129
10.175539
10.168076
10.168316
10.174273
10.164157
10.162866
10.174192
10.167635
10.164872
10.164889
10.165513
10.168792
10.162327
10.162582
10.166924
10.176181
10.173945
10.173007
10.172402
10.174599
10.174189
10.177533
10.169485
10.161291
10.169180
10.172631
10.173987
10.223661
10.229584
10.219790
10.221009
10.207454
10.211024
10.226288
10.197147
10.190498
10.194478
10.192921
10.183459
10.182248
10.178522
10.175079
10.172725
10.171220
10.169341
10.167299
10.161669
10.174868
10.176298
10.170371
10.164146
10.172147
10.171102
10.173945
10.166955
10.178415
10.162695
10.161019
10.167453
10.165234
10.162629
10.162204
10.161713
10.161193
