10.176968
10.195251
10.199911
10.191086
10.192894
10.186117
10.198488
10.190492
10.175800
10.176860
10.195783
10.178577
10.174397
10.162516
10.173742
10.165972
10.173404
10.166971
10.176680
10.165468
10.169109
10.180590
10.183217
10.178459
10.171155
10.172529
10.162531
10.168258
10.169063
10.160451
10.168972
10.173875
10.174827
10.165181
10.164416
10.173799
10.163381
10.158025
10.169088
10.164794
10.170527
10.157008
10.230219
10.186323
10.190353
10.184846
10.182112
10.163947
10.183944
10.180241
10.160443
10.173754
10.176474
10.169717
10.174191
10.166894
10.178087
10.168655
10.176966
10.171361
10.170433
10.163329
10.161760
10.164851
10.164324
10.169753
10.162729
10.167443
10.165916
10.173825
10.172421
10.173514
10.162596
10.162080
10.162311
10.174422
10.173690
10.172432
10.174436
10.162748
10.168738
10.177644
10.178996
10.166401
10.163109
10.171284
10.176294
10.162454
10.167983
10.171301
10.173574
10.171745
10.157900
10.163671
10.160453
10.169016
10.173062
10.173923
10.177360
10.153483
10.158022
10.160540
10.172716
10.168475
10.168501
10.232002
10.235461
10.214510
10.225384
10.184666
10.210267
10.191456
10.181833
10.165905
10.187031
10.178511
10.173386
10.176474
10.189314
10.165437
10.183946
10.181007
10.178412
10.169704
10.167440
10.177858
10.172968
10.182308
