10.168475
10.172447
10.164222
10.168571
10.171125
10.167603
10.167137
10.171148
10.173063
10.168010
10.181182
10.179622
10.169359
10.164882
10.167453
10.163342
10.178349
10.175573
10.166987
10.224682
10.196991
10.187786
10.224889
10.218591
10.207280
10.194456
10.177130
10.176426
10.175512
10.183319
10.174403
10.185280
10.172967
10.171761
10.168003
10.178372
10.163265
10.172925
10.165651
10.161231
10.165366
10.165391
10.161256
10.162681
10.171557
10.170765
10.157167
10.175121
10.166632
10.169210
10.166898
10.167603
10.176223
10.170445
10.156561
10.159721
10.168461
10.171065
10.172430
10.163489
10.158286
10.251599
10.220131
10.200698
10.210917
10.209093
10.202750
10.197487
10.194221
10.179275
10.167381
10.176570
10.189215
10.186123
10.169107
10.172368
10.172465
10.163595
10.163696
10.160860
10.179011
10.165492
10.164555
10.161412
10.164082
10.162364
10.166849
10.168462
10.159908
10.163626
10.165752
10.167082
10.170957
10.175656
10.163267
10.165863
10.162202
10.169261
10.169047
10.172600
10.163140
10.162261
10.164050
10.173560
10.168892
10.178885
10.173955
10.164152
10.158590
10.170216
10.169295
10.168203
10.155895
10.161504
10.169105
10.165324
10.161299
10.166885
10.168303
10.178826
10.162894
10.159926
10.166053
10.177817
10.254013
10.217805
10.210437
10.211029
