10.258426
10.226598
10.193966
10.201269
10.205982
10.211010
10.209165
10.192336
10.200376
10.188423
10.185658
10.181906
10.170456
10.169882
10.172215
10.171862
10.169260
10.168929
10.174502
10.167526
10.165048
10.216866
10.235719
10.223369
10.209836
10.211837
10.210208
10.200224
10.197452
10.178047
10.198803
10.192641
10.171298
10.182689
10.182581
10.181408
10.176535
10.165978
10.170864
10.169393
10.178656
10.165050
10.169773
10.162715
10.166551
10.165627
10.166459
10.166293
10.171322
10.166504
10.175828
10.164921
10.165469
10.161498
10.162466
10.163937
10.170139
10.171919
10.169117
10.163431
10.167414
10.171487
10.170135
10.183625
10.185925
10.174756
10.168043
10.170377
10.169555
10.170851
10.160229
10.164338
10.163970
10.167001
10.170879
10.169389
10.170785
10.164718
10.169034
10.167760
10.172688
10.168423
10.169987
10.177083
10.237887
10.211692
10.185951
10.197000
10.193148
10.175800
10.181555
10.185513
10.174748
10.168064
10.193746
10.180813
10.183436
10.184266
10.180104
10.175287
10.169985
10.162884
10.157698
10.170102
10.178799
10.161994
10.167137
10.164123
10.161878
10.158947
10.162021
10.158724
10.169626
10.164104
10.158123
10.158077
10.154353
10.167098
10.164609
10.161766
10.171448
10.166346
10.181133
10.174904
10.171095
10.166812
10.163851
10.172217
