10.176922
10.174018
10.171740
10.178294
10.188747
10.176594
10.165555
10.180499
10.175370
10.181490
10.232606
10.252835
10.217623
10.223869
10.240873
10.227996
10.169714
10.175226
10.174482
10.174024
10.177242
10.177624
10.170116
10.160289
10.155278
10.166278
10.166426
10.186671
10.174273
10.168306
10.171333
10.172298
10.166748
10.165267
10.168189
10.170100
10.166612
10.159777
10.162877
10.170801
10.170103
10.161125
10.161925
10.160767
10.170186
10.173411
10.176216
10.171849
10.167816
10.168275
10.161093
10.172570
10.233432
10.220099
10.194055
10.197196
10.177371
10.174997
10.182653
10.177016
10.172686
10.183878
10.181198
10.185681
10.187524
10.182838
10.174996
10.175840
10.188675
10.176331
10.168493
10.172083
10.162600
10.236900
10.231275
10.213817
10.198168
10.171466
10.174240
10.180704
10.159854
10.180996
10.179193
10.162881
10.189987
10.192210
10.175775
10.185057
10.179448
10.165847
10.162851
10.159451
10.163760
10.160901
10.172553
10.167916
10.165378
10.165718
10.163927
10.177275
10.171970
10.182294
10.180485
10.168275
10.168398
10.164289
10.166907
10.171423
10.168317
10.166640
10.168411
10.165718
10.159293
10.171530
10.177262
10.218536
10.231818
10.227965
10.205548
10.204180
10.199337
10.202195
10.198874
10.188706
10.175975
10.169156
10.170326
10.177576
