10.177358
10.169524
10.175850
10.185316
10.163833
10.178075
10.177842
10.170551
10.168690
10.172359
10.169290
10.164792
10.182699
10.175505
10.175667
10.176032
10.163289
10.173151
10.176186
10.188065
10.186427
10.178246
10.174834
10.177952
10.166897
10.171800
10.187996
10.180295
10.166344
10.169279
10.169690
10.170117
10.172283
10.167149
10.172118
10.179582
10.174078
10.228569
10.206928
10.211565
10.213693
10.184728
10.203321
10.219646
10.211603
10.203280
10.198831
10.174765
10.195884
10.190533
10.192556
10.167411
10.173398
10.178367
10.175750
10.178552
10.166531
10.174759
10.185798
10.176615
10.188099
10.184999
10.185902
10.169539
10.170170
10.168950
10.170225
10.169846
10.168589
10.169729
10.164862
10.171960
10.175087
10.169253
10.171051
10.180638
10.181095
10.174958
10.174649
10.185742
10.178112
10.172904
10.172010
10.168933
10.170067
10.184328
10.180815
10.176096
10.164694
10.174787
10.179875
10.176713
10.181922
10.185667
10.188492
10.174498
10.164207
10.172426
10.171559
10.168006
10.240004
10.230664
10.207835
10.213433
10.189797
10.190384
10.199441
10.188949
10.185352
10.193970
10.184704
10.177347
10.187369
10.178174
10.165834
10.176271
10.186796
10.174481
10.188468
10.184814
10.179988
10.177643
10.177307
10.165705
10.167921
10.175092
10.181047
10.170054
