10.178557
10.174141
10.177085
10.168221
10.171125
10.214271
10.188210
10.185904
10.198162
10.201409
10.188588
10.187705
10.186831
10.170377
10.165706
10.180680
10.186583
10.186822
10.186174
10.183733
10.171739
10.174513
10.164510
10.163854
10.169406
10.173915
10.173575
10.159706
10.173425
10.170694
10.177446
10.176629
10.164611
10.162950
10.159201
10.165890
10.165688
10.169443
10.167628
10.163333
10.156521
10.159075
10.166475
10.170922
10.171599
10.167996
10.167466
10.180207
10.165579
10.162100
10.175762
10.179773
10.168928
10.165528
10.162285
10.170290
10.166360
10.184292
10.181680
10.176880
10.169158
10.166209
10.167077
10.172164
10.166855
10.160900
10.159865
10.167766
10.246489
10.246619
10.202187
10.175335
10.197632
10.182274
10.190915
10.186305
10.175152
10.199114
10.196401
10.192487
10.206220
10.181442
10.177667
10.179567
10.184544
10.180389
10.163953
10.166925
10.158185
10.172769
10.174045
10.167756
10.169781
10.165675
10.171811
10.175990
10.178534
10.165986
10.175684
10.173068
10.177394
10.168995
10.177982
10.173379
10.169634
10.163076
10.173994
10.163891
10.163238
10.164189
10.162821
10.156057
10.170313
10.181461
10.185672
10.164506
10.164965
10.168532
10.178504
10.169391
10.167381
10.171950
10.172378
10.161059
10.167742
10.166423
10.179557
10.162143
