10.172596
10.162741
10.165833
10.176064
10.177173
10.172647
10.176141
10.170294
10.177961
10.164325
10.168193
10.172766
10.171605
10.171102
10.162825
10.167775
10.159012
10.161114
10.162312
10.236921
10.220713
10.205042
10.185605
10.188618
10.182609
10.176074
10.211158
10.216322
10.212092
10.200402
10.187692
10.199295
10.202378
10.188416
10.178857
10.183960
10.197143
10.175999
10.172756
10.172724
10.173057
10.166414
10.173743
10.160436
10.170025
10.179653
10.172565
10.165202
10.165353
10.173686
10.173381
10.156483
10.163508
10.156728
10.164920
10.166078
10.164307
10.166912
10.165192
10.161256
10.166359
10.249993
10.223265
10.200797
10.207764
10.208506
10.181967
10.186340
10.206631
10.188371
10.183572
10.186623
10.188492
10.180025
10.170463
10.164441
10.161018
10.165987
10.176106
10.174603
10.174079
10.160606
10.235328
10.230025
10.215581
10.234316
10.236478
10.213237
10.188067
10.186616
10.174764
10.183545
10.181523
10.184446
10.208228
10.195986
10.179667
10.197042
10.206071
10.199885
10.183403
10.182428
10.176588
10.166336
10.162523
10.170607
10.172427
10.174864
10.163199
10.176223
10.167432
10.160126
10.168925
10.162843
10.171264
10.172310
10.164093
10.165337
10.167612
10.177158
10.170387
10.166939
10.166186
10.170471
10.244154
10.210175
10.197882
10.169704
