10.172424
10.160319
10.164454
10.168707
10.167876
10.166183
10.172619
10.184642
10.165398
10.167093
10.164737
10.176634
10.174893
10.168470
10.170891
10.182513
10.167192
10.172568
10.171829
10.237580
10.194398
10.201881
10.205727
10.193864
10.220867
10.182304
10.166467
10.167056
10.169327
10.163649
10.166243
10.169465
10.158717
10.164634
10.164409
10.166145
10.177099
10.168932
10.164999
10.170215
10.167100
10.162925
10.163848
10.155804
10.167409
10.168745
10.169443
10.166038
10.161867
10.156760
10.163328
10.169917
10.165165
10.167622
10.167078
10.174589
10.169313
10.168665
10.160725
10.161740
10.166244
10.234618
10.213405
10.205205
10.210020
10.207390
10.200321
10.186953
10.173266
10.186128
10.187440
10.179506
10.189397
10.165449
10.162745
10.165815
10.157683
10.166307
10.165142
10.175230
10.169031
10.164517
10.166440
10.162284
10.166005
10.164521
10.175305
10.161542
10.163161
10.162085
10.171898
10.170057
10.189011
10.175311
10.183345
10.167459
10.170515
10.168497
10.163124
10.172607
10.171281
10.173031
10.169990
10.218913
10.205404
10.211966
10.185574
10.192422
10.194941
10.175545
10.174560
10.184995
10.183006
10.165716
10.195126
10.189865
10.186729
10.183347
10.178358
10.179735
10.183561
10.172752
10.187156
10.163619
10.175781
10.168093
10.179687
10.169351
