10.193202
10.175436
10.185663
10.181066
10.172182
10.167786
10.179646
10.167013
10.171161
10.170369
10.171342
10.168507
10.168378
10.180765
10.176853
10.174273
10.168509
10.169140
10.163167
10.172938
10.170356
10.175661
10.166922
10.159454
10.166087
10.173629
10.175652
10.169315
10.170337
10.177504
10.174428
10.173444
10.176511
10.167742
10.161174
10.168673
10.172837
10.163948
10.165400
10.163640
10.166935
10.161429
10.157465
10.160906
10.222330
10.204380
10.193461
10.191589
10.201164
10.205034
10.183500
10.170929
10.180540
10.182798
10.174263
10.173917
10.174780
10.169705
10.174721
10.169677
10.170241
10.163749
10.167511
10.167277
10.172834
10.175607
10.170850
10.173375
10.171054
10.167514
10.178219
10.167545
10.169669
10.169918
10.170550
10.178510
10.161433
10.164618
10.160082
10.167386
10.172906
10.170394
10.165726
10.164800
10.169246
10.181667
10.172225
10.164002
10.177341
10.173907
10.176752
10.163806
10.163710
10.164541
10.173032
10.170175
10.160274
10.166816
10.171374
10.170985
10.168169
10.163926
10.169022
10.167624
10.168070
10.171908
10.163635
10.235927
10.232314
10.212850
10.194875
10.199343
10.182306
10.180885
10.176688
10.182184
10.178013
10.174078
10.172661
10.191898
10.176933
10.173026
10.163220
10.168991
10.167557
10.159069
10.159245
10.167073
