10.171766
10.165210
10.163520
10.165596
10.154489
10.158533
10.173287
10.167774
10.163947
10.163009
10.176797
10.177942
10.155690
10.165389
10.165967
10.162323
10.177510
10.169105
10.155895
10.214888
10.213306
10.218867
10.203252
10.217512
10.227099
10.193275
10.159052
10.172267
10.170241
10.159739
10.163716
10.176028
10.172597
10.162685
10.169748
10.166619
10.171218
10.165361
10.161193
10.166762
10.155958
10.161747
10.163758
10.162788
10.160561
10.156486
10.154779
10.163482
10.167326
10.166420
10.159248
10.168048
10.160504
10.161928
10.170732
10.165015
10.185821
10.176593
10.169369
10.176844
10.173780
10.210545
10.182381
10.195370
10.198954
10.191268
10.183168
10.193598
10.175487
10.174745
10.198696
10.176145
10.172053
10.173117
10.183304
10.167535
10.170410
10.175249
10.195260
10.181149
10.182011
10.165089
10.173891
10.185825
10.178733
10.170488
10.166260
10.158817
10.173509
10.172438
10.172155
10.165799
10.162146
10.164215
10.174756
10.170783
10.160271
10.159406
10.172307
10.167217
10.162616
10.158105
10.155575
10.163674
10.162469
10.165183
10.167180
10.158092
10.163092
10.175328
10.175668
10.164629
10.173946
10.175780
10.163785
10.166807
10.172482
10.179170
10.167411
10.169008
10.168895
10.174598
10.160693
10.167452
10.232415
10.204540
10.182194
10.198525
