10.244658
10.221666
10.211008
10.183390
10.196044
10.185182
10.190722
10.199438
10.184624
10.166481
10.168675
10.173996
10.156709
10.168711
10.164845
10.165328
10.162780
10.169708
10.161680
10.163874
10.155827
10.164321
10.166631
10.160572
10.166533
10.167703
10.161625
10.168381
10.161723
10.163906
10.172761
10.172353
10.176352
10.162825
10.167253
10.175865
10.174017
10.169145
10.168876
10.172277
10.163846
10.167075
10.166937
10.174170
10.164195
10.162371
10.162584
10.158828
10.160617
10.157692
10.158875
10.162250
10.165930
10.163687
10.159785
10.158502
10.165812
10.171837
10.159843
10.165463
10.173803
10.219962
10.230095
10.224844
10.193056
10.189384
10.185708
10.164590
10.177793
10.183027
10.162800
10.167077
10.175137
10.171823
10.169119
10.170499
10.165265
10.159088
10.165484
10.171546
10.164121
10.171037
10.173420
10.173008
10.181230
10.191295
10.181022
10.179488
10.175748
10.176790
10.178935
10.171056
10.157739
10.166128
10.157848
10.157644
10.161125
10.167870
10.160768
10.157932
10.160908
10.162026
10.166456
10.208546
10.174328
10.182852
10.187618
10.175827
10.180307
10.180953
10.178067
10.170584
10.179521
10.167985
10.169029
10.169498
10.158398
10.169288
10.159686
10.165885
10.175800
10.170552
10.165529
10.172215
10.160265
10.163659
10.159175
10.159442
