10.260202
10.252505
10.216756
10.190161
10.173163
10.183271
10.182109
10.168296
10.162187
10.174708
10.164543
10.162055
10.162321
10.161234
10.168927
10.169150
10.165131
10.173412
10.166512
10.168125
10.162593
10.161004
10.156921
10.162030
10.158158
10.158359
10.166790
10.164283
10.159101
10.160171
10.228283
10.209308
10.192694
10.205825
10.192496
10.203631
10.188771
10.175415
10.164642
10.176207
10.181538
10.168879
10.180916
10.168685
10.160039
10.172041
10.168882
10.177530
10.189762
10.172444
10.172985
10.168886
10.166217
10.164963
10.171262
10.167255
10.163899
10.168151
10.168743
10.160336
10.170752
10.183263
10.158545
10.172592
10.173547
10.176736
10.162438
10.170597
10.172035
10.164046
10.160748
10.159833
10.163039
10.155279
10.167023
10.156995
10.164064
10.168721
10.163872
10.166222
10.169506
10.157471
10.158402
10.165278
10.167457
10.173175
10.166069
10.162111
10.164983
10.167104
10.160295
10.168622
10.167170
10.230292
10.215001
10.192438
10.202687
10.197913
10.217933
10.184105
10.197275
10.198802
10.196640
10.183476
10.185128
10.167707
10.169542
10.169231
10.172150
10.178620
10.170632
10.170221
10.160812
10.165035
10.165904
10.154490
10.161896
10.160193
10.176424
10.161259
10.164891
10.151333
10.160266
10.162709
10.155464
10.166779
10.161974
10.169017
