10.230659
10.217081
10.207887
10.184537
10.177787
10.223518
10.233450
10.223098
10.197255
10.196990
10.193506
10.182807
10.173904
10.175353
10.177422
10.177865
10.178060
10.173875
10.178944
10.183680
10.170375
10.173496
10.165813
10.158408
10.162212
10.175711
10.172062
10.168493
10.168802
10.159203
10.173599
10.171954
10.162400
10.161405
10.163923
10.168270
10.163627
10.169447
10.172958
10.163562
10.172572
10.171790
10.166538
10.172503
10.170005
10.173266
10.173778
10.170940
10.162539
10.164023
10.175978
10.173572
10.180746
10.182120
10.183412
10.172194
10.177058
10.187998
10.179016
10.176794
10.177157
10.173505
10.165048
10.172787
10.172761
10.177540
10.172437
10.177296
10.245398
10.250944
10.205944
10.204978
10.206760
10.221104
10.236201
10.226451
10.213083
10.209273
10.171412
10.176248
10.172152
10.182218
10.175150
10.183994
10.184178
10.171759
10.181049
10.175082
10.163942
10.170247
10.171291
10.168862
10.172075
10.170471
10.165576
10.172449
10.162574
10.164370
10.163633
10.160459
10.163059
10.172987
10.165494
10.164193
10.177236
10.168201
10.167558
10.164335
10.169842
10.168908
10.169534
10.164705
10.157148
10.164368
10.175821
10.170442
10.166865
10.168841
10.182854
10.243684
10.235432
10.190383
10.185658
10.170758
10.161903
10.158330
10.169966
10.169213
