10.171590
10.183143
10.178213
10.179542
10.170543
10.180744
10.172898
10.176629
10.170300
10.179294
10.178261
10.163853
10.178148
10.184137
10.184783
10.175766
10.175995
10.179016
10.176309
10.175280
10.177629
10.179122
10.172442
10.166988
10.167601
10.177110
10.165817
10.162876
10.171076
10.172335
10.169641
10.177241
10.175541
10.170535
10.174995
10.177050
10.166614
10.168144
10.164934
10.177321
10.166346
10.167248
10.163462
10.165653
10.166946
10.172610
10.170373
10.158447
10.159535
10.169024
10.162903
10.169270
10.164805
10.172790
10.181002
10.165324
10.170336
10.190640
10.186120
10.181117
10.175798
10.177289
10.172148
10.170641
10.174196
10.181797
10.163960
10.177996
10.176773
10.189592
10.163618
10.162072
10.172415
10.188189
10.187523
10.168105
10.167306
10.180468
10.192492
10.175420
10.173360
10.180739
10.182698
10.188093
10.177933
10.182224
10.176048
10.175030
10.182750
10.170139
10.168154
10.170900
10.160128
10.171877
10.174577
10.171555
10.175551
10.173599
10.169532
10.179174
10.175061
10.173074
10.162465
10.167452
10.175457
10.178445
10.165051
10.181290
10.175864
10.168182
10.179057
10.162544
10.180780
10.179650
10.171667
10.167712
10.170486
10.169259
10.176839
10.167054
10.167026
10.170982
10.175168
10.173089
10.173167
10.174491
10.177144
10.177706
