10.165543
10.163312
10.166539
10.226229
10.211423
10.210029
10.190387
10.198326
10.193799
10.175192
10.176531
10.165567
10.175952
10.178245
10.192614
10.167125
10.155394
10.165364
10.166196
10.181245
10.171729
10.166592
10.173462
10.162924
10.174160
10.175302
10.169801
10.173346
10.184755
10.179562
10.164538
10.163162
10.175819
10.165887
10.172752
10.173423
10.167726
10.177658
10.171445
10.164761
10.172989
10.166853
10.160571
10.163550
10.158544
10.162335
10.161904
10.164934
10.158068
10.161387
10.165188
10.165649
10.164151
10.163095
10.175123
10.183590
10.184459
10.167809
10.168400
10.181361
10.169302
10.171786
10.161593
10.171153
10.175833
10.172429
10.244392
10.221996
10.191504
10.222082
10.201116
10.191232
10.189223
10.180942
10.175625
10.178498
10.195210
10.194640
10.180245
10.173821
10.169655
10.182917
10.183182
10.165435
10.162206
10.166231
10.173174
10.157342
10.169024
10.172547
10.170902
10.177921
10.166248
10.171118
10.171236
10.164651
10.163974
10.156389
10.160868
10.166784
10.164035
10.162477
10.161149
10.185234
10.184386
10.169292
10.163200
10.175988
10.176665
10.163892
10.165679
10.160942
10.152819
10.163412
10.168376
10.178043
10.170878
10.169320
10.171129
10.159462
10.169322
10.164179
10.178589
10.172951
10.163951
10.165676
10.165202
10.172620
