10.168903
10.165646
10.163775
10.159649
10.166985
10.161247
10.165194
10.165987
10.154037
10.161946
10.173122
10.168134
10.164474
10.173217
10.167452
10.166858
10.167579
10.174975
10.161683
10.169416
10.168682
10.172541
10.174960
10.171873
10.163338
10.161277
10.165929
10.177289
10.167681
10.162053
10.171195
10.161564
10.182720
10.173244
10.167619
10.229501
10.225586
10.202314
10.160425
10.199496
10.180477
10.180507
10.165191
10.177988
10.165009
10.168546
10.165207
10.166100
10.162301
10.167295
10.165149
10.166634
10.167294
10.161019
10.168518
10.156342
10.163790
10.167524
10.163532
10.163416
10.168746
10.175749
10.165253
10.162762
10.168937
10.175666
10.170768
10.174430
10.169758
10.175171
10.170512
10.167981
10.174228
10.176848
10.170932
10.164767
10.172423
10.164676
10.178111
10.174739
10.161048
10.173691
10.184395
10.180939
10.167443
10.175174
10.178690
10.173602
10.163372
10.170365
10.167753
10.171457
10.181881
10.182030
10.165357
10.178337
10.164405
10.162091
10.232107
10.209643
10.198108
10.175432
10.173501
10.174670
10.164159
10.178063
10.162265
10.167974
10.179129
10.175000
10.159535
10.157140
10.167172
10.156072
10.163358
10.167499
10.164707
10.166382
10.168855
10.172444
10.161883
10.180974
10.175584
10.168517
10.163962
10.177598
10.167237
10.174340
