++STRT++
530681
0.000820
1454803
0.001977
394621
0.000619
362116
0.000574
368993
0.000538
527181
0.000735
2430977
0.003117
376327
0.000552
250344
0.000395
--STOP--
++STRT++
531572
0.000744
1458988
0.002026
394322
0.000608
361096
0.000612
369417
0.000539
529290
0.000782
2431711
0.003200
378111
0.000635
271715
0.000498
--STOP--
++STRT++
532035
0.000821
1458107
0.001942
394024
0.000724
373463
0.000636
382780
0.000602
++STRT++
--STOP--
530479
0.000742
1454835
0.001899
395280
0.000653
359402
0.000530
370971
0.000624
528556
0.000822
2436679
0.003173
374025
0.000547
253902
0.000519
--STOP--
++STRT++
532126
0.000743
1458057
0.001941
395803
0.000654
361228
0.000611
369934
0.000579
527715
0.000776
2434223
0.003204
380318
0.000639
247025
0.000433
--STOP--
