++STRT++
351
146
35
957
10
162
302
1953
4453
521
361
333
1213
64
120
217
2972
1892
81
344
12
741
16
166
3
3640
4247
73
131
53
807
67
150
47
1371
2850
45
100
13
905
14
149
5
1915
3138
100
102
39
737
56
367
219
2764
2907
94
134
56
817
51
160
44
1378
5538
83
98
55
870
47
173
1
1492
4242
78
105
52
979
56
121
1
2683
2855
45
102
42
728
11
152
3
1842
3063
--STOP--
++STRT++
87
146
48
860
11
128
0
3585
5621
46
99
46
993
52
158
1
2455
1793
47
132
66
773
68
153
42
1799
4277
78
677
12
859
406
152
313
3510
5598
46
110
49
1107
77
119
397
1439
2853
50
148
10
938
52
332
323
1400
2874
46
171
12
753
64
122
314
2734
4356
47
141
54
794
132
122
307
2593
6997
47
126
57
856
53
660
334
1852
5680
47
101
11
888
54
124
45
1831
1778
--STOP--
++STRT++
93
103
61
862
38
168
0
1405
3026
91
143
49
738
10
122
0
1825
1760
76
354
54
924
25
161
28
2632
1896
45
135
8
790
19
117
6
1809
1911
97
99
9
855
45
121
349
2650
2825
87
124
52
835
51
128
1
1740
3057
96
102
46
855
47
124
2
2557
1747
71
144
14
881
10
153
6
1839
2843
128
104
39
761
60
158
33
3457
5689
86
131
11
641
58
147
34
2463
4308
--STOP--
++STRT++
82
104
6
860
14
153
2
1434
2848
77
129
11
656
38
155
0
1396
3061
45
134
17
909
61
127
1
1794
1766
46
98
58
809
54
153
0
1830
1808
47
100
8
864
55
158
1
1417
3060
45
653
49
860
374
157
389
1760
2930
48
123
8
773
406
165
338
2607
3477
45
160
9
1036
393
157
305
2545
4226
674
410
38
1256
385
157
347
1898
4288
46
100
58
776
53
122
37
1766
2965
--STOP--
++STRT++
49
145
14
836
63
152
1
2665
3068
239
100
53
899
45
165
34
4638
2844
87
131
15
746
47
122
4
1908
5610
48
103
69
777
11
163
37
3638
4200
80
104
11
904
49
120
0
1721
2872
75
124
11
681
15
157
3
1849
4179
48
136
57
774
53
121
1
2671
5541
46
103
51
785
16
440
300
4662
2986
47
134
57
825
50
151
2
3373
4178
74
126
45
812
13
153
37
2637
2920
--STOP--
++STRT++
74
100
40
875
11
144
0
2755
2870
47
134
9
941
23
157
36
1842
2673
88
131
37
761
11
120
36
2709
1877
83
127
11
849
46
119
1
1409
4294
88
137
13
906
52
121
379
1466
1901
84
106
61
901
11
164
52
1807
4252
86
102
12
832
11
170
43
1748
5598
79
104
48
863
13
164
0
1937
5628
92
100
39
705
55
173
0
2690
1785
47
97
56
786
10
122
1
1418
1948
--STOP--
++STRT++
81
774
7
955
61
126
4
1402
2847
48
144
47
911
57
153
35
1429
2922
81
574
300
988
37
120
6
1441
1610
87
106
8
910
65
121
2
1355
2902
77
135
62
836
14
166
39
1840
4370
80
136
8
890
54
154
52
1415
1854
98
135
8
864
61
122
2
1352
2054
96
128
57
1031
9
172
7
2701
3103
84
101
53
868
17
119
38
1894
2875
85
557
50
893
48
120
352
2674
4240
--STOP--
++STRT++
48
125
11
763
51
121
2
1762
2933
93
137
10
848
44
123
69
1714
2703
90
100
9
692
9
160
46
2021
4110
91
135
56
753
49
124
2
1783
1896
91
138
45
880
57
121
6
3438
2771
48
135
9
744
48
154
49
1856
6871
99
100
57
1013
52
165
61
3560
1746
84
147
69
814
13
154
3
1397
3096
81
142
15
862
15
176
317
1397
4173
89
137
46
928
47
172
51
1805
4335
--STOP--
++STRT++
48
123
10
1031
50
125
1
1851
2674
48
100
33
711
52
121
0
1965
4335
82
102
10
945
63
166
42
1422
1822
86
100
15
859
54
124
4
1670
1808
335
393
582
804
16
121
531
1965
2975
49
457
9
1466
56
122
375
1843
3642
45
413
44
812
392
177
351
1517
3117
46
121
12
834
43
122
57
1429
2760
78
101
8
861
13
156
0
1503
2770
84
100
38
992
12
121
44
2718
1931
--STOP--
++STRT++
46
100
58
623
15
122
2
1796
2860
46
593
57
820
50
157
1
1999
2052
86
138
47
861
10
151
34
2862
2616
45
99
10
1003
15
119
0
1399
5561
84
116
38
827
16
145
42
2583
4298
45
99
12
888
16
164
46
1402
1876
47
100
60
943
12
121
2
1891
1818
85
125
54
896
12
121
0
1455
2793
83
152
44
984
61
123
1
1779
2899
87
668
54
872
101
165
369
1737
4260
--STOP--
++STRT++
95
102
9
960
49
161
0
1498
1947
87
99
50
921
12
125
36
2549
3019
46
142
10
851
11
139
290
2563
1966
87
126
11
903
62
159
50
1495
1783
47
100
8
829
16
162
0
1442
1830
46
99
15
899
59
119
36
1800
3177
88
136
42
841
19
121
29
2008
2838
45
155
11
949
69
150
44
1926
4046
45
100
37
918
52
125
0
1773
2943
46
573
341
915
68
158
297
1661
6874
--STOP--
++STRT++
49
128
74
977
380
121
275
2509
5728
81
609
55
1336
48
165
257
3040
2990
50
101
56
769
55
165
25
2703
4347
47
101
10
949
12
158
39
3491
1839
88
130
8
981
17
157
39
1900
3012
45
143
10
879
56
124
4
1463
2927
46
103
50
856
65
156
0
1932
5469
87
102
48
990
46
121
293
1861
1703
78
99
49
866
42
161
33
2569
2848
47
103
11
772
13
174
2
2435
2756
--STOP--
++STRT++
49
134
10
853
40
122
38
1720
5793
86
103
12
780
20
186
104
2643
4206
69
98
36
870
13
159
39
2497
1914
46
384
48
920
15
121
42
1517
3022
100
104
11
872
11
154
2
1451
2007
72
109
45
868
58
123
37
2671
2969
90
104
45
689
63
174
2
1415
4407
47
131
297
925
67
156
281
1893
2000
97
138
46
767
59
162
35
2650
2916
46
103
8
987
12
146
47
1823
2057
--STOP--
++STRT++
358
336
514
904
50
128
464
1957
4961
300
502
381
765
10
151
278
1742
2657
72
348
36
908
12
119
35
2656
2694
89
397
47
876
54
119
6
3618
2655
84
129
46
680
15
122
49
1446
2859
95
102
98
805
15
116
0
1915
2969
48
135
15
750
61
121
0
1822
2062
47
137
9
919
16
356
272
1807
3065
46
128
10
897
19
156
2
2060
2763
47
101
60
727
15
154
1
1587
2793
--STOP--
++STRT++
46
100
12
905
52
121
29
1817
5631
85
100
12
667
67
120
77
1769
1912
85
101
10
872
19
456
547
2623
1711
47
131
57
853
52
145
43
2493
1930
80
136
36
775
14
377
314
1384
2801
46
118
13
893
17
154
2
1572
3008
89
137
45
916
14
570
319
1381
1800
82
138
11
874
56
578
293
1757
2834
47
184
55
809
27
169
283
2678
5715
48
99
39
810
61
161
37
1349
1699
--STOP--
++STRT++
75
102
53
872
12
119
31
1773
4319
86
128
10
775
47
147
7
1374
1746
50
101
10
1024
64
126
34
2496
2789
48
99
9
781
65
119
60
1930
2899
49
136
15
820
49
120
32
1315
1650
46
102
10
865
13
122
1
1775
5585
48
568
11
965
13
122
1
1718
5346
48
102
10
617
361
154
301
1465
4218
88
623
44
850
79
153
311
1829
2702
50
174
9
821
555
167
496
1414
2011
--STOP--
++STRT++
83
99
70
967
69
122
3
1957
4338
46
570
10
791
67
124
0
2661
4240
82
418
44
823
19
124
31
1911
3047
97
125
11
632
43
124
36
1838
3025
97
137
11
660
69
123
33
1455
3008
47
423
286
722
45
119
293
2382
2938
348
417
77
1098
49
167
240
1867
1946
46
716
346
811
53
155
312
3575
1680
47
102
9
801
10
123
40
1451
2806
47
134
10
739
54
124
24
1754
1940
--STOP--
++STRT++
47
408
58
816
60
157
2
1806
4447
45
133
54
917
13
135
303
2662
2886
46
110
52
743
75
157
497
1316
1797
90
139
8
868
50
171
40
1344
1826
87
104
14
688
12
166
4
2309
2852
46
140
11
872
68
120
0
1425
2819
50
128
50
981
18
175
40
1874
1741
46
136
39
922
15
120
33
1952
4366
49
103
10
871
46
165
156
2625
4125
90
137
62
799
19
145
0
1861
2940
--STOP--
++STRT++
92
147
51
864
41
120
56
2572
2923
99
100
53
958
12
120
43
1796
4199
81
116
49
849
54
156
32
1338
2879
72
619
8
869
13
122
33
1792
1944
87
620
49
1388
16
127
384
1407
2943
47
155
11
835
11
156
292
1554
2899
87
101
35
819
10
155
0
1750
2796
93
108
32
818
11
125
0
1987
2873
95
105
9
834
50
125
46
1485
1859
88
99
13
852
15
123
57
3585
4280
--STOP--
++STRT++
73
593
9
876
10
162
500
1386
1772
46
589
51
842
14
123
0
1937
2680
80
132
10
874
50
161
0
1914
4214
48
100
51
699
46
121
0
1862
3023
46
133
9
1027
14
121
42
1892
3065
47
645
37
819
15
160
32
2596
1719
47
100
56
824
14
162
77
4575
2808
82
100
48
858
13
350
302
1384
3055
50
133
8
908
15
367
348
2686
1818
49
102
49
840
58
119
37
1354
2963
--STOP--
++STRT++
45
142
44
893
55
163
1
1731
2796
90
138
12
923
13
116
1
1380
2873
83
102
55
904
74
127
47
1478
2991
85
137
43
958
63
120
0
2851
1905
100
114
9
847
37
159
7
1785
4265
348
623
73
838
56
154
259
1873
1829
48
399
54
913
14
120
0
1844
2999
46
147
43
938
13
120
0
1795
3094
47
139
58
843
47
159
48
1868
1877
46
680
9
951
14
154
292
2000
5686
--STOP--
++STRT++
88
362
60
830
16
130
364
1884
1808
47
135
9
802
37
153
44
1703
4367
85
601
439
745
10
161
250
2094
3072
74
633
53
758
62
118
3
1877
4234
46
109
12
735
54
156
72
1678
3079
49
127
9
891
14
171
3
2003
3005
49
104
52
799
57
124
0
2778
3041
89
130
53
809
59
157
36
1651
1803
87
100
63
835
16
158
43
2620
2876
82
99
52
934
10
153
3
1425
5683
--STOP--
++STRT++
90
411
52
774
61
165
40
1962
4445
80
569
43
845
12
151
41
2571
4165
77
638
347
746
48
171
278
1378
1769
50
137
54
790
15
121
5
1869
2724
47
103
13
810
12
121
46
1433
2938
92
106
55
886
71
404
337
1459
1724
82
130
12
890
9
342
306
1891
2968
46
104
11
856
55
458
319
1853
2963
46
121
56
719
18
146
44
2769
4243
80
102
46
856
11
120
0
2698
4411
--STOP--
++STRT++
46
99
8
879
54
162
40
2116
5565
49
124
55
993
44
121
39
1829
4124
49
105
54
903
58
163
1
1863
5560
79
146
12
944
63
121
36
1942
2604
48
138
10
747
10
119
2
1731
2912
100
105
11
874
57
119
45
1654
1960
47
561
99
1295
16
164
551
2648
4136
90
163
62
914
355
125
359
1814
2874
75
146
13
1076
17
163
293
2635
2910
48
143
56
836
15
149
35
1893
5990
--STOP--
++STRT++
88
128
45
976
53
121
3
1388
1813
48
101
9
863
63
160
3
1799
4212
47
106
43
930
61
165
52
1431
2891
48
141
9
841
49
167
34
1874
2892
75
101
11
1048
10
152
3
1359
4239
88
102
9
884
10
373
277
1897
4213
47
137
10
888
41
166
60
1761
4229
48
100
71
862
42
149
1
1741
2851
48
145
51
845
16
125
0
1476
1795
45
135
49
722
10
158
1
1379
2945
--STOP--
++STRT++
48
103
62
901
61
176
60
1450
4323
80
105
11
942
11
121
270
1385
4359
47
103
9
911
12
124
89
1774
4052
93
122
60
954
11
158
38
2711
2819
94
100
10
850
19
123
2
1969
4377
81
101
9
851
49
121
27
1779
2917
79
133
40
904
12
172
34
1820
4222
80
140
14
751
18
155
0
1984
2933
80
129
11
724
15
154
3
2471
4249
83
102
10
964
64
121
2
1905
2865
--STOP--
++STRT++
47
100
52
892
11
122
7
2854
2922
45
104
9
699
46
120
43
1420
3155
81
574
356
965
34
119
1
2537
2786
90
441
51
865
55
120
1
1371
1915
81
597
338
999
11
121
283
1865
4315
90
415
48
800
15
122
285
1929
2973
48
573
63
866
14
125
4
1453
1936
82
138
12
942
53
161
1
1885
2945
84
97
31
909
44
169
45
1499
2881
47
136
10
660
14
153
48
1718
2959
--STOP--
++STRT++
74
107
8
875
14
120
0
1941
3055
46
615
13
850
13
126
35
1423
2912
47
133
7
890
14
163
3
2817
2762
47
138
10
821
58
153
292
1904
4182
47
564
63
922
13
126
2
2773
2886
46
379
503
932
53
125
302
1857
2976
44
417
11
863
38
172
294
2179
3043
424
142
11
888
41
151
41
1412
5624
46
123
11
800
13
145
52
1889
4278
92
101
11
790
11
162
34
2815
5561
--STOP--
++STRT++
49
134
10
844
12
576
518
1452
2928
83
125
9
809
46
140
312
3560
2854
89
145
50
877
250
152
556
1773
1877
78
105
51
797
49
151
35
1938
1857
80
635
317
820
10
158
294
1908
4141
78
107
38
739
43
120
2
1425
4247
47
103
10
826
13
122
44
1397
1807
49
142
9
871
11
121
48
1980
1769
74
360
66
1028
54
155
44
1512
1727
46
132
50
987
43
120
26
2646
1584
--STOP--
++STRT++
46
121
56
862
54
122
3
1748
3110
70
111
63
794
44
166
46
2582
4284
46
134
47
829
14
157
338
1909
2693
88
99
48
942
9
121
44
1874
3024
48
143
8
946
50
165
1
1397
2646
47
101
9
825
55
123
45
3524
2876
86
109
10
906
67
166
49
1351
5509
45
146
11
915
40
120
1
2647
1877
45
100
9
901
13
158
7
1357
2849
77
128
54
849
42
145
37
1405
1746
--STOP--
++STRT++
47
419
40
916
69
163
4
1882
2856
90
102
44
802
12
121
2
1991
2899
44
99
48
904
15
163
52
1762
1971
89
105
41
905
66
156
2
2563
1819
47
134
10
940
60
123
0
1672
1867
84
105
42
891
14
122
0
1739
5604
72
103
10
716
12
124
55
1879
2832
92
138
9
1060
38
160
39
1438
2849
46
131
8
889
23
163
52
2646
4413
51
127
12
940
12
159
0
1398
1959
--STOP--
++STRT++
47
104
64
857
63
162
47
1436
1942
50
106
10
734
46
126
46
1347
1765
308
333
8
899
54
129
0
3462
1831
79
147
45
791
51
161
35
2744
1970
76
137
10
876
17
148
0
1741
1781
47
128
55
900
46
125
0
1439
5572
76
133
11
894
48
162
27
1289
2861
91
104
53
855
53
169
1
1373
2922
47
98
50
865
51
126
45
1866
2735
48
133
48
1022
17
127
2
2567
4085
--STOP--
++STRT++
49
126
9
954
49
163
1
1994
1717
50
135
26
975
44
121
33
3648
1676
80
101
40
814
62
148
28
1865
4159
50
325
50
873
62
119
40
3660
1856
324
364
244
862
47
160
200
1853
2931
328
317
277
864
57
154
0
1806
2944
83
409
41
841
12
118
31
3668
3012
46
356
49
758
15
120
39
1912
2884
49
102
51
908
49
159
8
2532
1969
95
135
61
955
50
168
41
1770
1927
--STOP--
++STRT++
78
436
55
1223
57
162
448
2700
3090
47
610
12
802
266
164
261
2645
1903
119
602
68
994
12
164
222
1949
1970
494
307
230
936
14
120
186
2581
1967
90
101
11
708
16
121
3
1843
4343
87
102
45
918
14
159
59
1826
2657
48
131
48
739
10
164
1
1810
1814
48
100
56
907
46
168
1
1808
3014
45
295
62
851
61
169
38
2696
4246
83
102
44
664
59
373
330
1351
5681
--STOP--
++STRT++
84
99
50
897
84
157
537
1811
4320
45
589
10
969
12
167
198
1731
1989
47
313
45
892
48
166
36
2817
2804
49
102
53
690
12
121
8
1893
5536
47
125
42
912
11
167
3
3578
4339
80
97
53
942
19
154
38
1945
4245
93
102
44
929
17
168
2
1427
1761
583
104
10
789
57
120
40
1938
3069
96
138
12
901
54
162
47
2728
1881
74
142
49
744
12
123
0
1678
2942
--STOP--
++STRT++
94
141
49
840
60
126
1
3532
2884
46
142
12
879
69
119
5
3423
2860
317
339
53
823
58
165
2
1835
1739
47
133
62
727
64
153
4
3558
4242
266
141
63
916
52
166
3
1699
3003
90
361
55
840
46
123
50
1436
2984
94
131
9
666
11
119
38
1841
3055
81
103
14
834
59
401
292
1800
2968
48
139
11
870
13
129
66
1772
1675
47
104
8
872
38
159
38
2639
2959
--STOP--
++STRT++
81
135
46
835
14
123
41
2507
1697
47
99
47
758
17
160
31
1524
1831
46
145
9
763
11
355
300
1428
2938
45
101
54
831
11
161
0
2026
2916
88
104
45
825
12
120
38
2752
1748
47
103
343
817
56
145
37
1867
4239
83
109
50
705
39
122
41
2619
2985
46
129
9
945
58
164
551
1379
2647
99
101
48
749
48
158
77
1829
3080
47
131
54
772
13
119
47
2581
1909
--STOP--
++STRT++
302
340
82
967
14
123
336
2597
2794
329
540
384
886
15
165
293
1775
3006
46
133
60
846
16
163
1
1713
1900
47
124
47
833
57
153
36
2678
2966
77
133
58
818
14
162
2
3602
2783
47
102
48
912
12
120
41
2676
1875
46
137
10
859
15
168
46
1740
2928
91
99
40
875
15
162
1
1867
4362
89
99
14
733
21
121
46
1353
2008
87
105
49
789
60
122
3
1881
4332
--STOP--
++STRT++
52
515
38
1159
15
121
563
2729
2971
89
144
7
952
9
120
315
1493
3045
94
101
9
740
13
168
0
1850
2864
48
134
47
828
49
165
36
2775
2926
76
135
43
855
50
163
323
1941
2905
50
152
10
865
10
118
33
1423
4361
47
104
63
760
15
119
38
1922
2941
45
104
47
923
43
121
27
1830
1800
327
389
363
800
49
119
568
3583
2798
46
100
57
996
17
444
326
2678
1757
--STOP--
++STRT++
91
143
55
752
11
163
35
1809
4380
49
100
67
748
13
119
4
1455
1808
80
101
37
906
42
123
4
1395
2879
91
140
44
945
13
120
54
3564
2934
88
129
60
727
56
119
4
2665
1787
48
105
43
972
77
125
2
1882
3062
46
119
8
853
11
153
37
1414
2858
48
100
9
881
14
163
2
1788
4331
88
131
57
806
13
121
0
1730
1859
76
99
12
871
53
121
35
1416
2988
--STOP--
++STRT++
315
563
472
912
61
173
406
2389
3130
86
519
8
711
60
154
34
1467
2857
82
366
10
822
54
124
253
1443
5552
46
98
12
768
51
156
34
1341
2828
45
100
11
848
12
120
10
1841
2762
50
132
9
738
13
122
45
2580
2901
85
295
41
873
13
121
2
2613
2911
44
102
8
817
53
125
61
1405
4282
49
129
9
893
10
119
0
1440
2836
46
107
11
845
49
176
6
1292
5642
--STOP--
++STRT++
404
466
373
604
14
148
517
2600
2829
48
470
30
901
16
124
2
2427
3017
86
136
9
756
65
121
1
1912
5706
100
108
64
722
46
120
2
1805
2820
91
101
53
911
11
122
1
1463
1899
89
101
13
981
47
123
3
1805
4334
47
99
54
1000
13
122
0
2563
1780
377
476
300
957
54
162
2
1983
1936
86
463
588
817
12
160
268
3055
2739
47
131
42
758
58
121
53
1816
5660
--STOP--
++STRT++
46
129
49
951
56
121
42
1755
1868
91
102
9
857
12
120
25
3518
3074
89
130
9
899
19
162
44
1406
2948
49
105
11
823
14
119
43
1361
1924
80
105
41
1004
69
166
2
1927
7001
84
403
12
951
11
120
2
1463
2873
87
102
8
915
53
124
52
1932
1843
88
137
9
791
43
150
1
1814
1861
80
102
44
822
50
120
3
3560
1663
47
603
336
761
13
120
243
3151
4249
--STOP--
++STRT++
76
101
12
890
64
152
375
1488
3071
48
101
8
869
350
125
236
1421
2890
123
561
44
1165
51
124
254
4918
1857
46
106
8
908
65
156
2
3384
5728
45
134
35
822
51
163
41
2060
1921
46
102
42
866
61
117
38
1774
4295
75
130
10
817
60
125
53
1323
2855
81
105
9
934
12
121
6
1403
2917
50
104
10
635
50
120
29
1518
1860
48
126
38
825
17
158
41
1509
4307
--STOP--
++STRT++
48
129
63
809
17
123
59
3734
1944
46
134
52
744
13
168
3
2844
2851
49
101
13
725
14
155
1
1807
1827
90
353
17
947
22
155
0
1444
1964
83
103
11
954
17
150
44
1301
1924
95
135
59
822
16
123
31
1209
1653
85
103
51
865
48
154
2
1927
4253
91
401
10
869
12
157
38
1782
1947
84
101
42
767
10
120
23
1765
5483
47
98
9
929
57
121
2
2671
4292
--STOP--
++STRT++
49
124
8
912
20
157
480
2599
2975
85
103
9
826
71
417
230
1505
4222
80
141
12
598
50
361
331
2508
4118
87
137
54
700
38
375
566
1366
4195
51
145
10
1028
54
153
29
2620
2948
95
129
7
798
48
156
36
1758
2990
45
131
47
826
15
123
36
1436
2967
46
123
8
890
11
119
0
1400
4373
85
127
10
869
56
153
35
1869
4226
48
103
38
850
47
162
253
2613
4165
--STOP--
++STRT++
45
351
43
852
71
169
34
1778
1753
87
102
42
916
18
162
37
1397
2900
89
103
9
914
70
120
3
1690
4266
45
106
58
777
13
166
47
1852
4347
83
141
57
784
39
160
0
1894
2878
93
100
33
756
12
162
0
1711
1726
95
136
46
864
51
175
47
2560
2924
87
107
52
872
61
147
37
1821
2832
47
140
8
915
76
160
0
1410
2987
79
142
37
856
10
124
1
1451
1761
--STOP--
++STRT++
344
405
105
788
15
119
479
2852
5726
394
571
292
734
71
163
39
1794
1892
77
140
63
848
59
121
4
1748
4322
46
133
13
821
101
122
319
1573
2951
79
600
43
959
260
162
276
1729
2162
46
623
43
961
300
125
281
2022
1851
97
100
61
846
15
125
1
1428
1730
88
140
70
844
10
162
6
1815
1740
94
132
61
858
19
121
2
2537
3001
46
132
8
891
51
161
1
1520
5579
--STOP--
++STRT++
79
138
13
879
67
175
584
1401
3046
88
132
57
823
14
465
277
1782
2850
81
99
8
790
70
162
618
1794
2861
77
129
52
920
14
739
344
1849
2977
45
137
30
939
58
123
1
2831
2971
45
133
40
827
55
121
39
2562
4218
47
107
52
849
15
158
5
1854
6881
48
374
48
947
11
157
24
2615
4269
49
675
49
812
11
120
315
2445
5782
422
651
59
878
297
121
372
2563
4924
--STOP--
++STRT++
50
126
49
708
14
154
82
1727
2830
46
102
47
917
37
324
244
1303
2000
50
102
344
898
61
124
315
3485
4204
87
102
62
795
16
163
42
1887
2530
80
98
62
831
12
158
4
2024
1756
86
104
48
960
52
122
37
1726
2973
47
135
10
1023
13
170
312
2476
2750
351
555
29
1129
16
158
250
2605
2657
46
102
9
814
41
145
30
1363
4254
84
127
57
872
61
125
4
1608
2909
--STOP--
++STRT++
46
100
10
766
33
161
33
3679
1796
87
353
63
811
70
174
93
2579
3015
46
100
46
884
57
351
283
2719
2000
79
680
55
877
334
121
278
1878
2860
48
437
8
1302
315
119
277
1819
1988
46
102
53
800
15
175
44
1926
2944
77
99
12
906
39
167
51
1333
4063
50
102
68
786
52
156
32
4576
2725
91
101
9
902
17
123
2
2008
3066
78
128
12
783
18
154
42
1798
3000
--STOP--
++STRT++
46
134
9
1003
14
169
52
1723
2941
86
131
51
959
9
156
41
2586
2796
76
103
9
1001
51
122
0
1865
2942
92
121
49
839
13
163
46
1364
4357
91
621
262
890
15
124
280
3051
4106
332
574
36
1329
10
163
518
1529
2918
370
624
78
836
14
119
299
3024
2823
86
99
10
788
52
122
2
1771
4295
84
136
59
835
54
123
0
2709
3076
93
337
11
816
52
161
205
3025
4153
--STOP--
++STRT++
47
103
41
896
41
123
52
1336
3062
49
103
55
861
19
177
52
1975
2867
92
132
56
954
11
120
334
1867
3066
48
102
9
934
12
153
2
1311
2866
81
100
37
774
49
119
51
1860
1984
46
99
59
864
87
124
32
3402
1696
96
102
42
854
78
122
45
1824
3009
97
101
8
896
10
122
1
1776
4182
240
103
61
956
52
122
0
1783
4041
46
102
14
834
53
162
244
1406
1786
--STOP--
++STRT++
47
104
11
856
39
170
4
1325
4262
198
134
11
909
48
309
286
2635
2846
50
631
46
945
79
317
279
1765
2825
45
137
37
857
21
607
319
1864
1954
89
98
52
969
62
160
154
1911
2992
50
125
11
888
48
162
3
1267
1805
46
99
60
768
61
126
0
3613
1737
85
109
46
906
14
120
35
3475
4355
50
106
48
868
12
118
307
1948
5655
336
347
107
1064
51
120
220
2973
3138
--STOP--
++STRT++
47
531
468
833
16
150
425
2658
5683
480
423
248
1031
15
119
330
2304
4227
46
578
43
684
62
168
1
3480
3014
47
314
17
649
66
167
45
1737
1899
94
434
52
884
18
161
252
2528
2897
74
104
24
905
21
117
44
1973
1802
47
101
48
789
15
122
4
3531
2842
78
135
51
866
11
149
2
1803
2836
44
101
43
930
13
152
5
1910
2788
80
99
10
695
15
126
2
1419
4405
--STOP--
++STRT++
99
103
10
913
14
174
44
1411
4302
47
98
46
929
65
118
0
2800
1850
91
140
54
907
57
119
0
1258
4464
47
107
12
871
45
125
30
2499
1668
78
145
50
719
15
119
2
1811
2881
91
143
47
907
49
123
9
1409
1842
48
133
38
846
13
154
1
1805
4271
82
369
56
890
14
131
2
1451
4240
47
102
9
708
10
363
270
1433
6873
85
106
15
825
16
119
293
1487
6841
--STOP--
++STRT++
47
354
49
1060
53
123
442
1553
2533
305
541
376
1019
57
146
284
1836
4104
93
382
10
841
18
122
4
1413
3087
81
101
69
917
15
320
266
2719
1702
87
155
11
748
66
422
283
1818
4363
78
125
70
918
18
362
284
1859
1892
71
106
12
869
24
414
281
1857
2824
76
135
53
786
68
167
308
3650
3413
49
414
49
881
9
160
31
1392
4147
48
135
60
843
51
122
29
2718
1947
--STOP--
++STRT++
46
100
41
930
47
118
46
1565
4341
47
135
12
976
45
120
64
1416
1785
95
556
9
826
67
122
34
2591
2935
51
101
38
842
13
119
233
1473
2270
284
348
520
927
49
119
229
4607
4279
580
349
12
1435
71
128
306
2981
2854
84
669
33
787
14
166
253
1370
2054
84
410
51
1281
10
161
337
1503
2716
47
115
48
909
37
631
356
3673
5639
46
107
50
867
45
122
3
2554
3042
--STOP--
++STRT++
351
382
522
901
16
120
208
1427
4464
46
551
256
821
17
158
308
1825
4197
91
584
300
747
43
120
240
1789
2935
337
572
87
722
47
121
270
2726
2836
46
100
10
900
17
122
35
1939
1827
81
128
46
820
41
159
7
2785
2948
143
102
8
876
62
151
34
2515
4306
280
399
532
664
54
161
468
2325
5642
525
379
303
944
57
167
331
1501
4206
575
356
12
1046
13
153
316
1720
2101
--STOP--
++STRT++
110
105
40
905
63
118
84
1293
1511
85
98
8
857
41
523
280
2710
1819
73
131
8
977
46
120
511
1829
1737
47
699
38
1005
14
141
54
2654
3011
89
584
11
836
14
161
28
1378
1889
47
135
45
953
13
162
41
1843
4339
47
107
11
896
14
160
4
1815
2915
93
101
12
867
55
122
52
1749
1775
79
133
10
822
52
149
44
2596
4269
84
103
57
950
9
164
61
2683
5632
--STOP--
++STRT++
47
103
10
913
38
161
7
1854
5600
79
128
58
891
70
119
42
2673
2977
48
101
45
818
13
160
34
3792
1981
47
133
11
845
52
121
1
1909
1785
47
362
15
666
14
155
3
3599
4295
77
132
11
971
53
158
38
1884
4237
47
128
8
833
16
119
0
1933
2338
314
102
35
852
19
172
0
2588
2863
48
127
49
815
19
163
0
3728
1774
46
132
8
915
11
125
2
1943
2993
--STOP--
++STRT++
421
671
537
869
53
157
372
3256
4299
410
583
311
880
16
169
26
1748
1833
46
103
48
835
48
221
2
2601
4433
94
128
52
857
38
124
3
1395
4259
85
135
16
862
76
121
36
1793
2989
345
356
296
1030
12
124
553
2333
4378
82
402
246
822
11
174
32
1783
2995
320
372
55
925
53
152
6
2609
4186
81
633
344
807
48
124
295
1392
2994
47
101
11
913
11
158
45
1741
3036
--STOP--
++STRT++
47
143
11
904
10
125
8
1496
1670
72
104
52
867
50
163
0
2650
4402
97
600
303
854
10
122
47
1978
1893
420
672
308
854
12
120
290
2648
1799
79
102
8
665
17
162
42
1697
2946
83
126
16
899
48
120
46
1749
3004
78
102
11
814
65
122
4
1535
4229
77
101
10
953
56
146
1
1819
2721
47
102
8
740
14
121
25
1370
2956
86
412
552
991
12
158
323
3645
2947
--STOP--
++STRT++
47
386
9
1377
16
123
496
2587
4931
139
650
24
1281
17
125
347
2592
1950
386
674
48
1259
45
144
301
1523
3013
82
100
45
857
70
161
36
1861
1999
45
123
43
787
45
170
0
1382
2858
48
130
42
877
355
119
5
1467
2823
45
102
51
795
15
160
0
1422
4350
47
108
10
911
14
170
53
1370
2947
46
134
61
882
71
164
43
1471
1905
75
134
52
875
60
129
49
1418
2969
--STOP--
++STRT++
69
102
46
787
65
167
522
1871
4151
50
135
54
658
12
384
377
1367
4135
49
129
44
826
286
171
315
1933
4346
618
384
276
905
53
175
0
1369
1574
77
99
12
860
40
166
295
1850
2863
48
101
11
729
17
162
68
2638
4287
47
150
50
935
18
120
43
1917
2771
48
104
11
973
71
119
4
1832
4252
82
100
34
860
73
125
0
2007
4294
640
420
55
871
45
120
246
1524
5745
--STOP--
++STRT++
79
106
9
983
43
159
0
1904
4214
94
142
8
813
15
160
361
1900
1690
78
99
13
838
48
159
575
1791
2924
47
101
9
878
62
121
329
2646
1969
46
130
8
769
43
164
106
1352
2589
46
100
11
897
10
161
0
2098
2920
48
104
39
942
13
125
0
2606
4340
48
104
46
918
55
150
93
1443
2863
86
100
13
734
11
155
37
1474
4204
46
120
56
760
46
119
34
1619
1892
--STOP--
++STRT++
99
103
60
711
10
161
3
2001
3111
51
121
13
802
55
148
1
1774
4142
81
107
11
922
10
174
53
1940
4292
94
98
57
764
14
155
32
2690
1840
49
104
9
838
21
121
42
2610
2987
46
120
8
859
12
363
383
1209
1957
47
103
13
986
50
161
48
2488
1703
91
136
56
887
39
122
0
1878
2805
82
98
56
865
19
169
2
1824
3033
81
105
57
828
61
123
62
2567
4174
--STOP--
++STRT++
46
103
58
832
61
148
0
1532
4035
48
101
15
960
13
122
38
2503
1669
45
103
13
821
46
364
270
1902
4087
89
139
59
714
50
155
363
1885
2839
48
137
13
920
63
119
0
1645
4338
76
138
50
906
55
163
1
1907
4138
79
100
47
788
61
159
2
1370
2918
76
103
39
756
57
121
1
4619
1739
87
99
13
836
17
120
4
1871
1890
47
101
45
711
10
120
298
3614
1811
--STOP--
++STRT++
359
359
9
887
53
122
203
2386
1927
371
571
368
905
13
159
286
2754
3095
76
321
47
859
13
122
201
2403
4261
360
645
39
1457
50
122
319
2817
4328
83
131
10
788
19
152
44
1461
2930
81
102
12
858
13
162
1
1478
1769
48
550
257
889
49
167
301
1529
2776
83
566
255
861
17
122
1
1879
2871
46
369
8
941
43
121
211
1932
2896
347
561
11
1249
13
120
269
1450
4473
--STOP--
++STRT++
46
105
8
719
11
123
1
1864
2852
86
132
35
976
14
168
38
1765
2963
77
138
47
792
12
162
0
1888
3058
82
528
10
977
50
150
47
1691
4422
46
101
8
869
52
150
11
1346
1713
50
123
9
785
14
169
0
3542
2855
87
326
10
915
11
166
0
1969
2803
91
316
10
869
18
123
1
1327
2901
48
410
11
830
14
162
243
2395
4322
46
145
11
804
51
153
43
1703
1894
--STOP--
++STRT++
297
347
282
907
12
153
450
2961
1625
362
572
304
882
11
119
251
1467
2943
81
617
40
932
60
163
38
1882
2774
94
107
12
739
15
153
48
1672
2911
87
98
54
821
45
157
3
1783
4383
87
98
10
916
18
172
6
1341
2820
49
696
316
751
48
157
246
3292
6798
46
96
9
789
15
312
307
1336
1924
46
100
8
763
13
127
272
1345
2905
80
101
48
934
14
154
2
1381
1904
--STOP--
++STRT++
46
126
50
933
12
118
37
2558
1937
85
527
12
877
50
122
45
1864
4369
49
132
10
848
16
119
1
1442
2889
47
107
19
911
13
157
63
1488
3117
85
101
45
683
63
162
42
2530
4194
85
136
78
933
51
151
3
1441
2956
47
437
48
962
16
152
34
1696
1637
46
126
8
798
10
367
279
1354
1534
46
99
8
839
67
147
39
1910
4260
82
378
51
703
69
122
4
2643
4204
--STOP--
++STRT++
88
103
58
901
79
483
527
1387
4214
88
123
9
914
38
326
284
1849
3082
47
106
8
863
15
431
286
1726
1992
81
138
14
869
11
354
325
1757
3014
100
98
44
856
11
126
39
1899
1726
48
138
55
979
15
159
42
1292
2991
96
148
45
906
62
121
33
1899
2831
81
100
56
901
39
160
40
1800
2596
81
124
8
949
15
120
141
1816
1837
48
610
410
801
15
165
274
2332
2911
--STOP--
++STRT++
46
412
13
1192
59
172
476
1521
3667
116
603
11
961
18
149
5
1405
1723
86
375
11
837
50
160
2
1449
2954
46
136
51
1146
10
119
288
1442
1848
46
126
14
971
46
162
40
2612
4408
77
128
39
876
12
164
44
2491
4293
46
141
45
861
36
353
554
2651
4240
46
139
51
889
80
651
273
1337
1751
48
101
60
803
47
147
32
1323
2776
45
137
8
916
17
123
27
1813
4357
--STOP--
++STRT++
48
103
12
904
14
149
102
1404
4422
46
97
57
745
74
338
300
1356
4334
88
128
52
874
116
151
309
3654
4273
75
557
51
875
13
125
0
1369
2927
45
124
10
752
14
156
40
2705
1728
46
129
11
879
64
119
42
1393
2737
80
104
51
832
61
176
3
2620
4303
46
122
10
949
14
406
315
1915
2782
89
105
45
1042
15
314
290
1769
2804
82
100
8
814
45
157
306
1954
2919
--STOP--
++STRT++
51
105
8
835
60
122
7
4531
1670
48
99
8
737
45
161
36
2596
2953
90
100
58
821
72
149
39
2646
2762
95
135
43
873
65
160
46
2696
1800
70
130
10
854
11
157
5
1376
2810
46
99
10
762
13
176
1
1854
4131
46
133
52
801
15
168
43
1846
2905
79
129
39
853
11
120
51
1724
1977
94
101
55
866
12
119
5
1393
5693
46
139
8
848
12
119
35
1861
5706
--STOP--
++STRT++
46
140
56
1115
14
157
340
1822
4388
49
104
40
838
14
333
288
3530
2940
45
102
12
860
12
462
324
1461
4198
47
123
54
780
11
121
98
1521
4110
46
104
11
830
11
153
2
3525
4284
48
543
12
850
61
123
42
1358
4354
83
138
11
779
63
158
42
2672
1923
47
99
63
847
10
123
37
1848
1770
47
102
8
828
56
120
175
1746
1869
49
108
38
878
55
123
282
3094
3021
--STOP--
++STRT++
47
406
45
893
57
157
62
1755
1778
48
101
8
858
47
119
287
1882
2957
46
100
35
798
19
120
45
1882
4379
90
134
58
812
12
122
1
2570
2958
46
125
9
931
13
160
3
1806
1775
50
100
55
754
15
171
0
2759
2044
88
142
15
752
90
400
245
1536
3029
87
141
13
853
46
444
255
2657
4425
87
120
10
623
57
120
32
1915
2913
48
100
9
948
43
125
0
1965
4397
--STOP--
++STRT++
49
98
48
711
64
120
133
4602
2682
82
133
57
808
13
370
278
2587
3017
87
131
48
705
41
400
336
1848
4140
87
98
13
857
10
165
52
1511
2818
98
102
13
910
52
159
0
1391
5723
46
100
11
741
48
122
35
1938
5576
91
98
44
930
50
163
41
1676
2704
84
137
52
775
43
119
5
1914
2809
47
138
254
910
55
120
44
1383
1815
79
129
50
806
48
162
41
1715
4249
--STOP--
++STRT++
91
108
11
731
68
125
1
1814
3054
81
104
47
812
47
159
6
2563
4375
91
134
47
832
15
127
1
1939
3059
88
133
12
923
57
123
5
1372
3018
73
357
8
778
316
158
455
1775
4220
47
98
9
781
58
121
0
1870
1945
75
138
13
908
11
122
40
1716
5631
46
106
10
953
49
166
49
1816
4309
46
612
346
827
61
120
274
3759
2994
82
127
44
896
110
396
344
2565
5595
--STOP--
++STRT++
46
113
60
802
15
170
50
1743
1750
46
539
38
856
53
123
34
1467
2983
93
104
11
909
13
307
280
1910
2657
92
602
58
1467
390
122
298
1989
1678
154
439
23
1391
11
126
321
1736
2869
48
452
10
903
356
123
325
2420
2586
46
402
10
1377
13
120
265
1906
2887
46
134
42
806
22
159
51
1433
4329
84
104
9
928
17
123
47
2678
2866
47
100
48
818
57
121
4
2881
4330
--STOP--
++STRT++
78
144
49
776
49
120
52
1358
2842
81
104
51
987
43
124
3
1240
4179
93
100
12
828
55
400
334
1735
3076
94
104
11
1010
76
365
295
3617
1675
49
100
11
988
52
140
349
3543
3009
49
106
8
916
12
154
47
1908
2833
86
133
53
880
44
173
4
2613
1687
73
101
10
984
14
160
35
2579
1568
104
155
56
909
56
157
46
3593
3060
80
101
9
859
11
161
41
2564
2862
--STOP--
++STRT++
47
126
11
929
48
120
2
1289
2962
85
98
11
838
11
162
43
1884
3026
85
138
12
821
12
121
7
2565
2712
48
101
14
823
100
417
341
1801
1951
85
137
44
936
53
152
105
3608
2932
86
105
55
777
68
459
323
3656
5732
47
101
11
882
77
159
1
1404
1755
46
143
29
877
12
124
38
2537
1477
45
103
59
962
13
123
2
1697
5570
47
100
275
875
79
369
329
1396
4359
--STOP--
++STRT++
50
124
58
901
63
168
0
2464
2776
46
104
9
981
53
161
418
1770
2004
80
141
37
902
62
145
289
1934
1998
81
139
45
915
62
124
17
2741
5540
68
101
8
952
48
121
0
2710
1813
81
379
54
805
13
123
40
3529
4187
84
98
50
898
58
121
39
1966
2781
48
143
10
880
12
397
227
1363
4230
81
583
57
1015
20
155
3
1810
2918
89
409
85
1196
13
123
253
1840
3273
--STOP--
++STRT++
101
104
36
958
55
120
0
2783
2775
47
103
8
822
12
153
46
1522
1696
90
134
65
935
47
165
565
1978
4122
89
139
10
805
12
155
48
2484
2991
46
135
11
701
14
125
2
1850
4361
46
128
12
866
44
155
579
1446
4459
88
133
8
831
13
155
4
1387
2888
89
128
43
867
55
148
1
1987
2807
89
138
9
921
12
149
47
2574
2968
49
106
11
995
45
164
31
1930
1811
--STOP--
++STRT++
84
136
52
899
14
120
41
1408
2873
77
102
48
866
15
119
1
1383
2829
95
113
12
620
11
157
6
1417
4325
80
135
52
926
42
156
1
1815
4098
45
127
10
828
19
156
34
1480
1998
46
100
13
770
12
119
5
1754
2923
45
101
46
882
64
122
35
3740
4236
46
134
9
897
42
123
41
1945
3130
95
101
9
656
21
155
2
1653
4257
49
102
40
872
11
169
40
1788
2946
--STOP--
++STRT++
47
109
71
676
64
121
39
1612
1772
46
99
53
917
60
137
277
1853
1776
47
100
46
884
74
365
315
2758
4263
45
99
10
855
12
360
287
3547
3048
48
102
10
860
13
170
2
1802
4301
45
130
12
844
12
122
46
1848
4305
93
133
12
906
15
185
0
1715
2685
93
102
53
972
12
125
2
1321
2800
46
99
61
863
19
123
2
1815
4380
79
100
15
851
44
123
35
1426
2938
--STOP--
++STRT++
76
126
10
886
13
123
1
3476
2917
47
104
11
771
13
147
2
1722
1769
46
131
51
756
12
120
42
1865
3150
45
126
8
700
12
124
5
2495
5675
47
123
9
886
47
146
41
1434
4241
326
318
56
933
58
121
285
2479
1873
49
567
8
898
12
123
2
1388
2928
47
562
46
1004
62
120
33
1409
2721
91
98
346
1012
10
166
4
2654
3006
47
132
62
779
15
375
240
1838
1773
--STOP--
++STRT++
46
152
8
850
13
120
37
1419
2967
46
101
8
828
14
120
245
1335
3019
84
110
42
829
52
440
474
1385
5630
82
101
11
872
40
152
267
1917
1825
47
125
11
869
47
158
44
1905
1767
86
139
9
810
61
119
37
1389
1968
46
513
67
879
58
169
39
1954
4288
50
101
9
881
19
158
41
1791
1890
45
124
36
957
42
124
50
1871
2997
76
560
263
792
41
160
40
1372
2912
--STOP--
++STRT++
85
100
54
943
63
532
385
1783
4320
45
124
9
731
106
166
352
2482
2755
74
137
8
828
306
121
316
1445
1828
50
99
8
855
44
122
48
2505
2757
47
101
8
935
44
172
29
1391
4247
83
131
36
850
42
159
1
2792
5716
87
105
7
903
12
154
39
1895
2863
88
128
11
874
11
159
44
1888
4174
87
101
33
891
17
123
0
2615
2965
90
339
465
902
10
153
243
2013
2756
--STOP--
++STRT++
48
102
68
866
68
173
32
1894
2935
46
99
9
844
17
168
46
1827
1688
47
403
50
742
14
167
1
3631
1827
46
453
9
718
60
147
67
1773
2969
88
128
11
933
9
164
36
1903
2989
46
105
42
701
59
123
35
2709
3028
356
672
108
852
11
124
301
2793
2777
47
627
40
1397
54
157
367
2350
3043
98
105
8
797
49
157
0
1787
5554
88
538
13
904
13
120
315
2074
2024
--STOP--
++STRT++
50
140
49
819
18
159
35
1786
2744
47
138
9
883
15
127
343
1716
2874
85
106
40
765
73
155
1
2643
4265
74
101
10
857
34
158
39
1887
3921
46
102
57
852
67
121
3
2519
1659
45
387
53
868
10
151
40
1722
1894
83
105
10
723
15
118
0
2571
2970
49
99
14
852
12
175
51
1869
4358
92
101
9
810
50
166
41
1475
3031
92
100
9
824
74
122
51
2619
1874
--STOP--
++STRT++
47
100
48
1042
61
162
547
1782
4326
46
141
10
827
11
372
318
1897
5436
48
108
51
850
12
120
53
1311
1961
82
102
11
847
59
162
3
1350
1788
91
133
10
862
11
128
343
1464
2983
48
100
60
919
46
156
47
1887
4114
86
104
8
959
57
155
48
1893
2962
48
102
13
879
44
167
49
1286
1821
46
133
47
959
17
154
53
2639
2941
47
137
44
960
15
127
42
1946
1844
--STOP--
++STRT++
75
135
10
774
57
572
555
1796
3035
83
102
9
910
57
395
255
1388
1864
83
140
46
1018
14
122
1
2573
1747
74
100
11
752
55
167
4
1839
1856
74
101
10
784
51
367
275
1773
4090
49
103
10
839
80
124
265
2422
2010
92
99
50
1028
11
128
0
1895
1830
46
140
53
1055
13
125
43
1934
4201
46
105
9
807
64
121
30
2677
1880
78
537
57
990
12
155
271
3758
4660
--STOP--
++STRT++
85
100
11
623
60
122
487
1810
1950
48
148
51
895
61
121
214
1794
4467
50
320
9
1062
17
123
262
1906
4321
47
647
24
899
55
120
241
2721
1759
50
100
10
752
13
176
47
2565
4179
90
146
39
842
55
120
40
2622
4389
45
141
51
830
349
121
47
1948
4370
51
124
46
834
55
125
47
1790
2964
49
617
11
777
11
122
41
1843
1765
48
410
323
897
54
155
291
1918
4268
--STOP--
++STRT++
47
324
8
1014
13
123
260
1846
6767
91
354
11
865
10
152
2
1887
4244
46
366
11
838
12
158
51
1845
5541
387
137
11
888
12
118
41
1949
4227
96
483
57
921
11
155
242
2775
2971
48
133
40
1043
52
121
74
1840
2923
93
99
54
831
66
168
0
1346
5725
80
96
48
768
49
124
40
3655
4144
83
104
48
851
53
120
34
1851
4428
46
560
62
796
14
151
263
1848
1750
--STOP--
++STRT++
84
124
305
790
57
120
2
1848
3000
50
99
9
907
12
121
1
1841
2811
81
562
51
895
10
122
264
4234
2980
92
629
31
1289
14
159
264
1815
2925
45
141
39
870
14
154
38
3499
6887
87
132
9
887
11
120
7
1885
1903
391
99
45
748
62
126
1
2396
4273
47
140
38
723
12
155
38
1277
4129
51
102
10
865
60
121
2
1748
1939
102
456
8
944
13
122
259
2320
2970
--STOP--
++STRT++
362
364
539
902
50
121
418
3073
4242
47
378
13
819
41
152
0
1388
2872
50
582
316
762
56
409
1
2547
2920
49
138
11
672
48
120
40
1428
1896
81
134
8
713
19
174
1
1775
2151
78
101
11
969
56
121
0
1365
2788
86
104
46
788
46
125
36
2871
1868
46
391
8
889
10
162
27
1890
2898
80
124
52
928
51
156
311
1873
2970
92
105
10
816
13
155
27
1752
5609
--STOP--
++STRT++
47
102
10
822
12
123
48
1354
1771
46
124
42
749
73
126
3
1759
3119
82
130
52
915
54
122
0
1936
3106
81
127
10
741
36
162
50
1428
4191
47
105
52
859
49
176
30
1822
5631
45
368
46
822
58
170
7
2674
4304
44
147
11
856
52
123
34
1757
2918
46
101
9
845
12
373
242
2563
5573
47
102
9
985
12
123
296
1456
2969
90
102
9
733
17
162
34
1375
3033
--STOP--
++STRT++
84
99
60
811
46
121
0
1446
1672
90
132
11
972
53
119
0
3553
3072
81
96
8
849
14
160
1
1458
2861
88
101
13
869
11
160
4
1341
4222
393
651
69
830
46
121
313
1984
6017
46
202
13
737
333
123
370
1607
2556
47
105
14
958
47
160
38
1445
1955
88
99
9
842
13
121
41
1839
2706
84
129
44
931
51
152
25
1434
2883
47
99
13
870
17
155
37
1862
1718
--STOP--
++STRT++
47
138
9
752
49
118
28
1380
2616
45
106
60
892
40
159
51
1362
1792
87
566
331
772
18
160
3
1791
2793
394
351
632
937
14
430
3
2611
3124
91
102
54
856
13
123
36
2595
1578
52
100
11
924
38
153
41
1874
4199
84
104
7
952
14
119
4
2718
2827
88
612
329
859
12
155
283
1874
1805
46
449
565
800
54
159
264
3675
4949
84
101
7
886
60
123
598
1516
4401
--STOP--
++STRT++
80
376
12
1443
512
153
532
3623
5727
83
443
76
1175
16
169
320
2601
6945
397
664
394
1002
71
157
288
1842
4387
150
143
49
800
16
156
4
1394
1957
46
100
42
742
58
157
2
1780
4230
46
129
54
838
42
157
38
1854
2745
79
103
10
822
15
119
33
1470
2923
48
124
10
873
40
166
1
1381
1875
45
101
9
930
66
120
3
1806
2893
74
139
45
887
12
124
0
1940
1810
--STOP--
++STRT++
308
650
542
831
62
121
436
2567
2539
89
406
10
858
9
154
40
1711
1668
48
612
339
922
47
162
42
1980
1773
79
138
9
781
12
119
42
2764
2709
48
108
9
905
10
178
1
1754
1906
86
101
55
882
16
164
290
3621
2990
87
645
55
830
49
165
36
2781
2889
340
380
552
1079
41
163
302
2481
4291
434
600
71
1453
14
156
317
4668
2857
47
170
10
788
144
155
357
1881
5504
--STOP--
++STRT++
85
133
10
935
10
120
7
1825
3115
46
105
47
882
84
154
0
1823
1830
49
100
52
827
17
171
7
2637
1977
50
133
13
961
49
156
35
1477
1955
45
126
47
945
13
153
1
2839
2958
85
103
40
709
14
156
38
2427
2995
46
99
11
805
65
284
3
1373
3094
92
142
9
781
10
121
1
1829
3030
48
101
8
760
56
119
42
1290
3058
83
129
11
906
53
123
1
1793
4275
--STOP--
++STRT++
47
104
14
903
16
126
35
1353
2902
49
102
45
950
45
119
38
2628
4175
94
103
9
948
14
121
53
1906
2735
46
132
49
875
47
150
36
1807
1778
96
133
51
1013
12
157
2
2598
3037
86
135
46
877
16
119
57
2590
2013
74
101
45
814
16
120
2
1918
1614
80
107
71
865
48
167
45
1415
2832
92
136
72
906
23
152
2
1835
4145
46
120
38
745
289
167
266
3697
4576
--STOP--
++STRT++
85
98
40
962
45
158
36
1842
2615
88
146
37
921
11
158
1
1454
4295
77
101
9
894
14
164
2
1693
3030
48
414
9
964
13
122
43
1980
1718
46
136
11
884
18
151
35
1477
1989
84
129
56
881
34
119
4
1779
2848
81
105
38
897
46
123
2
1425
1809
95
128
53
820
52
154
50
1702
1826
46
137
8
739
58
162
42
1831
1700
48
102
7
783
285
160
30
1299
2822
--STOP--
++STRT++
385
422
340
875
9
119
238
3525
4432
77
562
50
866
58
156
38
1691
2932
86
462
20
1007
14
164
0
2605
2839
77
144
39
893
54
163
40
2644
2835
426
423
588
1140
14
120
257
1918
2893
47
129
34
739
21
158
7
1822
2948
47
97
51
864
39
162
0
2625
2952
49
160
8
719
12
120
44
1769
2989
77
398
44
820
16
155
52
1338
2840
82
427
8
785
36
162
322
2459
4238
--STOP--
++STRT++
47
99
54
673
15
122
35
1452
5490
94
101
55
917
13
123
3
1784
2914
47
101
10
927
41
175
294
2450
5753
51
140
8
836
12
126
71
1417
2874
82
140
9
947
44
120
1
1977
1816
74
109
41
814
56
150
40
1903
1947
96
100
9
867
52
122
41
3411
4209
91
107
55
707
54
170
55
1876
1999
88
133
44
919
57
120
46
1501
1798
77
101
9
827
14
118
0
1828
2876
--STOP--
++STRT++
91
103
53
859
13
121
0
1931
2592
49
132
11
926
58
120
0
1807
2980
82
128
50
866
11
162
35
2725
2996
84
100
40
1001
51
177
27
1482
1892
48
99
8
792
16
174
45
1899
4387
47
102
10
747
48
119
302
1812
1996
83
135
11
946
14
121
44
1754
3142
81
103
8
857
22
168
0
1849
4275
100
101
57
934
44
119
50
1434
2882
93
323
11
863
12
119
227
1815
2074
--STOP--
++STRT++
46
101
9
870
11
121
31
2579
2909
46
101
58
771
59
119
26
1851
1743
84
100
10
879
52
122
1
1449
5751
83
368
8
747
10
161
2
1921
1738
45
368
216
914
15
120
275
1912
2735
81
136
44
902
57
122
34
2562
1916
47
107
52
897
14
162
32
1535
4094
47
122
51
946
17
158
44
1946
2814
49
104
44
875
17
120
32
1398
1894
86
135
43
810
15
165
1
2728
1786
--STOP--
++STRT++
72
134
35
808
15
121
50
1728
1891
86
100
37
838
51
166
25
1847
3084
48
99
43
736
14
155
2
1857
2824
47
124
38
921
128
151
371
1836
1851
45
141
54
779
53
162
3
2720
2993
51
128
41
963
17
119
304
2695
1832
88
107
8
811
12
150
0
1893
2854
96
132
9
755
71
120
3
1211
1700
83
134
49
932
72
162
2
1262
1793
86
138
61
873
47
166
32
1754
2936
--STOP--
++STRT++
46
113
10
865
19
121
4
1821
2886
46
143
55
976
13
158
42
1763
2961
75
138
52
892
47
155
33
2035
4262
109
123
9
884
59
154
48
1450
3000
87
126
52
933
60
149
37
1804
2931
45
598
54
673
13
158
38
2676
3018
78
618
48
911
11
119
43
1324
4383
49
103
8
772
13
120
47
1819
2798
45
539
342
843
11
120
305
1948
4427
46
468
12
1010
98
123
370
2674
2979
--STOP--
++STRT++
48
148
9
728
13
181
40
2584
2889
79
102
15
900
55
147
34
1802
2835
90
100
48
997
44
160
1
1912
1813
46
137
12
851
62
121
45
1476
3076
49
98
46
924
17
170
36
2412
3000
44
130
59
773
16
118
40
2839
4328
98
142
51
1009
10
164
4
1986
2623
46
126
317
870
11
156
41
1835
1921
80
137
14
984
10
123
2
2493
2048
46
111
14
719
61
168
239
1402
5577
--STOP--
++STRT++
47
137
11
879
48
122
9
1317
3081
77
123
10
942
58
149
29
1929
2958
70
144
8
877
14
121
30
1863
2878
46
139
13
832
12
160
26
1380
1794
76
100
44
814
52
158
9
2525
1903
89
103
47
821
14
365
273
1903
2956
48
130
14
726
79
426
542
2479
4077
79
572
301
766
14
164
1
1774
3243
46
376
53
812
13
123
266
2972
1761
338
595
43
896
331
143
272
3557
4726
--STOP--
++STRT++
90
132
34
841
56
158
7
1450
2840
46
100
11
823
43
156
0
1483
4281
80
347
8
872
15
156
38
1252
2864
97
126
48
978
70
126
0
3537
2627
93
138
12
938
45
129
41
1468
2950
46
128
46
906
50
120
48
1423
1758
91
125
10
935
35
368
275
1396
3032
47
136
11
896
55
295
306
1489
3118
46
101
11
849
65
120
3
1365
3050
46
103
40
889
9
157
3
3771
4354
--STOP--
++STRT++
49
99
9
843
59
153
56
1919
2814
94
139
32
811
36
152
36
3592
1812
47
142
9
817
14
157
43
2575
6911
86
105
9
722
73
118
1
1697
2857
83
101
50
851
55
120
43
1857
4265
47
103
8
866
77
160
34
1866
3008
83
99
54
1028
14
164
3
1977
3002
52
133
8
887
60
157
34
1798
4120
93
138
39
902
13
118
40
1787
1958
45
141
53
747
10
172
0
1982
4320
--STOP--
++STRT++
342
334
334
745
48
122
249
2519
2842
48
561
243
772
18
154
2
1401
1856
89
518
8
859
14
121
251
2866
4123
47
139
10
869
49
122
28
1452
4335
46
142
46
989
12
166
272
2221
1885
350
597
52
1294
36
179
282
2789
1818
605
419
35
955
54
120
284
2679
4811
47
381
55
874
604
165
239
2732
1857
46
134
58
875
36
592
332
1468
4414
46
123
45
804
12
162
3
1863
4288
--STOP--
++STRT++
83
101
52
793
11
615
373
2605
2961
80
132
45
820
45
374
328
1395
5611
81
131
12
926
11
129
1
1456
2987
48
131
9
931
65
123
35
1318
2802
292
384
281
920
13
120
37
1837
3026
98
392
9
891
14
119
1
1455
5684
79
130
50
955
57
120
32
1356
1680
47
103
9
929
9
120
0
1985
3041
80
136
54
861
10
411
282
3609
2876
47
126
34
869
17
162
61
1891
4232
--STOP--
++STRT++
83
366
9
650
58
155
52
1901
4192
46
99
53
975
74
122
0
1469
4749
79
132
59
724
13
369
306
1686
1885
46
136
12
806
134
121
347
1475
2677
81
144
41
837
15
158
2
1361
2925
76
137
48
858
16
123
3
1951
5709
47
106
31
855
83
383
314
3694
1885
45
106
69
699
16
385
358
2683
1873
50
143
9
915
10
172
1
1937
1963
49
100
12
820
12
156
1
1808
2805
--STOP--
++STRT++
87
147
44
901
52
120
51
1894
1828
86
99
48
813
47
149
46
1931
1811
89
101
53
813
20
120
2
3521
2666
48
133
12
1015
11
592
277
1846
4279
48
141
12
866
17
398
38
1269
2805
83
103
45
711
9
119
1
2854
4176
46
133
9
815
53
165
0
1938
5685
79
96
61
882
58
160
35
3442
2812
50
100
8
784
59
160
260
1878
5644
340
105
53
720
16
168
50
3567
4199
--STOP--
++STRT++
46
133
46
879
11
165
0
1855
4044
46
104
60
812
67
151
34
1757
5692
78
133
12
883
16
174
2
1486
5680
83
343
61
869
18
120
43
1876
4339
48
107
48
1033
58
127
0
2793
3001
46
135
44
857
11
152
34
2779
3003
46
100
50
843
50
368
226
3661
4365
86
105
52
812
51
167
33
1583
1689
90
99
9
804
53
158
4
1664
2795
45
100
9
836
52
123
2
1418
2664
--STOP--
++STRT++
46
139
8
955
10
409
498
1922
2839
46
104
57
804
45
330
329
1776
1867
88
101
11
942
12
129
315
1395
5717
48
145
8
864
62
120
53
2517
2935
90
104
9
770
15
121
53
1385
1773
53
137
11
881
12
117
31
2643
2816
45
108
370
898
13
120
1
3615
2804
52
582
329
898
37
162
1
1429
1830
47
99
42
939
50
127
248
4027
5596
84
99
48
795
12
170
33
2758
1888
--STOP--
++STRT++
82
100
62
771
53
155
9
1875
2922
46
134
10
812
12
120
0
1445
1747
92
133
57
894
16
153
46
1415
1637
92
101
43
842
11
145
46
1469
2758
99
314
70
1094
11
154
310
3666
3427
86
152
9
737
57
124
207
1740
3631
47
101
44
865
12
178
44
2769
2921
48
147
15
795
75
120
28
1863
2804
88
101
31
670
58
152
0
1911
4278
46
129
8
816
63
165
36
1863
1893
--STOP--
++STRT++
51
383
11
779
55
125
84
1869
2966
89
134
46
861
75
368
313
2662
1905
87
129
46
862
70
119
292
1974
2861
82
132
37
1029
16
164
22
1691
2752
81
144
11
877
53
169
1
1821
1937
46
132
44
717
58
121
25
1864
1849
48
343
11
970
48
147
4
1794
4390
46
129
49
865
17
157
6
1376
4134
48
109
43
908
14
161
305
1405
4195
326
605
52
1020
14
162
50
1786
1654
--STOP--
++STRT++
85
377
11
1154
43
177
307
2667
2908
48
599
37
1282
61
164
253
3971
1917
324
631
47
919
12
124
241
2300
1820
87
132
39
876
51
154
39
1484
4289
83
134
10
850
14
160
13
1883
1892
77
96
8
885
16
168
3
2581
4357
48
104
8
892
55
158
293
2588
2960
84
139
63
858
74
120
28
2597
4402
92
134
8
935
12
123
46
1345
4197
46
130
43
896
12
154
31
3742
1898
--STOP--
++STRT++
46
139
61
790
50
123
30
2609
1762
89
98
11
872
17
342
246
1882
2715
89
137
12
875
341
121
302
1890
2605
48
139
47
879
52
159
286
1476
4177
45
138
8
655
53
151
367
1394
2830
46
131
46
916
22
158
2
1787
4365
47
99
13
913
15
165
0
1368
5648
84
362
59
872
59
121
2
1797
4242
319
391
47
851
56
173
262
1892
1874
337
572
65
1332
14
155
249
1926
1800
--STOP--
++STRT++
73
105
9
812
45
163
51
2613
3001
77
130
56
798
13
177
35
1788
4279
47
103
43
873
61
171
4
1898
4417
45
151
48
751
15
128
128
3612
4287
105
134
64
850
19
123
34
1834
2583
240
602
40
943
65
126
277
1795
2964
89
101
44
842
10
121
39
1726
5547
377
135
9
986
49
151
1
1449
1885
84
102
9
785
47
121
39
1745
1960
46
353
8
876
12
124
238
2570
4024
--STOP--
++STRT++
47
137
9
869
67
199
2
1934
2736
88
132
9
971
10
153
1
2604
2915
47
660
55
938
14
120
48
2698
4191
47
100
10
852
12
157
0
1288
1771
91
134
57
874
13
161
43
2600
2974
82
364
47
782
55
169
0
1888
4212
89
103
51
1043
13
127
5
2815
4288
94
134
8
871
54
124
30
1847
4170
47
104
9
985
66
123
32
3570
2844
47
134
9
885
52
118
195
1405
2955
--STOP--
