++STRT++
526904
1448976
388412
356508
363308
527605
2412743
373428
225433
--STOP--
++STRT++
526989
1450467
388385
357393
364758
527341
2410828
360257
223113
--STOP--
++STRT++
563824
1497856
389014
397557
363847
525170
2478610
355237
225927
--STOP--
++STRT++
526331
1450135
388229
353875
362708
526365
2412533
362912
285944
--STOP--
++STRT++
526951
1449115
388548
355179
364669
524085
2486931
376203
225979
--STOP--
++STRT++
563512
1497096
389230
391565
364172
525495
2463713
354919
262307
--STOP--
++STRT++
527580
1450006
388445
358781
364722
529932
2414843
352863
243511
--STOP--
++STRT++
526767
1497540
389627
395880
363903
525794
2476610
374877
247834
--STOP--
++STRT++
526321
1449842
388173
355710
364454
525865
2466678
411034
245811
--STOP--
++STRT++
526530
1449369
387565
356306
363315
523615
2454585
372834
246170
--STOP--
++STRT++
527047
1485113
432270
357278
363337
531240
2476935
361140
225316
--STOP--
++STRT++
526374
1492038
438253
355273
364575
530191
2458245
370251
262485
--STOP--
++STRT++
526382
1449340
387531
356294
362411
530783
2412414
352801
245652
--STOP--
++STRT++
565323
1450905
387498
356997
363448
525501
2412937
374674
263850
--STOP--
++STRT++
527178
1449035
387004
356380
363430
524476
2413991
361623
223629
--STOP--
++STRT++
526910
1449397
387242
354848
363797
528798
2414329
363473
293404
--STOP--
++STRT++
526318
1449814
388322
356943
364102
525250
2414997
359657
249356
--STOP--
++STRT++
526872
1450451
387259
358407
362856
530546
2469473
365101
315933
--STOP--
++STRT++
527795
1498355
388137
352080
363413
529311
2450372
362845
247459
--STOP--
++STRT++
527421
1449593
388596
354108
364331
530576
2412418
361364
247066
--STOP--
++STRT++
565093
1496802
388283
396166
447072
525159
2465969
362805
227703
--STOP--
++STRT++
526867
1449698
388602
357276
363462
527399
2414259
354047
245920
--STOP--
++STRT++
526795
1449534
387396
355439
362556
525362
2414591
373078
243533
--STOP--
++STRT++
526276
1448572
388004
352127
363985
525627
2411476
360566
221402
--STOP--
++STRT++
526239
1450438
387697
356870
364079
528684
2456750
359374
266932
--STOP--
++STRT++
526695
1449033
387847
356233
363135
530956
2413484
374001
223790
--STOP--
++STRT++
526574
1449473
387727
357020
362664
529593
2415139
363946
247978
--STOP--
++STRT++
526848
1450624
387069
355398
363422
530781
2415069
374218
245361
--STOP--
++STRT++
576285
1494702
387440
351597
406974
525336
2497372
373110
266923
--STOP--
++STRT++
527236
1449918
387389
356573
363789
529776
2466799
400715
270117
--STOP--
++STRT++
526387
1449975
388330
356508
364186
530355
2454710
364399
278650
--STOP--
++STRT++
565625
1449888
387547
356753
363155
532340
2415451
374931
259685
--STOP--
++STRT++
527748
1485014
432721
356468
363645
530122
2455416
360214
244557
--STOP--
++STRT++
526811
1449928
388139
357595
363398
526671
2415022
361973
268095
--STOP--
++STRT++
526875
1495720
387144
352828
363252
531330
2473033
374160
223324
--STOP--
++STRT++
526765
1449262
388697
357425
363263
526682
2411848
361010
249471
--STOP--
++STRT++
526957
1450215
388547
353844
364226
614499
2491626
362832
222585
--STOP--
++STRT++
526444
1450288
387572
352596
363204
531040
2413565
361298
225846
--STOP--
++STRT++
526231
1449646
388407
354554
363833
531911
2414228
386987
221676
--STOP--
++STRT++
526146
1449308
388063
353144
362795
526399
2420556
361591
246652
--STOP--
++STRT++
526356
1449080
388452
353640
364478
532694
2415353
364295
226178
--STOP--
++STRT++
526768
1448947
388264
354581
363057
523742
2495286
397373
222776
--STOP--
++STRT++
526686
1495868
387380
354524
363646
530242
2490575
363770
244163
--STOP--
++STRT++
526815
1449709
387484
357697
363820
526343
2416782
355096
244484
--STOP--
++STRT++
565008
1495589
387757
398408
450350
530565
2459394
362857
283164
--STOP--
++STRT++
527418
1448955
388127
354791
406805
529401
2412551
361078
246800
--STOP--
++STRT++
526942
1449118
387540
354753
364443
531134
2415606
361764
266506
--STOP--
++STRT++
527160
1450244
387800
354064
363009
527245
2411057
359071
267726
--STOP--
++STRT++
526351
1449857
387463
355662
364170
526195
2412627
354375
269284
--STOP--
++STRT++
526847
1448767
388119
354215
364168
530342
2413564
372417
245953
--STOP--
++STRT++
527615
1447511
387557
355849
362695
525106
2412308
362825
222603
--STOP--
++STRT++
526261
1449768
387314
355581
364581
531427
2416003
411448
224728
--STOP--
++STRT++
526797
1450006
386919
354948
363492
529384
2411897
363072
246811
--STOP--
++STRT++
526899
1450344
387183
356496
362696
524865
2504403
359246
307610
--STOP--
++STRT++
526827
1449073
388310
353090
364495
526395
2500063
419598
285356
--STOP--
++STRT++
526893
1448704
387507
356433
363635
524573
2412077
353686
244638
--STOP--
++STRT++
526794
1448750
388061
356951
363452
526889
2415808
414315
247472
--STOP--
++STRT++
527234
1449335
387873
355657
363443
529367
2415039
355249
281056
--STOP--
++STRT++
526929
1450685
387890
353064
362134
531001
2413751
383111
223664
--STOP--
++STRT++
565078
1496176
388864
397177
363356
529480
2476122
361801
270401
--STOP--
++STRT++
526851
1449752
388020
351885
363313
526241
2413419
353823
241941
--STOP--
++STRT++
526887
1449410
387392
355676
363711
524628
2413026
361171
224778
--STOP--
++STRT++
526129
1449701
387344
357002
363273
531101
2412790
353540
268893
--STOP--
++STRT++
526341
1450350
387692
355699
362238
530663
2531982
364562
268861
--STOP--
++STRT++
527397
1449422
387405
354985
363359
524520
2465734
414447
246867
--STOP--
++STRT++
526217
1449274
388540
355707
362952
525236
2412128
361012
265210
--STOP--
++STRT++
526784
1449344
387942
357297
363339
527844
2412915
356293
266656
--STOP--
++STRT++
526853
1449889
387551
353726
363029
532426
2414651
364300
266185
--STOP--
++STRT++
526744
1450299
388090
354958
362599
526866
2413001
361122
222496
--STOP--
++STRT++
526348
1450816
387528
356041
363035
524933
2411102
361771
260322
--STOP--
++STRT++
561902
1486938
388996
396669
363242
523912
2456355
354504
268370
--STOP--
++STRT++
527076
1449045
388543
354999
363957
531089
2413271
352944
247276
--STOP--
++STRT++
527009
1449673
387351
355942
364304
530421
2413981
363116
282393
--STOP--
++STRT++
526785
1448717
388714
357716
364068
528444
2412855
360660
224093
--STOP--
++STRT++
576055
1494741
388032
355660
364468
609125
2496206
361549
225191
--STOP--
++STRT++
526938
1448636
387760
355730
363082
531289
2413038
361500
284195
--STOP--
++STRT++
527676
1448755
387958
348894
363806
531687
2415560
354810
247749
--STOP--
++STRT++
526477
1449207
387141
354195
363450
525395
2411683
353453
267583
--STOP--
++STRT++
526940
1448739
387974
352064
363038
532281
2412722
353148
264312
--STOP--
++STRT++
527769
1448654
387548
356317
363353
528351
2412807
355233
222788
--STOP--
++STRT++
526174
1449767
388420
357018
363834
526415
2413639
354179
241650
--STOP--
++STRT++
526842
1493895
387721
356373
363215
531385
2452381
361289
222748
--STOP--
++STRT++
527677
1451594
387766
352299
364781
608585
2466590
361151
282624
--STOP--
++STRT++
526731
1449953
387390
356814
362464
524595
2412365
362001
246128
--STOP--
++STRT++
564622
1497198
388233
353169
449495
525393
2466983
356628
245615
--STOP--
++STRT++
526628
1448319
387648
352081
363765
525090
2415684
356910
262723
--STOP--
++STRT++
526830
1449850
387499
356150
364650
526003
2414506
360891
222840
--STOP--
++STRT++
526894
1449550
388420
356142
364626
525825
2410632
353769
226778
--STOP--
++STRT++
526940
1449170
387732
356389
364333
530286
2411236
353598
260010
--STOP--
++STRT++
526921
1451068
388409
356458
363818
528830
2413551
362635
222932
--STOP--
++STRT++
526741
1449808
387581
351740
363795
524225
2414224
355814
281197
--STOP--
++STRT++
527531
1450330
388555
354948
363188
529710
2412841
361865
243135
--STOP--
++STRT++
526375
1448570
388678
356186
363869
529383
2526064
402087
227106
--STOP--
++STRT++
526936
1449287
388177
356215
363144
524126
2412184
371579
280841
--STOP--
++STRT++
527735
1449788
388172
355231
363207
526112
2450931
411852
247128
--STOP--
++STRT++
526255
1448927
387799
350760
364152
579412
2454577
382573
243140
--STOP--
++STRT++
526824
1483593
435186
354796
364427
531840
2499721
354088
248119
--STOP--
++STRT++
526513
1483580
387540
354447
364081
524662
2493692
374736
282938
--STOP--
++STRT++
526856
1450039
387219
354122
364405
526411
2411904
354321
285099
--STOP--
++STRT++
526855
1449840
387062
355627
364024
530996
2414224
356954
267127
--STOP--
++STRT++
526897
1448989
387806
352788
363807
530565
2414131
372165
248039
--STOP--
++STRT++
527287
1450351
387638
355160
362955
530271
2413304
372842
223214
--STOP--
++STRT++
526302
1449856
387385
356554
363369
528707
2411167
375010
223239
--STOP--
++STRT++
527546
1450014
387238
358028
363406
525206
2415083
354166
221104
--STOP--
++STRT++
526675
1450053
388274
355527
363399
530988
2453414
373996
224183
--STOP--
++STRT++
575360
1486228
388200
392677
404949
529308
2458217
353763
245024
--STOP--
++STRT++
526873
1448758
387281
352796
363793
531862
2413697
354578
245914
--STOP--
++STRT++
526084
1449364
388202
355363
364214
530226
2411815
374252
269750
--STOP--
++STRT++
526798
1448196
388628
354523
363861
530936
2415735
393533
246890
--STOP--
++STRT++
526233
1456834
388378
355549
365211
612530
2470083
361376
265699
--STOP--
++STRT++
526199
1450221
387186
356499
363699
530692
2413208
360901
249760
--STOP--
++STRT++
526365
1450055
387423
354321
364615
572415
2451978
353314
285352
--STOP--
++STRT++
526442
1450273
388881
354429
362645
525519
2412448
363166
248893
--STOP--
++STRT++
526849
1450050
388526
358266
362477
530288
2413769
361811
244525
--STOP--
++STRT++
527554
1449708
387928
352807
363202
529538
2486225
410660
225996
--STOP--
++STRT++
526297
1449621
387269
355582
362022
530523
2412881
360859
260401
--STOP--
++STRT++
564429
1449986
387392
354822
363878
530995
2488465
366434
319241
--STOP--
++STRT++
526919
1449495
388567
353977
362905
528745
2412796
362442
244151
--STOP--
++STRT++
527178
1449148
387693
352510
364020
530892
2413074
359857
226006
--STOP--
++STRT++
526968
1448947
388374
355843
364202
531543
2415819
362604
248921
--STOP--
++STRT++
526907
1448409
387481
354258
364496
525110
2414873
354181
241219
--STOP--
++STRT++
526289
1449115
387898
355808
363326
524365
2454835
373400
223512
--STOP--
++STRT++
526872
1449486
387233
357379
364623
528464
2412234
373518
227139
--STOP--
++STRT++
526830
1449352
387734
353582
363914
525025
2453026
439398
269105
--STOP--
++STRT++
527061
1449495
388083
358034
364612
524711
2414253
360659
293645
--STOP--
++STRT++
526899
1450270
388374
355066
362771
528387
2414959
372827
226747
--STOP--
++STRT++
526990
1449725
386977
354626
364173
529214
2414307
361974
245236
--STOP--
++STRT++
526785
1494592
431624
355581
362782
529762
2455177
354177
249357
--STOP--
