++STRT++
0.000667
0.001821
0.000497
0.000455
0.000465
0.000662
0.003031
0.000472
0.000317
--STOP--
++STRT++
0.000667
0.001820
0.000496
0.000456
0.000467
0.000664
0.003030
0.000475
0.000290
--STOP--
++STRT++
0.000671
0.001821
0.000496
0.000456
0.000466
0.000663
0.003019
0.000468
0.000336
--STOP--
++STRT++
0.000670
0.001819
0.000497
0.000455
0.000464
0.000664
0.003044
0.000478
0.000315
--STOP--
++STRT++
0.000668
0.001822
0.000497
0.000453
0.000469
0.000662
0.003038
0.000467
0.000318
--STOP--
++STRT++
0.000670
0.001838
0.000497
0.000473
0.000495
0.000663
0.003068
0.000489
0.000345
--STOP--
++STRT++
0.000670
0.001817
0.000497
0.000455
0.000466
0.000665
0.003030
0.000492
0.000346
--STOP--
++STRT++
0.000667
0.001817
0.000497
0.000452
0.000467
0.000691
0.003037
0.000483
0.000318
--STOP--
++STRT++
0.000668
0.001818
0.000497
0.000456
0.000464
0.000664
0.003018
0.000468
0.000321
--STOP--
++STRT++
0.000668
0.001851
0.000496
0.000455
0.000464
0.000664
0.003062
0.000482
0.000339
--STOP--
++STRT++
0.000668
0.001822
0.000495
0.000455
0.000464
0.000664
0.003018
0.000496
0.000344
--STOP--
++STRT++
0.000668
0.001840
0.000531
0.000471
0.000487
0.000681
0.003057
0.000499
0.000350
--STOP--
++STRT++
0.000668
0.001837
0.000528
0.000472
0.000493
0.000681
0.003049
0.000474
0.000293
--STOP--
++STRT++
0.000670
0.001819
0.000495
0.000457
0.000467
0.000662
0.003014
0.000478
0.000317
--STOP--
++STRT++
0.000668
0.001824
0.000495
0.000454
0.000465
0.000663
0.003048
0.000480
0.000290
--STOP--
++STRT++
0.000668
0.001819
0.000496
0.000454
0.000467
0.000665
0.003033
0.000472
0.000348
--STOP--
++STRT++
0.000670
0.001822
0.000496
0.000455
0.000466
0.000663
0.003039
0.000481
0.000346
--STOP--
++STRT++
0.000690
0.001847
0.000495
0.000456
0.000466
0.000662
0.003029
0.000489
0.000347
--STOP--
++STRT++
0.000670
0.001818
0.000496
0.000454
0.000467
0.000663
0.003051
0.000473
0.000317
--STOP--
++STRT++
0.000666
0.001817
0.000496
0.000456
0.000466
0.000662
0.003018
0.000466
0.000340
--STOP--
++STRT++
0.000666
0.001818
0.000495
0.000455
0.000467
0.000661
0.003031
0.000470
0.000291
--STOP--
++STRT++
0.000668
0.001822
0.000495
0.000456
0.000468
0.000663
0.003042
0.000466
0.000367
--STOP--
++STRT++
0.000668
0.001839
0.000496
0.000456
0.000465
0.000663
0.003017
0.000493
0.000319
--STOP--
++STRT++
0.000688
0.001839
0.000496
0.000456
0.000466
0.000664
0.003030
0.000465
0.000357
--STOP--
++STRT++
0.000667
0.001842
0.000497
0.000455
0.000464
0.000663
0.003027
0.000475
0.000317
--STOP--
++STRT++
0.000668
0.001823
0.000497
0.000456
0.000466
0.000662
0.003018
0.000478
0.000323
--STOP--
++STRT++
0.000669
0.001822
0.000497
0.000455
0.000468
0.000664
0.003018
0.000475
0.000317
--STOP--
++STRT++
0.000671
0.001821
0.000495
0.000455
0.000466
0.000663
0.003031
0.000496
0.000345
--STOP--
++STRT++
0.000669
0.001825
0.000497
0.000455
0.000468
0.000662
0.003048
0.000512
0.000290
--STOP--
++STRT++
0.000669
0.001819
0.000498
0.000455
0.000466
0.000662
0.003055
0.000478
0.000324
--STOP--
++STRT++
0.000667
0.001817
0.000496
0.000455
0.000466
0.000664
0.003053
0.000467
0.000293
--STOP--
++STRT++
0.000698
0.001845
0.000496
0.000456
0.000465
0.000662
0.003018
0.000479
0.000318
--STOP--
++STRT++
0.000669
0.001817
0.000496
0.000456
0.000467
0.000663
0.003019
0.000503
0.000293
--STOP--
++STRT++
0.000668
0.001824
0.000497
0.000455
0.000466
0.000664
0.003052
0.000495
0.000344
--STOP--
++STRT++
0.000668
0.001823
0.000495
0.000456
0.000467
0.000663
0.003050
0.000477
0.000355
--STOP--
++STRT++
0.000666
0.001819
0.000496
0.000455
0.000468
0.000662
0.003032
0.000483
0.000289
--STOP--
++STRT++
0.000668
0.001824
0.000497
0.000455
0.000466
0.000664
0.003020
0.000473
0.000348
--STOP--
++STRT++
0.000669
0.001817
0.000498
0.000454
0.000466
0.000665
0.003054
0.000477
0.000319
--STOP--
++STRT++
0.000668
0.001841
0.000496
0.000455
0.000464
0.000661
0.003022
0.000476
0.000314
--STOP--
++STRT++
0.000669
0.001818
0.000495
0.000456
0.000466
0.000663
0.003032
0.000468
0.000350
--STOP--
++STRT++
0.000668
0.001819
0.000495
0.000455
0.000466
0.000663
0.003049
0.000474
0.000318
--STOP--
++STRT++
0.000668
0.001820
0.000495
0.000453
0.000467
0.000664
0.003019
0.000472
0.000290
--STOP--
++STRT++
0.000672
0.001817
0.000497
0.000457
0.000466
0.000663
0.003029
0.000489
0.000348
--STOP--
++STRT++
0.000671
0.001823
0.000496
0.000456
0.000466
0.000663
0.003022
0.000492
0.000346
--STOP--
++STRT++
0.000668
0.001822
0.000496
0.000453
0.000467
0.000662
0.003016
0.000468
0.000289
--STOP--
++STRT++
0.000668
0.001822
0.000497
0.000455
0.000465
0.000662
0.003032
0.000497
0.000348
--STOP--
++STRT++
0.000667
0.001823
0.000497
0.000454
0.000465
0.000663
0.003031
0.000481
0.000347
--STOP--
++STRT++
0.000668
0.001822
0.000497
0.000457
0.000467
0.000662
0.003050
0.000477
0.000292
--STOP--
++STRT++
0.000668
0.001820
0.000497
0.000454
0.000465
0.000663
0.003018
0.000480
0.000286
--STOP--
++STRT++
0.000669
0.001823
0.000497
0.000455
0.000465
0.000663
0.003018
0.000480
0.000299
--STOP--
++STRT++
0.000669
0.001825
0.000496
0.000456
0.000466
0.000662
0.003063
0.000473
0.000319
--STOP--
++STRT++
0.000669
0.001821
0.000495
0.000458
0.000464
0.000663
0.003018
0.000476
0.000317
--STOP--
++STRT++
0.000668
0.001817
0.000496
0.000456
0.000465
0.000664
0.003048
0.000495
0.000316
--STOP--
++STRT++
0.000667
0.001820
0.000497
0.000455
0.000467
0.000663
0.003021
0.000471
0.000318
--STOP--
++STRT++
0.000669
0.001839
0.000524
0.000454
0.000469
0.000690
0.003039
0.000474
0.000292
--STOP--
++STRT++
0.000669
0.001822
0.000496
0.000454
0.000468
0.000663
0.003031
0.000467
0.000345
--STOP--
++STRT++
0.000670
0.001836
0.000496
0.000455
0.000467
0.000663
0.003030
0.000493
0.000289
--STOP--
++STRT++
0.000688
0.001841
0.000497
0.000455
0.000465
0.000662
0.003020
0.000477
0.000319
--STOP--
++STRT++
0.000689
0.001839
0.000496
0.000453
0.000466
0.000663
0.003030
0.000478
0.000344
--STOP--
++STRT++
0.000667
0.001817
0.000496
0.000455
0.000466
0.000663
0.003033
0.000480
0.000378
--STOP--
++STRT++
0.000667
0.001818
0.000496
0.000457
0.000467
0.000663
0.003029
0.000466
0.000294
--STOP--
++STRT++
0.000667
0.001842
0.000496
0.000474
0.000466
0.000694
0.003047
0.000479
0.000292
--STOP--
++STRT++
0.000669
0.001858
0.000498
0.000474
0.000467
0.000683
0.003049
0.000490
0.000320
--STOP--
++STRT++
0.000668
0.001822
0.000497
0.000454
0.000467
0.000664
0.003040
0.000469
0.000342
--STOP--
++STRT++
0.000668
0.001818
0.000495
0.000456
0.000464
0.000663
0.003030
0.000524
0.000393
--STOP--
++STRT++
0.000668
0.001822
0.000495
0.000452
0.000466
0.000663
0.003039
0.000463
0.000322
--STOP--
++STRT++
0.000669
0.001817
0.000496
0.000454
0.000467
0.000665
0.003019
0.000473
0.000291
--STOP--
++STRT++
0.000668
0.001838
0.000496
0.000453
0.000464
0.000661
0.003017
0.000491
0.000293
--STOP--
++STRT++
0.000706
0.001839
0.000496
0.000456
0.000465
0.000662
0.003016
0.000468
0.000297
--STOP--
++STRT++
0.000667
0.001819
0.000495
0.000456
0.000467
0.000664
0.003016
0.000502
0.000319
--STOP--
++STRT++
0.000667
0.001818
0.000496
0.000455
0.000467
0.000662
0.003053
0.000479
0.000311
--STOP--
++STRT++
0.000669
0.001818
0.000497
0.000455
0.000466
0.000664
0.003045
0.000473
0.000295
--STOP--
++STRT++
0.000667
0.001820
0.000496
0.000454
0.000467
0.000664
0.003055
0.000490
0.000344
--STOP--
++STRT++
0.000670
0.001818
0.000495
0.000452
0.000466
0.000661
0.003052
0.000469
0.000288
--STOP--
++STRT++
0.000666
0.001817
0.000496
0.000456
0.000465
0.000662
0.003032
0.000468
0.000320
--STOP--
++STRT++
0.000668
0.001821
0.000496
0.000453
0.000468
0.000662
0.003053
0.000490
0.000319
--STOP--
++STRT++
0.000668
0.001817
0.000497
0.000455
0.000466
0.000661
0.003028
0.000466
0.000292
--STOP--
++STRT++
0.000667
0.001821
0.000497
0.000455
0.000466
0.000664
0.003049
0.000490
0.000364
--STOP--
++STRT++
0.000667
0.001841
0.000497
0.000455
0.000466
0.000662
0.003031
0.000470
0.000319
--STOP--
++STRT++
0.000667
0.001817
0.000496
0.000453
0.000468
0.000663
0.003019
0.000481
0.000346
--STOP--
++STRT++
0.000668
0.001819
0.000495
0.000455
0.000466
0.000662
0.003016
0.000470
0.000366
--STOP--
++STRT++
0.000687
0.001841
0.000497
0.000453
0.000468
0.000663
0.003017
0.000477
0.000292
--STOP--
++STRT++
0.000667
0.001820
0.000496
0.000456
0.000466
0.000663
0.003050
0.000469
0.000322
--STOP--
++STRT++
0.000667
0.001819
0.000496
0.000456
0.000468
0.000664
0.003030
0.000464
0.000319
--STOP--
++STRT++
0.000694
0.001842
0.000495
0.000452
0.000468
0.000663
0.003018
0.000462
0.000321
--STOP--
++STRT++
0.000671
0.001823
0.000496
0.000455
0.000466
0.000661
0.003030
0.000477
0.000315
--STOP--
++STRT++
0.000668
0.001818
0.000498
0.000454
0.000464
0.000663
0.003039
0.000488
0.000343
--STOP--
++STRT++
0.000700
0.001839
0.000495
0.000454
0.000466
0.000692
0.003030
0.000465
0.000347
--STOP--
++STRT++
0.000667
0.001821
0.000495
0.000455
0.000468
0.000662
0.003047
0.000477
0.000319
--STOP--
++STRT++
0.000667
0.001853
0.000497
0.000455
0.000465
0.000662
0.003027
0.000475
0.000320
--STOP--
++STRT++
0.000667
0.001856
0.000497
0.000455
0.000468
0.000664
0.003051
0.000506
0.000344
--STOP--
++STRT++
0.000668
0.001818
0.000495
0.000456
0.000468
0.000664
0.003016
0.000494
0.000316
--STOP--
++STRT++
0.000669
0.001821
0.000498
0.000455
0.000464
0.000665
0.003016
0.000479
0.000344
--STOP--
++STRT++
0.000667
0.001821
0.000496
0.000456
0.000466
0.000663
0.003030
0.000476
0.000294
--STOP--
++STRT++
0.000699
0.001817
0.000496
0.000455
0.000466
0.000663
0.003054
0.000490
0.000293
--STOP--
++STRT++
0.000667
0.001843
0.000497
0.000456
0.000466
0.000662
0.003029
0.000466
0.000346
--STOP--
++STRT++
0.000670
0.001822
0.000496
0.000454
0.000465
0.000662
0.003044
0.000484
0.000314
--STOP--
++STRT++
0.000667
0.001818
0.000496
0.000455
0.000465
0.000663
0.003031
0.000469
0.000318
--STOP--
++STRT++
0.000670
0.001843
0.000496
0.000455
0.000464
0.000689
0.003029
0.000489
0.000316
--STOP--
++STRT++
0.000668
0.001842
0.000498
0.000455
0.000466
0.000664
0.003046
0.000500
0.000337
--STOP--
++STRT++
0.000668
0.001817
0.000495
0.000456
0.000465
0.000664
0.003019
0.000473
0.000362
--STOP--
++STRT++
0.000669
0.001850
0.000519
0.000484
0.000489
0.000683
0.003052
0.000474
0.000323
--STOP--
++STRT++
0.000668
0.001821
0.000518
0.000480
0.000466
0.000663
0.003038
0.000473
0.000368
--STOP--
++STRT++
0.000670
0.001818
0.000495
0.000455
0.000466
0.000663
0.003021
0.000479
0.000289
--STOP--
++STRT++
0.000669
0.001824
0.000496
0.000455
0.000466
0.000663
0.003028
0.000494
0.000293
--STOP--
++STRT++
0.000667
0.001819
0.000496
0.000455
0.000465
0.000663
0.003051
0.000481
0.000319
--STOP--
++STRT++
0.000669
0.001818
0.000496
0.000455
0.000466
0.000663
0.003048
0.000468
0.000292
--STOP--
++STRT++
0.000669
0.001823
0.000497
0.000456
0.000466
0.000663
0.003040
0.000477
0.000319
--STOP--
++STRT++
0.000670
0.001823
0.000496
0.000454
0.000465
0.000663
0.003029
0.000489
0.000321
--STOP--
++STRT++
0.000672
0.001818
0.000497
0.000455
0.000467
0.000663
0.003088
0.000472
0.000369
--STOP--
++STRT++
0.000668
0.001818
0.000496
0.000459
0.000468
0.000664
0.003045
0.000490
0.000349
--STOP--
++STRT++
0.000668
0.001817
0.000498
0.000453
0.000466
0.000663
0.003033
0.000490
0.000343
--STOP--
++STRT++
0.000709
0.001821
0.000496
0.000454
0.000464
0.000663
0.003044
0.000482
0.000368
--STOP--
++STRT++
0.000668
0.001842
0.000496
0.000454
0.000465
0.000663
0.003017
0.000490
0.000316
--STOP--
++STRT++
0.000667
0.001817
0.000495
0.000455
0.000465
0.000662
0.003029
0.000469
0.000292
--STOP--
++STRT++
0.000668
0.001818
0.000495
0.000455
0.000466
0.000665
0.003033
0.000469
0.000349
--STOP--
++STRT++
0.000697
0.001840
0.000495
0.000456
0.000464
0.000663
0.003031
0.000490
0.000363
--STOP--
++STRT++
0.000667
0.001821
0.000495
0.000456
0.000466
0.000662
0.003040
0.000470
0.000296
--STOP--
++STRT++
0.000668
0.001822
0.000495
0.000456
0.000464
0.000665
0.003014
0.000476
0.000368
--STOP--
++STRT++
0.000670
0.001817
0.000496
0.000454
0.000466
0.000662
0.003019
0.000493
0.000316
--STOP--
++STRT++
0.000668
0.001818
0.000498
0.000454
0.000464
0.000664
0.003029
0.000470
0.000290
--STOP--
++STRT++
0.000668
0.001822
0.000495
0.000455
0.000464
0.000663
0.003046
0.000505
0.000370
--STOP--
++STRT++
0.000667
0.001822
0.000496
0.000453
0.000466
0.000662
0.003016
0.000495
0.000315
--STOP--
++STRT++
0.000670
0.001821
0.000496
0.000455
0.000464
0.000663
0.003018
0.000471
0.000344
--STOP--
++STRT++
0.000670
0.001817
0.000496
0.000454
0.000464
0.000663
0.003016
0.000476
0.000291
--STOP--
++STRT++
0.000695
0.001846
0.000497
0.000454
0.000466
0.000663
0.003018
0.000471
0.000292
--STOP--
++STRT++
0.000690
0.001842
0.000496
0.000454
0.000466
0.000663
0.003021
0.000495
0.000366
--STOP--
++STRT++
0.000669
0.001821
0.000496
0.000456
0.000466
0.000663
0.003020
0.000508
0.000365
--STOP--
