++STRT++
526826
1448896
387360
354332
364504
524585
2413586
365502
267121
527535
1449772
387572
354596
364675
565352
2453860
371444
241346
526889
1449395
388131
356157
363150
531256
2413934
385726
283475
526751
1449496
387537
356704
363914
552065
2449838
383717
265543
526384
1450309
388039
356067
362749
526147
2414685
353538
246244
527592
1448565
387202
356551
362319
524619
2412111
384168
245956
526880
1449112
387471
355616
363633
527367
2414303
361746
246165
526690
1449124
387256
356533
363013
531181
2416246
361837
267490
526997
1489210
388274
356421
363676
526025
2413861
383783
224127
527591
1496129
388092
356196
363943
524230
2440039
392193
324342
--STOP--
++STRT++
527529
1449963
387363
357385
363606
531059
2411912
361907
245240
526525
1449677
387992
354666
362724
532044
2412501
362272
242589
526255
1448200
388543
355249
362835
525509
2411259
385198
281038
526831
1449259
387535
355095
363229
527361
2411782
361624
248080
526438
1448614
387180
357314
363226
525427
2413525
363968
284280
526877
1449828
388659
358464
364154
529297
2414558
353833
222344
526625
1520075
388379
356178
364207
529807
2413838
355380
244371
560933
1488605
413961
357259
364548
528486
2412035
356912
247197
527588
1494974
386637
359426
363718
530047
2414020
364139
223386
527605
1521518
388515
355800
364251
530652
2414233
362641
282312
--STOP--
++STRT++
527148
1449422
387408
356383
363698
530130
2415666
383933
224613
527280
1450932
388037
355309
362037
527313
2412787
363787
246206
526298
1449129
387769
355927
364659
527106
2490069
361615
244531
526547
1450019
387683
357057
363380
530202
2412562
361066
266408
526962
1450825
387073
355575
363731
527761
2413529
353014
239789
528034
1448913
387978
357311
363963
524540
2415881
375361
246285
526929
1449637
387021
355421
363310
525162
2413534
363590
247491
567097
1448851
387206
357852
363922
526798
2414954
373111
224583
526956
1449351
388800
356346
363287
524171
2412804
361419
245796
526953
1449440
388150
356529
364404
525368
2442537
362055
248159
--STOP--
++STRT++
526338
1449347
388210
356563
362487
526370
2415535
361320
283749
526734
1449509
387529
355681
363784
529956
2411957
362962
243813
527043
1462132
387535
357204
363028
526241
2412701
361368
224440
598002
1449897
387938
357686
363645
532427
2416171
363002
249000
526696
1449139
388019
355451
363847
531887
2412676
362285
246120
526685
1449562
388407
353778
364197
529395
2412117
383665
226326
527830
1448757
387358
356947
364238
529215
2414356
361920
246458
526082
1449221
388305
355428
363174
525947
2412846
384357
223033
526274
1449950
388502
355807
364142
524085
2412867
361994
265157
527873
1447838
388431
358747
362766
525478
2413526
361681
283696
--STOP--
++STRT++
526443
1449273
387799
357204
363812
573461
2484901
353546
268367
526440
1523696
388218
353467
364503
530806
2414024
361793
243428
526281
1448961
387400
351929
364308
526423
2454581
354550
243307
526305
1448901
388301
356054
363181
532660
2416214
360154
227280
527955
1450096
388032
357306
363808
530802
2415829
352708
222978
527229
1538560
388760
356291
362625
523442
2412185
355433
245783
526421
1449985
387671
352736
362397
526266
2414220
360227
249720
526072
1449309
388168
354857
362617
530556
2414609
375956
242231
527597
1490349
388744
356384
362583
529777
2444438
353941
270306
526452
1495694
459877
358271
364409
525686
2445957
373944
267910
--STOP--
++STRT++
527246
1450426
387579
356284
363191
529537
2415850
374180
267408
528362
1525151
387731
352185
363512
527328
2412924
361515
270039
526865
1525035
388499
355082
364153
524665
2416103
385495
243644
527089
1448931
387343
354421
363655
529719
2411815
354790
281333
527060
1450095
387219
356924
363543
531235
2414681
361942
251026
570532
1530923
387545
423062
363279
531061
2445326
357858
296585
526376
1526868
387742
358766
363325
524846
2454829
374565
307600
527607
1527901
387025
430293
405569
533038
2455603
373537
271924
526854
1449527
387274
352527
362886
530902
2415456
355107
263637
527065
1449471
387087
357851
363161
532194
2413844
361159
246975
--STOP--
++STRT++
526880
1489453
386949
356150
363131
527154
2413353
376006
218616
573803
1450798
387171
358621
364167
531009
2416648
363471
224599
527541
1449354
388365
355616
362772
524881
2451308
355235
222647
527282
1449528
387854
355616
363349
530415
2410804
362571
225148
527033
1449877
387101
354540
363688
531533
2415453
374601
272062
526869
1449216
388228
353401
363421
527044
2413441
364527
265758
526005
1449303
388416
352717
363794
530614
2411864
374651
223368
559847
1490534
418806
356179
363522
526028
2412358
361971
265675
526476
1450681
387137
355219
364378
530027
2444990
360827
262317
527172
1448337
387425
354498
363527
526461
2415347
349694
226875
--STOP--
++STRT++
526200
1450062
387664
355776
363194
526106
2415631
365020
246112
527184
1449049
387790
357337
363449
527161
2414163
356510
245849
526889
1450964
388724
351580
364232
531185
2411641
381612
222020
527724
1448742
387541
355377
364475
526487
2414078
377589
246859
526186
1448925
387447
351580
364548
525395
2415146
374038
222172
526419
1447778
387012
355996
363322
525387
2413770
373811
263377
526213
1449942
388150
352401
364291
531235
2416104
374961
269370
527011
1448473
388072
355798
363274
524808
2412266
376052
243932
526565
1449811
388154
354440
362792
529641
2413032
357027
241568
526224
1450204
388525
353359
363506
531311
2412125
361823
279134
--STOP--
++STRT++
527495
1523151
387615
354864
363537
528027
2481911
354577
225200
526808
1498624
387531
354622
362903
529928
2415182
353286
246747
527009
1491590
388686
356092
364039
525317
2411677
354105
244738
527948
1450387
387313
355144
362694
526191
2413488
363227
223840
527192
1448152
387601
356691
364216
529141
2415439
360519
224010
526939
1450071
388077
355632
363436
556836
2449287
354589
268118
527758
1449658
388237
356859
364646
531129
2477378
372204
224914
526839
1448283
387572
359121
362927
527536
2416485
353881
245428
526260
1449842
387755
352536
364533
527278
2412936
354036
266119
526905
1450555
387548
357293
363491
528030
2412010
355063
244591
--STOP--
++STRT++
526790
1449997
387936
355565
363651
527509
2414115
363762
248656
526577
1449363
388128
357491
363523
530369
2413452
363231
249469
526981
1484853
419069
355177
364103
529971
2414588
360697
269659
526740
1449825
387898
351173
364534
526777
2412673
374321
285129
526981
1449630
388505
356214
364532
564189
2443866
372942
243873
526339
1449916
388910
355438
363115
527082
2456309
353542
226689
527496
1448780
387209
355621
363165
524258
2414217
359392
263523
526657
1450091
388017
357135
364438
526042
2412195
354665
249721
526279
1449756
387478
353082
362665
525684
2411937
359353
294341
526144
1450126
388569
355033
363584
529466
2412217
362339
280856
--STOP--
++STRT++
526917
1449218
387738
357353
362770
524893
2412189
351558
225118
527356
1448756
387084
350597
362988
530500
2412059
372031
247529
526945
1524508
388107
351849
363201
526673
2414342
362068
266231
527368
1450786
387346
356590
364031
530974
2412580
361768
266436
526632
1500294
432777
353119
363934
526478
2442980
415763
224264
573926
1519939
387762
430537
363780
523371
2456723
358133
284074
612285
1494075
388647
353831
363555
526835
2460756
353007
245654
528160
1492933
387570
432073
362917
531395
2454337
374901
246407
526416
1450527
387777
354628
363412
525965
2415697
361343
266097
526881
1447946
387587
354312
363154
524880
2411557
360014
267639
--STOP--
++STRT++
526347
1450150
388315
355581
362808
529310
2425260
386743
224545
527017
1449249
388137
357694
363363
531494
2415616
358133
243250
526973
1450449
387815
353391
362832
530345
2413886
360378
282899
526978
1450244
388156
354636
363841
529571
2413938
360802
249365
526949
1449873
387856
352619
363597
531925
2412283
355270
246718
526841
1449259
388367
358340
363162
526784
2412312
409985
243774
527332
1450121
387450
356137
363308
531616
2412999
354245
246503
526783
1449276
387437
357444
364518
529670
2413301
353174
267701
526966
1450016
388197
357252
363451
530352
2413432
366232
246137
526827
1450044
388465
353164
363212
528196
2412578
362437
244127
--STOP--
++STRT++
526867
1449548
387230
356570
363390
524724
2413155
372708
282029
526854
1449318
387518
353304
362925
530540
2414323
353326
246985
526155
1450289
388402
356604
363445
527236
2413748
371950
270598
527764
1449108
388064
356149
364302
526914
2416448
373481
243426
527534
1450705
388042
355609
364413
530808
2454105
382016
245046
526387
1449775
388466
353165
362781
526262
2414366
373539
260446
526490
1448786
388456
355983
363704
530933
2416208
360356
266706
527119
1450175
388215
357351
362127
529023
2411103
375328
223817
526097
1449373
387478
353824
362565
529863
2449594
372116
270644
526294
1449520
386974
356531
363161
567066
2446812
383152
293021
--STOP--
++STRT++
527499
1448678
388127
352937
362965
529394
2412608
360339
224215
527192
1449544
387505
354066
363790
531952
2412485
362316
224550
526893
1449290
388717
355689
364037
525762
2414077
373215
227223
526964
1449257
387950
353135
363772
526035
2416096
361954
246280
527006
1449908
389013
357194
362522
524510
2413981
355098
245933
526727
1449419
387963
355447
364607
529054
2412405
385400
224053
526932
1449575
387335
357224
363411
527211
2412095
354889
245719
526245
1449217
387259
355817
363268
523593
2412436
372520
245500
526869
1448341
387495
355129
363160
531331
2464751
353798
263797
526480
1449991
387864
355339
362315
526248
2412802
361901
265127
--STOP--
++STRT++
526957
1450111
387696
354891
362843
525043
2415395
360070
270773
527577
1448554
388255
355377
363510
526092
2411155
364040
246124
526955
1449034
388103
355248
362773
525625
2414809
384805
244499
526131
1450140
387884
355827
363380
528351
2416012
374026
225760
526806
1450065
387474
354142
362935
525876
2412842
361993
246993
526961
1449829
387873
352005
363656
528345
2412858
371552
246793
527029
1449030
387046
357204
364012
529269
2416701
363399
224814
526195
1448856
388276
355490
362777
526390
2411695
353096
248924
527160
1449418
387493
354566
363643
529358
2452557
352628
245490
527241
1449382
388143
357837
364470
523895
2415843
372285
267316
--STOP--
++STRT++
527550
1450110
387648
355700
363708
530706
2414377
385839
267213
526153
1450156
387930
356325
363281
530071
2416082
372291
227876
526651
1449967
387563
356094
363143
530705
2414973
354589
243137
527045
1535158
387308
355633
363963
531081
2415162
362135
221985
527192
1492428
387574
356216
363288
526081
2441477
352137
245904
562514
1488154
418007
356484
362970
530322
2412672
355221
242591
526396
1448564
388098
352733
364165
529826
2411143
362256
223427
526941
1450531
387508
352229
363712
526100
2411489
373486
222666
527023
1449038
387408
355740
362947
525847
2411168
352351
257116
526358
1494238
420857
355525
363324
525769
2446549
420560
270433
--STOP--
++STRT++
526927
1449267
387229
355433
363404
528744
2411334
371687
259723
526156
1524302
388243
355186
363221
529873
2412812
352892
265509
526330
1490935
388191
354283
363363
524657
2414479
364052
220703
527626
1449851
388551
355585
363473
531986
2414026
362079
260469
527007
1449471
388527
351744
362588
529873
2412094
375814
244816
527028
1451071
387404
355479
362640
527680
2412987
372366
246440
526949
1449281
387695
354949
363520
565764
2457274
360318
265761
526453
1448618
387356
354702
362570
524928
2445508
355009
243529
526980
1449521
387849
357218
363537
528286
2417839
354684
265928
526420
1530474
388496
352650
363067
530149
2411212
361832
224946
--STOP--
++STRT++
526350
1451243
387267
353851
437650
527669
2459077
375555
326202
526165
1450846
388549
355154
437818
524445
2448487
363044
295816
526518
1496624
388036
429746
399850
525881
2459125
371720
221804
526323
1450685
387356
354578
405742
526560
2454583
361032
264213
527127
1450593
387838
355408
363471
559107
2504731
355198
223799
527040
1449144
388353
355229
364436
527933
2414456
355062
223212
526805
1449675
387274
353520
363726
530788
2412325
359770
270518
526429
1450650
388565
356314
362835
527463
2413001
353790
218192
527014
1449040
387619
355516
363130
526158
2413183
361365
263254
526959
1449717
387665
352018
362807
524305
2414462
353984
247999
--STOP--
++STRT++
526239
1448439
388308
357946
363373
526190
2413777
353881
258973
527559
1518244
387521
354745
363292
531996
2452775
362637
268457
527149
1525745
423726
354311
363927
529160
2450458
375464
245799
526920
1448583
388045
354922
363052
525397
2412032
362134
246179
526264
1451081
388459
355014
362763
527587
2412330
361648
222799
526200
1448714
388564
353809
363439
529937
2411162
390557
245538
526866
1450134
388208
354970
363036
528837
2414410
363153
243137
527116
1450747
387644
355476
362876
530578
2412759
361343
225696
526200
1449753
388792
353750
362995
524818
2443736
371998
266906
527139
1450047
388182
357157
364147
530011
2415061
363242
220906
--STOP--
++STRT++
567012
1486608
429832
358441
364953
530217
2484055
389557
247377
603051
1498860
423575
355364
363913
524520
2437809
364381
241873
564824
1480361
418793
354414
363710
529856
2412495
351560
221183
527034
1449115
387693
353477
362177
525734
2454426
362904
280200
526113
1449282
387622
356956
363789
526670
2412278
355577
260241
527813
1448900
387580
359595
363981
526690
2413312
359807
270952
526718
1450013
388010
350643
364701
530469
2413395
374554
242783
526245
1449930
387924
353997
362701
523042
2444406
373649
243011
526393
1449697
388359
353851
363528
525325
2411648
374292
269454
526558
1450012
387307
355464
363088
531411
2412033
362907
269332
--STOP--
++STRT++
526636
1448840
388186
352328
362612
523931
2422360
360807
242736
527303
1450121
387140
353512
362927
530006
2412743
356015
226448
527497
1450485
388300
356895
363143
527159
2412909
363480
281397
526897
1450462
388275
353580
362083
532196
2414558
363246
244290
526458
1449550
388598
355543
363280
525793
2413889
372947
249160
526365
1449630
387258
354525
363305
531275
2457006
362553
266143
527516
1449865
387567
359375
362924
530709
2413866
353555
266964
526842
1449506
387412
355826
362772
532034
2415080
354024
265535
527881
1503089
462278
355547
363451
526684
2442688
418205
246024
526448
1450960
387342
357321
366754
582386
2449427
354061
220640
--STOP--
++STRT++
527125
1450311
387505
356015
364808
530362
2412463
373432
248586
526213
1450157
387470
356438
363249
525927
2449918
361166
240876
526816
1449632
387409
357657
363930
526350
2446682
361447
227858
527205
1448934
387457
355552
364671
525634
2415615
353363
246878
526825
1450192
387586
354516
362587
529998
2412157
374809
268947
526314
1449129
387375
358872
362357
529896
2412288
360956
222123
527708
1522591
388534
354529
363241
525711
2412693
375316
248777
526727
1449714
386807
355581
363148
528144
2413748
375139
221678
527802
1501292
387078
355444
363210
524738
2444659
354127
247356
526973
1524225
388576
354302
364228
526378
2460961
382128
246025
--STOP--
++STRT++
527226
1449934
387509
355337
363857
529558
2413290
384458
226427
526358
1449793
387378
356740
363145
528073
2413411
361055
266416
526981
1449287
388335
356047
363944
525239
2415157
363227
269488
526406
1448565
386805
356710
363744
528702
2411285
374009
221894
526326
1449641
388711
357702
362919
525890
2414442
363638
245693
526916
1448107
388415
357258
362628
524579
2414634
373302
223132
526686
1450085
388472
355912
363100
523225
2411957
363320
243041
526270
1449921
387947
356523
364829
529372
2414076
362272
224187
526718
1449834
387286
354479
363179
530663
2414327
370821
242499
526280
1450075
388024
357045
363397
529713
2415030
374449
285368
--STOP--
++STRT++
526970
1448929
387613
356984
362930
530933
2411270
363013
224363
527092
1449848
387268
353655
363123
530961
2413457
364920
264746
526920
1518190
426077
356447
363383
525145
2415950
361881
224461
526452
1490584
388536
355699
362762
529980
2415676
371620
223048
527317
1450256
388346
354166
362772
526397
2458182
401523
271231
526948
1528203
386754
382691
363294
527071
2485968
356278
255008
526247
1492251
388443
399129
363335
528941
2437432
378360
224777
526278
1449601
388251
356067
364023
530017
2411083
363523
222402
528084
1449748
388423
354237
364754
525636
2412330
362341
247955
526430
1448949
388146
358402
362826
529986
2411117
374924
242058
--STOP--
++STRT++
565008
1491149
391258
354161
363144
530270
2444647
375591
226975
577421
1526267
429853
357003
362991
526546
2448244
395593
223682
526943
1523465
431533
351789
362491
530238
2452033
402362
241631
526963
1448847
388707
355697
363121
525708
2411734
372145
245785
526810
1449781
388149
355799
362737
527033
2412377
374961
226672
526777
1450812
388163
357127
363477
524902
2415655
361294
220569
526268
1448902
388535
353936
363675
530417
2415819
356443
245818
526661
1449443
388480
356779
362737
526355
2412476
353503
242960
526306
1449956
388108
355375
363426
530694
2465962
371475
266022
526858
1449180
387462
356441
363327
525300
2415009
370214
250124
--STOP--
++STRT++
526755
1449952
388322
356952
363053
526896
2413430
361776
225631
526563
1449359
388004
351814
362695
531084
2445397
355171
246448
527576
1448857
387461
354255
365400
531676
2482692
361055
266155
527094
1448959
387973
355620
363493
575208
2446244
356194
267580
526824
1450859
388467
354546
362543
525831
2469816
361929
263574
526466
1448049
387574
355733
362762
531674
2412586
377374
266205
527017
1449186
388737
356659
363388
528677
2412232
361515
248668
526260
1449147
388733
354777
363414
524371
2412752
374752
248791
619310
1501763
387740
356363
364609
573184
2446445
360367
267147
526155
1449350
387967
358858
363503
529765
2414809
361268
249512
--STOP--
++STRT++
527902
1449607
388402
357112
363781
528030
2413322
355035
244874
526282
1450983
387370
356382
363526
525861
2414121
373420
260754
526992
1450098
387603
356278
363702
528305
2457737
366030
265960
527183
1450411
388559
352895
363091
528540
2411282
353771
226095
527630
1449010
387508
355651
363778
531518
2416852
356205
259326
526714
1449679
400996
356125
362614
530375
2411864
383747
283797
527595
1449263
387400
355670
364251
554068
2440734
352674
266791
527005
1448572
388700
354225
364463
530684
2412926
362246
265601
526853
1449996
387513
353274
364693
530179
2412232
360247
223678
526607
1449684
387406
352516
364615
525169
2415728
353753
266571
--STOP--
++STRT++
527429
1448481
388513
358695
362099
528957
2490054
361810
226654
526706
1518221
388247
354851
364385
527685
2412370
383573
223707
526231
1448845
387212
366277
363220
530305
2414639
375159
244108
526355
1449137
388814
356465
362708
530881
2415319
354902
267011
526701
1524347
432032
353064
363530
525314
2454951
417684
285480
527691
1488626
387559
384103
362305
530811
2455679
374512
222096
526998
1448740
387852
354601
404979
532290
2454722
384041
284680
526165
1449021
387637
355469
363380
530990
2412617
361565
268550
527030
1449926
387868
356609
363375
523573
2414469
355221
247561
526293
1448711
388005
355014
363644
527264
2444456
410669
285206
--STOP--
++STRT++
526761
1450856
388646
356067
363126
599909
2490545
367711
218614
526820
1448686
387625
356303
363575
601193
2456455
361494
227004
526922
1450003
387709
353935
364569
531293
2490000
364014
268924
526909
1448688
387528
349983
363345
526311
2413774
362222
268113
527069
1448901
388041
351547
363983
530161
2413334
377510
268327
526765
1450021
387230
357260
363550
531005
2411602
361813
241774
526926
1498630
387573
356189
363240
532017
2412916
361551
244295
527547
1450049
387228
357497
363463
526065
2412040
360894
247413
526364
1449645
387238
353316
363230
525907
2411714
373355
221033
526847
1449193
387248
357718
364120
527316
2412655
352888
222517
--STOP--
++STRT++
565992
1524086
466886
356168
362697
571453
2478199
436837
223372
526847
1496317
387541
351077
363388
524407
2411971
361699
246495
526330
1492714
387488
355560
363230
531482
2414498
355217
223833
526918
1449919
386969
355224
363860
529435
2412522
373210
247929
526563
1449919
388404
356092
363542
530753
2412087
355368
245249
526162
1449682
387865
354185
362957
526028
2414192
355668
264889
527066
1449949
387653
355985
363462
525114
2414484
362502
223250
526819
1450293
387277
349739
362939
528785
2411803
353718
244366
526830
1449294
387185
356576
364074
524526
2426658
372879
224720
527034
1448824
388807
356960
363158
526939
2411640
376233
227279
--STOP--
++STRT++
526919
1449778
388299
357405
364300
524010
2410671
373698
244468
526397
1448051
388279
355505
363591
526110
2412365
362911
268674
527080
1449387
387446
356538
363322
531298
2415187
353987
244923
527171
1450146
387712
356736
363759
574849
2482628
358840
243607
527112
1450058
387828
355017
363087
530260
2412658
354230
268738
526205
1450344
388506
357655
363327
526200
2413806
385605
265484
526567
1450021
387375
359317
363347
525820
2412179
354390
245043
527389
1449786
388403
356111
364369
523907
2411394
363138
271241
527154
1450448
388363
356513
363839
525695
2415910
374749
249576
526253
1492573
388230
352305
362462
525244
2445819
420476
248077
--STOP--
++STRT++
526309
1449212
388263
354889
363674
526031
2414743
360119
244361
527636
1448941
388339
356782
362711
526121
2413291
383610
249112
526947
1449261
387186
355217
363623
528818
2414654
360202
244197
526611
1449606
388026
356833
363946
528637
2412761
354936
225604
526517
1449871
388091
353066
364073
530165
2413443
373152
226209
527029
1450880
388149
355640
363182
530701
2412908
375485
268194
526292
1487425
389693
352101
362660
528993
2413437
362363
225655
527492
1448973
388438
354926
363404
530932
2413494
352355
244549
527414
1449140
387241
355430
363734
526588
2413188
377099
244545
526290
1449692
387526
356924
362920
525471
2457996
354421
224288
--STOP--
++STRT++
527435
1448817
387257
357424
363554
529026
2414747
359840
246888
526798
1449266
388512
351879
363794
531282
2414625
363688
243184
527595
1449932
388249
355127
363220
530410
2454647
374928
260754
526210
1449317
388399
355654
362861
530290
2412844
372586
258286
526707
1448497
387556
357110
363900
530865
2412245
362541
222126
526388
1450245
388725
356833
364049
528146
2412949
354193
245550
526782
1449065
387871
357585
363931
530863
2413432
356836
269654
526743
1450164
388606
357463
364075
529690
2412539
363973
223830
526192
1450776
388143
354386
364263
525931
2412777
362014
242469
527129
1449644
386975
356602
361917
530468
2414939
373747
279692
--STOP--
++STRT++
565788
1488691
431066
355977
363457
525201
2446215
429964
223103
526434
1490388
387045
355845
362376
530457
2411717
356193
222682
526997
1449715
387898
355203
362804
529943
2413343
354761
265946
526818
1449424
388352
356890
362831
530552
2414573
361449
244157
527334
1449678
388457
358924
362483
524571
2411468
361745
248416
527070
1491788
387227
357807
364317
523505
2414385
361133
222603
526568
1449584
388422
356304
362751
524026
2413854
354183
266929
526900
1449159
387833
355002
364266
529797
2411936
354721
284862
527046
1449150
387342
356279
364113
529319
2414201
373506
266263
572451
1531961
388355
434520
362824
525910
2452714
354650
264379
--STOP--
++STRT++
527026
1448870
388427
356542
364041
529567
2414053
384157
222982
526594
1519218
387510
356859
363104
530238
2411516
361001
245560
527301
1450681
387669
355937
362661
528592
2412840
359682
248836
526374
1449910
388686
355800
364080
526044
2412886
362128
268881
526564
1448902
387231
359903
363689
527356
2412552
362891
227110
527528
1498929
387619
358615
363609
529843
2412211
372494
245176
526998
1501923
416958
354212
363361
529248
2414990
421408
251027
526194
1450164
387147
354799
363282
530472
2414958
354897
243975
527714
1449361
387849
357534
364108
531400
2412581
364309
223680
527074
1450236
388212
354320
363571
524568
2415875
354581
246743
--STOP--
++STRT++
527123
1450567
388018
353623
364304
524215
2411428
374219
240758
526167
1450074
388516
357152
364232
526271
2412412
354707
284938
527587
1450136
387268
356473
364542
525284
2415240
372761
225275
528394
1449478
387219
355007
362861
527298
2411500
361098
243133
526376
1449214
388051
354754
363632
529207
2415221
364620
248611
528064
1449214
387257
357220
363321
529563
2412706
355105
242179
527723
1448661
387471
354081
364241
527536
2414137
361760
246803
526199
1488935
388286
354435
364266
526229
2415028
354460
248505
526818
1450155
388198
356000
363732
525925
2415028
363999
270260
526889
1522107
435431
351647
363244
525978
2467009
390882
225069
--STOP--
++STRT++
526810
1449569
388659
354879
362722
525933
2414272
354033
281563
526947
1449626
387737
352245
364423
526521
2412330
362457
283247
526607
1449378
387953
354917
362916
524924
2411940
354438
269157
526497
1450563
387317
357593
362976
531125
2471824
372497
281480
526973
1449554
387384
349898
363485
529907
2413291
361843
268249
526247
1449505
428073
353977
363575
530271
2416685
353423
268185
526263
1450321
387072
354669
363441
527632
2482348
408141
246264
564236
1483903
389896
352303
364387
523834
2412650
365079
225087
526432
1449187
387329
356699
363967
525433
2415525
358929
242589
526932
1450235
386998
355591
363715
528838
2412336
358241
264816
--STOP--
++STRT++
527170
1449516
387873
356166
364333
527368
2411951
373140
225953
527610
1449760
387525
354482
363028
532184
2443002
363326
244963
526860
1449808
388605
352514
362812
572720
2445163
384214
266192
527174
1450667
387737
358383
363427
556167
2451322
360762
280890
528510
1448216
387765
354193
363460
531681
2416713
353979
242280
526428
1450031
388766
356943
363616
527265
2414760
384580
267328
526680
1448840
386985
354078
363414
525649
2411227
361570
225797
526873
1449617
387403
356284
364049
524366
2415189
353738
243326
526384
1461069
387483
356487
363728
529462
2414200
360411
246450
526517
1449141
388051
355368
363352
531849
2414675
361799
243646
--STOP--
++STRT++
526993
1449617
387286
357858
362856
530853
2413019
374716
264538
526783
1449805
388031
352446
364268
530798
2413390
361891
267377
526659
1449870
387616
359227
364164
526671
2414955
362917
243190
527512
1449754
387118
355784
363090
531318
2411539
359878
294033
526147
1449914
388705
353915
362989
530210
2412010
354590
260633
526250
1498455
388489
351169
363719
530254
2414059
362201
243747
526729
1449404
387329
355305
362465
526568
2414187
384777
246080
527405
1449646
387637
352348
363383
532422
2414470
361021
247042
526170
1448852
388259
350453
363285
530448
2427641
362447
266260
527449
1532961
433908
352571
364597
524243
2457744
393532
241525
--STOP--
++STRT++
526513
1449482
387306
357319
364003
530754
2415463
361617
267892
526437
1523287
387361
354626
363703
525610
2411675
360026
268491
527084
1492472
386710
352784
363185
525929
2440334
352927
265781
526868
1449419
431615
351614
364098
531278
2414133
362439
246082
527164
1448918
388291
357022
363123
525401
2415285
362985
221816
526222
1448891
387931
356412
363077
527674
2410957
384554
227404
527971
1449619
387528
355259
362903
531116
2411612
361946
267580
526796
1449722
387558
352604
362477
530064
2412079
361405
242277
527378
1449757
387457
351657
363151
531691
2413562
374105
248366
526522
1487751
463593
399533
363820
525633
2481024
364435
299630
--STOP--
++STRT++
527016
1449027
387308
355121
362568
530330
2415826
373104
270595
526366
1449352
387721
359124
361879
530476
2414724
360571
227308
526286
1449273
388440
355435
363916
525281
2415187
374498
221880
526639
1451094
387703
357005
363860
531840
2415539
353040
219726
526857
1448641
387932
351422
362989
526564
2415185
355417
221883
526652
1449605
387725
358790
363903
531617
2412391
353429
223830
527389
1449772
387674
355061
363541
525983
2414941
354597
269466
526722
1449142
387404
353962
363807
524029
2443588
373787
246932
526202
1450200
388247
352967
362632
528875
2413657
355555
225505
526334
1449045
388318
355438
363624
526495
2411585
364306
247880
--STOP--
++STRT++
526239
1449792
387738
355349
363764
530634
2411888
364368
246343
527626
1448669
388068
354614
364252
524675
2415285
363017
246684
526779
1449694
387591
355377
363341
526677
2415116
360725
247035
526723
1449534
387335
354181
363490
528448
2412408
358660
249759
526311
1450926
388412
357640
363452
529797
2413343
375227
224853
527082
1449769
387832
353076
362948
531325
2415881
373183
283714
526241
1448752
388279
354093
362654
531184
2415668
364464
224312
526820
1449404
388163
357780
364264
525335
2410972
363135
242269
535978
1450069
388554
356567
363283
524323
2412221
363500
248869
527146
1450312
388083
350394
363365
526741
2413925
362741
246638
--STOP--
++STRT++
526186
1449731
386974
355646
362775
528956
2412806
361715
265841
526331
1448709
386830
355002
363407
555542
2490353
354169
246342
527619
1449425
387818
355820
364075
563279
2453452
384703
248093
527395
1449864
387304
354886
363368
531226
2451822
360835
221658
527581
1450125
388097
357271
363213
525707
2415333
383598
221518
527003
1449623
388257
354914
362448
526369
2415497
360990
243235
526631
1450324
388468
356002
363411
526080
2412833
361848
266119
527752
1449818
388442
355957
364231
530703
2469249
362224
271766
536312
1450521
387752
353721
363145
529042
2413754
352916
223648
526625
1447430
387998
352780
363494
527973
2412112
361019
247075
--STOP--
++STRT++
564069
1486586
463338
356646
363546
531082
2442427
443974
245947
574521
1566649
428482
352782
363475
528940
2456885
360645
261822
526741
1482348
417524
354034
363215
530231
2412218
359430
267080
527396
1448996
388445
354905
363424
526329
2465896
375669
226013
526955
1449449
387568
354877
363311
529446
2412402
361454
223831
526283
1449209
387502
355570
364373
529128
2412701
360914
245342
526984
1449947
388798
353228
362837
529917
2415481
385447
225862
576452
1530709
388485
353414
362811
528085
2450032
376016
247202
527032
1449555
387530
355406
364318
525655
2457500
372651
260514
526401
1450268
388145
356480
363642
557441
2457412
394807
245958
--STOP--
++STRT++
526815
1450529
388411
355566
363752
531565
2414546
356828
243525
526321
1449517
387568
357245
364426
525535
2415762
361415
224108
526793
1449741
388409
354530
362851
553874
2444013
374149
249196
526464
1449659
387271
356317
364139
532516
2416057
360493
244228
527033
1449717
388222
357355
362452
530411
2414278
361232
265765
526941
1447860
388439
354964
363002
528520
2413131
355000
240457
526658
1448707
388200
355697
364272
528754
2412604
375083
270088
526957
1449235
388266
356244
363323
531920
2415225
362485
221872
527029
1448848
387525
354052
363240
530345
2412214
372878
263749
561234
1486878
422317
354965
362368
523557
2440466
419517
280541
--STOP--
++STRT++
526902
1449265
388518
350374
363997
529914
2414084
361621
242590
526586
1448874
388571
356273
364572
530941
2412687
363703
244271
526553
1449268
387899
353437
362398
529256
2413645
353511
247470
526334
1448346
387488
353497
363511
524365
2414918
371541
243312
527712
1526547
434110
355714
362908
525911
2453693
411636
250834
526203
1526298
430529
353938
362769
526588
2414080
353974
280684
526371
1448941
388080
354240
363163
529875
2413291
362577
243860
526855
1449816
387665
352734
362784
529572
2413839
365917
246346
527023
1449448
387993
355671
363461
529730
2413867
361393
222233
526184
1448967
387517
355393
362898
526015
2414297
371930
281739
--STOP--
++STRT++
526331
1490605
387254
357150
413905
524579
2455230
376695
247160
527952
1525232
388273
428370
363168
526093
2449092
364775
311901
526363
1450112
388515
353543
364306
529546
2411326
353075
266936
526668
1450065
387910
352891
363760
531324
2411313
385532
289752
526893
1448942
387109
354672
363712
528251
2414700
371519
222017
526848
1449187
387515
354504
363057
529546
2415594
386222
267547
609351
1450498
388231
356326
364129
526698
2413581
362672
270068
526298
1447939
387341
357558
363595
525790
2413244
376117
248534
526879
1449484
388365
356558
363054
529366
2415201
364676
266912
573098
1533339
387814
438665
365155
525093
2456407
404024
246302
--STOP--
++STRT++
526323
1449943
387941
356648
363710
524227
2413838
361122
270411
526910
1449107
388089
357624
364481
525099
2412806
364129
224393
526122
1449579
387423
355748
364548
531951
2412501
373024
247103
527514
1451894
387564
352828
362550
524659
2413801
375313
227544
526737
1449394
387282
357170
363453
530730
2416798
383960
265787
527563
1449506
387621
354235
363420
525500
2412845
364933
226677
528056
1448972
387763
353530
362799
524910
2414589
372423
282286
526784
1449231
388415
357299
363479
525011
2415080
355368
271346
527006
1450182
387276
357333
364348
529746
2413482
363744
227734
527173
1449232
387672
355205
363249
525980
2416170
361221
244385
--STOP--
++STRT++
527024
1449911
387351
357492
362782
526733
2413769
385079
267587
526410
1449031
388435
353519
364001
525500
2414345
353030
267967
526256
1449471
388239
351816
364302
525785
2415163
360126
223170
526178
1451076
388258
355384
363317
524914
2412233
353848
245342
528268
1450299
387770
356398
362732
529475
2412790
362800
245193
526406
1459522
387585
354943
363343
523947
2412703
355651
219702
527543
1449102
387752
355642
363696
529530
2411905
364046
294217
527467
1450140
387209
357151
363975
526435
2415612
353176
224843
567704
1449371
387351
357991
363640
526514
2415258
384692
222093
526887
1449425
387556
354526
364779
531581
2412404
358921
259520
--STOP--
++STRT++
526345
1449507
388495
357359
363101
531448
2411856
353678
281557
526747
1448472
388602
355357
363236
529715
2414012
353806
294830
527398
1449125
387662
357048
363141
526050
2413180
376634
226491
526951
1448895
387652
355531
363146
556632
2445963
361751
245719
526318
1449352
387989
355194
364376
524204
2416409
360393
224976
526908
1448735
387193
355825
362999
529261
2413745
361569
244818
526732
1450491
387494
356890
362886
524488
2453411
354265
222362
526207
1449169
388460
356876
363112
530213
2412708
375568
247726
526430
1448242
388328
352814
362868
529153
2414542
373034
246184
526874
1450586
387215
354048
362303
529862
2412257
361144
222717
--STOP--
++STRT++
526794
1449565
388130
355346
362642
530343
2413647
353933
225475
526851
1447738
387545
356556
363304
531790
2415779
372784
220343
526963
1449924
388162
355540
363957
530583
2413732
362356
227635
559379
1474837
388270
351627
363354
525350
2413574
361507
266723
526932
1495962
461981
356227
441646
527991
2450179
362424
264813
527171
1449259
388333
357463
363567
525604
2442569
365499
326200
526593
1450982
388229
355282
364332
565230
2450952
364828
220837
526994
1449862
387136
354235
364367
526898
2414430
360275
280055
526344
1448946
388002
354114
363737
526207
2414426
385155
265262
526420
1527232
443996
358747
363879
531738
2456614
413908
266086
--STOP--
++STRT++
526302
1449879
387289
356349
362719
525576
2413642
354175
269045
526737
1449838
387709
353019
363430
530113
2414583
361066
221738
526980
1448099
387629
357337
363946
564324
2411526
353757
243621
527827
1449887
387322
356321
362844
529385
2413292
376789
221823
526734
1527188
436152
355561
363432
530183
2459787
365218
266978
600291
1499599
388678
398203
364020
529165
2442585
364497
222688
566088
1481491
420370
353920
362969
530507
2414527
362217
246075
526802
1449999
388177
357243
363864
531726
2415015
352790
223816
526055
1449239
388498
356285
363768
528976
2414939
384738
244944
526874
1449915
388668
357054
363496
531317
2412912
354507
225729
--STOP--
++STRT++
526803
1449373
387064
354938
362708
532089
2411839
352749
243153
526300
1449834
387119
356395
362945
530432
2414834
354171
269386
527126
1449000
387300
351528
405678
526297
2412195
354351
218625
527053
1449520
387372
353965
364825
527860
2412747
354107
227377
526325
1448895
387891
354866
363819
531060
2415405
360876
245352
527681
1449025
387436
358016
363772
531380
2413007
353494
226318
527107
1448130
387992
358560
363931
525444
2410429
361697
248254
526937
1449218
387337
356403
363746
530959
2411681
353591
224300
526449
1448546
387887
356718
363342
531286
2411336
385564
224564
526522
1494573
387433
354687
364052
529367
2412346
359701
224727
--STOP--
++STRT++
567920
1490542
390607
432985
363203
529359
2458516
359407
261126
572302
1521065
389299
354548
363474
532152
2451219
390137
281254
527135
1498659
387796
396960
362968
527220
2437802
362889
247894
563127
1492139
388881
394850
363279
530962
2442572
357054
242395
526676
1528195
387320
356039
365100
528998
2459019
372716
239585
527424
1448783
387900
350821
364073
571302
2453960
384655
225971
526937
1450509
387930
354415
362447
556400
2450022
375403
285828
526569
1449783
387331
351943
363311
531638
2412247
355708
245278
527480
1449176
387099
352081
363430
525276
2415617
370645
242328
526806
1450436
388595
355949
363954
532485
2412041
353118
244451
--STOP--
++STRT++
528088
1449564
387300
357532
363451
532989
2412640
360033
269098
526394
1450340
388210
356778
363411
527772
2412071
353066
246204
527621
1449756
387939
357682
363798
526190
2412833
352827
224522
526355
1449595
388503
353332
363505
529476
2413897
353412
221326
527722
1450057
388280
355435
363737
531384
2411329
353076
224470
527034
1449968
388599
353317
363197
526206
2414746
383406
242753
526826
1448771
387064
355491
364447
530619
2416591
354993
266577
526462
1449487
388462
357682
362699
527772
2416125
386825
266365
526837
1449958
387943
355003
363052
525578
2412939
376505
247671
526231
1449613
387567
351792
362693
526293
2412393
359128
242723
--STOP--
++STRT++
527448
1450085
388514
355559
363439
523876
2414783
374092
258099
526829
1449750
387997
353319
364194
526779
2448837
354958
245619
526690
1450048
388110
355323
363306
575567
2445596
375853
269541
527043
1450271
387739
355244
362804
525947
2450464
374267
221416
526443
1449229
387493
355743
364067
530963
2412942
362486
247835
527487
1449338
387418
355471
363956
526885
2411603
362456
267539
526647
1450233
387846
356399
363456
530510
2415573
384839
244493
528208
1449737
387550
355441
363709
525662
2414737
358466
282576
527283
1449191
387248
388447
363681
531965
2411451
410856
272023
575167
1524470
388229
437158
363703
523888
2456055
366106
240141
--STOP--
++STRT++
526615
1449584
387191
357743
363333
530286
2411498
352868
224501
527581
1450085
388360
351659
363971
525659
2415517
360254
267859
526673
1449635
388404
356454
364074
526069
2453610
374372
226377
526294
1450415
387637
356577
363589
529555
2412214
361453
247108
526862
1449823
387439
355760
363610
529820
2416168
353441
226872
527700
1493192
388771
355418
364019
529968
2416260
363834
220232
527047
1450158
387444
356361
362191
524321
2457170
362243
286570
527174
1449550
387303
354760
362457
525773
2412900
362385
246542
526393
1449633
388086
356079
364098
529051
2415673
362808
224800
526806
1484564
388151
354284
364460
529343
2411454
360953
257654
--STOP--
++STRT++
526923
1449321
387130
355723
362725
530370
2414835
361015
240640
526551
1448827
386915
356700
363560
530228
2414161
362783
246654
526140
1449539
387506
356812
363295
526108
2412555
355274
224743
527071
1448600
388025
354443
364333
524846
2412010
377642
221486
526748
1449329
387794
356698
362724
527541
2413858
360633
259448
526465
1449870
387864
355635
363327
526722
2413030
363364
259595
526366
1486262
387246
357133
362250
524844
2411516
361920
242354
526948
1449548
387575
354393
364409
524388
2413356
361814
245541
526881
1518734
388114
356024
363425
528354
2411361
360512
224922
526460
1450334
387944
356939
363541
528683
2412162
385607
266668
--STOP--
++STRT++
527781
1450022
387116
356672
363587
525517
2412998
359874
221931
526786
1449626
387479
354486
363663
527769
2415721
361308
223204
526360
1451242
388143
355382
362611
530206
2413832
374180
244453
526822
1448137
386981
354398
364259
552840
2452766
353939
282264
527071
1450546
388433
355322
363798
529364
2412502
373992
247404
526271
1449560
388497
356254
362790
526451
2413701
360528
269168
526762
1461746
388326
356560
362929
526277
2414213
354792
222116
526914
1449026
388488
354087
364292
530062
2413062
375114
242471
526517
1449320
387764
357317
363609
528378
2414600
385689
225533
526977
1449495
387431
354254
363198
531613
2414166
357418
222883
--STOP--
++STRT++
526821
1450142
387481
353743
362173
531857
2414173
374192
244693
526418
1520456
387338
350916
363541
524322
2412665
360972
267727
526230
1490853
387358
356279
363707
528524
2411732
374598
243484
527355
1449098
388387
356004
364014
527351
2413038
386349
247044
526216
1449308
387878
355483
364776
532827
2415404
372187
266561
526243
1449151
388270
355801
363277
524722
2414720
372761
247062
526842
1449889
387389
356631
363217
527354
2410664
359488
223737
538448
1448707
388096
354571
363508
531465
2414015
354271
249340
526589
1448657
387166
354798
363365
525188
2412623
373847
240657
526773
1450262
387806
356593
364580
531187
2413149
360006
244712
--STOP--
++STRT++
526629
1450165
388597
355048
363093
529940
2413292
374707
243721
526355
1450218
388725
353780
363010
528928
2414559
383384
281411
527078
1449813
388137
354914
363609
559084
2452840
363745
242462
527318
1451597
387730
355045
363188
557080
2450772
352752
225686
526868
1450630
388717
355092
362836
559067
2459253
362407
282854
526907
1448015
388262
357952
363281
530925
2448365
361858
247665
526520
1450052
387546
355365
364540
525720
2413931
352001
248634
526997
1448872
387569
355799
364075
529892
2412178
356542
223374
535489
1449511
388738
355777
363231
525464
2414127
362516
222556
528803
1448955
388375
358568
363174
530645
2414095
370213
226783
--STOP--
++STRT++
526062
1450120
387834
354928
363367
529466
2412560
360989
219547
526242
1450126
387125
356544
363068
531959
2446675
371512
223868
527676
1449446
387254
352623
363541
524315
2445450
371198
247135
526316
1449013
388139
356319
362341
529609
2454475
363591
265475
526918
1449256
387276
354825
363397
527862
2418017
360400
269475
526897
1449738
387443
355332
363477
526108
2415462
354794
221930
526335
1449346
387536
354064
363756
526262
2415884
353200
265763
526538
1448949
387826
356142
364151
552971
2453078
362178
244261
526251
1449277
387693
353664
364405
530879
2414353
362271
225611
526977
1449144
388143
356264
362699
525152
2411488
371551
241616
--STOP--
++STRT++
526229
1450726
387722
350744
362972
525482
2414891
353472
239922
526536
1517331
387595
354769
363334
525557
2414714
382389
246637
526864
1533644
430182
352975
364592
526298
2448096
365844
267543
526994
1450096
387382
356249
364032
531583
2422110
360765
259667
527004
1449573
388291
351730
364285
530160
2415588
352376
245437
528177
1491149
387670
381966
362910
530524
2438318
395652
243325
574132
1522730
388904
352506
362426
525720
2462348
397515
223843
565149
1487505
387588
354365
363837
526389
2413986
360000
245940
526913
1449239
387713
354604
363369
524979
2414124
362618
247309
527741
1449101
387833
355289
363240
527656
2413746
363263
246392
--STOP--
++STRT++
527546
1448572
388052
356803
440456
525805
2460617
360829
272017
526775
1523565
389096
354308
363283
529786
2447991
398367
248405
527223
1449100
387124
357939
363543
525313
2413302
362709
247716
527262
1449785
388686
357004
364139
530695
2413646
355378
225981
526476
1449724
387950
354499
363361
530054
2414950
372543
245826
526945
1448857
387186
352046
363436
524300
2414580
354421
219591
526332
1451278
387985
355981
363712
529964
2412137
354794
221416
526736
1450496
387567
354458
364961
526557
2455915
353424
224901
527059
1450515
386887
351136
365308
530612
2461104
356202
246966
526704
1449572
388067
357716
362997
530660
2456715
358815
226104
--STOP--
++STRT++
526854
1449396
388144
351738
362977
530951
2413209
361309
272175
526560
1450205
387575
354506
362790
550007
2450617
354340
243997
527537
1449395
388678
354938
364477
524548
2456383
356182
250024
527659
1449359
387828
355074
364468
526066
2452931
374149
245474
526287
1448527
388676
355061
363822
525861
2413529
385310
267690
526277
1449725
429533
356309
362284
530205
2413593
361457
246063
526947
1448374
388249
354165
362409
528594
2413481
362113
269882
526890
1450532
388541
352892
363086
524239
2412498
393665
246095
527575
1530443
436980
355230
362670
530667
2455149
398370
222187
526868
1449624
388323
354652
363657
528971
2414663
384334
244909
--STOP--
++STRT++
527088
1450158
387320
355085
363630
524674
2411889
365184
245198
526432
1450642
388369
355608
363130
525323
2412630
369043
223958
526727
1450543
386653
355968
363048
530261
2413930
353978
241073
526722
1449938
387260
355755
363262
525191
2414279
408049
261317
527622
1449424
387352
357003
363641
527438
2410893
361860
248721
526821
1482652
433235
358520
362175
525534
2452031
394163
282198
527677
1523160
421957
357908
363484
527960
2448344
362044
283271
571690
1482825
460434
357200
363048
525570
2443161
401463
244682
526285
1528999
387494
358475
363979
526414
2455773
454367
251642
526298
1450244
388073
353494
363141
530935
2414083
354121
226101
--STOP--
++STRT++
563553
1489940
466511
356944
363520
527393
2484769
377719
269176
598709
1501316
420993
358009
363588
523391
2451622
394183
222830
601808
1534263
388259
354979
363800
524134
2455750
364091
247904
527237
1515441
387887
356478
362734
530154
2412367
353966
267418
527592
1449460
387123
352451
362611
524622
2412184
361352
223603
526997
1450015
388342
354549
363006
525591
2413622
372866
265027
526329
1448625
387940
352098
362043
532102
2413233
385883
278945
526619
1449551
387560
353288
392073
529855
2415082
352258
249186
566041
1449328
387338
352559
363877
529300
2414090
361363
242676
527121
1534271
388364
354463
363308
532246
2454266
477810
223280
--STOP--
++STRT++
526182
1449625
387729
355688
363339
526264
2414453
362081
270356
526624
1448349
388215
355576
362886
532313
2411097
361204
261079
527362
1521666
386788
356411
363111
530404
2413854
362648
223804
526943
1491093
387429
355249
362645
529303
2412699
377926
248705
527202
1449673
388205
353286
363575
530656
2412240
374019
245920
527343
1448643
387289
353350
362943
524960
2413002
363449
222304
526615
1448531
387849
355483
363112
530216
2412001
360487
249484
526969
1448769
388224
357197
363478
530118
2411306
363071
224834
527680
1449980
388021
355353
363711
531987
2470995
355038
245247
526278
1449366
388166
355530
363806
529314
2415813
363292
222233
--STOP--
++STRT++
527659
1450279
388456
355139
364385
531964
2412830
368843
226816
526354
1449452
387477
354137
363374
524828
2413706
370377
267901
527105
1449156
387918
355737
363332
530901
2415283
360649
243612
526355
1448122
387510
351732
363511
531589
2414410
351475
267300
527179
1449543
388007
358103
362798
612934
2458462
356038
269109
527478
1448652
388317
357969
363018
528491
2462621
361399
261963
526746
1448956
387805
355676
362793
531645
2412610
377292
269195
526878
1449337
387525
354693
364085
531797
2448756
359310
271133
527044
1448386
387579
353165
363706
524793
2413230
353413
246077
526732
1448954
387661
355923
362985
529356
2414770
361724
242780
--STOP--
++STRT++
526933
1450137
388215
352321
437001
532652
2486654
364074
303393
527934
1499473
388948
424804
362484
525678
2455959
355814
243193
526201
1449646
388075
355989
362340
525308
2411365
374028
224300
526972
1449444
387422
352709
363669
530461
2411490
361989
249408
526142
1449556
387365
355482
364223
525782
2412407
361458
265036
526290
1449713
386944
355082
363908
529232
2414042
353348
284441
526181
1449626
387511
354653
363519
530121
2412738
351722
267623
527022
1449671
388249
355390
363017
529717
2413990
371896
267307
527097
1449524
387393
354968
363576
529473
2412361
362074
246259
526924
1494661
388576
357446
451915
531191
2496962
363458
245126
--STOP--
++STRT++
527067
1448821
388564
352351
363313
529895
2413887
364432
225386
527472
1449941
387451
352147
363314
524860
2412356
363635
222354
527635
1449031
387185
355522
363382
530359
2414146
361137
247821
527068
1450239
386951
357068
362356
530994
2411430
362394
243920
527358
1450188
387018
354452
362657
530448
2414917
376017
264995
526248
1449023
388208
354549
363102
530304
2414332
352790
226724
527505
1450108
388220
352255
363489
526481
2414808
378303
281140
526963
1449814
388214
354279
362751
526276
2414779
374925
281577
527172
1449227
388177
351760
364364
529871
2414696
354607
239994
526437
1450254
388669
356250
364209
531321
2414025
352645
225911
--STOP--
++STRT++
526959
1486453
388109
359881
438575
530428
2488703
355233
225479
527118
1500103
388956
433373
363138
525611
2450145
376583
246119
526992
1449166
388104
356486
364128
529467
2413442
360704
224230
526750
1448960
387471
357328
363386
523453
2412633
372476
247447
526380
1450113
387621
352482
363380
527951
2413416
375892
225618
561319
1493205
462895
356538
363127
526004
2441482
386917
223211
526185
1525977
427194
358121
364174
529797
2412617
353108
239239
526902
1489846
387875
353941
363915
529964
2413070
354280
245001
527094
1500057
420767
357195
363796
527020
2446175
365782
264554
526602
1447714
388501
354626
364106
525082
2413141
361453
224379
--STOP--
++STRT++
526975
1449913
388456
356575
437525
526043
2488621
362758
262150
526384
1497477
387026
428505
363705
530029
2458710
364664
288724
528364
1522499
387965
356335
362726
531500
2413858
362414
239338
526974
1530411
431269
355394
363737
527646
2448522
410953
242197
566906
1499772
389487
355548
408676
524882
2461940
365792
224850
526820
1497017
387504
357689
362723
526651
2415402
383166
241518
526192
1450598
387625
353330
364294
531495
2411638
361937
269020
527030
1449690
386917
356097
363299
524714
2415504
361303
226909
526332
1449574
388969
351736
363327
529458
2412179
361403
280210
527583
1448513
388416
356167
363928
529593
2413876
361968
227557
--STOP--
++STRT++
527606
1447964
388514
355873
362933
529788
2411797
364251
268134
526806
1449734
387346
355799
363692
524128
2413814
354949
241973
526316
1450515
387376
354423
363153
527632
2416455
354559
226503
526822
1489392
386928
351052
364141
530023
2412685
362328
266616
527011
1482824
388025
385565
363849
529287
2446464
394949
282451
526262
1482811
388663
355488
364513
527083
2437723
378743
244254
526910
1488514
389093
352464
362674
524274
2438916
360924
248931
527527
1450473
387136
353054
363345
525563
2450059
361945
223081
535394
1449117
387354
355900
363833
530726
2415433
361832
269461
526297
1448976
387242
356356
363243
529673
2412499
359773
246030
--STOP--
++STRT++
526239
1510756
386908
356840
364463
525884
2415617
364049
261781
526248
1450280
387940
355985
363487
530039
2414295
363146
244341
526885
1448497
387553
355408
363102
525874
2417016
382143
240370
527821
1448794
388277
353620
364227
525683
2412354
373544
246670
527022
1448712
386934
355790
364356
526837
2415574
355460
240264
526273
1450659
387096
354474
364367
569324
2456966
373468
242576
528799
1449190
388229
356181
363823
526254
2457117
362609
305919
526416
1449631
387628
354217
363574
529605
2412189
374392
268654
526636
1449525
387984
355720
363015
531487
2413757
363064
223427
526819
1449689
387637
353433
362979
523985
2413867
376791
243242
--STOP--
++STRT++
526735
1490308
388224
355910
363410
525661
2415533
387797
282599
526788
1449060
387466
355489
363691
526197
2412846
360862
248928
526290
1449618
387481
352382
364430
530452
2414810
372457
221920
526983
1450739
388538
356464
363126
529567
2410866
373830
243830
527520
1450026
387390
355411
363213
523943
2454683
383342
225092
526511
1450374
388280
357437
363577
528869
2415705
363456
222873
526375
1449069
387943
352746
362511
525130
2413673
366377
267757
526906
1450093
387358
355557
364436
528984
2412796
354836
269614
526298
1449642
387565
354847
363748
531306
2415712
353594
269006
526419
1448723
387389
353624
364459
530848
2413881
362342
221444
--STOP--
++STRT++
526578
1449126
387455
357594
364430
531043
2415269
354604
242596
526127
1448898
388023
354070
363657
528657
2411835
353485
268009
526808
1449409
387613
354265
363425
531248
2414170
361557
245465
526135
1448975
388230
356816
363296
529490
2414449
355539
258590
526442
1507053
388054
353175
363062
526485
2415154
375465
248080
526330
1502550
419112
357947
362914
529122
2414167
363092
268795
527358
1490221
417517
357657
363090
528812
2413925
353193
246618
526296
1501120
416516
353444
363742
530010
2414166
363764
241894
526915
1448072
388341
357326
363991
531313
2415052
360883
246541
526360
1449381
387436
357225
363591
526508
2414090
357300
283812
--STOP--
++STRT++
526410
1449919
387475
352890
436937
525421
2457104
353999
224068
526250
1524918
388030
431591
363757
530973
2453344
367952
249209
577802
1529226
387392
355503
363639
524994
2457648
374770
299003
526861
1450831
388610
355426
364326
530861
2413394
351048
248370
526403
1449593
388337
357062
362949
525800
2413666
374534
246123
527735
1449855
387432
356031
362282
528967
2413946
360648
244449
526642
1449460
387129
355481
363828
532273
2414386
360427
264170
526839
1448389
387188
354683
363174
531289
2415961
353566
221073
527401
1449261
387285
355232
363297
529876
2413888
355855
244644
527472
1448684
387667
356257
364524
530922
2415349
362405
243341
--STOP--
++STRT++
526208
1448900
388265
354566
362843
603445
2461197
359338
269186
526967
1450592
388161
355702
363651
567794
2443363
375642
225042
527356
1450485
387417
354382
362834
525378
2454280
360966
244199
526468
1449199
387541
353612
363254
529884
2415288
360408
245885
527873
1447965
388644
357443
361952
529889
2411555
354145
226201
526186
1449367
387337
357712
362698
531974
2414833
354883
269466
526957
1449474
388347
354603
363125
523985
2411996
354022
221287
528710
1450376
387133
356780
363056
530102
2413146
354602
221284
527381
1449240
388674
356281
364102
530513
2413495
361237
283997
526693
1450716
387195
354934
363727
530286
2447732
361007
264667
--STOP--
++STRT++
527528
1489488
388414
356809
363869
530243
2456547
453726
242918
526743
1520166
388092
355541
364079
529933
2413739
374345
225400
527578
1449959
388591
356348
363537
528083
2415118
350200
248660
526957
1448801
388265
353459
363617
525578
2416918
353721
281752
526877
1449560
387659
354985
362267
525538
2457402
364160
266012
526761
1449319
388138
354605
363090
527095
2450070
358804
264647
527788
1449872
387779
353005
364145
530891
2415665
373649
245023
526729
1447903
388013
355434
363122
526640
2412089
372921
248473
536214
1448282
387545
355099
364164
524900
2412658
361905
267451
561017
1480944
419469
352986
380187
526161
2441337
390223
284032
--STOP--
++STRT++
526249
1448897
387939
355693
363623
524002
2415458
374386
225876
526772
1449393
388365
356735
362728
531798
2411850
372518
283009
526204
1449353
387474
350758
364334
529544
2412761
353827
283485
526431
1523679
430696
357334
363572
524305
2447993
444124
247070
574911
1487244
391056
355779
364169
528772
2457830
364206
325764
526716
1448643
387425
353267
400583
526077
2450537
354113
223721
527081
1449500
388178
355064
363999
534529
2412544
367045
242513
526278
1449455
388030
358680
362978
524947
2415836
354780
218670
527009
1450454
388597
356215
363715
531476
2414585
367407
249707
527283
1449990
388777
355510
363601
525859
2413000
360460
266278
--STOP--
++STRT++
526082
1449670
387670
356198
363553
529068
2414706
372163
221601
527055
1449699
387857
355516
362960
524832
2413762
357842
246048
527635
1522022
387473
354188
363705
528658
2415808
384358
264544
527354
1449140
388085
352217
364161
525586
2414824
383832
242551
527128
1508360
387687
356284
363076
530476
2412794
358693
260979
527154
1449842
387357
356355
363745
530573
2415182
372233
224798
527765
1449537
386957
355751
364018
524663
2414875
361415
247749
527417
1449156
387311
353495
362604
529881
2411333
352702
268939
526397
1449792
388678
355321
362576
525769
2411120
360529
223087
527725
1533181
431670
356956
364493
529549
2443742
360587
245068
--STOP--
++STRT++
526158
1450046
387926
357094
362589
530013
2412692
360275
268906
527726
1450008
387421
350837
363606
526810
2416215
371322
282510
526203
1448993
388504
356394
362318
526620
2412518
364603
246607
526530
1449447
388693
356299
363656
567081
2446023
361206
265121
528475
1450772
387379
355875
364212
528498
2415799
359034
224774
527440
1449239
388115
357149
363877
529584
2415727
361895
244981
526944
1450159
388413
352271
414968
531300
2414124
395607
265577
526638
1493169
387272
352160
364765
525736
2414698
381744
224786
526329
1529908
389289
441776
363748
527347
2458900
374476
270281
526563
1450247
388263
356083
364034
572014
2458828
372259
285361
--STOP--
++STRT++
526174
1449550
387615
354939
362927
530436
2414050
385568
249906
527224
1450288
388210
357587
363472
529849
2415966
361845
224424
526240
1480957
387595
356127
364087
526368
2412965
355028
223907
526313
1449372
387497
357040
363823
525575
2412692
372825
245492
526319
1449334
388365
358872
363120
529831
2414156
374133
268821
526443
1449052
388113
355395
362330
526217
2421936
374612
246847
527011
1449851
388308
355416
363098
526706
2413253
384248
283515
527033
1448817
387002
357143
363534
530243
2461977
371890
284389
526358
1449223
388101
354641
363753
524049
2414919
360492
245319
527439
1449572
387593
354026
362712
530909
2411817
364643
222616
--STOP--
++STRT++
527167
1448949
388151
353748
364099
529858
2413197
352738
220395
526200
1449770
387171
358560
362149
524445
2412343
355132
224577
526935
1449127
387436
357123
363509
529486
2414174
361901
267123
526380
1450987
388081
356844
364249
527621
2444581
363795
246216
576186
1533181
388238
355927
409402
528918
2462291
350623
223781
526274
1448835
387628
355590
362296
558919
2455400
355467
242809
527093
1450027
387361
353436
362575
525490
2455712
372824
242800
527145
1449582
388327
356458
363886
524605
2414564
352605
246948
526898
1449167
388565
357040
363504
527387
2414651
361705
245182
526455
1449794
388264
353374
363918
530341
2454030
407308
245268
--STOP--
++STRT++
526183
1449286
387375
355640
363595
527749
2410697
354179
226139
526291
1450152
388121
354718
363335
529062
2412111
356659
293870
526592
1449971
388355
356203
362883
528936
2412595
361885
266320
526675
1448698
387783
357013
363203
525462
2412613
362666
249154
526415
1492028
388424
355696
364586
526884
2415071
354098
265155
609382
1450545
388025
356457
363771
530598
2455008
361885
264304
526271
1449110
388219
352591
363546
570994
2451211
378461
264913
526221
1450217
388536
354917
363258
557833
2452267
361341
224088
526319
1448736
388309
356607
363856
524709
2447075
362767
267437
526773
1450316
388173
356117
363083
526208
2414581
361226
243471
--STOP--
++STRT++
526625
1450329
388217
352476
363990
527332
2444426
384754
268385
526979
1449586
388188
358896
364375
525339
2413462
362249
244253
527834
1449152
387375
353805
362613
526357
2411039
360142
265160
526913
1450232
387469
355072
363192
531176
2414976
361789
248371
526236
1501467
432509
354515
363968
529550
2452578
358611
224779
610690
1449928
388233
356908
406429
524960
2455846
361376
273697
527617
1449774
388018
356248
362314
527036
2413017
373864
241326
527311
1448870
388233
353408
363515
525355
2414201
354582
221452
527003
1450683
387386
352097
363207
527138
2417230
363053
295794
526161
1449368
387689
356278
363854
530211
2414568
362881
265991
--STOP--
++STRT++
527423
1448898
387978
356277
363444
580001
2488526
387022
225670
527564
1518031
388368
354956
364167
526621
2413708
373076
242887
526848
1491675
388627
356010
362738
531378
2411625
354016
247693
527369
1484039
388466
357655
362745
526282
2415345
372823
223761
526350
1449654
387959
355284
363956
531612
2449301
352516
264215
527388
1449621
388121
355442
362613
558222
2440738
384295
241949
527067
1450491
387336
356379
389185
526263
2442822
378155
294768
526273
1451027
387882
354899
412441
531076
2455928
353352
243877
526522
1449154
388336
353116
362902
525493
2414395
366311
244365
527581
1449578
388526
352699
362518
530620
2415988
354624
244353
--STOP--
++STRT++
539308
1449148
387417
354914
363184
524227
2415186
351771
244502
526951
1449180
387790
356824
363447
529037
2411617
354190
223119
526828
1450302
388152
356701
363617
530723
2413217
362130
269600
527069
1448530
387716
357185
363460
530220
2411235
371831
246040
526936
1448501
389704
359610
364443
526469
2413653
374234
245871
527248
1450286
388164
352621
363792
529312
2413664
361324
293622
526150
1448121
388593
356251
363416
526074
2411079
359300
266344
526510
1449761
388321
355145
362600
531682
2469416
362379
242899
526688
1448960
388245
356570
363813
530996
2413009
374691
247829
526719
1449462
387926
353530
364008
531276
2411650
353619
270404
--STOP--
++STRT++
527464
1449466
387428
355572
364162
525920
2413971
353824
245416
527045
1448413
387310
353727
363119
526296
2413703
363079
249759
527020
1448795
388310
351533
362570
524027
2414302
362863
224015
526984
1450390
387386
356453
364633
525301
2447367
361262
224161
531007
1449809
388324
355825
363448
530998
2413706
374897
223716
526162
1448866
388036
353551
362887
527020
2413627
353847
269805
526835
1449562
388569
354996
364059
561521
2439569
366897
264491
527058
1449594
387581
357372
363793
554955
2447887
354401
248666
526219
1449000
388566
354814
364622
527423
2413014
352932
259531
526645
1449593
388778
357136
362836
529916
2415836
367278
269692
--STOP--
++STRT++
526824
1449077
387665
355249
366952
525068
2488682
362002
247650
527290
1520760
387317
353084
364878
528902
2412572
363571
246736
527008
1485190
387905
355422
362614
529567
2441543
362189
271668
526139
1450756
388016
353881
364664
524153
2415371
353722
243251
526808
1448770
388710
357859
363783
531307
2414803
361791
243868
527681
1449493
387082
356318
363408
526068
2414463
372218
243590
526819
1449004
388899
357225
363225
530627
2412141
362575
245559
527591
1449897
387711
355113
363766
529232
2410984
361414
286568
527604
1449314
387970
358249
364043
523441
2414396
359725
282554
608072
1522655
387600
357064
363498
530008
2454911
363548
310594
--STOP--
++STRT++
568229
1489305
464092
353973
362781
523556
2486210
445105
222365
604086
1493364
456416
356207
363792
524605
2450555
406891
225253
610359
1522555
389258
351206
362557
529780
2451954
417815
243977
526636
1451321
387588
353010
362890
525388
2412247
371713
249719
526413
1449518
387377
350202
363485
568192
2413697
353296
261950
571234
1530999
388586
352614
364021
526671
2443124
434588
284525
526228
1528808
388017
431369
362633
531179
2455605
362377
289115
526266
1450310
388394
354044
362772
526547
2412510
357062
242574
526844
1523289
388009
357648
363134
526046
2457672
372570
269983
526470
1448861
388052
355523
363297
525788
2415676
354090
242530
--STOP--
++STRT++
526926
1449604
388255
357115
362788
531655
2411930
361950
216625
526798
1449030
388044
354113
362623
525980
2414365
360028
244385
526799
1449370
388115
355813
363484
529456
2413248
373514
267077
526954
1448873
388088
357202
363884
530493
2463444
361499
241138
526599
1449474
388351
355892
364467
528666
2413945
365956
271597
526751
1448118
387233
354799
362946
523296
2410714
361831
268709
526286
1449608
387578
353304
363890
529644
2413283
353408
223832
526349
1449792
388202
357136
361854
525441
2414650
362575
222602
526887
1449618
387445
355721
363164
528003
2411907
353744
225409
526283
1449019
387488
356342
363491
527778
2414027
353680
248568
--STOP--
++STRT++
526460
1448948
387389
355334
362890
598722
2490117
362448
245606
527011
1449942
387295
354028
404392
529804
2456581
352431
228587
526688
1450561
387331
357424
363154
530615
2446846
361683
279714
565939
1528031
389840
355757
363309
530730
2450285
404425
249226
526177
1449385
388025
355277
363115
528012
2412850
354274
221425
527034
1448901
387280
356691
363984
525944
2411411
372004
246174
527020
1450251
388810
355922
363516
526676
2413695
371788
266672
526387
1448570
388249
354745
364682
531744
2413444
388543
247624
527391
1449037
387885
356433
363674
525933
2412666
359903
269421
526737
1449255
388072
356827
363249
528673
2415844
372399
268930
--STOP--
++STRT++
526605
1449683
388599
356371
363365
530868
2413008
354120
248085
526343
1449934
388231
358980
363448
530743
2413889
375322
271609
528136
1449646
387479
355393
364086
530837
2410097
359582
271983
559770
1488742
418046
353073
364376
529303
2413656
373008
243674
601821
1501414
386956
427795
365669
528711
2459479
360820
223735
526323
1449969
388331
357452
362935
598106
2458481
372332
270683
526982
1449726
388389
354635
363244
526537
2463027
353656
243221
526967
1450346
387531
356474
362655
523734
2448295
354448
223777
526292
1449404
387962
355693
363753
531371
2411036
387798
249705
527061
1447961
387285
357670
364271
537773
2414629
374180
242968
--STOP--
++STRT++
527420
1488227
388327
348608
362776
526085
2447808
353575
241820
526863
1526855
388342
353973
364459
525938
2414201
361483
248060
527803
1448811
387336
356612
363346
578303
2489580
372893
245255
537511
1449561
387421
357315
364190
525799
2447970
360413
261066
526262
1450571
387442
356359
363242
526179
2413230
372211
247492
526291
1450830
388230
355118
362537
528337
2412885
353978
245156
526570
1449821
388098
354884
363273
529538
2412963
360559
241645
526362
1448620
388540
356870
363470
526179
2410926
353515
247860
526825
1450522
388113
357261
363466
530560
2416034
350929
247807
526196
1530836
433218
354202
363429
532512
2414828
375886
261478
--STOP--
++STRT++
574993
1526170
388480
403865
363885
524004
2458918
366495
327557
575419
1528717
388865
352963
364084
524218
2453007
392846
224858
526320
1449453
387252
356193
362210
526707
2415186
362586
282490
526249
1448152
388353
358129
363689
529655
2412107
374822
244111
526828
1448817
388687
355208
363067
525704
2415657
362408
242875
526811
1482723
388395
356224
362951
530704
2414290
392560
222316
526878
1447811
388718
356491
362972
524907
2413217
362781
245798
526715
1449473
388307
356692
363283
527687
2411387
383453
271734
526264
1521635
387018
356633
363324
526990
2414241
355776
293285
527782
1448527
387478
354463
362653
526384
2416080
381703
243070
--STOP--
++STRT++
526269
1448996
386902
353612
363790
528277
2414653
363634
223735
526842
1449770
387676
355067
362909
529615
2414634
360522
245384
526576
1449834
388422
355740
363692
525670
2424897
363370
224169
526538
1448781
387534
357649
362561
531450
2414436
360848
245182
527099
1449320
387743
356096
364134
530675
2415084
375214
270325
527450
1450315
388457
353457
362591
525793
2412195
375098
244429
527007
1448511
387736
353127
364002
532254
2411858
353516
248099
527277
1451451
388476
351267
363295
528809
2415262
373553
224766
526416
1448777
388035
355285
363249
526062
2415197
362837
245610
526673
1449936
388690
354370
363077
526142
2413416
363194
263990
--STOP--
++STRT++
526244
1461520
387701
357029
363461
527657
2414133
373623
270170
528343
1450143
388616
356277
364332
531346
2414993
371691
263323
526798
1448767
386843
356571
362861
525390
2413057
357408
247012
526460
1449454
387321
356200
363215
527946
2413083
374166
249300
527404
1448906
388437
354682
363511
525198
2412326
364770
242287
526961
1493071
387207
353015
363987
524865
2411707
353064
219777
526284
1489859
388463
356545
363652
530839
2441211
354138
243717
527484
1450088
387397
356088
364202
555418
2455056
372627
248519
527452
1449072
388322
354551
362253
530047
2412147
373519
243415
526292
1450935
387323
354958
363731
530052
2412141
361262
244913
--STOP--
++STRT++
526863
1448869
388305
356999
362512
526545
2490769
353823
249815
526193
1521126
387818
350516
364396
529031
2411411
361122
243849
526492
1449336
387145
356372
362422
526320
2415515
373696
246894
526908
1449367
388266
358040
364290
524971
2443312
375754
245323
527283
1450787
387383
354105
364362
526400
2412001
355152
246833
526868
1448752
387606
357336
363098
524396
2445668
403762
224762
526540
1448641
387259
350331
363048
574023
2489392
360748
243387
526872
1449354
388439
355724
362597
530759
2412861
361915
223763
526795
1450641
388143
355928
363901
529188
2414675
353226
247252
527013
1449627
388624
354563
364258
528527
2414518
363620
225577
--STOP--
++STRT++
526734
1449079
388374
354508
363812
530738
2411018
360715
244334
526674
1449210
388618
356215
363460
527315
2413306
374426
267167
526864
1450001
387473
355827
364688
532513
2412701
360590
244599
526468
1449481
388277
354900
363408
528695
2414311
373848
242128
527951
1448464
387407
356936
362598
527131
2412293
354563
244356
526408
1490961
387989
355873
363354
531175
2413764
360424
271407
526505
1449557
388176
356299
362915
530184
2416271
362237
248880
526928
1448599
387336
357067
363210
528649
2414856
364218
224941
526702
1449005
387597
354967
363371
530614
2414139
360327
267017
526912
1449279
387448
355512
363202
526229
2412307
361537
242897
--STOP--
++STRT++
562459
1449284
388873
357316
363810
603564
2462229
364933
269577
526357
1450339
387213
353766
363811
569409
2446861
362429
266250
526700
1450279
387692
355921
363249
529867
2442322
393562
247430
526815
1451086
387367
356892
363063
528643
2413991
358256
266225
526286
1449493
388369
356124
363044
529220
2412551
384853
240788
526400
1448980
388482
351571
362271
531203
2416621
353599
245131
526761
1526298
388457
355230
363507
530488
2414177
361397
224866
527450
1448573
388141
355633
362387
530099
2414225
385199
225715
528570
1449666
387810
357178
364073
531278
2412882
383941
267500
527184
1523134
432876
356989
362925
529563
2454761
386297
244631
--STOP--
++STRT++
526848
1449981
388543
353712
365136
531264
2486728
362085
221689
527329
1449303
388301
354590
363236
556001
2450302
359911
244473
527067
1449091
387402
355362
364801
529429
2451291
353371
241908
526102
1448835
388112
356665
364151
529132
2452696
354800
260909
526450
1449631
388567
357443
374129
529759
2413621
353590
281226
526743
1449529
387476
353421
362948
526147
2413228
372448
246739
526223
1449509
387950
355418
363070
526266
2411513
373007
224985
526369
1450163
388305
358049
363626
525349
2414695
355873
247523
527258
1525032
434786
354482
363551
529756
2461697
355313
285594
526483
1449900
387914
354139
363676
555665
2458645
354548
224770
--STOP--
++STRT++
526922
1450713
387524
356189
362914
532974
2413577
377300
219799
527382
1450374
387800
357672
362693
528669
2414197
353867
223444
527685
1519813
387325
355593
363885
527338
2411747
354538
266723
596856
1487701
387197
354629
362152
529439
2454897
362755
243144
526133
1484351
388581
351598
363415
526171
2413819
373495
226652
527106
1493273
387513
356222
362427
530474
2461767
372843
222500
526155
1499888
388044
355104
363679
529017
2414354
362302
266427
526952
1449540
387422
357481
363137
525357
2414593
353936
242139
527045
1449678
387683
354026
362625
527091
2413434
363023
266983
526244
1525099
387591
356805
362853
529909
2448012
414632
225609
--STOP--
++STRT++
570573
1490277
465454
355177
363201
530605
2440392
357332
242328
526843
1489202
387406
359403
363659
530644
2411971
354118
269762
527254
1449874
388356
355752
363434
527926
2415122
372202
282219
526569
1448889
387700
357246
363475
529126
2412750
361575
266069
527001
1449448
388267
353087
363386
530583
2414276
374900
243940
526953
1489559
415876
358567
362728
525323
2414817
371596
247377
526861
1503391
387584
357199
363475
530783
2414657
354685
221925
527536
1450062
387955
355479
363759
529727
2412238
376452
261826
526941
1450095
388183
353288
364281
526392
2413527
361515
223975
526895
1448959
387327
356295
364224
526907
2412459
373287
258332
--STOP--
++STRT++
526898
1451904
387424
364633
362376
525695
2415618
362149
243611
526774
1449353
387939
356688
363765
529162
2414811
353815
244553
526818
1449703
387663
357589
362732
526888
2414728
361839
222975
528073
1448733
387475
354864
362920
532032
2456178
361800
269409
527136
1448423
387886
357616
363276
529803
2412118
362347
246247
526785
1480159
387819
357630
363099
525471
2416036
352903
245661
526661
1449080
387719
354776
362907
529041
2413303
374856
266256
526367
1450100
388565
355482
363496
526289
2413859
360829
245738
527049
1493797
418641
355965
363010
527846
2441637
354250
268746
526366
1449859
388662
354294
362664
528099
2414239
376031
225259
--STOP--
++STRT++
526431
1506506
387585
428549
363545
526347
2488276
364474
318721
526613
1532494
388906
355436
362955
523977
2442782
415645
265172
527029
1521796
388364
355563
363752
524581
2414278
375609
247718
526347
1492311
387449
358773
364134
531307
2412439
369129
248570
526352
1449928
387220
355731
363540
527133
2413964
362997
241332
526870
1492886
387540
355803
364485
530060
2412253
361314
268298
526246
1527936
387424
356024
363394
530094
2411999
384994
246619
526922
1450625
387057
354305
363117
526797
2449326
359746
243554
527450
1449746
388840
356064
363907
531267
2414586
353595
222433
526990
1449899
387065
353543
362775
529272
2411861
354728
223331
--STOP--
++STRT++
528206
1449948
388205
357519
413147
525165
2488413
360947
283232
526786
1519311
388041
353537
363200
530055
2413591
364664
246478
526469
1492001
387859
355566
363087
525672
2447930
363083
247254
526859
1450038
388284
355164
363773
528863
2415476
353853
248018
526940
1449351
387779
353738
362959
530140
2411188
363239
240911
527384
1449717
388411
354016
364579
526927
2413354
361910
225115
526307
1448888
388006
356270
362288
526889
2413233
360319
224507
527006
1447878
386927
353171
363177
529778
2413677
362692
225292
526479
1449374
388087
353056
362475
530271
2415331
360923
259425
527026
1505559
419676
350989
362744
525450
2444655
371412
224576
--STOP--
++STRT++
526920
1448928
387580
358318
364366
530816
2413535
353522
245807
527038
1448400
388016
353348
363306
530656
2412353
356270
223489
526258
1450401
387639
355003
363027
526406
2413159
360562
271010
527804
1449079
388783
357804
363509
529762
2455555
361707
245689
526249
1494387
387763
352499
362822
529813
2484007
354619
269525
527782
1522466
387504
352983
363364
526153
2451695
371291
245265
526953
1449189
388293
354631
400153
529649
2412982
386893
266181
526351
1450005
387584
355257
363446
530817
2413056
353693
222390
527597
1448105
387942
358936
363697
530302
2415700
351999
248016
526627
1534952
388443
352987
447780
530960
2493653
374034
243553
--STOP--
++STRT++
566155
1487219
388497
354497
363883
527607
2486745
452431
257877
526925
1491734
452828
354550
363942
526028
2414100
359257
219013
527586
1449618
387213
354306
362726
569363
2443049
355689
223661
526062
1448871
388328
353744
364183
556485
2454515
364078
244136
526159
1450586
387712
355189
363281
530608
2415290
371868
246835
527054
1450693
388459
355126
363250
528629
2413473
363684
222087
526200
1448720
387267
355623
363167
525688
2412346
363247
245149
527093
1449218
388457
357321
364116
529312
2413783
354425
243427
526964
1449759
387580
354276
364525
531252
2414501
348259
283652
526366
1450396
387480
356610
363543
530054
2410967
360133
265790
--STOP--
++STRT++
526166
1450519
388201
354489
364190
531466
2412661
374044
225363
526373
1449336
387122
357251
363647
533088
2413555
361713
224004
527441
1449564
388133
352491
363042
526146
2412186
352360
268304
527825
1449500
387961
357554
364172
529325
2413943
374980
243932
527817
1449157
388085
354574
363606
524930
2413730
354357
243916
526911
1449488
387562
355367
364068
554843
2453445
353648
246285
526848
1449713
387346
359821
364710
553130
2449909
372597
244916
526938
1449275
388280
352971
363249
525681
2413449
384981
240622
526943
1450363
387415
352431
364005
526329
2411498
354766
246374
527220
1450719
387585
355271
363309
532225
2411673
353894
249013
--STOP--
++STRT++
527019
1489843
387568
351874
362914
525108
2411398
353021
246190
526364
1495832
387300
353031
363307
531222
2413943
353710
270778
526340
1449156
387381
351696
364463
530695
2416441
362065
225119
526806
1450666
387369
354423
363249
529609
2414488
372832
246657
526467
1450073
388704
356555
363759
526498
2414426
363894
269370
526409
1450824
387458
355858
363741
524290
2412791
361950
247318
526467
1491907
387436
355462
364196
524661
2415007
360513
263746
527454
1526648
387998
354319
363828
526762
2415575
362054
263381
527064
1529830
387601
355050
362858
526874
2416222
353559
268612
526362
1450892
387605
354299
364342
527539
2413941
352292
224811
--STOP--
++STRT++
527414
1449459
387280
358747
362403
535897
2486227
359888
243273
527290
1449141
387586
357305
362836
527944
2452496
353688
241676
527199
1449463
387352
355842
363371
524675
2411608
352778
248277
528364
1449845
387995
352511
362845
525471
2412980
360357
294518
526399
1450263
387596
358267
363115
526617
2415256
376893
246735
527416
1490733
387874
353006
364339
528751
2411066
374610
224063
526313
1488844
388560
355015
363327
527366
2414975
384324
246174
526676
1501832
387438
356014
363319
525827
2412052
363544
244480
526424
1448353
388871
355022
363034
530035
2411472
356694
267945
527719
1450088
388152
354324
363451
529767
2412204
355637
279232
--STOP--
++STRT++
526859
1449142
386995
355062
363328
531207
2412243
371959
250805
526853
1447704
386968
356550
362968
527471
2412645
359686
218647
526802
1449450
387145
353819
362872
526805
2410746
354805
223201
526268
1449802
388470
353651
362802
524117
2412059
385330
243389
526988
1449411
387687
351989
364222
525257
2414434
353641
238287
527115
1450007
387462
355099
363771
529472
2412169
370404
258722
526343
1448617
388011
352014
363143
526365
2413307
374202
221060
526972
1449116
387385
355862
363489
525528
2411232
361525
281935
526342
1450367
388263
355240
363651
532108
2411590
353963
245033
527132
1501122
435858
355787
363455
527110
2457025
401604
227198
--STOP--
++STRT++
565394
1490649
466341
356479
363362
531007
2445460
457499
270268
572287
1521289
388260
357841
363863
526396
2415227
361528
243871
526863
1485157
388446
357192
362704
530058
2412105
354324
247926
526982
1449330
388664
352850
362831
553653
2440216
362964
263839
527450
1449453
388417
355669
362376
530960
2412352
373559
242946
526102
1450357
388330
354042
364299
531265
2416065
361984
267034
527524
1448329
388374
355742
364390
525426
2414136
375053
269900
526805
1450634
387929
353756
364060
557492
2457242
362115
245282
526867
1449279
387291
357193
362330
531567
2456305
354579
246204
527740
1449380
387625
353706
364239
529731
2414573
362499
243525
--STOP--
++STRT++
527553
1449722
388260
351669
364180
529001
2413868
363522
266166
526367
1449918
387330
352603
363363
527591
2411941
381588
267519
561357
1483544
461947
351795
362624
526559
2481903
409086
223028
526468
1522614
388108
353205
363494
524895
2415077
364536
249530
527503
1497157
387162
356933
363251
531244
2456708
364846
267140
609306
1545957
388024
424599
363186
529145
2453079
364310
302418
526232
1448592
387581
354278
364568
524738
2413160
376107
280826
526949
1449416
387671
354589
362851
527111
2412881
360978
283751
526319
1534197
387436
353838
363639
531178
2459080
366443
283772
526185
1450381
387402
355957
363579
531447
2411652
385602
222394
--STOP--
++STRT++
565473
1486326
431769
355398
363008
529903
2487502
398627
227503
604974
1498533
422963
351847
364250
525293
2451752
372096
269197
607853
1495039
388360
355995
362558
532388
2452784
362454
248147
526827
1449177
387884
354997
363823
525466
2414139
361489
279731
526243
1449463
387918
355031
363938
527452
2414384
370342
284665
526225
1531833
387811
357171
364181
525572
2413270
374202
247788
526283
1450029
387574
356258
363931
526273
2458236
362305
245862
526177
1450510
388450
351667
362680
527345
2413585
378581
225428
526930
1451034
388304
351217
364139
531971
2411815
362848
246740
526881
1449198
387411
354596
363357
525880
2414156
361428
246837
--STOP--
++STRT++
527576
1449965
386993
356503
362713
529886
2411278
373930
224130
526299
1449430
387278
351974
363056
526031
2413130
372705
222918
527010
1448432
387480
356833
364551
525614
2412862
353533
245554
527406
1450412
387874
356831
362942
529206
2414931
374619
221869
526095
1449802
388296
353369
363249
526131
2414232
363826
224090
526369
1449340
388358
356605
363011
528162
2412199
355764
222415
527045
1448524
388482
356831
364122
530008
2412305
362975
224514
603026
1483434
387234
384041
363944
532240
2445478
442315
243405
526832
1538494
387826
359169
412092
526426
2459264
361054
225902
527655
1449625
388257
355354
362876
530172
2498624
354494
245407
--STOP--
++STRT++
526286
1448835
388434
356080
364213
527162
2424625
374375
225091
526113
1450347
387714
357472
362987
529525
2412869
354097
226172
526839
1449372
387960
356515
363677
529929
2412924
372599
221439
526764
1448788
387485
357089
364221
530850
2411550
353658
244756
536614
1450186
388663
357298
362952
527335
2413963
364648
250418
527009
1448888
386986
355802
363240
530811
2411361
352696
225671
526485
1449339
387592
355094
363241
525796
2413446
374214
243902
563737
1449322
387561
357312
363255
530561
2412296
354518
261078
527095
1449478
388084
355923
363886
525240
2412231
362900
247188
526496
1498251
387766
350743
364222
526121
2444157
406182
282125
--STOP--
++STRT++
527430
1448440
388379
357455
363030
529452
2413574
354443
223187
526916
1448245
388191
355017
362809
528130
2480857
353261
247627
526229
1450053
386951
356041
363288
529275
2413042
361853
268104
527015
1449821
387188
356045
364001
524643
2413529
354229
247464
526235
1450678
387056
357763
363552
529372
2412831
360238
224646
526874
1450395
388051
355647
364026
524547
2452501
390505
268977
526760
1450685
387192
354583
364157
524023
2412101
374162
244924
526414
1450367
387958
353997
363371
529814
2415379
363070
227249
526334
1450308
388232
357202
363213
526114
2412514
368326
268184
526848
1449956
387241
355514
363035
531985
2413457
355668
220856
--STOP--
++STRT++
526250
1449776
387962
353913
363758
526491
2414480
365770
241417
526832
1449669
388085
356829
363350
530862
2412496
353903
268432
526378
1449925
388654
355225
362888
530427
2411977
356188
282989
526328
1449700
387508
356928
363565
529865
2411216
360768
270179
526450
1449489
387430
355892
363916
529275
2412889
353236
267176
526325
1448767
387071
352928
364090
550006
2442001
351944
246744
526175
1449267
387893
355483
362574
531614
2413229
384646
245867
526263
1449684
388715
355100
363972
525982
2411301
362289
267366
526206
1449828
435982
351219
363449
530542
2413603
361967
222810
526908
1491850
386842
352231
364070
531025
2413962
361257
241142
--STOP--
++STRT++
527097
1449504
388505
358367
362698
529656
2417753
361409
226317
526893
1449901
387129
357929
363415
531954
2447477
354203
222901
526993
1527137
388000
357049
362640
525216
2451458
358851
269175
526723
1448657
388194
355680
363467
524931
2414114
355866
221525
526422
1450102
388050
358547
361866
529951
2415222
374069
267300
527064
1448819
387074
355507
363645
526947
2415270
365091
249632
527847
1449727
388044
357367
363401
530317
2411108
361332
248015
526947
1523604
387247
354758
364190
530006
2413807
353667
281022
527069
1449995
387648
356136
362798
526110
2454491
362139
222156
526209
1448889
388329
352881
363176
530789
2410515
376142
264736
--STOP--
++STRT++
527628
1451388
386976
355712
362618
530469
2412197
360131
242769
527163
1486651
388390
356075
363155
526932
2414911
373171
224262
526754
1449901
387748
356268
363631
530717
2413555
359294
221831
527700
1449978
387491
353087
364370
531160
2411854
365617
245699
526215
1449218
388362
353787
363602
530411
2413071
359749
267697
526391
1448923
387479
356276
362608
530489
2412918
353523
244445
526763
1449468
388150
356486
362599
524066
2414590
359258
222436
526263
1523984
434242
355361
364582
531544
2440836
373958
264915
526890
1449576
387652
355646
362797
531829
2441422
432946
264488
565925
1485772
425864
356411
362900
526033
2447087
362097
245706
--STOP--
++STRT++
526304
1449641
388064
354800
364685
524217
2412329
359110
265151
526249
1449729
387185
354293
363468
528783
2415089
384350
247047
526221
1519968
427553
358259
363926
525648
2446525
365982
244589
574672
1535065
389864
356705
364212
526103
2448433
361618
271631
526761
1536126
389551
358321
364027
525305
2458666
362919
227879
527686
1449039
388347
352212
363854
530166
2414400
373386
246033
526832
1448484
388270
356269
364120
530632
2415240
376803
266509
526821
1449047
388112
355074
363256
523338
2411931
360495
223181
527473
1450051
388245
355536
362259
531594
2414157
353867
243967
536531
1449153
387938
355058
397338
529486
2447700
362207
302778
--STOP--
++STRT++
526802
1448316
388227
355329
363331
531360
2414061
354550
227087
527341
1449093
387073
357891
362851
524021
2416926
354119
269693
526241
1450127
387514
351434
362937
525844
2412307
361654
247473
526310
1450621
388487
357367
363447
526307
2415096
392910
244410
527601
1448435
386870
354573
363958
530652
2412381
360330
223929
526695
1449280
388222
354843
362933
524986
2415193
357063
245113
526497
1450543
387701
356118
363246
527063
2414120
352798
282175
526604
1449452
387202
354320
363831
526537
2411053
401173
283623
527674
1449692
388128
354862
364258
529409
2413279
352516
244786
541244
1448839
388123
354822
363774
526103
2446737
373237
262472
--STOP--
++STRT++
527442
1449994
387999
353189
363459
531264
2414188
361745
225622
526806
1449137
387879
357824
364201
530623
2415231
354708
222910
526926
1448876
387245
356529
363845
526107
2416424
360435
246952
527528
1448536
387105
355828
363337
526885
2414598
358786
266406
526272
1450198
387564
359355
363584
525681
2412833
361681
246668
526841
1449977
386841
355649
362718
524142
2414528
374062
246806
526559
1449527
387524
353679
362154
527465
2415237
360891
239554
540500
1449304
388053
353133
363357
529597
2413231
363738
242212
526386
1449704
387594
352817
363201
526771
2413016
372908
243953
527122
1501768
388283
356609
363689
530636
2411942
362262
243609
--STOP--
++STRT++
526565
1448892
387977
357283
364134
526684
2412414
354439
221315
526624
1449535
387837
352223
363615
526501
2412200
362916
248105
526453
1533089
427320
353912
362690
531467
2414377
362197
242836
527531
1450080
388591
356013
362324
527356
2413687
360705
226591
526370
1448704
388365
354386
362972
528372
2413629
354392
260107
574875
1526962
426685
358819
364177
527442
2451859
386339
224901
527404
1530819
387983
357774
362652
524439
2454002
373958
224038
526261
1448848
387049
355801
363366
530660
2415818
363178
246354
536322
1448828
388249
355257
362596
529611
2412297
355733
244559
527712
1450157
387978
350925
363469
529573
2412384
360670
224052
--STOP--
++STRT++
568302
1491108
465433
356322
363032
569341
2460363
357573
344086
573026
1520698
388941
355808
362484
530990
2450794
406756
266706
526597
1526151
388907
354773
363805
532185
2460167
394250
227273
527543
1449488
387912
355244
363643
525250
2412920
352509
243772
527087
1449737
387766
357555
364517
529851
2413118
360742
244796
526920
1450121
387625
353857
362477
525701
2456980
355047
246689
526301
1448900
387841
356965
363161
525829
2411654
362735
226699
526780
1449102
388598
357343
364042
529389
2412429
361106
246743
526751
1449476
387999
356962
364341
530631
2413532
361286
247319
529364
1449169
388078
355801
362876
526400
2414010
377254
246851
--STOP--
