++STRT++
32632136
92118478
6463075
5820501
6179983
9345334
153232931
9286171
5444907
32782591
92166651
6450180
5850547
6183773
9391603
153141078
9254401
5632706
32674023
92195799
6451675
5828816
6169515
9311806
153252933
9212903
5549421
33389056
92251549
6457228
5795132
6150611
9321557
152982190
9448500
5564814
33031788
92764281
6481846
5827629
6190804
9366721
153588912
10329941
6027483
32997418
92227733
6441519
5797904
6159862
9387914
153012026
9648963
5677398
33050759
92124749
6452775
5816759
6147780
9468277
153342701
9236915
5526499
32585686
92068250
6457027
5822132
6157512
9321729
153244747
9075785
5424864
32856303
93188141
6505264
5760955
6208477
9501047
154623385
12196253
7178360
33150066
92606911
6518181
5865174
6228612
9439367
154672984
12941343
7832957
--STOP--
++STRT++
32673555
92193507
6450113
5817474
6177273
9415594
153307893
9228908
5493653
33365053
92342823
6453912
5811198
6130785
9464784
153348384
9427593
5628369
32657150
92398153
6451936
5804943
6139170
9452116
153196637
9286061
5642425
32946013
92279580
6490421
5753178
6167916
9443836
153223942
9537285
5709033
32763424
92309056
6480758
5825436
6188793
9433194
153381071
10230296
6031121
32563447
92387324
6453414
5805995
6179138
9362685
153185989
9689309
5706210
32960937
92106194
6456491
5811795
6162416
9316023
153069760
9214929
5571320
32718970
92079562
6456191
5832018
6149823
9406569
153278024
9234685
5437652
33200381
92605564
6497420
5818394
6177073
9399197
154940999
12177788
7140065
33125018
92988875
6523846
5856729
6243134
9504114
154526476
13048594
7853567
--STOP--
++STRT++
32610304
92382008
6454045
5822210
6158246
9374592
153287342
9075801
5499479
32811578
92428350
6451518
5810259
6188047
9337472
153157177
9425955
5630649
32600232
92044232
6446585
5807112
6141137
9349382
153174174
9174756
5513325
32668734
92328720
6469129
5819816
6170066
9326121
153467087
9582685
5645598
33085770
92422826
6441636
5814262
6211169
9412661
153696030
10426169
5997523
32643019
92218112
6453032
5829963
6155748
9424648
153097397
9632138
5558863
32611877
92296984
6459231
5810963
6155537
9330079
153055907
9378275
5500436
33055963
92402145
6434361
5800198
6170461
9373112
153266354
9267285
5459067
33046844
92822686
6505688
5810431
6209459
9389726
154330437
12274379
7232746
33342213
92730488
6479663
5884970
6187090
9495133
154432522
12919110
7897738
--STOP--
++STRT++
32679837
92169596
6471663
5827454
6183396
9376645
153174814
9318260
5434677
32768320
92614451
6458026
5787439
6170726
9318033
153091570
9298342
5654977
32745835
92111981
6450969
5817956
6206168
9336620
153077821
9411808
5594828
32936415
92313894
6464773
5801364
6167783
9352220
153491381
9615540
5684157
32790149
92425879
6485041
5755397
6182925
9395621
153791363
10235104
5905440
32629706
92039443
6460296
5804993
6163321
9457376
153407102
9426279
5447435
32820815
92494935
6449427
5805995
6137934
9330679
153104635
9177082
5535217
33279545
92295021
6464387
5811694
6172056
9331560
153272220
9160511
5547269
32988034
93061181
6561225
5762005
6218587
9386066
154752194
12298490
7297540
33348667
93216520
6608555
5892626
6231128
9372564
154785387
13101897
7868229
--STOP--
++STRT++
32661675
92149984
6458096
5813844
6176623
9391780
153273212
9065394
5496005
32585779
92367433
6468761
5750811
6159733
9399430
153210281
9507046
5595636
32641215
92247956
6462246
5814114
6167115
9339411
153208379
9314444
5497698
32597363
92264843
6459648
5818692
6157169
9407245
153077479
9610790
5736621
32903366
92418403
6496232
5808945
6157094
9391595
153826561
10324719
5999272
32954733
92141164
6466564
5767940
6172112
9391372
153358811
9604902
5596343
32697066
92111552
6453374
5809192
6135312
9490017
153210060
9230931
5549687
32676794
92114009
6453948
5807613
6135379
9474209
153326672
9154790
5478084
33221236
92877128
6520048
5808615
6220547
9457808
154054251
12308381
7011497
32632693
92505629
6515878
5860920
6221687
9399644
154683781
13006204
7828917
--STOP--
++STRT++
32673914
92214920
6451338
5815703
6182526
9501798
153170942
9184649
5497115
32952513
92506261
6460313
5746810
6155213
9370253
153459331
9680303
5731400
32869093
92265199
6460000
5830398
6165556
9433552
153341195
9384467
5493534
33211070
92131088
6454948
5821241
6165531
9314973
153044984
9765608
5629693
32748048
92290479
6477549
5811995
6158579
9510342
153624939
10387741
5906126
33082028
92265238
6463168
5766237
6162732
9422255
153319677
9625596
5654132
32735344
92585411
6461214
5768226
6173496
9420227
153345512
9369239
5607625
32717384
92222783
6450587
5762983
6159305
9400910
153048621
9418532
5535225
33746763
92749007
6504213
5806633
6216129
9425784
154864559
12332978
7164536
33048053
92763837
6524064
5843437
6252958
9565658
154714337
12872360
7714851
--STOP--
++STRT++
32879393
92755495
6465124
5817021
6173378
9354833
153133945
9135128
5472305
32706881
92360291
6469445
5799124
6163307
9396362
153064017
9233255
5587758
32631867
92192663
6449972
5828154
6157131
9328943
153254784
9153711
5659659
32759277
92533422
6461922
5773509
6163186
9402337
153216453
9438289
5606416
33211006
92475569
6440595
5792743
6200540
9506047
154106755
10226059
5916226
32622539
92248490
6469186
5760620
6218330
9386013
153284365
9510721
5539314
33243564
92245385
6431688
5797088
6161384
9342357
153146817
9369587
5584950
32842605
92372912
6431305
5812948
6170482
9427088
153189143
9333671
5538419
33394287
93529638
6500737
5826555
6233349
9402092
154206896
12312416
7114190
33196889
93148022
6487594
5854083
6176979
9437884
154543583
12954191
7871919
--STOP--
++STRT++
32795956
92279667
6449515
5799582
6163676
9378767
153333683
8967309
5518511
32859408
92428160
6451722
5792375
6144347
9363528
153241747
9099505
5550768
32644787
92226201
6452041
5876568
6131703
9420268
153741118
8941721
5488103
32867528
92337163
6552140
5773770
6173693
9344460
153240235
9438322
5524468
32748330
92435821
6461941
5820708
6207128
9390563
153826377
10444040
6070031
32686283
92491970
6482184
5757923
6153433
9459178
153214632
9753052
5653155
33175104
92252746
6450787
5806009
6181662
9343302
153361313
9168275
5628899
32654366
92276981
6455322
5798287
6141574
9304860
153036900
9512311
5612248
33397264
93079361
6472017
5871392
6172569
9404695
154219562
12451880
7122320
33418840
92819650
6537345
5809025
6232195
9366306
154198851
12905009
7734090
--STOP--
++STRT++
33611837
92518143
6458879
5769059
6177584
9365059
153162876
9210870
5520807
32869160
92346228
6482224
5751491
6165132
9458643
153460711
9590345
5752875
32636532
92231228
6430851
5859652
6163949
9369658
153756107
9122401
5538077
32577009
92464312
6452728
5831462
6156798
9338175
153087151
9705373
5672294
33308480
92636992
6484465
5794642
6205804
9465286
153638358
10295791
5923935
32681228
92115073
6454146
5813023
6155151
9449562
154072984
9372351
5535456
33135069
92449210
6464393
5764235
6166374
9348532
153141970
9261773
5468266
32760634
92678984
6459486
5816523
6162367
9318533
153054549
9114928
5468784
33224446
92813837
6528596
5802813
6227167
9399770
154340160
12369444
7469612
33155983
92891051
6525703
5876650
6232799
9421333
155316849
12781563
7875272
--STOP--
++STRT++
32671318
92141568
6458493
5814196
6174335
9363157
153209334
9023366
5395854
32584082
92275172
6467235
5808870
6173879
9363703
153174065
9358979
5602445
32689176
92182620
6480743
5802207
6149381
9382698
153226395
9031546
5494375
32766085
92085389
6451468
5814467
6134151
9306209
153747369
9526438
5547686
33012623
92320262
6444437
5809938
6223569
9453410
153760964
10388983
6071304
33297532
92295131
6452660
5800519
6157127
9349862
153264007
9678034
5629142
32722553
92121359
6496736
5801387
6132715
9307850
153136367
9436518
5567633
32748736
92614329
6472610
5797700
6169896
9377193
153226221
9234613
5494930
32929362
93033567
6507192
5773915
6220650
9432130
153871055
12286037
7254388
33173286
93070448
6535855
5875699
6224451
9430571
154466748
13033405
7828853
--STOP--
++STRT++
32677669
92161711
6452186
5815805
6185084
9398798
153248273
9209627
5465694
32824344
92322860
6455064
5770250
6167250
9336096
153103681
9322882
5534987
32720235
92264815
6460143
5776967
6163208
9383998
153206160
9240674
5583864
32775823
92417196
6455444
5817506
6157669
9343754
153200744
9655310
5648401
32792644
92341447
6511773
5817793
6157213
9379157
153678119
10276549
6017121
32825170
92210964
6431323
5800107
6172082
9350121
153304845
9567499
5552170
33578767
92658425
6457773
5807866
6161341
9456301
153066684
9423035
5611871
32818071
92271597
6478056
5765339
6160587
9381013
153474957
9521257
5517204
33242948
92853735
6502943
5772530
6239576
9360361
153997138
12241249
7125905
33366558
92700620
6533989
5879981
6245761
9351821
155134495
12920080
7882326
--STOP--
++STRT++
33149424
92186258
6473628
5766173
6193804
9362019
153201078
8978840
5553888
32842088
92435758
6431604
5784705
6175238
9490929
153176757
9376638
5547342
32923180
92261004
6447935
5804955
6170741
9355271
153168293
9010187
5528352
32900360
92069588
6463534
5768357
6154502
9381376
153183958
9441363
5581459
33153222
92315591
6478642
5871369
6192139
9415419
153564875
10395300
6063557
32698251
92247799
6458518
5820345
6160358
9330088
153120363
9521431
5593125
32646141
92639110
6454384
5797408
6131718
9367844
153223713
9227705
5569923
33356148
92167843
6447608
5815120
6151356
9372896
153075086
9454063
5669126
33217438
92817009
6496074
5810927
6174696
9359493
154186575
12238244
7130128
33273191
92698056
6539941
5902452
6255904
9405549
154950184
13002030
7957216
--STOP--
++STRT++
32623376
92121955
6464196
5769616
6153115
9301890
153203764
9150119
5375156
32875350
92118600
6454987
5794984
6151398
9312920
153307419
9437219
5651368
33157763
92181920
6459250
5825061
6166080
9436200
153226378
9088095
5508220
32903283
92110519
6452455
5810676
6180127
9328829
153283163
9422508
5612805
33206051
92500293
6477883
5811477
6192908
9430850
153412986
10363206
6065273
32970703
92369415
6462278
5800336
6168730
9364275
153290079
9451253
5565600
32691249
92381734
6455471
5764288
6199781
9391466
153089417
9304901
5494049
32627189
92100712
6446346
5805897
6159772
9352331
153075848
9088105
5578004
33231338
92884517
6565593
5824661
6235666
9479888
154453616
12356335
7151589
33301000
92732150
6478949
5981819
6194356
9401988
154504868
13035640
7779775
--STOP--
++STRT++
33117974
92215346
6496026
5824476
6143567
9298562
153203566
9269431
5494425
32889824
92282289
6464810
5798853
6217867
9464472
153201911
9239791
5571633
33268510
92263136
6452967
5838187
6151173
9309605
153018887
9151149
5602750
32693678
92383163
6454222
5833377
6160477
9330278
153009335
9390217
5572800
33628735
92537130
6473923
5812729
6197007
9433064
153551595
10282475
5944903
33337396
92220076
6431145
5809496
6177156
9405139
153147415
9633579
5673485
32778839
92219395
6433512
5797191
6169534
9355088
153746356
9378519
5615246
32817071
92134612
6468178
5811186
6155247
9320312
153087764
9286879
5539925
33204131
92669163
6502004
5816431
6173673
9404698
154259225
12383574
7040106
33261202
93133186
6550035
5863288
6326103
9415615
154522934
12999943
7796366
--STOP--
++STRT++
32640611
92038130
6464883
5841185
6221059
9349100
153250723
9287451
5506408
32771213
92299685
6473680
5754270
6160600
9389625
153749413
9512534
5696364
32735752
92359099
6429914
5797656
6155667
9345656
153446927
9451857
5656650
32837604
92384445
6427102
5805299
6160887
9330585
153136140
9640730
5654791
32799958
92424852
6490907
5781321
6189949
9463770
153579712
10214024
5896511
32641932
92248979
6456011
5813500
6169750
9327760
153253766
9571840
5564108
32690903
92690313
6505874
5761865
6154980
9440714
153601425
9372561
5601799
32859243
92050543
6454568
5809618
6152126
9312150
153241154
9141862
5550424
32970489
92872235
6464034
5808592
6250778
9424304
154051145
12387455
7221602
33676493
92640230
6524890
5843273
6233359
9573180
155299597
13060651
7918925
--STOP--
++STRT++
32646924
92135849
6461257
5814085
6147161
9517549
153257579
9059713
5613245
32625065
92240545
6461327
5812558
6162224
9330336
153174516
9332486
5633473
33114175
92284932
6458596
5802534
6156840
9367979
152986574
9226724
5550074
32668778
92398159
6454616
5823438
6152819
9374171
153099800
9586007
5673299
32721022
92761650
6471637
5786268
6160750
9476485
153688650
10255759
5908654
33362025
92212736
6462648
5761443
6159918
9397791
153101001
9628045
5645717
32774519
92283020
6434552
5799992
6168507
9335568
153179465
9567294
5602062
32713998
92386759
6443052
5816031
6171265
9369868
153136072
9299499
5546511
33004731
92542883
6510823
5811305
6227924
9403152
153756132
12195660
7197369
33083267
93005742
6525672
5885209
6244120
9502372
154583946
13030227
7962749
--STOP--
++STRT++
33069794
92604846
6452385
5808453
6166322
9518811
153211389
9052655
5544730
32724371
92262097
6486602
5819459
6181100
9368914
153347567
9513195
5619467
32655161
92140598
6463167
5817367
6167504
9345573
153307221
9488312
5574339
32715706
92227256
6461903
5800644
6159181
9391262
153000982
9631345
5621112
33117406
92719339
6478972
5812408
6197812
9379619
153358166
10243681
5993903
32761136
92519588
6458098
5796282
6171473
9492735
153165760
9594391
5648625
33038587
92406119
6468371
5809947
6156308
9392453
153059373
9441533
5597191
32557039
92008272
6451806
5812758
6175602
9463906
153385172
9285187
5462900
33005006
92776966
6500429
5826026
6212297
9392852
154027373
12289892
7282690
33770343
92473608
6520859
5839076
6249830
9452239
154546162
12798968
7697370
--STOP--
++STRT++
33233143
92535323
6458357
5761071
6161612
9324544
153994679
9337379
5514065
32876296
92551585
6449915
5809724
6182821
9336301
153102184
9661193
5748149
32578609
92223798
6460503
5826891
6170927
9307121
153236670
9397839
5562470
32800683
92330590
6458399
5811915
6159409
9433089
152997103
9700413
5597746
32907713
92438729
6505158
5890124
6255415
9370701
153308370
10295711
5994086
33694929
92234939
6451429
5802082
6135043
9390722
153363331
9561256
5586939
32927602
92562986
6473927
5765360
6160076
9376080
153053797
9300328
5537780
32863773
92413999
6456859
5772976
6161878
9384046
153166364
9304628
5534705
33314387
93287185
6510610
5762463
6213934
9454187
154308492
12282892
7090279
33252470
92730326
6539778
5856106
6184862
9361777
154884358
12891344
7902466
--STOP--
++STRT++
32802129
92510505
6457321
5816380
6137533
9362329
153258081
8967614
5545684
32856632
92075124
6519941
5802325
6133656
9353985
153194430
9338972
5559137
32536133
92236260
6448491
5797352
6166224
9339855
153239550
9000042
5485886
33195028
92254899
6454177
5808865
6128205
9361484
153225697
9594132
5722767
33396772
92563879
6486493
5804923
6193158
9435666
153441137
10409405
6028536
32676218
92445623
6452557
5856231
6164881
9340392
153190674
9524365
5624704
33134415
92213386
6453419
5811999
6140259
9515725
153325129
9358137
5479739
33205971
92141978
6450501
5799976
6154251
9370677
153068722
9520146
5529868
32996939
93186924
6459496
5811848
6214757
9418070
154251218
12365918
7059596
33272828
92882674
6527585
5841355
6248980
9463254
154654505
13056527
7940051
--STOP--
++STRT++
33308851
92303466
6432247
5813726
6171208
9437259
153165543
9045011
5571469
33148428
92164477
6451824
5824602
6179814
9343676
153810195
9389275
5603401
33687473
92333731
6453646
5817503
6154586
9324173
153153684
9321464
5562294
32908618
92790356
6471820
5825873
6165516
9466970
153545648
9722604
5737294
33180665
92458066
6480408
5822435
6157694
9439931
153355649
10365310
5948743
32567260
92180232
6455634
5806277
6171551
9368872
153076429
9712878
5581616
32806001
92104818
6460782
5764569
6166817
9369414
153290370
9449479
5600293
32939184
92275020
6450548
5863559
6154119
9463444
153091140
9469822
5596261
33090098
92473067
6471969
5814325
6224712
9542280
154070767
12415768
7128925
33057009
92718086
6517293
5820929
6233364
9471518
153985239
13000774
7905138
--STOP--
++STRT++
33292507
92390109
6459120
5816352
6173598
9380102
153843154
9254196
5542130
32859509
92555756
6460869
5812256
6146236
9434491
153160691
9288097
5472374
33220424
92195192
6456751
5791625
6168663
9336981
153502996
9267766
5457670
32950792
92231534
6497904
5818000
6206745
9344284
153013232
9564910
5659538
32773082
92487222
6446144
5823258
6201558
9442587
153638168
10343528
6064347
32596755
92899228
6458502
5812340
6167228
9411794
153184378
9702122
5681610
33014504
92211111
6458967
5797362
6131927
9340868
153070394
9433346
5580168
32679050
92229245
6450606
5773814
6194345
9363665
153340688
9436110
5647268
33122711
92918802
6514381
5823330
6223436
9425649
154436675
12324104
7167854
33411243
92707684
6542519
5822273
6230788
9617505
154343686
13011932
7977003
--STOP--
++STRT++
32744814
92160679
6463392
5810110
6144345
9479078
153384544
9072824
5551672
32635755
92251346
6450788
5820897
6140754
9353010
153124420
9335828
5603757
32552597
92227968
6449014
5801549
6132847
9370416
153506621
9187829
5559501
32655605
92149306
6453560
5812870
6135026
9365991
153329718
9421035
5498386
32822333
92481584
6480424
5762819
6208929
9401595
153714386
10406512
6001705
33019106
92084295
6452954
5802691
6153717
9425848
153547140
9631139
5618021
32649538
92187665
6452611
5802677
6135708
9398540
153406664
9481577
5579100
32822662
92118012
6457322
5867178
6197305
9441727
153027382
9403558
5543557
33187428
93193277
6526418
5832077
6214336
9383276
154274658
12273969
7114444
33472154
93478790
6553175
5882932
6178900
9354197
154830553
13256956
7822847
--STOP--
++STRT++
32631944
92218617
6454604
5820993
6173124
9320319
153425074
9597355
5560803
32642702
92180079
6449438
5816934
6142209
9306132
153106524
9323297
5638435
33062679
92192533
6455069
5816498
6152186
9292844
153152332
9147957
5527192
33003392
92322458
6452209
5823629
6150216
9344864
153598261
9428611
5598219
33295154
92344295
6445472
5804925
6226514
9384485
153823775
10268007
6069088
32629924
92155640
6450968
5794873
6137390
9424996
153173511
9446938
5577456
32843358
92217617
6457227
5813593
6157567
9341523
153038473
9520715
5643953
32804006
92369690
6429333
5796376
6154453
9406137
153110183
9464312
5632200
32990333
93287086
6507120
5764550
6219206
9395195
154485941
12232542
7079916
33152336
92750879
6525956
5854583
6201142
9493172
154592812
12950940
7992351
--STOP--
++STRT++
32668345
92307336
6516862
5756534
6218081
9356730
153329763
8987236
5497479
32696601
92151921
6433624
5785678
6168749
9393140
153182663
9369587
5681809
32802687
92336961
6463536
5803717
6175171
9332679
153200252
9259294
5503141
32691476
92075143
6458696
5813410
6125115
9329847
153406015
9565374
5677330
33273647
92520511
6473479
5823552
6199063
9503207
153541935
10477807
6079465
32651235
92223407
6452784
5769541
6160614
9412904
153143671
9620726
5588136
32546409
92227955
6464809
5763650
6159852
9373324
153266127
9504548
5620453
33357954
92257512
6455277
5817317
6165234
9505811
153259821
9242520
5531393
33191780
93417690
6506359
5762903
6281128
9388263
154443705
12308562
7115563
33149395
92932490
6601953
5838653
6239651
9567826
154788117
12955302
7646702
--STOP--
++STRT++
32916614
92069410
6461984
5816430
6178340
9337622
153216186
9408954
5450418
33016030
92411571
6464202
5802334
6162763
9382174
153070237
9462886
5523877
33123219
92141400
6450379
5774555
6197809
9331963
153381025
9143139
5429667
32917633
92300674
6462917
5778099
6156639
9320396
153176288
9442327
5672021
32740370
92785623
6480533
5839605
6194077
9490402
153862646
10433041
6083301
32549338
92363347
6455111
5770145
6160099
9444934
153181889
9674298
5626395
33040536
92266060
6446638
5867454
6192241
9377277
153219576
9276395
5544371
32645250
92225279
6455901
5757796
6178133
9360951
153263319
9260950
5486261
32873748
92749540
6504378
5816795
6183332
9516548
154323868
12304805
7031128
33093350
92708883
6532847
5878764
6249452
9502414
154806969
12914514
7949528
--STOP--
++STRT++
33624927
92865043
6434221
5809296
6167585
9323214
153293757
9205816
5519864
32650436
92247550
6448880
5851910
6189439
9501423
153265716
9509241
5667990
32582122
92108891
6447713
5800690
6139794
9343905
153369285
9037638
5512368
32626293
92149770
6451816
5811477
6164257
9398390
153220346
9640535
5648863
33063410
92672744
6482401
5808276
6184377
9501808
153729519
10259798
5913083
32777987
92104851
6431147
5803535
6179148
9309621
153534904
9672713
5640618
32768918
92060063
6457217
5803746
6151259
9308291
153082445
9313986
5577258
32893675
92351759
6451699
5800322
6154715
9314526
153546599
9415690
5558609
33517625
92842179
6511260
5801705
6231112
9467485
154241469
12362184
7165592
33410828
93670309
6481219
5881890
6201119
9349012
154517706
12937651
7841496
--STOP--
++STRT++
33303335
92265356
6448961
5804250
6165835
9435602
153242283
9200904
5509624
33062842
92241905
6452636
5803126
6194240
9377498
153161341
9492469
5695535
32611367
92125110
6455525
5854091
6135457
9324848
153369028
9228922
5610381
32607181
92206404
6463131
5824870
6145678
9324781
153412086
9404193
5539921
32995167
92534213
6480779
5775374
6206375
9367115
153821341
10387594
6062146
32803641
92138398
6454578
5807073
6167353
9327195
153172297
10095234
5667263
32709536
92168851
6480538
5771838
6179320
9438059
153216866
9667544
5648559
33005277
92297506
6449817
5804949
6159015
9326641
153402597
9407959
5555613
33051204
92924069
6513468
5826951
6205630
9448675
154229171
12134675
7110064
33731484
92807996
6519669
5861358
6255929
9354779
154365398
13079770
7798620
--STOP--
++STRT++
32696474
92139730
6463320
5807630
6176765
9430368
153231914
8975423
5400963
33127323
92262109
6464387
5805169
6169082
9304038
153230061
9082585
5551738
32777945
92217784
6461943
5824066
6159815
9360550
153279758
9082078
5467961
32976923
92309535
6433143
5793335
6177640
9371948
153571754
9732357
5745249
33299221
92284285
6444268
5820415
6194834
9456542
153522121
10307451
5996564
33447720
92311466
6454757
5810980
6172327
9365811
153037220
9602349
5686624
32683857
92411177
6462100
5799832
6176868
9378136
153132293
9273055
5616928
32639400
92382360
6454495
5809853
6133335
9395404
153291946
9255398
5516730
33365484
92662459
6461469
5819426
6174781
9379568
154059340
12354737
7149648
33776347
92952236
6528357
5853499
6180379
9356368
154248539
12934794
7809341
--STOP--
++STRT++
32701591
92391134
6462697
5774491
6158329
9386708
153307240
9079639
5540932
32583734
92414105
6430964
5767616
6201294
9480310
153183396
9306767
5554308
32594024
92281508
6454471
5796382
6132581
9300688
153241737
9149016
5561280
32762329
92110413
6455709
5824780
6139384
9334515
153084670
9634822
5697843
32796356
92775120
6498098
5761150
6196776
9376715
153792925
10474566
6040246
33715606
92228632
6449757
5803929
6209499
9318047
153600755
9469681
5548814
33597369
92749999
6481749
5820693
6140607
9490096
153270519
9292477
5524413
32787858
92062533
6454721
5815579
6133671
9321269
153801821
9411692
5614075
33323495
92630803
6517480
5812941
6268329
9380467
153980309
12318778
7127198
33043102
92834217
6525207
5848923
6251104
9467216
154787411
12846812
7857529
--STOP--
++STRT++
32747862
92594397
6534456
5769311
6177178
9386168
153242190
9013435
5388934
32624611
92281179
6453456
5788125
6132469
9317246
153295398
9247768
5545766
32674298
92130331
6452680
5823115
6205307
9334035
153293077
9094852
5506219
33003895
92447653
6459635
5768153
6161183
9447790
153175059
9518510
5583346
32804549
92698369
6495700
5841117
6198285
9381373
154357031
10381752
5987564
32829845
92232275
6434189
5789531
6157373
9430755
153071165
9882918
5639015
32762062
92186792
6448287
5786547
6137651
9530811
153799272
9504117
5736357
32916248
92206823
6453480
5804331
6151147
9317193
153028221
9461189
5580646
33178515
93077131
6505378
5822184
6206133
9506133
154413467
12331948
7228528
33374269
92718368
6515342
5902707
6241232
9475653
154182966
12867312
7901230
--STOP--
++STRT++
32622119
92029902
6451364
5818904
6179099
9503841
153448720
9065253
5446891
32626753
92255959
6467524
5805804
6158955
9370743
153278948
9589844
5584908
32571477
92203109
6449208
5766009
6156814
9318050
153070569
9029490
5515216
32736411
92455994
6466697
5826048
6168067
9335150
153040318
9462619
5594125
32759849
92370727
6480839
5766599
6187300
9422485
153559346
10320264
5988850
32704595
92206085
6456648
5803907
6134167
9327600
153074585
9693033
5663760
32642435
92393252
6431311
5803425
6166155
9339556
153597112
9375220
5586710
32933657
92484182
6427839
5793155
6157296
9366304
153012452
9322422
5565126
33166049
92640690
6503679
5773567
6267296
9534130
153735131
12293457
7253616
33106358
92724690
6517507
5877011
6222695
9424629
154376236
12791820
7791981
--STOP--
++STRT++
32601807
92142163
6449072
5807226
6137129
9358874
153219953
9074630
5514185
32870636
92539362
6461180
5818689
6175646
9386204
153274949
9506543
5559973
32592448
92233076
6464763
5825380
6167167
9333300
153164807
9323808
5546469
32801673
92196841
6454816
5814633
6155182
9378019
153487558
9514856
5540083
32775987
92383364
6482402
5822643
6185240
9347844
153499637
10486349
6085395
32788188
92271170
6516748
5797878
6181141
9447255
153235448
9765646
5676699
32698152
92151806
6460079
5810213
6134162
9329049
153477716
9431456
5563363
32737079
92055045
6449659
5816051
6157054
9403480
153362176
9411504
5576564
32968676
92674265
6471758
5803404
6178512
9352371
154513158
12419746
7223570
33328842
92811737
6523331
5862613
6218077
9403788
154404216
12923850
7923476
--STOP--
++STRT++
32814521
92433504
6460406
5814085
6136985
9393873
153289730
9027971
5450718
32767659
92213974
6458141
5807286
6141021
9303914
153174569
9323796
5611871
32735496
92689154
6457113
5813535
6150874
9298620
153327622
9098376
5558008
32702483
92201826
6464178
5813763
6169453
9347415
153248144
9506207
5645469
32782829
92455080
6483311
5812175
6152340
9329316
153690053
10337281
5951693
33422575
92135070
6432569
5796771
6177613
9358477
153299709
9575904
5579312
32707374
92499150
6450920
5817752
6134461
9464372
153875860
9384844
5604257
33471048
92369797
6457378
5815327
6148907
9450464
153245812
9408377
5488120
32995561
92745751
6473016
5836974
6173121
9364317
154760968
12339414
7321272
33143078
92800399
6533731
5904994
6234040
9441156
154371389
13133479
7920164
--STOP--
++STRT++
32819906
92380506
6455624
5825002
6136148
9330911
153444459
9299520
5565492
32709848
92082110
6454218
5819720
6150623
9369210
153152536
9332265
5534341
32652858
92152172
6475754
5797881
6154732
9298941
153336941
9205678
5608076
32722945
92254586
6468297
5820232
6173470
9314745
153359175
9695582
5547394
33199249
92582254
6537356
5807857
6211965
9373322
153563204
10375988
5902860
32623642
92170099
6432632
5799510
6171818
9357455
153409789
9457752
5586705
32784655
92342957
6461130
5770905
6164070
9355947
153207722
9597289
5694965
33007229
92171760
6433874
5798897
6164689
9370173
153240717
9252318
5586140
33243468
92979421
6511842
5763052
6210979
9386223
154199519
12312050
7165895
33436361
93404804
6519611
5893859
6221635
9403978
154766243
13107669
7827877
--STOP--
++STRT++
32886563
92319078
6450435
5816907
6136165
9341266
153300562
9341674
5520822
32722088
92415890
6452353
5809320
6138437
9330929
153228238
9378755
5610487
32631116
92166021
6462974
5809874
6160898
9362210
153201914
9237100
5507340
32693579
92492662
6468490
5823643
6178488
9409114
153121591
9401571
5529407
33360079
92576022
6481411
5831718
6191320
9366137
153714388
10556760
6125550
32633992
92173180
6429837
5799574
6170418
9357257
153438761
9792569
5668175
32887099
92115002
6466287
5803689
6145596
9326590
153108184
9737767
5600160
33152117
92227363
6430786
5800979
6164569
9379852
153507657
9470545
5601387
33026668
92821351
6469746
5819199
6171233
9381391
154528114
12297804
7199791
32919077
92837000
6522316
5839892
6223385
9413202
154642468
12909250
7836995
--STOP--
++STRT++
32853851
92352179
6452268
5763659
6160338
9416315
153461038
9342920
5373143
32709174
92469438
6464963
5748825
6176057
9417565
153254135
9214873
5522101
32727186
92117745
6465256
5762269
6158051
9347798
153350763
9191827
5549458
32777694
92213874
6431107
5796114
6170039
9444758
153227327
9771976
5715807
32999447
92359962
6480026
5817885
6184283
9403345
153818616
10577169
6050532
32958431
92130872
6454604
5820499
6135059
9325336
153145328
9708403
5669980
33083026
92401621
6459238
5823689
6217673
9322513
153409085
9694857
5552312
32982577
92306980
6432599
5787710
6172468
9327623
153231252
9474605
5616030
33648702
92908670
6509271
5809554
6169818
9517590
154017517
12271320
7119858
33428582
92780429
6521757
5894846
6234209
9421334
154880964
13018297
8116987
--STOP--
++STRT++
33618227
92091917
6455893
5761328
6178673
9437126
153517822
9112510
5443468
33025568
92544360
6454707
5852589
6182539
9458772
153187078
9411785
5692013
32583299
92176571
6446952
5797579
6156484
9415075
153218151
9199736
5470609
32653760
92144582
6452439
5801499
6169014
9409579
153105534
9720104
5616700
32863604
92604685
6446748
5824721
6204739
9393989
153802481
10370561
6047127
32790704
92083856
6462523
5764003
6158477
9503273
153197418
9585905
5517134
32669376
92131844
6458720
5762541
6203749
9397032
154296860
9405228
5539507
33706415
92120723
6453142
5790729
6134061
9302915
153349564
9261200
5543773
33686307
93008780
6919703
5824165
6289062
9523990
154351010
12282313
7142913
33157549
93353918
6549289
5807511
6225593
9364454
154974474
13073839
7775407
--STOP--
++STRT++
33242511
92286931
6451078
5809144
6134393
9459977
153266055
9315234
5555002
32621314
92578575
6455433
5801817
6178249
9322299
153175181
9560437
5634441
32635827
92000049
6450254
5817409
6152960
9379499
153192117
9457511
5552288
32942142
92366859
6474172
5762897
6158782
9329240
153441051
9668592
5654705
33553017
92831922
6480444
5825031
6206813
9470292
153562613
10454927
5943222
32633253
92243944
6450278
5810600
6132923
9382730
153089072
9513093
5614262
32808353
92039687
6456799
5806570
6157637
9385393
153578276
9320896
5535966
32611279
92075221
6462423
5801714
6126837
9310567
153098109
9206484
5532956
33129502
92609951
6508222
5796770
6211241
9574725
154172885
12306612
7048011
33435905
92611668
6515174
5818168
6254841
9405107
155019193
12871765
7795780
--STOP--
++STRT++
32742593
92118699
6456823
5815198
6186496
9394370
153186664
8931986
5345058
32679429
92107033
6460033
5809207
6180722
9497451
153145151
9414214
5622510
32657729
92251247
6484943
5778631
6157072
9333054
154576952
9121516
5549646
33004962
92299623
6451895
5835767
6177515
9313780
153075914
9522807
5580813
33208703
92357437
6497420
5777980
6196377
9379271
153930772
10441790
6022611
32650654
92262896
6429841
5802292
6166235
9433581
153369620
9582564
5667319
33104180
92272850
6429914
5808314
6172712
9351696
153496337
9405792
5606440
33165092
92318409
6450714
5808028
6176638
9409420
153133094
9194745
5518652
33054665
92979556
6503349
5776157
6232033
9357089
154750036
12215220
7097036
33680567
92813647
6596066
5837845
6240418
9413102
154675942
12936312
7935361
--STOP--
++STRT++
32973133
92258210
6453302
5806395
6130486
9362173
153318628
9144489
5464672
32641558
92119572
6452440
5800884
6143777
9323311
153467173
9465018
5607546
32675642
92170382
6455828
5824558
6140297
9298673
153226591
9285608
5515325
33055323
92582525
6455894
5813223
6155544
9407746
153597223
9481345
5616423
33038460
92560574
6479437
5821366
6219305
9476177
153711448
10338841
6049681
32743710
92187262
6450644
5803831
6210674
9308627
153077115
9584355
5563632
32785283
92161878
6453802
5761556
6162472
9355712
153088312
9499457
5549190
32571176
92268668
6430969
5804164
6163901
9439395
153222372
9563783
5608117
33300172
92700464
6522280
5802140
6209768
9388070
154304503
12248260
7138045
33291756
92978648
6488723
5883411
6187854
9551420
154326970
12909800
7939962
--STOP--
++STRT++
32631934
92540483
6461462
5804501
6143439
9353929
153269846
9116741
5479811
33638938
92217072
6457018
5803524
6132623
9380575
153544314
9400010
5656597
32651998
92071649
6452801
5821266
6156261
9321545
153153341
9234080
5551099
33136610
92351747
6460013
5819859
6154838
9475938
153616818
9607019
5732818
33109707
92510166
6484897
5805103
6193751
9341132
153634589
10337780
5982800
32655328
92200191
6462948
5804338
6158954
9442766
153522794
9706849
5636882
32713070
92445281
6431631
5799030
6169385
9339129
153306566
9646000
5541919
32793872
92451071
6431945
5812950
6165629
9312212
153185144
9488028
5694941
32964004
93054616
6503971
5758934
6205016
9354033
153771308
12171857
7115223
33269038
93259596
6604017
5871546
6221896
9454419
154686171
12811170
7786234
--STOP--
++STRT++
33039680
92381101
6456586
5829384
6140914
9367324
153209382
9010649
5495138
32896775
92295437
6457011
5798743
6184794
9310367
153089995
9436941
5590249
32764476
92206294
6458940
5813348
6165262
9421662
153373386
9269502
5404265
32740131
92201671
6477754
5772431
6180798
9426563
153163294
9775279
5690010
32793547
92381444
6480671
5819348
6209328
9478446
153803253
10267237
6015485
32708981
92359966
6450831
5817355
6140865
9305299
153285148
10005033
5544399
33261721
92091004
6456602
5765992
6180236
9439572
153169210
9273307
5505148
32621381
92092756
6459266
5772136
6216130
9476412
153382471
9231848
5546872
32965660
92776181
6505929
5761740
6209512
9358732
154048519
12223894
7205853
33652360
92547143
6520678
5881401
6173332
9455658
154496122
12946303
7977081
--STOP--
++STRT++
33401862
92313299
6456602
5824246
6189060
9447130
153271422
9041985
5448720
32701932
92152209
6455064
5796376
6161363
9353523
153117337
9349267
5605145
32858694
92148217
6452192
5814882
6151561
9452798
153223818
8982343
5454490
32557634
92229126
6432196
5797396
6164553
9350872
153189045
9549665
5649286
32780747
92596613
6480486
5825261
6159837
9331404
153743366
10286824
5997716
32625919
92346198
6434972
5800636
6171829
9353208
153190864
9748218
5715077
32894292
92531166
6459515
5814339
6150440
9314445
153277848
9350562
5611030
33455021
92181850
6451702
5808450
6161805
9438182
153059239
9292617
5515545
32975588
93029519
6501373
5830326
6174093
9342590
154495163
12393936
7319897
33250703
92569402
6546812
5883939
6189779
9455631
155110996
13144811
7752926
--STOP--
++STRT++
32916659
92717299
6447258
5807244
6134882
9412130
153330514
9327076
5514812
32712246
92174039
6453099
5822080
6150090
9327962
153438531
9441934
5584882
33038959
92135837
6459367
5823035
6160964
9481812
153192169
9371374
5463414
32553146
92272854
6453164
5757631
6158125
9353032
153111800
9610628
5618640
32765482
92521115
6477328
5830106
6240956
9471699
153535667
10247407
6053562
32562417
92359137
6448172
5803989
6177232
9502985
153172362
9609859
5710613
32969333
92403593
6457581
5764762
6199876
9315753
153371540
9401144
5542009
32861882
92410623
6430140
5845729
6181792
9328151
153076068
9482971
5576001
33073590
93315239
6517122
5767465
6213010
9536999
154388018
12366883
7097268
32979753
92454760
6523078
5828506
6244063
9368813
154672293
12896033
7803803
--STOP--
++STRT++
32932462
92553532
6469978
5824518
6138005
9333716
153326952
9259588
5611657
32780998
92271200
6457086
5809212
6182501
9346430
153665173
9578413
5647367
32865122
92475980
6451682
5815050
6169534
9398719
153365397
9399874
5564767
32757288
92149703
6468215
5804616
6169076
9314043
153582668
9762327
5564314
33387386
92352478
6445229
5820773
6209971
9390224
153579118
10320584
5930885
33249086
92110049
6454622
5804879
6162805
9462617
153231230
9836818
5641404
32951024
92159594
6452534
5808537
6136546
9372884
153311493
9554405
5652823
32593386
92210565
6452954
5828639
6158299
9425157
153322511
9691766
5510625
33102818
92740699
6460819
5800786
6172722
9368648
154371894
12256901
7138717
33011027
92644351
6523273
5840055
6248033
9470490
154082539
12912719
7861342
--STOP--
++STRT++
32862443
92352700
6429985
5824177
6177527
9344021
153300155
9133497
5493488
32670156
92210184
6434202
5792176
6170731
9390560
153255186
9357087
5506858
32588005
92199466
6430832
5754156
6156882
9401361
153225170
9147283
5549274
32622808
92255867
6432308
5823306
6171512
9391195
153254532
9624129
5599265
33002034
92330045
6483395
5746458
6193673
9383305
153513525
10482389
6023912
32925474
92329245
6458108
5808060
6157841
9331335
153076002
9626867
5554296
32720276
92135301
6453664
5763174
6158034
9340702
153085329
9477817
5563486
33134756
92240522
6449639
5821069
6164721
9299571
153881091
9514908
5469840
33349219
93187955
6524395
5770612
6225691
9425352
154814202
12269948
7211490
33352520
93792146
6504071
5891391
6174916
9553419
154521446
12929649
7727753
--STOP--
++STRT++
32799067
92142186
6462459
5815405
6159908
9305446
153325728
9584555
5437271
32766030
92207925
6473313
5810734
6164922
9320419
153188823
9374234
5575798
32640617
92128720
6456975
5803600
6163242
9459574
153381578
9301107
5570008
32612223
92207990
6451518
5801042
6153370
9313281
153317959
9753034
5726998
32712935
92743745
6496700
5821192
6155024
9508296
153824876
10276665
5889685
32795938
92190480
6454761
5804613
6136650
9354006
153133977
9575342
5539002
33708334
92152745
6457176
5815507
6152709
9418543
153186883
9526246
5578849
32527828
92928115
6451091
5809609
6141350
9420132
153284514
9446406
5649406
33092776
93461332
6513947
5795575
6226140
9473117
154216495
12895593
7262239
32984371
92479832
6505048
5907044
6303930
9521799
154316096
12836283
7670703
--STOP--
++STRT++
32628028
92308484
6452849
5821689
6131607
9376848
153242846
9407103
5560155
32690359
92202573
6453489
5815944
6141838
9378909
153180304
9525304
5661902
32822946
92097500
6446942
5804949
6134085
9290154
153031520
9326374
5631637
33080993
92229474
6448802
5797872
6163442
9470757
153072159
9615074
5650085
32811722
92786621
6490243
5836484
6245933
9374948
153268113
10389362
5982278
32562802
92131370
6432156
5793896
6182995
9353183
153431467
9657875
5614886
32691090
92350901
6448917
5814459
6179125
9369904
153388387
9258795
5549413
32545995
92139456
6463482
5814942
6130532
9342551
153001635
9224606
5556608
33222663
92762111
6507193
5764664
6220568
9581628
154116477
12305830
7161796
33432211
92592389
6486117
5903615
6190886
9480292
154861891
12837913
7942966
--STOP--
++STRT++
32648762
92201804
6494930
5793824
6138216
9429231
153259091
9066629
5531471
32741994
92504682
6465876
5795277
6140999
9324689
153229272
9226054
5564232
32616107
92147764
6456185
5821864
6132351
9341214
153215034
9182456
5571908
32636332
92381605
6454320
5818472
6136861
9327056
153677097
9628151
5570414
32781817
93011168
6534935
5824648
6167386
9355340
153705513
10274735
5878303
32628913
92032759
6452654
5801330
6136534
9439759
153061808
9474480
5543133
32622865
92444219
6456924
5828696
6155090
9486351
153064081
9341221
5552925
32531285
92420607
6452923
5760991
6156604
9372796
153332948
9255488
5548658
33010488
92654789
6510434
5806468
6225140
9491807
154189835
12281315
7174461
33665458
92996552
6534813
5905375
6215371
9426448
154582278
13118142
7734783
--STOP--
++STRT++
32975558
92211762
6569005
6078115
6163228
9753596
153359532
9183334
5491956
32943160
92180982
6451592
5818363
6136814
9478694
153349428
9438401
5691049
32811604
92076243
6457392
5811059
6142066
9412313
153320068
9105066
5618256
32631837
92125442
6476277
5814791
6167820
9436711
153867637
9601355
5716163
32942548
93086164
6476832
5838406
6157841
9347662
153738781
10180404
5922061
32647240
92075431
6462208
5762729
6177351
9422138
153210031
9422923
5619452
32711912
92067251
6430745
5794432
6178157
9337792
154334414
9217985
5582763
32933931
92572872
6456897
5821946
6139197
9336893
153180643
9230895
5505408
33079637
92618170
6568262
5813290
6234002
9416071
153950550
12305120
7131607
33687446
92665171
6536512
5892458
6320783
9372401
154493840
12911671
7738239
--STOP--
++STRT++
32803228
92313962
6454532
5820231
6185603
9339007
153627668
9101263
5409034
32938202
92210922
6519512
5810645
6168253
9363491
153215924
9497489
5543187
32531258
92209934
6463240
5816795
6215976
9338724
153233671
9335233
5477962
32923567
92208256
6452356
5816260
6162557
9322454
153759495
9562353
5545079
33219359
92915899
6477248
5809680
6195754
9356071
153479273
10246007
6045068
32653415
92272265
6452772
5797902
6173878
9384502
153344476
9459956
5612846
32877539
92044223
6455332
5823270
6153796
9307910
153111677
9242312
5557096
32537159
92206050
6428640
5801215
6155167
9323674
153227928
9260790
5533344
33460255
93352334
6509477
5805787
6237996
9435165
154449209
12459424
7300647
33072643
92645332
6534083
5832650
6230600
9373622
154491663
12961793
7809897
--STOP--
++STRT++
32846250
93395669
6537550
5824517
6136691
9324986
153192736
9078804
5451544
32671169
92081103
6453079
5818895
6143275
9339554
153106240
9394606
5642499
32719913
92174517
6451198
5789538
6155767
9292410
153480412
9208399
5542539
33183925
92612194
6456684
5882097
6165049
9417634
153178547
9601549
5564232
33182608
92597904
6454658
5835236
6206517
9423741
153592528
10433411
5929645
32678366
92571110
6432680
5857212
6224983
9478381
153498887
9563676
5645820
32871397
92564415
6454375
5803906
6134300
9394055
153101029
9334301
5579284
32661956
92194311
6448295
5805753
6152350
9312165
153374960
9328656
5450709
33238262
92640434
6509367
5771981
6215427
9400037
153887444
12247480
7114436
33361008
92655374
6535844
5883524
6188321
9442725
154796813
13003820
8171784
--STOP--
++STRT++
32748117
92435483
6455952
5827530
6156702
9423336
153209837
9028820
5480975
32566894
92116153
6430444
5798630
6178405
9372207
153207573
9405047
5567954
32735550
92207754
6428108
5818377
6162515
9358852
153103647
9329394
5610047
32580118
92170247
6435076
5766506
6218793
9419518
153199877
9615522
5681285
32858707
92568962
6497008
5817850
6199326
9486405
153679712
10378454
6063050
33160555
92218540
6454925
5801861
6151853
9316614
153094129
9709948
5674053
33375593
92305905
6471726
5802097
6131913
9433554
153084517
9251176
5561303
32690935
92238756
6457233
5811438
6131925
9356380
153626884
9145455
5482256
33017735
92948708
6458016
5823128
6169109
9342835
154188613
12318668
7168503
33097896
93032030
6515179
5873691
6219525
9416593
154552325
13006913
7991304
--STOP--
++STRT++
33298267
92433267
6432208
5792396
6190150
9363957
153302880
8968917
5496870
32643333
92212352
6454615
5820996
6184040
9359403
153260192
9309042
5598988
32642998
92119253
6449079
5815276
6167098
9323876
153284760
9092984
5483121
32744291
92160049
6460979
5810913
6131141
9415000
153063521
9555635
5666307
33154895
92645341
6483782
5754020
6197786
9418842
153659599
10318130
6085862
33305681
92115796
6437049
5798595
6161008
9357078
153141959
9487316
5630986
33053665
92303097
6462732
5826189
6164843
9381591
153633786
9396803
5499989
32727230
92077007
6461974
5770296
6147821
9452331
153198551
9329463
5518699
33052714
93067011
6506176
5771274
6216523
9441145
154438306
12300611
7149666
33302728
92895571
6538534
5883538
6236151
9403209
154698388
13014698
7855756
--STOP--
++STRT++
32799758
92103392
6459400
5764634
6189322
9421427
153872450
9067045
5467866
32892242
92271378
6430620
5807719
6189976
9418207
153239913
9361757
5614835
32583941
92148123
6446128
5803143
6162967
9354777
153282996
9446093
5598884
32990816
92073008
6453077
5799210
6160813
9443925
153041978
9819112
5581341
32805561
92898633
6491541
5807875
6197315
9385100
153987736
10433069
5971677
32925265
92464000
6456572
5805018
6148950
9323827
153120376
9606584
5557963
32602780
92167319
6464204
5813046
6157366
9531244
153085149
9468553
5562455
32661665
92327922
6454061
5806120
6145151
9372709
153322167
9384049
5562060
33236390
92853289
6479718
5801579
6193568
9367183
154249726
12479474
7371474
33578526
92782705
6528499
5903934
6230209
9359897
154902554
12845951
7816104
--STOP--
++STRT++
32848838
92561522
6451172
5808930
6132813
9501428
153531498
9287335
5564782
32643100
92320040
6464317
5809933
6154152
9399204
153235956
9536138
5623157
32795883
92249139
6459122
5816221
6154177
9414987
153236250
9278270
5499325
32606316
92499156
6506838
5821171
6148228
9315077
153064955
9824240
5586137
33419694
93078151
6487019
5820234
6210418
9466053
153731792
10456316
6080825
32642069
92142756
6456426
5818991
6163916
9348577
153046110
9729567
5661566
33055583
92146303
6462673
5769524
6168975
9395715
153322201
9517316
5638586
32769440
92335796
6447537
5814322
6155279
9336040
153154104
9339687
5517059
33258639
92558590
6466726
5808534
6175355
9333257
154236596
12323636
7235402
33807732
92779661
6527466
5875850
6229216
9430820
153885213
12811456
7780782
--STOP--
++STRT++
32792582
92175411
6465694
5813707
6159535
9334017
153301180
9383438
5362269
33042574
93041362
6474737
5753219
6169936
9386158
153203225
9227148
5600161
32946160
92185247
6430929
5770917
6154069
9423446
153123206
9144855
5534148
33330152
92241167
6456236
5809825
6159523
9335729
153076949
9470267
5571364
32701821
92580121
6493894
5777293
6198595
9391155
153696209
10406353
5960332
32556131
92471848
6433695
5799960
6163230
9369498
152984887
9630451
5763726
33047369
92437411
6455756
5801471
6137451
9493902
153231555
10054755
5527836
33445524
92210919
6453912
5767972
6155272
9345185
153209344
9366641
5501034
33042362
92630769
6500237
5798652
6272376
9413437
153987480
12273385
7068209
33522571
93117456
6571703
5884162
6185231
9410292
154915854
12906334
7897848
--STOP--
++STRT++
32807280
92236604
6453208
5835527
6154979
9378721
153290734
9040771
5352363
32705434
92509614
6471322
5814377
6141685
9325138
153255001
9276544
5551231
32651889
92364160
6468561
5814292
6155859
9376082
153067307
9059841
5566180
32978856
92243543
6451884
5811500
6160646
9456864
153260979
9526683
5650272
32793964
92545410
6490111
5802724
6250213
9444053
153563792
10469694
6026782
32912162
92313169
6457490
5816415
6146503
9400038
153267308
9584247
5619019
32938943
92171104
6457426
5802930
6146146
9326203
153137967
9345152
5539655
32590212
92254601
6456783
5764499
6153583
9424389
153253923
8997420
5409267
33219738
92682048
6497716
5802529
6288803
9509782
154241139
12503519
7343330
33276302
92800319
6546485
5880654
6191606
9365636
155354761
12911546
7764896
--STOP--
++STRT++
32847930
92254560
6455628
5831004
6134122
9355198
153227242
9393255
5522173
32752475
92166849
6462925
5817718
6182879
9379838
153219445
9367370
5572470
32672310
92138668
6461693
5818169
6163112
9434552
153229940
9204173
5546646
32796443
92104386
6455816
5812618
6160391
9333932
153093990
9566201
5564628
32735771
92490670
6485098
5752184
6189445
9403109
153667473
10285824
5958429
32881679
92061106
6452140
5797592
6131572
9327686
153394075
9613829
5576410
32653603
92313143
6453292
5767393
6172476
9441392
153089917
9251144
5442239
32720127
92163251
6457473
5818048
6138722
9364215
153092240
9079080
5524404
33072450
93370807
6500233
5826329
6211333
9419444
154408075
12372043
7150865
33261749
92537299
6581338
5885353
6241007
9408643
154816604
12973794
7931770
--STOP--
++STRT++
32755631
92279105
6428816
5765319
6166032
9355786
153487244
9348799
5593773
32696135
92458785
6452890
5791440
6154632
9341992
153484009
9300703
5489245
32562088
92093270
6450008
5803112
6152094
9322154
153292240
9041148
5449363
32594892
92265826
6467562
5810662
6159559
9369351
153286459
9493201
5542837
33182017
92308202
6548358
5815853
6207283
9344669
153414001
10329472
5917731
33315416
92298941
6459361
5817953
6152782
9314007
153055924
9617681
5654865
32696515
92216902
6453556
5814661
6166061
9333687
153038867
9437114
5523323
32561355
92317192
6449997
5809879
6154588
9415804
153060579
9645881
5526955
32970071
93079149
6508438
5809152
6213167
9386508
154409347
12278564
7213688
33019013
93141047
6531376
5843568
6242538
9420308
155219788
12735815
7641819
--STOP--
++STRT++
32618640
92310804
6457720
5819878
6174155
9436672
153231938
9123682
5470202
32828289
92081712
6473221
5821535
6154829
9368681
153315632
9418635
5509609
32703834
92118834
6452729
5810789
6160844
9447101
153135572
9284990
5412316
32816500
92191316
6476242
5757170
6168217
9472657
153437176
9466919
5647315
33279941
92847736
6485830
5806152
6158723
9451658
153990034
10344197
5968606
32747902
92219404
6472537
5808778
6148915
9391078
153051879
9388337
5578942
32817830
92389658
6456821
5829249
6160945
9328134
153258610
9180645
5525595
32666327
92387962
6453167
5798464
6162130
9313244
153356892
9097532
5480353
33448829
93238250
6496075
5830079
6213000
9417685
154239394
12272923
7169935
33751710
92641854
6518152
5840353
6236678
9514522
153907914
12972673
7822235
--STOP--
++STRT++
32971315
92329631
6465293
5813404
6157017
9306115
153227192
9096810
5383278
32811944
92270895
6456179
5817374
6163910
9355476
153416986
9283774
5600458
32925447
92468745
6461429
5850320
6174555
9375052
153435700
9372993
5618616
32806165
92487260
6460673
5815723
6166108
9347011
153135212
9757966
5622340
32977238
92432720
6486454
5811080
6156914
9388982
153817578
10456522
5987214
32699455
92295297
6449884
5807906
6149431
9443475
153786728
9652176
5570993
32833223
92526137
6458654
5764653
6185295
9365379
153479302
9350832
5605803
32843949
92335714
6430274
5799681
6171088
9359826
153778688
9364436
5536773
33638333
93316595
6514744
5770820
6217081
9382871
154315021
12291992
7106705
33475976
92607630
6494086
5874018
6178812
9472434
153977289
12861447
7800543
--STOP--
++STRT++
32779025
92453134
6464876
5823433
6155992
9349139
153329425
9227825
5543315
32746983
92374161
6434701
5820941
6172743
9336881
153832929
9586952
5628969
32884156
92163961
6450645
5806691
6172280
9399332
153193681
9410374
5580504
32876192
92405277
6457607
5823994
6168729
9416861
153079963
9664653
5599765
32918609
92687271
6541982
5825579
6152856
9327238
153621276
10409205
5984039
32662579
92411465
6454497
5807594
6163703
9347202
153237981
9708621
5695207
32612148
92251554
6476013
5762375
6167541
9383149
153540385
9344325
5707848
33150491
92426581
6456386
5858329
6178850
9350720
153198689
9415430
5568681
33191781
93462876
6486511
5808931
6203501
9368462
154264228
12259456
7214275
33258539
92638105
6594023
5856320
6240130
9480281
154600532
12987796
7805813
--STOP--
++STRT++
32551112
92428323
6459467
5768349
6173182
9429922
153254067
9001748
5446918
32609631
92550375
6474266
5751830
6166938
9460229
153119309
9420176
5563008
32620992
92156844
6459518
5765885
6167568
9380408
153265620
9418999
5597444
32672975
92218265
6451183
5826543
6154969
9315688
153118852
9722304
5612153
32771668
92357298
6533067
5782120
6192972
9396955
153691446
10488375
6268542
32900283
92207649
6481374
5818102
6163865
9362667
153217389
9418855
5574528
32865625
92220797
6432207
5800713
6176374
9376586
153213518
9215692
5530410
32578193
93017898
6450822
5798664
6149732
9348248
153064267
9321835
5606606
33029848
92840639
6503473
5767296
6203415
9536035
153981710
12269545
7215941
33136335
93026566
6539631
5892961
6232774
9364707
154852795
13168966
7933428
--STOP--
++STRT++
33064423
92146794
6454385
5801013
6137260
9440833
153243324
9093056
5486002
32679235
92578880
6449380
5800932
6139545
9300518
153282731
9692242
5602233
32543728
92266204
6449891
5820709
6148312
9463177
153109305
9271308
5535141
33653792
92301873
6463486
5818498
6169995
9302936
153194504
9752897
5660710
32856419
92480669
6485880
5832868
6163322
9377723
153453723
10520064
6136365
32790150
92142684
6433242
5793539
6166854
9411001
153169436
9566907
5664604
32820879
92031041
6463261
5802794
6154670
9445177
153091410
9291093
5442259
32993224
92606521
6453475
5821009
6158605
9463064
153359496
9188795
5505432
33202471
92534483
6510907
5807127
6221194
9500180
153872071
12275681
7155010
33688111
92553302
6520813
5885647
6241321
9486895
154808996
12941313
8001418
--STOP--
++STRT++
32735282
92323862
6456600
5802110
6137972
9352532
153282394
9212375
5569574
32796257
92233562
6452311
5814720
6155100
9336522
153319001
9480154
5556069
32969282
92170974
6462777
5810506
6168380
9334037
153203127
9354717
5543815
32709803
92149668
6472702
5880162
6164214
9420748
153889688
9551968
5542278
33187689
92541068
6480042
5827053
6205341
9432405
153490369
10305182
5930283
33227873
92282052
6492329
5796949
6141795
9453063
153240226
9591258
5675164
32739649
92581341
6470955
5764899
6171517
9500250
153094150
9233851
5503070
33104323
92208558
6453254
5775797
6172503
9417303
153177913
9170148
5530945
33498919
92627982
6459457
5799691
6171994
9346682
154218773
12241403
7111980
33488994
93019571
6609555
5909740
6231109
9420545
154551079
13040391
8047757
--STOP--
++STRT++
32887044
92137281
6516946
5821254
6182731
9315923
153200535
8947664
5430459
32615490
92226847
6465962
5811667
6204364
9320660
153194217
9348523
5582783
32710824
92245585
6453395
5797321
6157928
9315798
153056480
8960320
5365738
32592807
92204666
6453626
5769306
6182141
9403635
153230225
9510668
5636143
32957023
92681589
6447504
5804075
6207325
9443497
153926808
10428749
6235152
32588564
92065567
6456528
5803658
6136154
9304636
153205871
9669632
5608708
32656232
92227336
6459048
5800374
6156230
9502952
153935248
9347654
5536745
33065287
92375520
6475375
5852562
6163379
9382775
153224370
9489410
5582541
32872181
92872046
6506408
5831536
6213686
9381360
153796421
12367203
7116347
33042760
93057699
6519269
5854856
6242546
9501285
154538701
13046735
7801752
--STOP--
++STRT++
32584977
92320524
6433936
5819829
6162582
9368464
153355739
9122299
5517162
32618099
92233680
6449880
5803664
6184046
9379053
153139228
9163942
5504932
32926698
92207171
6451316
5806678
6134621
9302406
153062442
9030816
5563225
32753509
92389449
6451957
5814732
6132910
9305374
153513614
9474922
5529535
32819609
92372389
6446080
5820292
6206702
9346699
153672425
10355838
5973751
32733029
92214152
6436059
5795388
6156449
9340020
153333620
9622521
5595391
33247215
92287264
6454870
5822754
6156689
9367597
153364166
9430009
5698187
32836148
92128407
6450741
5819208
6155342
9376731
153506449
9174775
5522155
33066662
92725474
6507462
5809860
6228302
9416335
154108854
12320485
7136616
33200291
93110615
6540447
5840544
6229194
9505292
154438738
12969364
7963920
--STOP--
++STRT++
32786140
92103490
6463706
5830892
6195844
9478161
153305074
9216655
5428700
32911256
92146424
6430417
5814265
6159808
9426823
153448612
9147879
5570655
32576978
92151817
6429132
5818327
6167487
9354868
153130526
9104220
5420690
32812187
92321499
6467552
5829645
6170210
9305035
153245352
9490743
5584090
33288527
92562004
6484099
5757951
6194166
9460617
153634893
10326544
5973502
32670426
92183667
6454479
5801212
6139731
9478921
153562346
9725400
5591768
32601443
92381390
6470647
5765722
6162757
9388755
153051669
9467333
5519187
32642801
92290389
6449937
5801693
6134584
9361532
153282684
9223968
5539044
33498329
92981906
6470768
5807337
6169042
9401803
153631785
12290225
7052034
33421487
92602413
6511952
5898013
6222977
9465102
154295803
12874984
7799409
--STOP--
++STRT++
32866328
92327896
6452419
5765243
6160617
9341941
153194062
9035463
5424534
33365726
92240405
6470416
5763332
6165279
9372297
153209996
9526589
5492834
32721798
92146730
6500029
5771349
6206582
9336458
153493699
9264418
5485393
32632061
92332191
6478915
5772476
6172889
9334406
153248836
9559944
5612660
33009614
92819795
6478718
5823569
6155609
9406750
153572400
10438601
5900015
32800819
92198970
6433694
5797126
6169572
9343617
153179762
9585373
5646821
33152175
92269544
6462690
5811635
6159619
9307068
153069139
9351336
5513517
32584383
92089623
6451863
5816253
6213240
9384348
153343779
9277474
5483440
33238033
92622198
6507905
5803189
6225984
9433703
153907336
12367869
7120719
33149100
92646857
6523071
5898061
6232939
9425452
154531598
12774272
7638538
--STOP--
++STRT++
32858934
92162369
6451921
5808347
6158651
9381009
153316118
9181889
5600566
32689609
92598788
6453664
5805530
6132149
9355477
153829093
9397777
5611965
32806972
92175140
6449772
5826442
6131627
9346522
153232209
9325120
5554547
33232968
92320836
6456662
5816326
6177225
9365711
153185959
9597212
5577210
33215957
92791075
6478831
5798419
6156461
9323899
153825186
10463859
6031133
33113080
92405776
6434136
5795803
6159146
9371012
153108556
9956301
5698490
32901651
92785260
6461124
5820028
6153863
9327810
153317981
9689033
5682747
32622090
92203965
6431154
5793744
6167333
9480290
153210723
9413220
5543341
33355631
92684213
6514958
5763710
6237577
9354807
154107197
12266348
7217035
33852876
92814087
6550594
5851733
6188493
9372817
155007998
12809880
7972303
--STOP--
++STRT++
32599466
92465422
6448826
5767851
6176736
9405549
153244435
9015728
5469153
32703595
92334988
6461364
5764343
6164411
9392627
153225782
9755496
5697349
33440325
92289295
6428255
5800569
6165062
9335713
153154349
9498704
5653681
32636057
92055460
6455848
5823733
6156400
9313849
153255930
9637868
5669841
32784956
92529276
6476509
5819427
6241832
9419793
153796658
10612210
6092062
32652128
92121751
6455394
5797185
6128782
9328895
153124819
9547721
5594128
32576451
92306233
6435343
5757236
6168891
9416123
153065928
9503260
5610798
32736084
92284464
6451362
5804001
6126582
9357536
153078171
9217832
5520428
33140091
93447880
6463029
5816126
6171448
9379663
154308611
12269116
7139519
32933233
92759978
6514588
5890047
6257561
9513035
154854980
12826878
7980221
--STOP--
++STRT++
32799302
92195909
6493429
5815102
6180363
9322903
153400738
9250666
5453849
32615192
92320988
6457043
5795378
6166621
9480089
153289255
9461853
5603841
32568585
92322897
6466292
5818457
6172794
9405990
153205754
9262612
5524568
32935661
92241998
6454250
5815651
6175706
9330511
153268238
9651074
5764239
33156302
92716223
6478382
5753261
6189850
9447801
153842409
10293232
6021244
33081413
92143446
6456033
5800277
6156639
9305362
153023323
9769896
5696089
32642186
92262871
6459036
5806191
6159803
9439920
153085089
9545876
5619992
32898975
92821397
6453306
5811741
6140324
9324625
153330025
9486476
5524995
33129173
93582343
6503493
5832664
6228392
9404955
154705722
12259869
7170589
33722796
92929275
6531183
5843613
6240599
9455207
154618027
13087019
8043485
--STOP--
++STRT++
32873392
92210832
6472231
5816078
6209038
9330982
153294136
9265101
5521160
32526586
92209642
6469098
5796993
6168093
9388596
153546484
9782674
5751398
32582313
92215094
6466654
5820516
6166954
9303152
153215741
9287195
5758508
32593383
92230127
6515601
5816196
6147756
9395348
153421431
9761748
5811150
33313518
92289925
6525773
5821846
6192176
9347655
153985347
10499973
6060412
32681873
92250596
6467938
5808438
6207807
9302058
153048476
9535837
5536044
32687167
92475490
6455288
5810772
6131848
9438218
153143509
9577654
5645427
32792646
92324894
6453600
5904421
6167727
9298298
153794086
9504527
5469206
33539727
93252965
6498689
5824343
6204576
9400035
154371394
12319805
7111369
33022733
93254427
6511774
5813732
6243908
9465816
154945668
13117274
7770217
--STOP--
++STRT++
32635271
92641611
6454340
5818171
6191458
9400401
153317204
9128275
5397457
32704733
92233256
6469438
5814002
6177443
9463568
153251316
9509224
5596249
32746258
92080901
6457075
5810247
6152510
9324311
153218480
9299909
5514373
32644646
92231248
6468219
5874095
6161819
9355831
153231785
9472669
5632262
33062801
92331186
6481522
5826639
6159045
9332953
153836916
10322191
5947137
32600442
92504902
6450770
5815260
6167973
9361834
153167682
9454299
5607432
32589478
92352342
6458355
5801745
6138649
9383234
153085136
9529396
5873837
32683946
92255090
6446548
5789318
6159932
9401198
153325101
9363316
5641874
33595424
92607803
6520286
5767838
6214397
9364212
154922748
12265530
7227842
33684694
93022271
6523083
5895886
6258592
9396341
154765217
13020734
7784474
--STOP--
++STRT++
33223169
92251495
6449548
5813074
6164047
9410478
153245176
9190828
5581641
32726070
92160199
6446583
5796715
6135615
9363057
153495117
9485015
5590372
32656551
92091778
6452468
5879381
6138656
9476215
153240606
9206609
5587952
32913460
92298408
6457359
5818195
6152382
9338723
153049058
9683390
5599892
33057317
92512450
6478328
5815458
6215244
9361458
153816435
10383695
5981197
32721510
92087703
6447890
5816391
6138395
9386586
153273677
9716847
5670641
32935841
92307253
6452219
5825847
6161689
9345875
153082984
9604829
5552627
32598954
92509194
6436658
5810943
6160183
9331564
153247738
9400956
5602631
33039756
92744987
6505641
5823778
6238237
9445446
154308978
12151468
7116633
33324122
92826202
6526111
5872350
6187506
9370026
154845722
12908495
7881629
--STOP--
++STRT++
32960393
92199560
6461512
5811990
6164140
9314738
153250214
9126168
5424528
32637224
92353957
6457734
5801230
6157329
9436224
153348846
9364393
5622233
32790020
92239645
6459077
5814975
6124678
9331946
153270544
9494703
5617686
32867219
92150705
6453817
5811896
6205838
9336271
153156400
9512290
5597116
32758684
92371238
6475468
5823837
6156515
9395217
153729300
10394816
5929244
32641960
92226639
6460129
5767397
6157813
9453019
154195855
9577080
5659371
33120985
92331229
6457077
5805863
6125717
9427866
153042988
9248146
5580989
32765048
92303549
6454903
5796526
6144798
9382823
153307630
9262227
5574797
32921299
93289842
6501585
5769528
6207840
9424727
153918089
12247524
7134320
33500740
92687051
6575017
5881152
6227452
9504756
154788711
12901304
7921283
--STOP--
++STRT++
32827317
92151634
6461729
5806443
6160375
9359888
153245978
9046070
5382078
32597444
92152072
6456461
5817854
6238384
9333843
153145993
9455052
5534329
33168291
92098412
6454553
5809787
6150511
9298121
153008684
8960741
5462103
32833183
92173592
6429721
5800250
6154590
9321639
153341356
9438131
5537502
32788177
92467949
6476344
5839811
6158615
9339307
153800920
10288931
6083078
32736016
92131955
6432911
5790915
6284040
9462526
153166090
9566089
5669119
33098760
92164619
6457150
5804848
6163088
9339924
153016414
9361642
5627612
32933542
92382660
6466667
5768254
6149290
9449447
153491595
9116319
5503485
33443383
92755596
6507103
5822559
6223584
9436006
153795097
12258467
7219705
33325220
93056276
6519099
5813184
6249329
9439401
154899676
12951897
7834746
--STOP--
++STRT++
33080177
92204541
6465151
5819491
6195671
9429522
153910134
9101670
5389754
32787945
92393813
6454890
5810647
6162063
9314330
153116148
9343551
5552171
32613000
92385986
6451853
5806245
6161045
9339712
153291515
9179254
5492732
32628734
92173451
6454472
5821277
6163510
9319411
153278250
9561683
5535598
32985647
92461633
6475008
5862549
6211533
9365619
153558676
10162697
5874661
32605314
92546251
6453553
5788765
6160062
9315585
153078153
9583997
5590012
33203077
92485397
6482240
5768336
6164812
9406274
153107373
9367560
5592364
32621467
92120730
6456558
5826566
6252653
9456346
153177006
9189295
5543313
32831330
92691411
6499029
5811025
6242989
9420938
154089727
12192458
7065646
33194116
92901219
6485488
5854496
6181512
9352605
154563466
12911544
7854779
--STOP--
++STRT++
32672128
92116933
6448240
5805061
6129409
9329426
153169621
8966533
5515959
32644205
92297651
6454074
5808993
6130874
9364762
153271233
9428323
5718954
32641223
92129846
6446834
5806061
6168387
9360192
153233051
9237324
5515616
32909948
92316024
6433518
5817274
6162279
9470845
153414338
9595263
5758019
33235775
92422497
6486217
5765651
6191925
9374086
153723239
10319056
5979850
32678231
92107681
6498107
5810161
6139964
9322350
153612220
9722498
5637592
32800995
92169129
6455819
5806316
6161975
9333836
153421632
9837633
5625114
32971844
92331780
6452069
5803309
6137149
9310925
153305279
9235703
5497541
32890397
92548631
6513388
5808127
6221828
9508449
154267660
12205700
7171563
33488526
93027106
6527061
5863155
6227095
9380164
155135594
12910138
7871513
--STOP--
++STRT++
33080939
92524849
6428671
5817692
6172513
9354798
153314263
9051114
5550040
32633783
92556598
6430205
5819044
6181354
9338760
153301164
9305183
5586510
32676491
92096073
6446948
5812220
6159414
9347658
153291855
9238955
5504540
32717028
92234209
6458933
5818055
6168575
9467159
153182961
9691118
5656190
33060563
92340305
6494922
5816142
6157212
9477072
153408152
10392640
5951743
32807186
92300509
6429347
5802752
6164938
9351503
153189351
9532268
5614565
33294214
92501334
6457985
5820762
6153342
9388553
153748478
9373869
5542327
32952087
92201261
6451027
5765694
6155568
9463908
153328120
9174577
5451678
33703585
92672471
6500037
5821561
6216897
9436422
154107916
12430311
7114318
33557128
92603820
6486510
5858908
6194521
9408659
155176697
12877836
7777420
--STOP--
++STRT++
32797407
92440586
6490261
5809132
6135026
9367913
153545228
9230485
5498929
33358636
92544625
6455756
5819406
6133935
9341431
153184309
9477169
5616445
32673356
92159496
6455425
5794392
6160004
9322695
153214582
9238777
5530613
32708923
92166761
6456460
5809617
6139427
9325199
153075351
9642729
5607734
32774246
92501225
6445986
5822659
6195245
9377827
153602852
10480321
5913352
32566122
92479625
6466209
5804583
6152569
9383665
153083219
9617412
5538439
33007827
92452714
6480207
5775248
6158103
9368931
153382835
9517354
5637534
32689575
92118775
6441195
5767003
6222075
9382449
153199788
9498691
5578042
33018614
92968667
6462528
5829634
6178354
9459506
154067857
12274677
7308397
33075642
92822042
6511406
5877188
6231194
9371885
154392683
12861041
7878266
--STOP--
++STRT++
33103856
92411732
6462797
5807694
6151930
9299504
153615056
9365953
5440127
32677940
92133454
6465150
5816942
6153187
9385778
153063103
9756368
5646466
32536169
92415137
6451825
5771430
6157303
9341049
153198476
9576971
5567880
32801877
92395118
6512968
5812097
6165977
9350156
153194793
9658301
5659865
32740638
92322884
6482701
5841858
6210159
9330944
153595223
11251019
5956308
32940382
92330370
6469982
5800590
6157040
9362279
153264245
9803799
5611865
32561197
92314495
6455297
5810455
6132426
9430764
153145474
9331198
5602272
33633383
92141359
6451845
5801351
6155131
9301778
153290406
9451273
5530106
33391380
92807129
6501387
5808798
6248705
9376515
154785141
12368026
7103461
33487726
92584424
6529747
5876173
6238224
9440080
154532009
12817794
7952538
--STOP--
++STRT++
32676484
92441129
6455942
5826822
6130674
9497196
153279975
9208955
5554766
32799324
92100137
6455559
5819132
6148106
9378470
153213252
9101271
5477756
32700621
92278334
6455064
5817884
6157458
9340713
153395758
8917568
5388561
33042570
92252927
6456329
5772362
6162980
9425240
153310949
9436583
5585018
32965105
92424022
6475216
5809987
6157930
9449583
153732702
10288824
5920269
32958018
92214909
6458424
5760582
6157861
9336677
153470814
9662819
5611017
32810057
92105411
6456904
5811079
6136056
9398235
153336493
9373193
5547310
32637034
92277935
6451162
5813076
6134994
9367325
153058927
9444028
5574688
33003383
92780997
6508836
5771947
6221538
9486578
154274689
12315111
7383861
33099678
92521646
6481215
5856419
6189091
9470201
154842105
12963103
7828016
--STOP--
++STRT++
32776256
92350780
6462942
5833990
6188881
9542873
153182835
9155246
5500510
32718819
92152081
6450844
5802223
6138009
9371152
153284379
9418160
5613888
32615305
92126804
6447816
5841668
6161604
9351435
153250208
9316705
5589922
32610049
92181901
6455879
5812192
6168832
9335311
153253908
9740752
5575749
32855114
92465125
6489206
5756720
6188632
9362679
153708559
10397147
6116226
32669045
92188671
6462752
5758481
6161360
9340840
153094030
9529078
5601650
32819504
92352608
6445126
5796452
6181132
9343711
153205731
9387987
5536136
33616160
92255254
6447916
5810712
6271884
9379376
153304283
9188850
5600174
33125714
93022384
6462989
5809179
6176356
9364632
154270588
12321353
7045483
33261009
93020784
6527996
5838258
6253475
9401063
154491368
13038203
7926882
--STOP--
++STRT++
32637584
92407047
6449384
5812297
6186826
9350040
153602456
9172587
5440446
32690876
92353522
6506467
5823563
6162823
9355448
153247820
9154776
5459189
32971014
92443473
6454860
5799898
6163773
9392812
153073597
9093652
5446089
33031536
92161151
6454556
5813690
6136714
9353136
153592582
9468407
5667151
32842805
92410130
6486106
5910606
6189239
9481140
153572098
10356149
5908814
32628719
92143718
6454076
5802760
6159125
9314566
153213863
9589598
5655911
32714004
92189183
6434249
5797249
6181354
9403400
153189226
9482924
5604555
32578487
92201836
6504566
5840658
6127959
9346365
153092974
9317578
5557551
33094793
92791389
6508185
5770229
6218055
9450869
154101697
12366498
7361209
33440109
93231506
6488486
5958909
6182668
9407169
154611896
13039198
7781308
--STOP--
++STRT++
32677892
92346429
6431602
5805126
6169227
9376480
153255008
9096347
5522436
32952093
92164039
6430486
5827412
6174275
9461744
153246297
9556651
5589750
33018805
92219177
6464740
5815674
6161489
9336736
153200149
9405092
5466425
32854886
92215212
6451810
5800656
6172520
9407286
153365597
9603140
5558465
33155773
92737316
6487163
5804050
6204347
9359317
153389126
10542460
6053521
32883593
92192590
6447818
5801603
6169524
9501095
153329005
10009008
5590590
32654375
92340393
6460802
5816323
6162932
9313311
153318489
9415462
5455837
32796040
92403603
6457928
5758710
6171968
9463285
153324574
9189997
5606467
33121302
92758572
6508483
5769498
6230441
9383910
154304168
12323680
7179197
33253421
92811689
6533499
5885445
6175207
9475686
154493867
12823786
7740012
--STOP--
++STRT++
32758672
92277885
6462972
5797900
6138437
9368159
153581614
9554429
5604555
32743841
92530658
6455405
5866998
6161924
9341277
153185644
9456254
5649002
32625387
92118135
6462991
5818225
6164184
9332991
153235453
9204768
5539051
32615865
92180250
6456825
5827352
6174147
9400500
153295746
9577805
5598703
32792193
92391344
6484053
5750385
6187619
9483873
153628825
10366278
5918995
32655066
92249485
6470142
5802199
6157502
9421185
153025583
9586905
5510592
32879354
92338665
6461725
5826966
6156243
9308109
153099410
9438112
5557439
33254933
92332629
6433924
5806404
6172561
9498533
153204738
9439331
5537481
33017843
92626958
6495359
5765240
6207369
9365593
154301531
12348014
7191681
33048312
93289630
6549375
5883975
6233469
9372770
155320946
12897816
7816289
--STOP--
++STRT++
32839547
92081549
6460251
5801437
6136621
9354460
153174757
9580013
5495931
32897569
92153518
6471593
5857131
6153541
9320474
153653540
9539310
5643301
32661849
92973797
6459373
5816679
6173393
9319996
153180152
9369124
5620468
33033233
92127142
6462070
5814760
6163004
9352063
153873912
9603905
5618325
32944217
92885396
6538110
5801921
6189210
9434760
153787506
10361867
5993978
33375357
92209902
6453528
5798734
6173447
9440423
153567296
9653590
5691811
32661574
92465552
6466866
5802852
6158212
9381561
153307624
9398902
5527530
32605414
92048332
6454067
5801365
6154636
9324840
153066428
9207678
5500434
33129246
92904054
6515512
5830452
6220349
9391368
154537999
12279648
7077301
33237262
93188751
6529968
5885024
6236018
9362852
155202402
12850437
7810929
--STOP--
++STRT++
32816057
92281600
6462733
5804550
6138306
9336141
153308328
9122046
5553706
33470338
92246198
6464118
5840984
6160537
9323111
153114897
9330710
5507700
33122825
92323812
6453031
5867615
6157932
9414551
153219625
9079861
5489531
32789740
92086724
6455773
5822656
6181740
9462241
153382026
9406724
5537461
33101566
92733606
6473866
5847566
6161512
9335558
153738070
10283390
5907501
32682361
92317554
6456550
5764762
6158429
9505894
153504322
9438062
5609900
33015201
92103032
6448666
5811620
6136223
9470189
153183921
9375201
5543915
33135415
92397217
6454779
5800991
6137569
9305415
153119718
9272489
5552625
32960640
93175549
6509155
5832562
6203267
9484850
154726137
12271251
7117077
33188803
92774975
6530376
5882210
6247747
9527336
154905640
12970148
7771052
--STOP--
++STRT++
32708356
92113100
6463527
5806287
6157746
9333694
153268967
8961684
5423781
32746891
92056309
6457939
5797639
6170311
9335808
153059296
9146356
5576676
32604482
92128175
6464042
5823078
6158142
9463097
153243503
9051618
5461407
32627743
92587812
6465469
5810583
6178358
9430651
153248438
9385868
5552103
32977141
92814964
6478962
5821406
6192862
9449285
153567102
10400343
6037847
33183624
92107342
6458772
5801066
6156684
9473826
153462667
9399470
5603944
32882531
92562959
6436797
5812629
6174937
9451801
153249399
9247263
5605041
32607941
92323141
6454704
5809197
6161764
9400043
153268585
9076819
5487957
32798900
93565049
6457985
5814225
6168035
9353353
154043614
12207079
7154538
33627606
92884252
6513786
5837863
6235960
9493775
154894064
12867280
7847470
--STOP--
++STRT++
32877982
92071996
6453893
5805868
6129748
9392368
153330593
9038050
5570693
33024150
92202422
6448869
5798718
6134584
9318454
153231125
9478535
5661648
32721136
92100194
6449648
5803670
6135627
9390226
153225634
9293724
5614275
32657396
92138161
6454768
5813000
6135657
9417356
153648949
9679874
5707236
32962200
92534663
6479292
5755653
6194487
9359232
153765403
10552077
5980700
32560248
92235590
6450741
5798939
6136439
9325955
153083177
9380530
5613726
32563180
92230444
6455873
5772545
6218902
9433376
153190298
9284793
5691163
32956188
92154031
6431128
5840481
6171821
9388631
153118305
9280552
5602079
33564068
92702243
6516688
5763676
6296509
9379339
154663439
12301202
7136217
33595226
92720938
6503548
5889511
6188983
9378621
154730120
13015405
7719861
--STOP--
++STRT++
32602220
92406756
6449300
5756857
6225839
9432760
153213589
8941218
5367325
33012460
92164086
6456581
5810972
6133939
9325074
153234140
9541319
5630849
32682718
92385843
6455539
5826915
6154412
9424887
153267074
9584400
5656525
33196151
92181304
6433967
5806576
6165138
9326644
153458269
9772718
5693226
32827240
92438418
6475632
5797027
6156430
9324877
153411011
10418222
6073238
32593159
92091392
6449583
5807198
6135164
9362645
153022190
9479263
5567819
32556887
92053859
6465555
5763634
6155386
9372598
153139991
9118407
5508953
32709646
92305456
6434172
5840355
6170567
9362443
153383132
9105800
5533808
33221120
92576729
6496632
5814039
6234905
9477641
154145527
12165844
7175807
33387033
92573870
6584083
5824763
6231731
9516022
155279571
13004579
7707403
--STOP--
++STRT++
32954145
92384092
6452123
5757136
6182748
9402924
153249180
9146128
5556932
32840376
92400194
6477016
5764808
6161162
9405811
153397961
9276733
5615580
32601891
92410841
6430606
5807366
6167027
9449649
153139157
9331583
5549240
32641971
92231642
6451544
5825853
6156193
9316740
153066405
9618093
5674909
33442906
92585128
6507036
5803807
6201671
9439557
153622631
10459780
5978738
33075971
92144936
6453471
5813951
6168323
9411864
153043315
9559591
5540194
32952854
92310069
6485535
5763411
6163818
9359336
153300241
9337882
5600840
33009974
92416553
6458160
5810689
6166317
9394118
153112767
9454590
5563725
33185247
93049859
6585138
5816455
6221340
9454716
154183523
12295740
7151202
33120576
92753624
6535357
5886065
6186863
9394370
154272664
12959304
7783708
--STOP--
++STRT++
32797364
92145532
6452158
5812469
6136316
9421353
153326515
9255108
5594058
33327491
92176383
6456711
5819001
6135556
9378636
154012129
9521600
5460280
32746386
92426999
6456252
5791773
6154852
9416592
153138431
9281445
5511104
33009815
92243492
6455104
5817591
6180179
9463452
153143615
9545852
5550662
33247146
92424078
6482793
5808348
6186779
9417073
153638062
10421773
6067870
32692623
92220791
6453001
5810971
6143409
9399094
153072654
9669150
5701358
32881381
92102772
6470886
5814087
6157667
9352245
154242358
9328752
5608503
32743946
92228179
6453972
5766289
6159368
9364712
153118592
9266079
5577624
33146009
92706320
6505727
5824268
6217902
9520836
153886691
12213933
7124727
32771040
92509982
6536926
5883634
6175733
9358346
154743574
12900369
7945574
--STOP--
++STRT++
32691357
92214402
6493534
5811894
6133109
9323543
153418021
9204349
5563571
32705712
92165201
6463303
5806886
6166873
9300234
153114754
9186138
5505122
33514965
92194493
6458786
5810728
6155151
9425793
153012587
9071330
5473530
32776747
92146869
6447826
5814032
6198912
9351675
153029855
9571635
5580548
32852052
92427746
6478753
5813115
6183500
9380892
153663426
10393965
6052017
33528476
92131031
6448613
5798076
6167563
9436440
152978683
9765862
5717618
32654928
92337424
6451227
5803624
6162560
9305058
153058018
9510990
5574066
32684022
92192116
6450417
5773493
6150805
9395376
152998708
9396720
5537762
32860515
92571076
6495904
5826114
6167047
9382436
153879755
12298001
7121150
33553859
92698808
6552796
5885810
6216142
9490711
154956879
12850391
7778362
--STOP--
++STRT++
33164687
92423036
6461670
5764685
6187442
9345257
153316331
9168692
5375873
32709971
92541666
6470472
5757894
6173749
9403282
153182305
9242297
5531800
32733490
92170794
6432489
5798228
6165277
9422824
153193656
9286832
5518355
32869773
92129378
6458863
5876920
6161246
9318782
153211889
9539048
5541529
33181510
92637362
6476536
5818712
6159849
9423586
153519972
10493661
5916333
32906465
92211454
6453480
5802487
6175198
9352114
153178740
9618672
5620823
33300424
92535478
6454666
5815758
6170770
9336865
154070647
9318271
5532982
33662243
92021986
6446130
5800174
6164044
9474968
153084780
9503705
5572047
33620220
93046118
6568855
5804707
6210148
9399155
154096046
12237862
7226599
33347987
92637892
6525187
5881747
6254520
9369222
154245575
12924201
7722321
--STOP--
++STRT++
33421784
92395139
6428961
5802194
6153084
9419208
153249082
9206093
5566786
32653231
92323828
6468062
5815016
6171899
9324159
153179510
9357584
5492964
32667679
92347743
6456288
5792177
6153296
9411034
153516972
9194683
5509620
32838467
92200807
6467043
5768618
6161832
9404165
153814939
9599074
5674594
33117432
92634392
6485582
5819909
6211253
9383681
153480104
10329894
5929593
33062977
92354330
6456512
5815681
6169556
9337410
153444220
9543355
5636876
32703933
92192659
6434211
5798780
6180077
9453236
153791267
9709398
5649470
33551488
92313022
6451622
5802081
6152312
9381492
153066890
9248291
5466746
33342599
92943539
6460684
5803539
6170454
9479249
154395040
12270967
7105844
33382351
92732119
6527547
5944860
6177960
9370203
154378058
12872722
7782770
--STOP--
++STRT++
32739988
92265166
6454361
5845004
6162483
9388510
153284954
9300260
5545706
32653783
92235674
6463094
5879140
6165837
9434686
153170051
9546876
5558093
32677152
92463368
6452622
5770991
6155443
9412314
153192472
9323695
5496356
33126904
92626682
6465899
5805454
6157757
9370616
153084630
9672437
5732001
33042994
92431357
6490337
5823042
6188426
9351564
153680896
10274725
6001244
33021450
92414182
6465739
5804110
6174802
9470291
153234287
9593295
5652832
32863603
92152206
6432576
5810419
6157502
9344048
153099413
9571100
5699772
32968211
92186788
6446299
5807927
6176813
9431302
153210074
9520984
5524347
32890207
92705567
6558742
5761746
6294834
9548415
154339925
12317231
7171852
33102240
92654916
6519816
5876339
6219803
9385176
154530192
12751772
7653103
--STOP--
++STRT++
32934027
92449564
6458988
5814053
6137096
9411604
153321195
9148374
5556345
32698740
92212692
6454224
5821855
6149656
9586608
153162869
9503625
5601913
32710545
92215228
6451735
5798555
6163162
9380388
153154826
9209974
5597103
32624785
92266264
6434484
5771227
6177442
9312399
153447306
9582349
5544444
32950601
92358621
6478519
5828839
6194000
9338786
153528878
10319975
5974551
32848963
92295513
6453200
5806994
6166823
9327222
153710681
9558271
5532219
32614073
92300643
6459335
5757103
6160720
9348070
153081482
9433674
5593896
32629494
92404181
6453932
5763271
6168626
9486409
153171237
9283606
5533538
33169931
92720805
6493989
5827020
6214520
9381798
155698724
12229226
7186689
32952558
92808963
6550739
5813663
6248727
9469705
155248996
12948423
7633110
--STOP--
++STRT++
32584438
92155396
6465223
5765675
6171371
9453737
153254731
9041122
5462442
32612217
92288436
6432452
5797145
6177941
9485530
153314511
9444599
5605033
32585103
92156398
6448745
5802697
6156258
9403439
153073112
9105730
5470340
32849211
92317483
6452335
5827850
6141015
9414447
153366134
9558807
5600623
32687517
92470454
6475696
5758860
6194764
9489734
154000390
10341507
6074621
32807153
92123243
6460176
5806139
6209722
9436671
153098193
9492897
5564509
33052877
92317251
6433608
5763673
6177777
9365612
153253202
9366684
5531904
33111185
92651469
6465971
5810541
6122918
9423071
153307384
9114678
5630980
32917755
93571389
6507091
5768924
6205121
9482348
154357517
12330822
7196761
34021009
92606157
6481794
5881190
6181638
9369811
154666264
12958704
7962572
--STOP--
++STRT++
32773082
92273712
6449207
5815025
6133238
9325990
153296081
9185277
5536516
32736104
92187746
6455111
5853429
6143794
9435362
153303534
9291297
5530724
32694928
92340325
6454454
5808199
6155307
9362617
153068542
9058658
5465058
33198648
92089793
6454850
5816498
6164160
9347619
153493011
9420625
5576223
32836350
92535490
6443325
5797965
6209331
9471563
153482282
10327145
5945722
32754254
92093519
6452729
5816165
6170194
9448323
153361266
9617197
5577836
33585304
92178634
6454381
5810381
6161479
9486320
153659972
9220004
5459512
32660277
92458672
6456611
5759515
6170448
9482461
153283353
9220917
5568004
32889926
93150731
6504272
5766908
6228088
9470379
154278999
12326313
7198977
33359096
93013440
6527475
5884407
6222839
9400041
154251107
12927397
7736667
--STOP--
++STRT++
33082988
92139182
6451051
5812337
6179822
9350617
153382552
9202669
5444069
32797793
92242770
6511773
5819788
6160236
9420015
153088878
9362832
5517445
33295417
92285692
6463193
5750914
6156190
9464908
153235140
9129926
5382396
32659558
92342763
6469278
5824545
6170591
9427719
153243088
9647740
5603180
32876254
92345143
6480118
5812139
6207717
9412641
153528787
10290287
6056083
32703414
92199375
6456073
5821357
6214277
9413166
153362201
9665363
5592637
33478568
92343793
6463634
5766222
6156601
9344066
153119948
9428660
5554953
32672967
92531043
6433648
5793836
6170725
9381513
153651533
9278678
5686771
32948741
93037610
6505041
5772829
6216322
9510085
154599465
12284294
7119057
33198738
92637563
6481650
5904064
6242147
9490003
154504226
12941868
8002718
--STOP--
++STRT++
33037160
92237601
6452544
5816515
6130799
9501799
153242515
9287670
5568801
33634059
92224544
6472615
5814644
6152003
9322140
153290326
9514311
5663191
33172376
92753418
6456091
5816491
6137792
9313990
153433786
9248845
5494258
32966319
92385041
6458441
5808477
6177441
9370452
153092152
9628022
5652455
32852606
92305507
6478451
5843908
6194539
9480878
153797707
10219087
6128178
32980526
92219989
6457867
5803937
6155610
9359306
153045486
9906669
5662337
32742996
92163113
6567147
5793563
6177718
9380728
153269682
9617357
5642673
33135757
92079970
6454328
5811770
6151400
9334489
153088078
9533988
5628542
33223989
92739056
6469299
5804427
6260752
9341555
154178602
12286884
7212536
33280673
93322125
6549941
5884483
6231734
9375227
154502533
12839212
7732935
--STOP--
++STRT++
33181366
92588546
6454862
5766881
6187460
9476705
153204778
9481286
5446725
32740046
92293745
6471501
5762515
6159106
9442867
153209420
9452734
5563132
32578380
92019908
6508808
5798147
6168462
9418992
153306531
9181600
5498642
32795754
92370957
6453842
5811836
6137243
9341776
153248469
9808565
5649566
33061355
92614961
6480004
5761685
6196767
9444034
154080170
10309163
5957679
32997265
92089923
6456168
5818372
6158413
9330821
153126137
9514060
5619589
32789457
92230530
6473397
5806038
6163480
9330890
153352394
9406968
5616171
32936382
92498227
6450773
5796794
6155880
9298587
153102058
9199487
5550069
33239061
92780152
6454834
5815422
6171479
9358198
154081853
12345013
7210684
33040563
92642485
6505033
5902445
6238047
9347647
154478651
12930352
7851798
--STOP--
++STRT++
32623623
92426172
6454289
5770394
6177595
9469753
153287694
9422746
5453429
32675206
92262149
6474414
5761293
6161255
9350817
153211614
9297672
5506539
32631151
92298441
6454639
5818290
6181975
9337177
153232263
9418088
5533079
32643655
92216642
6453847
5829801
6159425
9430284
153547752
9625516
5627278
33048495
92504170
6481477
5798168
6205788
9344885
153863258
10517222
6083265
32730507
92465774
6456316
5774089
6180216
9397883
153181917
9537809
5633674
32803946
92453784
6457693
5806334
6205228
9404043
153176571
9558348
5520448
32644416
92383718
6466426
5835938
6161892
9357147
153193300
9370451
5494998
33034066
92891715
6513035
5831327
6209407
9424615
154454041
12311585
7237091
33696914
93075194
6526631
5862201
6194244
9384179
154455170
12983234
7719572
--STOP--
++STRT++
32644959
92290884
6494869
5870016
6146890
9305593
153225546
9237405
5439430
32967396
92168827
6454533
5806692
6154869
9316544
153407774
9218780
5556797
32792357
92393155
6449203
5805984
6150043
9316112
153041398
9089591
5475012
33202419
92555417
6459939
5811623
6155221
9356112
153048906
9477398
5546477
32834289
92500376
6485369
5783276
6206220
9346733
153569962
10528660
6107010
32831380
92143250
6496520
5818219
6221034
9350868
153528294
9525191
5559924
32816679
92299618
6432862
5808611
6174725
9413431
153276853
9386937
5533506
32931729
92268075
6468378
5823690
6160156
9300199
153056987
9215627
5499039
33359147
92542356
6461618
5807227
6168220
9351908
154336717
12244052
7243634
33134720
92966820
6535273
5843084
6227328
9421466
154042775
12803253
8012899
--STOP--
++STRT++
32636727
92157804
6496795
5800288
6133326
9391850
153334006
9011303
5520453
32679769
92199688
6457252
5824166
6157010
9332212
153191980
9158319
5543740
32712158
92194751
6455388
5800204
6157776
9341443
153049416
9148706
5517183
32629794
92294020
6434150
5811431
6178856
9360422
153214358
9463716
5594922
32779679
92584475
6480024
5815114
6197129
9354403
153838387
10406780
6023633
32895852
92223760
6450035
5794556
6144903
9317145
153155069
9566129
5621644
32958100
92195186
6457654
5800243
6156958
9304612
153379940
9475865
5573597
33453991
92327582
6458788
5764434
6164547
9331140
153575732
9436558
5621979
32927544
92758751
6509968
5813350
6227153
9381121
154076526
12267930
7250349
33084106
93537207
6529996
5879616
6186184
9357147
153990580
12927240
7785349
--STOP--
++STRT++
32690896
92168672
6431329
5802232
6197533
9356523
153263701
9096362
5572823
33134770
92250975
6448671
5824863
6146788
9394259
153186941
9313500
5578991
32583362
92083142
6452539
5815860
6162060
9362545
153243845
9237400
5581939
32735522
92418890
6458125
5820103
6130231
9356830
154209729
9540042
5542618
33637120
92472472
6482582
5757677
6204374
9433952
153638196
10343748
5927325
32817805
92146204
6463852
5799370
6158785
9344363
153129107
9681599
5631804
32891496
92077653
6452328
5801262
6139857
9422358
153040355
9545755
5708711
32762516
92056986
6453952
5797675
6130720
9308363
153303548
9323723
5518618
33333882
92579535
6497731
5832786
6179397
9335888
154164078
12339764
7083493
33215171
92725789
6519986
5902206
6253438
9380414
154699661
13104728
7962324
--STOP--
++STRT++
33116465
92264642
6454309
5815817
6134538
9368328
153553770
9171833
5558376
32778146
92210614
6456183
5818260
6159685
9303027
153211259
9238816
5509469
32899758
92174775
6454285
5803745
6158409
9300488
153146870
9050625
5482689
32629728
92075738
6460278
5812263
6162780
9335759
153404814
9447745
5542941
32926524
92458676
6484479
5779094
6210662
9354659
153643907
10429178
6113736
32838998
92354490
6472191
5800621
6158981
9303624
153074291
9499152
5526774
32797483
92233497
6455589
5811169
6154177
9312431
153325084
9279104
5512142
33386939
92253751
6454431
5807487
6163399
9371704
153071906
9090755
5409577
32850475
93247544
6504364
5822993
6204110
9485167
153966776
12257698
6997344
33129636
92524791
6511282
5866120
6200578
9408448
154061688
13287312
7853148
--STOP--
++STRT++
32755517
92068369
6462268
5812583
6144164
9311809
153324858
9154923
5504985
32685086
92151770
6450783
5799803
6199944
9335567
153072626
9280355
5502079
32832748
92229475
6454361
5799861
6168072
9447743
153251243
8943279
5446110
33335502
92088074
6456346
5827942
6152194
9338677
153231822
9453655
5654480
33376259
92512114
6486095
5782216
6193952
9398381
153723449
10483278
5986810
33043535
92043983
6433198
5768328
6164255
9430720
153144942
9650300
5602464
32895836
92352027
6453052
5811341
6179114
9435693
153227104
9408862
5630503
33134957
92291766
6452504
5798989
6159121
9303877
153206262
9360840
5552000
32943225
92864077
6520573
5824606
6206408
9426559
154015748
12181015
7143920
32999360
92910324
6522585
5869122
6235583
9442073
154948143
12860997
7722686
--STOP--
++STRT++
32650014
92213972
6466366
5811388
6148228
9436119
153571428
9345344
5497391
32569977
92548051
6470474
5799231
6204622
9456605
153284176
9487870
5512178
32579355
92295055
6493917
5808204
6153183
9311756
153488645
9222772
5467731
32582143
92958607
6464765
5834511
6171336
9343596
153193900
9493681
5538253
32743333
92732318
6578930
5831409
6196001
9417631
153610626
10477231
6036387
32751446
92344051
6457535
5803830
6131821
9303060
153094390
9587885
5628949
33304992
92447833
6476664
5766555
6164294
9451933
153318236
9337235
5582966
32809393
92218036
6431030
5799969
6170796
9350178
153205199
9233599
5581997
33294278
92619734
6468147
5812215
6171987
9388673
154555156
12258139
7093631
33379830
93132301
6530346
5833645
6249027
9456763
154292719
13001360
7842698
--STOP--
++STRT++
32632486
92151222
6464378
5761259
6175882
9394232
153143250
9139722
5464142
32627359
92467371
6468885
5768261
6169643
9353738
153184002
9282435
5623311
32659937
92200166
6449860
5819707
6161149
9360012
153251435
9086871
5523963
32957747
92393020
6457508
5825479
6142286
9339060
153068497
9464266
5590308
32768039
93098365
6508529
5828759
6205996
9398265
153905039
10391400
6086612
32870342
92126780
6459969
5790038
6161608
9363095
153211841
9560697
5654387
33001818
92185152
6457869
5821164
6171268
9295080
153451936
9484209
5529769
33041346
92433504
6446710
5795740
6163244
9399698
153386371
9366334
5574566
32895273
92774117
6508341
5768566
6229263
9383039
154543575
12348073
7200373
33254092
92699988
6522236
5906083
6223546
9461458
154750658
12969780
7739814
--STOP--
++STRT++
32861252
92309002
6460134
5772276
6156321
9361923
153179597
9045177
5527967
32679582
92700067
6431459
5784255
6228671
9337191
153142209
9319818
5560525
32654497
92088995
6429169
5792351
6155361
9351445
153209058
9258752
5530337
32685432
92092889
6459164
5830011
6153496
9318398
153108708
9550060
5583679
32707553
92438074
6476300
5805147
6196380
9398761
153520066
10502100
5984578
33111015
92110737
6460158
5757174
6166043
9342812
153189916
9561124
5648259
32765447
92224424
6458379
5816973
6135790
9375870
153204016
9338894
5601857
32730781
92148821
6453533
5800498
6150322
9300812
153055199
9457722
5464516
33413778
92681927
6459617
5811056
6174077
9462653
154686926
12200469
7225934
33092188
93087934
6522002
5839447
6221782
9417416
154847821
12973148
7830899
--STOP--
++STRT++
32698638
92119281
6452779
5829830
6175724
9325130
153224412
9424817
5432665
32694970
92370015
6464517
5866530
6161928
9313029
153217831
9498325
5624472
32600068
92184548
6456327
5807800
6165948
9396599
153246594
9196954
5435186
32645733
92313519
6456574
5817538
6175718
9366447
153437552
9596546
5664579
32854838
92938739
6503890
5827818
6202040
9377494
153577322
10424077
5941043
32680202
92308918
6457389
5817826
6162082
9364496
153357840
9494833
5540439
32868811
92238212
6458197
5817169
6139524
9332921
153227439
9445745
5550134
32936618
92494092
6450366
5803020
6158169
9471749
153336082
9497453
5522009
33592712
92896055
6497828
5808569
6222903
9385630
154483444
12325388
7041239
33397907
92815700
6546778
5877622
6182479
9489999
155071229
12882099
7835614
--STOP--
++STRT++
32754399
92140606
6452825
5812695
6176134
9484121
153224610
9494631
5440895
32696684
92444886
6453174
5759763
6164328
9331745
153196465
9549978
5696786
32568128
92245870
6465939
5817168
6160568
9299387
153170592
9519082
5469800
32703686
92036933
6457287
5825066
6134594
9526263
153378768
9671061
5783802
32816867
92697797
6490761
5759150
6196370
9421325
153799578
10525778
6229811
32654054
92156071
6453945
5800335
6162139
9443102
153063011
9742710
5577557
33168934
92487298
6464332
5796550
6176699
9485103
153237315
9494160
5695439
33274533
92441199
6447358
5810514
6133606
9367337
153206046
9641291
5578688
34231381
92697643
6476789
5810629
6177871
9403739
154841160
12466691
7252288
33181358
93476838
6489155
5860788
6187190
9492923
154967666
12912617
7738624
--STOP--
++STRT++
32812072
92543515
6432051
5805540
6207987
9488361
153199836
9137937
5500592
32884223
92170888
6449692
5870278
6178216
9343599
153214795
9518038
5594508
32969215
92197255
6450346
5792277
6208403
9335771
153483725
9278150
5542787
32794748
92239330
6449848
5816512
6164669
9379106
153243443
9610143
5684972
32834065
92485449
6480332
5823203
6186757
9482955
153838491
10331695
6100941
32674815
92646779
6458945
5807176
6164982
9350583
153083899
9700265
5565519
32660372
92345618
6453812
5805422
6166462
9367746
153353836
9460350
5594106
33213230
92230535
6468573
5796682
6156151
9437960
153176834
9435504
5559552
32974863
92764711
6495282
5825773
6271399
9354612
154322037
12320704
7213389
33235633
93060853
6526048
5811833
6241997
9439423
154357940
12908695
7797994
--STOP--
++STRT++
33465405
92093110
6456847
5827152
6178979
9376379
153281987
9013064
5510395
32982043
92348162
6485033
5795511
6140086
9422193
153130124
9362029
5558089
32641423
92097682
6447342
5819210
6132207
9337654
153192969
9337571
5529674
32605821
92304872
6466894
5822403
6154318
9371527
153845525
9641606
5615677
33380887
92592969
6482038
5770701
6195022
9446879
153725007
10483716
5971756
32593792
92205499
6463934
5811834
6138190
9324001
153387359
9513757
5694686
32581395
92429696
6458770
5805256
6160091
9430030
153065186
9491176
5571935
32787733
92084429
6451705
5765245
6164104
9433070
153225102
9345072
5477756
33064195
92684692
6495641
5807642
6175538
9380982
154486570
12386574
7108494
33076226
92754280
6575118
5816530
6238921
9431235
154258747
12935007
7741174
--STOP--
++STRT++
33218082
92808076
6451368
5827624
6230261
9308481
153259282
9325584
5477756
32609861
92181833
6515009
5807057
6161163
9388020
153380378
9405551
5484748
32577435
92278322
6449189
5766604
6157224
9335657
153166481
8918496
5341490
32826909
92304032
6469011
5803029
6160474
9395266
153469675
9570876
5704874
33005451
92642788
6482196
5762018
6200541
9398699
153753274
10387405
5952903
32741405
92284231
6456172
5801315
6143463
9307652
153327071
9695670
5591593
32779726
92665557
6460315
5761714
6166108
9356580
153105640
9540001
5682405
32716920
92223385
6456164
5850818
6162803
9417954
153165415
9624061
5613347
33475810
92671988
6535642
5767507
6227397
9380473
153651730
12304222
7190146
33301658
93123092
6515425
5905993
6215205
9463041
154478766
12993755
7864338
--STOP--
++STRT++
32851248
92148003
6449291
5811854
6172102
9485495
153332285
9045311
5523375
33014303
92106971
6454928
5791654
6160949
9412923
153211682
9132064
5541759
32592279
92076511
6465985
5824498
6165937
9465917
153156934
9275518
5465724
33009900
92036665
6456018
5812986
6165959
9371002
153236327
9450687
5681238
32912732
92479523
6484990
5831650
6160027
9320225
153649859
10258821
5872161
32713441
92319545
6466000
5764430
6170385
9389828
153196560
9819784
5771933
32905442
92190331
6454053
5821024
6130253
9311364
153247580
9680028
5692183
32912293
92237977
6453160
5806971
6132901
9401055
153581126
9633734
5550151
33275658
92674636
6509285
5767127
6210612
9406318
154209694
12270054
7282984
33358612
92776951
6529183
5849214
6198902
9430776
154707036
12977144
7966302
--STOP--
++STRT++
32927468
92241389
6507670
5767472
6177590
9452026
153599567
9195956
5447526
32602701
92316698
6436785
5758839
6166244
9365640
153406576
9578857
5696607
33002184
92345543
6431345
5805449
6152175
9332123
153338248
9505425
5594910
32947880
92246259
6459481
5825204
6144110
9403798
153125710
9591539
5660980
32841062
92528769
6482804
5746303
6194223
9392804
153573614
10229904
6026369
32737982
92525828
6454056
5809995
6168014
9356330
153150293
9536031
5587501
33138961
92560083
6464219
5769995
6162105
9394563
153331770
9250319
5538411
32874393
92232095
6431817
5796963
6184317
9441553
153516371
9161886
5477891
33408125
93011238
6498083
5760703
6225893
9340004
153731838
12205461
7195872
33203372
92750710
6479628
5860770
6187850
9502384
154453349
13140377
7882808
--STOP--
++STRT++
32799004
92279751
6460056
5768755
6162940
9359762
153275927
9336267
5482764
32958053
92158189
6428054
5803520
6169274
9451009
153204894
9447712
5598192
33376656
92777212
6448976
5879001
6157762
9338862
153307624
9054530
5487503
32569852
92647185
6451075
5830724
6171785
9339105
153308837
9598580
5586112
33082968
92942326
6488826
5825594
6189248
9330743
153759983
10212863
5586634
32895735
92135499
6451546
5788039
6215468
9372205
153069013
9754384
5683660
32662622
92303927
6457704
5814235
6135072
9324047
153700046
9447011
5528946
32742361
92303326
6459260
5765324
6177373
9369831
153770117
9504537
5660533
33669803
92762029
6515175
5824337
6234231
9492833
154705690
12292086
7336075
33246238
93266306
6530498
5886861
6226555
9431155
154314252
12834536
7992705
--STOP--
++STRT++
32613113
92322851
6455575
5763754
6165340
9350306
153346973
9013962
5397387
32602655
92552134
6467656
5807420
6164983
9356649
153168125
9263652
5568300
32903096
92330639
6467750
5815875
6164797
9382510
153146093
9240856
5613417
32635641
92352998
6459303
5819918
6179759
9347354
153033290
9682729
5616543
32773889
92571815
6478940
5810364
6214947
9455641
153419369
10283774
6056743
33644358
92133610
6453544
5800002
6135240
9419746
153230056
9540215
5637899
33246101
92598966
6462416
5807593
6162272
9324164
153288876
9450880
5657111
32631937
92344211
6452608
5770822
6182816
9403204
153218575
9343998
5519835
33130814
92842653
6506237
5824571
6287732
9452465
154354595
12301716
7153381
32983142
92898602
6517436
5873266
6288053
9377174
154860142
12894200
7872550
--STOP--
++STRT++
32929998
92498704
6449337
5809965
6143368
9439575
153288668
9008262
5468895
32641040
92186971
6455895
5806185
6151418
9357304
153137728
9283829
5625807
32638079
92147269
6452872
5816412
6138003
9301413
153121754
9121758
5475780
32750040
92721617
6460256
5820147
6167393
9458252
153105393
9576484
5548035
32693010
92459231
6500543
5811140
6158056
9332193
153465982
10365375
6001561
32591146
92049367
6459981
5817775
6157676
9337221
153170758
9502264
5591519
33306482
92091539
6458359
5802760
6156716
9327103
153055780
9243280
5484812
32737339
92152259
6433448
5802215
6152501
9369794
153074886
9190314
5579766
32900964
93042806
6503610
5838760
6239469
9404978
154444877
12367519
7250338
33046776
93218299
6528590
5912332
6226206
9389181
154211793
12982908
7811058
--STOP--
++STRT++
32648509
92172601
6464586
5767033
6172133
9361950
153317465
8943969
5486306
32821398
92262562
6429975
5793364
6169055
9356061
153128595
9352939
5534259
32651690
92159070
6469665
5811717
6154837
9409996
153170608
9096487
5505078
32987374
92254453
6453963
5822537
6156092
9309460
154215079
9509649
5570331
32852382
92497309
6479469
5827268
6196198
9368806
153527479
10582485
6078027
32833409
92252652
6466429
5800880
6165077
9401406
153095390
9472405
5533577
33389724
92366585
6481916
5766422
6165594
9472375
153187701
9260929
5527020
32740623
92450519
6432316
5850565
6157334
9329645
153219988
9157872
5441767
33225373
92689508
6508369
5807818
6230909
9415108
154316423
12248846
7187138
33212393
93058649
6492105
5882114
6174368
9365634
154286258
13030599
7844640
--STOP--
++STRT++
32657257
92279090
6461111
5825641
6179774
9480194
153514898
9239854
5591153
32814718
92473583
6462987
5813657
6168646
9495576
153256859
9452632
5536383
32644709
92312198
6469127
5822700
6134533
9360204
153191552
9285475
5526133
32984765
92393271
6456117
5820098
6161609
9445480
153084416
9655096
5719556
33343240
92346839
6446047
5821397
6221287
9415191
153716663
10341620
5896217
32606023
92231316
6465848
5794499
6163310
9435193
153107996
9523978
5632603
32907935
92173282
6458537
5805159
6162107
9323437
153164325
9265622
5502201
33121990
92120835
6450566
5812714
6164712
9392182
153289758
9242063
5481298
32917058
93028861
6498603
5837551
6220115
9439408
154205268
12392551
7258562
33084372
92772830
6478017
5859879
6195912
9377172
154258986
12844606
7836332
--STOP--
++STRT++
32800342
92196800
6456238
5846623
6156286
9349352
153270279
9139626
5480075
32758353
92348980
6434748
5805649
6174541
9358001
153287616
9540159
5680429
32632045
92340380
6452696
5804829
6130602
9363240
153513042
9043031
5521167
32720000
92160328
6459313
5817386
6160823
9345876
153090434
9582626
5584939
32987643
92733366
6493307
5839444
6159877
9431802
153881230
10182005
5831525
32998106
92483550
6459746
5803296
6155273
9319752
153003089
9664682
5611918
32779675
92165221
6477125
5760231
6173700
9418735
153183087
9410781
5561252
32935171
92313227
6430104
5789112
6171050
9365278
153369805
9520128
5618017
33263784
92737703
6533266
5759868
6245142
9477166
154126745
12419729
7137701
33272873
92868793
6517708
5882405
6233073
9378425
154900859
12890879
7659263
--STOP--
++STRT++
32591409
92459808
6451378
5863838
6131128
9349253
153359139
8977490
5465982
32710650
92113134
6456931
5816288
6149336
9412489
153218796
9264113
5546848
32987702
92258205
6464926
5821882
6163077
9397969
153227941
9262653
5493741
32807802
92165942
6454771
5809910
6173653
9447854
153151331
9612757
5556704
33012585
92327557
6481927
5810467
6194430
9486733
153639005
10383980
5940442
32699102
92481794
6431994
5807080
6187693
9462055
153816181
9419341
5630715
32687289
92547353
6461933
5824397
6162966
9449680
153040926
9214791
5476519
32784333
92172878
6453468
5802984
6157427
9462497
153741116
9176681
5493494
32978027
92737198
6508413
5807775
6214581
9423483
154250933
12378763
7154900
33312743
92677941
6530604
5862370
6191581
9448804
154880067
12922880
7694553
--STOP--
