++STRT++
350
399
11
844
1291
323
689
1333
3055
46
134
10
890
13
165
389
3595
2864
78
97
41
811
58
161
37
2583
1845
47
123
56
868
47
123
1
4631
4256
46
103
8
862
55
167
44
1911
1752
78
101
11
898
10
120
41
1784
5643
47
476
47
901
60
169
961
1888
1919
92
100
51
875
33
1613
237
2629
4227
46
100
12
738
55
154
40
2681
2940
84
1166
750
927
63
166
406
2019
5450
--STOP--
++STRT++
82
132
32
739
20
125
271
3520
2978
46
409
75
1623
60
1073
471
1897
2956
81
100
39
972
60
116
49
1897
2705
55
1125
9
905
12
170
3
1420
1990
47
124
9
736
21
600
1655
1875
2846
87
143
9
817
63
155
28
2656
1379
304
378
168
918
45
121
388
1906
2878
90
137
18
909
46
151
18
1882
4078
47
99
48
857
55
152
35
1777
2610
46
480
50
860
46
167
1189
2292
2980
--STOP--
++STRT++
44
146
11
975
13
148
34
1961
2977
87
1049
50
854
10
169
256
1765
2828
83
146
51
825
155
1074
435
2745
2761
51
104
55
846
53
120
39
2735
2893
47
100
15
736
42
121
25
1703
5749
46
363
14
805
16
164
29
1918
3141
46
543
10
1951
67
120
1024
2625
3984
46
132
8
885
16
163
3
1850
4308
47
153
11
872
127
119
1334
3508
2953
49
128
12
908
16
122
0
1827
5597
--STOP--
++STRT++
385
388
311
1013
45
161
736
1841
2938
48
103
64
885
50
591
1675
1801
1941
83
99
48
769
12
119
0
1895
5741
45
105
45
915
52
120
33
1918
2861
321
1433
67
1253
60
122
446
1412
2793
87
141
67
976
12
160
3
1844
4308
48
127
52
757
60
120
5
1806
2596
82
105
39
949
50
159
0
2553
1932
46
130
9
890
13
151
40
1742
2913
48
136
10
894
14
122
42
1750
2782
--STOP--
++STRT++
48
130
9
982
89
339
701
1465
1942
50
127
10
953
16
122
65
2506
4332
48
101
15
865
15
162
36
1351
1795
440
1267
34
1841
15
122
752
1865
3685
86
100
11
885
17
120
43
2540
4195
46
100
45
665
54
120
14
1501
1937
47
1106
10
973
73
122
693
1105
3100
44
101
40
1034
52
119
3
1966
1909
47
101
53
781
13
152
0
1455
4164
46
483
427
767
43
167
1180
2022
2953
--STOP--
++STRT++
77
101
43
930
12
162
29
3394
2970
48
99
11
974
56
171
4
1360
2734
46
131
46
870
14
122
0
2511
2896
338
1108
148
898
64
167
1988
1867
1901
45
140
8
777
15
170
19
1944
4074
49
139
12
803
38
168
1
2655
1721
48
138
13
896
51
119
3
1744
1834
47
1371
9
914
10
148
395
1427
1898
50
100
42
785
56
124
0
1793
1957
47
127
10
927
11
170
357
1849
4111
--STOP--
++STRT++
87
100
11
728
14
120
0
1464
3176
781
364
127
863
41
154
1073
2036
4784
83
104
46
695
10
122
37
1794
4249
46
141
17
897
14
122
3
1799
2750
85
100
14
816
68
198
106
2698
1529
76
102
52
886
42
125
0
1415
2793
45
103
64
754
39
120
0
1496
2965
97
104
63
796
106
1054
366
1913
2976
81
98
59
788
67
120
27
1389
1694
85
131
10
1057
51
128
49
1385
1702
--STOP--
++STRT++
49
346
354
908
49
120
1250
2737
3035
87
101
12
752
41
473
740
1848
3031
45
103
50
823
16
165
4
1409
1893
47
103
48
816
12
122
52
2692
4356
74
102
16
701
57
469
398
1892
1868
95
102
11
901
11
177
42
1397
2920
85
139
48
883
49
121
2
1788
4327
50
432
38
800
58
126
391
2983
4354
45
102
48
790
54
120
47
1820
1929
47
102
52
864
13
119
2
1421
4302
--STOP--
++STRT++
48
106
11
908
13
160
1269
1970
3262
74
474
45
1729
59
159
766
1250
1796
47
103
47
895
50
126
1
1410
2752
45
99
48
731
16
151
38
2645
1942
79
513
1007
922
51
148
1753
2611
2957
202
136
75
898
12
122
30
1450
2868
82
132
48
722
48
156
1
1741
1536
47
100
60
797
68
156
5
1825
2938
108
852
43
888
473
123
498
2583
1726
48
99
9
956
55
127
0
1460
1932
--STOP--
++STRT++
348
382
60
947
1303
365
753
2530
2891
49
129
56
767
10
121
106
2650
2780
46
100
43
913
11
151
36
1999
4384
75
105
54
849
43
154
42
1387
4261
335
1181
129
1092
15
158
1649
1900
4205
84
125
48
764
50
125
39
1416
2982
87
103
41
848
61
124
2
1787
2876
48
486
13
954
14
121
45
1430
1769
70
107
8
896
57
119
74
1881
3070
50
103
8
902
17
150
4
1851
4199
--STOP--
++STRT++
80
101
48
876
41
123
1
2688
4118
79
125
53
805
16
123
32
3640
4213
94
1213
438
896
13
172
385
2017
5477
46
136
51
883
57
118
357
2742
4248
86
135
53
906
57
167
7
1797
2977
49
147
8
753
55
121
2
1730
1983
46
130
16
697
14
156
2
1428
2968
111
1374
54
2057
51
178
750
3556
5593
84
134
57
796
15
130
0
2659
2833
80
97
52
745
61
120
41
1765
2847
--STOP--
++STRT++
75
103
41
869
50
121
0
1867
2927
46
124
8
823
12
158
1
1879
2991
92
138
9
859
13
123
33
1520
2869
48
806
538
697
41
160
772
1908
2983
46
142
46
704
16
160
144
1985
2978
77
128
38
800
66
166
41
1881
2908
96
134
8
917
16
119
1
1406
1893
443
1358
74
1692
19
126
500
2747
2937
62
101
9
935
59
121
1
1417
2853
465
1383
12
774
64
163
1008
2506
4201
--STOP--
++STRT++
88
101
10
814
39
165
1258
1857
2007
138
397
74
1731
47
125
1011
1549
1894
47
104
9
984
52
154
1330
1405
2869
88
144
11
849
11
127
35
1467
2846
46
807
52
963
10
153
403
2641
1827
48
138
58
924
65
201
408
1801
4103
49
101
7
874
48
160
50
1829
1728
46
468
58
916
45
146
1304
2715
1595
82
99
12
846
47
129
3
1618
1708
85
100
7
794
11
164
2
1965
4340
--STOP--
++STRT++
48
116
11
931
46
155
0
3613
3040
88
493
59
954
49
159
1209
1854
2993
47
376
34
914
59
150
2230
2610
3082
50
99
13
931
14
159
0
1502
1863
46
106
9
722
10
161
38
1373
1949
46
143
41
726
60
180
30
1920
1932
70
149
39
948
53
126
52
2565
5764
47
127
47
790
446
121
1350
1887
4367
87
101
11
774
45
125
4
1382
3116
81
138
60
904
52
151
1
1500
4278
--STOP--
++STRT++
85
148
8
968
14
127
1
1390
4210
89
99
40
891
13
158
29
1779
4330
89
134
10
782
11
165
41
1370
1705
47
143
8
832
12
480
832
1417
1861
46
116
8
869
13
168
39
1272
4389
49
1129
448
889
12
160
450
1647
3567
84
135
12
994
19
154
40
1423
4172
77
101
52
878
15
159
40
1888
2941
46
1351
439
902
56
122
385
1873
3118
81
129
13
793
54
120
62
1448
1860
--STOP--
++STRT++
82
100
9
911
82
173
48
2735
1786
47
133
10
736
48
120
2
1834
1757
79
134
13
855
52
154
3
1968
4319
47
1192
9
677
13
162
259
2367
2936
47
138
55
728
12
121
2
1987
1772
49
100
48
972
59
167
7
2690
2800
450
494
1235
768
16
120
1353
1538
2928
93
105
50
920
51
122
1
1985
1868
46
106
47
742
16
124
34
1924
1968
107
1393
80
1990
499
124
279
1295
1681
--STOP--
++STRT++
47
126
12
735
16
160
44
1377
2972
87
722
9
868
54
171
28
1664
2961
46
100
10
690
112
506
421
1911
2617
80
140
11
878
41
165
3
2683
2948
90
147
10
838
22
122
36
1924
5638
47
464
48
827
12
151
693
3016
1771
48
143
8
859
312
556
1692
3542
1912
86
139
42
799
58
167
0
1469
4373
47
99
11
998
12
165
25
2616
5644
49
102
10
791
36
120
31
1747
4235
--STOP--
++STRT++
48
104
58
875
14
120
1
2223
2728
62
802
49
1266
54
168
1682
1787
4354
85
135
18
893
44
120
1
1785
4105
46
103
57
710
55
120
39
1800
3911
80
103
11
983
11
160
271
1834
4355
45
127
38
940
10
1148
496
1869
2785
88
133
60
971
15
122
37
2768
2913
47
527
43
854
393
121
412
1874
2780
102
105
38
843
60
152
0
1792
4251
48
1117
567
862
17
154
368
1555
2851
--STOP--
++STRT++
85
96
13
657
61
163
39
1842
2938
85
101
10
807
70
124
0
2529
2930
48
1119
42
962
46
160
366
1838
5590
47
104
59
795
13
165
0
1290
2859
45
101
41
835
13
170
41
1345
1619
47
133
9
709
49
119
1
2607
1807
365
1184
59
2172
46
124
395
2637
1759
46
135
55
810
17
124
2
3544
4193
46
100
12
818
70
162
2
1818
2828
96
931
61
2186
13
152
313
1917
2989
--STOP--
++STRT++
89
104
10
921
18
489
1712
1415
2059
84
100
12
953
46
151
83
2541
4051
88
103
10
737
53
155
36
1768
2911
81
100
47
682
40
182
35
1394
4361
81
140
50
868
1449
120
1813
1836
2823
93
128
58
955
11
172
4
1445
3010
84
102
11
832
60
154
40
1761
2796
46
105
46
935
16
166
57
2627
1868
46
515
1168
923
10
126
1607
3532
4411
48
138
11
952
49
150
52
2580
1758
--STOP--
++STRT++
88
330
293
900
47
120
680
1803
2951
81
131
11
929
11
1006
385
1431
1779
51
131
13
896
10
121
1
2537
3051
46
101
35
764
71
123
30
3419
2916
446
1155
13
1920
446
120
227
1761
4255
46
141
42
831
53
155
3
1971
4317
72
108
53
882
59
168
49
1467
4376
47
467
12
744
10
122
38
1339
4370
83
135
10
964
14
165
35
1769
2886
93
351
10
897
259
123
349
1349
1918
--STOP--
++STRT++
82
105
10
872
49
151
39
1963
4393
85
444
11
841
68
120
43
1780
1992
83
99
48
965
52
157
37
2571
1886
45
100
44
897
59
164
10
1489
4302
52
103
66
1029
62
122
27
1834
1936
85
142
46
825
58
125
2
2025
4299
45
139
52
979
44
119
3
1348
1902
88
127
10
793
16
125
878
1351
2850
90
103
9
811
44
161
27
1384
1799
430
1278
15
833
1126
154
408
1412
2973
--STOP--
++STRT++
45
100
9
930
16
161
29
1941
5446
47
137
47
922
13
127
41
2538
4281
89
466
1139
940
18
120
1223
1924
4297
46
99
49
913
12
122
41
2624
2837
46
102
9
877
11
119
285
1884
1654
95
457
9
782
440
125
1262
1910
1733
50
105
8
972
15
125
2
1382
2921
47
106
9
804
55
119
0
1485
2958
91
465
11
972
34
159
1586
1746
3050
46
128
48
1005
15
120
4
2788
5527
--STOP--
++STRT++
95
103
9
995
59
166
50
1996
5660
52
99
12
703
14
155
37
1925
2807
47
1299
50
1079
66
123
1780
2863
3023
80
132
331
718
60
149
1
3701
4271
89
100
10
812
15
120
42
1343
1860
1332
490
363
805
59
157
449
2713
2919
47
145
10
811
15
121
254
2571
1803
46
99
48
803
15
159
44
2388
1717
93
133
12
874
58
120
0
1465
2982
88
130
51
863
22
165
44
1805
2970
--STOP--
++STRT++
76
134
11
864
11
120
47
1403
1890
77
103
48
878
13
155
35
1652
2947
85
102
46
865
11
177
5
2813
4425
88
130
43
833
43
160
39
1257
2653
75
103
11
839
15
120
4
1346
2905
77
1117
56
791
1096
160
411
1458
2971
49
100
51
988
12
120
31
2777
5671
46
106
10
921
12
163
36
1396
3171
1118
801
9
901
1038
123
1281
3519
1805
93
102
8
792
61
157
32
1960
4286
--STOP--
++STRT++
47
108
11
834
15
119
1
1421
4368
49
101
42
908
52
162
49
2699
4341
45
132
9
915
14
120
1
1416
2841
92
102
57
847
82
479
412
1908
1813
79
107
44
898
12
121
34
1693
2826
45
133
10
985
62
123
2
1719
2847
46
350
48
889
18
156
329
3198
2858
79
1372
46
839
47
166
717
2315
2828
89
99
10
1030
14
123
0
1932
2878
46
104
47
772
11
122
40
1369
4455
--STOP--
++STRT++
47
98
39
865
48
158
16
1844
5585
85
101
10
850
43
122
0
1825
2945
80
140
41
818
15
147
4
1780
4130
91
465
11
828
47
119
34
1442
1654
46
472
10
902
399
182
1021
1848
2925
46
100
9
951
12
156
5
2573
2875
90
475
9
688
36
123
53
2652
1947
47
1108
66
1895
15
159
225
3716
2925
47
122
48
809
14
156
38
1766
2739
47
99
16
897
15
122
1
1869
1554
--STOP--
++STRT++
48
106
9
984
12
123
281
3922
2987
326
870
111
909
13
177
381
1549
4215
48
137
10
994
51
164
8
1459
3109
47
104
47
824
42
120
33
1868
1935
138
102
44
962
12
121
43
1606
4432
87
106
38
826
1057
158
1554
1971
2887
43
101
9
881
60
119
43
1882
1960
76
123
55
856
46
120
38
1471
3060
46
100
8
829
16
156
38
1851
2947
79
127
48
774
11
165
34
1350
4347
--STOP--
++STRT++
86
125
60
867
51
120
43
1764
2929
84
137
44
807
41
163
1
2606
4371
82
1099
51
903
52
120
999
2482
2836
46
136
41
832
18
175
722
2719
4460
87
137
53
798
55
121
35
1877
5716
84
1083
279
864
12
158
214
1398
3035
48
455
9
744
466
122
405
1926
3052
47
100
11
914
44
124
42
1358
2802
84
131
8
702
9
126
0
1807
2848
286
1382
92
1333
13
123
437
3642
2000
--STOP--
++STRT++
90
102
44
900
15
179
26
2814
1730
89
124
9
750
12
120
0
1952
1950
94
100
56
964
14
158
44
1695
3116
48
99
37
876
12
170
0
1381
2923
46
1340
830
955
305
161
1493
1727
2811
84
127
11
912
61
161
0
1410
4216
91
104
63
976
13
124
39
1899
4458
85
117
45
797
61
162
260
3662
5481
93
100
8
846
15
121
316
1741
2930
47
460
63
920
12
165
5
2526
2792
--STOP--
++STRT++
81
415
12
896
730
146
297
1897
4325
46
127
12
915
17
121
414
1849
2947
47
136
35
908
37
158
1
1959
4205
87
101
9
930
59
155
299
1854
1627
83
99
55
929
11
123
498
1277
4178
46
107
10
857
51
118
1
1960
1763
88
104
9
879
13
155
28
1430
4330
1312
852
74
667
56
122
743
1574
5501
47
138
37
912
16
127
0
1958
1918
45
96
47
808
57
119
1
3559
2960
--STOP--
++STRT++
90
404
322
1212
10
174
368
1811
3095
45
135
13
850
20
486
399
1720
1983
46
102
9
714
40
120
45
1829
2873
46
129
59
815
19
163
0
1355
2779
120
1146
50
911
101
149
1024
1974
1834
88
103
36
915
61
162
55
1447
5563
76
136
48
776
58
120
1
2857
1949
653
1181
87
1835
14
118
265
2506
2994
83
98
8
868
17
121
1
1150
4244
67
126
10
657
41
1119
480
1438
2773
--STOP--
++STRT++
76
99
49
832
13
120
4
1861
1990
46
440
58
903
17
149
396
1900
2784
52
99
11
959
58
122
24
1361
5601
47
126
8
1051
11
120
44
1419
2861
45
772
378
850
51
126
393
2678
5547
47
102
10
867
12
166
47
1735
1939
49
129
12
1108
54
153
39
2759
4385
47
131
10
829
305
120
35
1477
2814
47
104
59
940
36
1123
392
1810
2954
91
138
10
1016
48
167
1
1750
2976
--STOP--
++STRT++
48
105
10
918
41
120
292
1789
7142
84
365
48
1033
53
172
427
1760
1633
45
101
9
1024
10
164
1
2524
3024
83
129
13
876
61
121
0
2506
5575
330
1186
10
773
411
120
405
3484
4377
85
104
8
879
13
160
0
1357
1814
45
435
57
794
41
120
0
1465
4335
82
105
47
852
14
1394
416
1302
1789
92
101
10
1017
16
119
1
2569
2789
47
146
15
830
12
147
35
3293
5733
--STOP--
++STRT++
82
124
10
904
65
119
27
1895
1787
48
127
63
943
54
122
2
1460
2978
80
559
44
1045
1083
470
1095
3470
5706
82
101
41
867
11
121
3
2629
1828
79
104
51
752
41
121
3
2638
2921
82
507
42
1027
68
155
492
1477
4101
323
106
59
825
47
161
1
1813
3057
50
99
53
689
54
155
45
1818
2842
448
1208
75
1952
41
171
439
1900
5684
45
101
7
977
13
124
34
1910
3028
--STOP--
++STRT++
96
134
10
777
70
121
0
1364
3049
50
135
61
722
15
169
54
1830
2741
46
131
49
669
59
169
5
2050
4712
489
1190
495
738
15
121
392
2141
2843
45
99
55
868
54
118
53
2707
2761
45
398
53
957
49
120
34
1761
2014
88
1341
10
1862
12
121
305
1213
1609
45
104
10
814
54
156
28
1810
2929
46
131
8
817
57
162
4
1423
2908
82
520
14
960
51
123
1063
1489
1958
--STOP--
++STRT++
80
100
45
865
45
146
1
1749
1895
88
126
50
982
49
121
37
1906
2969
102
485
55
1027
1504
120
479
1917
2782
46
145
14
903
14
159
43
2538
2993
448
479
111
1337
50
165
1337
1713
1750
47
103
9
939
61
120
4
1924
2909
47
105
59
894
16
123
4
3482
5769
46
125
51
826
12
157
71
1791
5668
84
134
10
973
53
120
2
1467
3002
1237
891
43
873
163
551
429
1393
4223
--STOP--
++STRT++
49
147
10
830
11
142
56
1283
2755
46
126
28
868
60
156
232
1356
2723
89
137
10
862
9
121
62
1809
2912
458
1111
10
2058
49
121
721
1886
2890
47
100
53
832
13
156
34
1821
4288
46
104
48
849
11
120
2
1399
1832
45
105
13
950
68
1092
455
1431
2878
86
131
59
929
15
122
1
2558
2913
47
99
45
762
13
120
1
1839
2006
46
103
9
851
17
125
41
1466
2067
--STOP--
++STRT++
102
137
47
1020
59
122
1
2621
2759
88
102
10
745
14
118
3
2550
5660
95
482
48
923
16
162
1003
2605
2919
46
104
11
900
56
487
1432
2533
2877
47
102
10
936
34
125
45
1394
5660
439
1372
58
894
12
172
766
1717
4242
88
139
52
925
12
166
0
1386
5732
73
134
10
918
57
167
53
1829
4244
99
510
8
936
51
125
497
2078
1673
82
132
12
872
49
176
1485
2004
2861
--STOP--
++STRT++
48
133
8
873
55
125
1
1913
5704
258
127
45
812
16
162
0
2519
3016
47
104
54
938
15
167
2
2587
4385
46
129
9
775
16
149
1
1364
1913
83
99
36
872
45
163
5
1948
1975
445
1211
22
1860
59
121
382
2823
1789
93
100
9
836
59
161
380
2001
4183
47
140
51
948
11
120
0
3734
3056
45
105
56
864
59
170
315
2559
2708
54
1166
56
993
439
119
712
1788
2974
--STOP--
++STRT++
47
411
311
1090
44
167
665
2458
2992
82
104
9
898
52
166
48
2335
1840
46
127
52
991
57
152
45
1466
4298
47
101
51
943
49
123
4
2554
2652
80
125
10
785
15
123
2
1480
1979
88
134
45
990
13
144
53
1942
5543
99
139
11
867
1378
467
1311
1927
1700
990
102
13
875
47
120
46
1729
2781
80
102
37
810
14
146
1776
3056
1846
85
100
46
958
64
121
0
1412
3029
--STOP--
++STRT++
46
102
62
860
13
123
31
3550
4295
382
344
68
783
9
165
405
1670
4732
46
99
8
864
64
157
44
1859
2874
46
102
10
1019
14
162
1
1799
1877
1027
512
22
1900
416
155
1285
1400
2784
47
456
12
921
37
170
2
2413
3005
47
122
10
862
50
446
717
1938
1970
52
99
56
846
58
124
36
1840
2712
45
101
58
888
63
153
35
1812
2666
292
1563
66
882
404
157
418
1937
1887
--STOP--
++STRT++
84
141
9
744
57
154
23
1884
6094
85
139
52
640
14
164
41
1460
1879
47
101
63
817
50
125
26
1886
2904
431
1226
435
804
55
120
1546
2779
3022
99
138
67
778
59
120
58
1928
2899
79
100
13
830
54
167
60
1829
1935
89
101
42
834
51
123
32
2746
1893
47
124
38
869
57
173
65
2828
4408
45
136
8
966
11
121
42
2023
4254
99
1411
13
814
118
166
265
2594
1846
--STOP--
++STRT++
80
103
9
958
17
125
41
1840
2960
79
101
10
858
11
161
2
1761
4197
88
103
44
920
13
159
38
1493
2998
48
104
46
794
34
575
1114
2650
3115
49
102
60
768
63
118
0
1807
1968
82
133
8
618
51
155
4
1884
2812
77
102
9
763
13
123
3
1420
2911
46
102
10
829
40
152
46
1423
6861
71
130
66
770
12
165
0
2657
4285
47
141
12
861
53
1899
93
1443
1829
--STOP--
++STRT++
87
98
48
878
46
165
1
1859
2976
46
134
13
762
19
120
47
1433
1965
1284
101
53
946
41
123
51
1899
4078
49
1443
51
1859
455
158
275
2539
2926
80
101
11
719
62
162
2
1423
2829
82
102
37
829
13
122
46
1855
1678
47
112
53
940
63
117
107
2671
4447
47
102
51
806
21
124
42
1906
4261
85
143
44
837
10
124
44
1485
1974
49
129
16
902
54
170
128
1767
3040
--STOP--
++STRT++
88
127
9
879
11
120
48
1844
2971
84
907
409
917
14
154
367
2544
2785
91
99
62
838
14
541
1716
1877
3015
50
102
43
937
42
121
49
2486
3089
46
128
51
917
69
158
471
3894
4286
50
462
48
794
13
155
1
3403
2923
46
365
12
710
9
120
29
1274
1752
82
100
8
931
66
160
32
1796
1744
971
498
121
832
12
173
498
2004
1788
48
144
49
690
50
162
5
1883
2867
--STOP--
++STRT++
103
99
69
948
53
155
43
1795
1981
46
134
47
763
11
159
45
1775
4275
49
105
9
766
11
126
2
1942
1869
444
1124
399
924
73
121
814
2574
2899
48
119
53
833
62
121
122
1856
2996
49
153
10
823
46
173
42
1872
1970
82
143
42
914
16
126
5
3703
1876
51
475
53
809
12
157
335
3851
2807
48
104
10
921
15
122
3
1787
2955
79
132
67
957
10
119
39
1778
2984
--STOP--
++STRT++
48
104
58
858
12
166
11
1853
2958
97
100
8
854
11
120
2
1926
2035
71
392
26
778
17
169
1
1844
5651
84
123
11
817
58
153
43
1420
4325
47
104
357
920
15
121
37
1752
2940
79
132
32
850
9
165
2
1772
4387
88
103
43
668
61
121
4
1316
4305
81
537
14
1102
439
169
459
2670
4337
45
142
10
869
69
120
31
1449
3063
385
100
12
931
10
121
1045
2639
1940
--STOP--
++STRT++
85
136
38
812
47
127
55
1311
4548
78
98
56
868
14
167
46
1870
4224
48
1168
13
760
50
177
1
2526
1701
88
128
11
844
14
171
441
1868
2960
46
103
11
781
43
166
2
1806
1959
45
102
43
779
13
121
58
2529
1923
86
106
13
924
55
119
3
1854
4246
1022
507
1437
894
16
158
420
3869
2890
83
103
45
864
16
123
299
1386
2987
46
100
39
1009
13
151
32
3599
4153
--STOP--
++STRT++
75
99
8
827
50
123
0
1761
1829
47
101
9
918
52
121
3
1288
2770
1028
543
1255
805
44
121
423
2962
2860
73
106
11
830
170
121
2156
1893
4224
47
136
7
891
12
157
44
1746
4374
46
133
47
893
58
172
45
1907
4155
80
138
8
1002
11
154
43
1724
4410
46
207
61
798
591
122
319
1921
3073
48
130
45
851
15
163
1
1897
4173
87
146
8
950
49
121
341
2619
2804
--STOP--
++STRT++
48
106
62
925
14
122
42
2582
2860
45
1271
12
737
59
125
360
1279
2717
79
129
57
855
9
143
868
1434
2869
46
99
10
848
50
159
9
1413
2971
45
1101
43
821
61
121
257
2720
3100
75
126
45
799
54
122
153
2719
2883
87
128
12
839
53
123
0
1502
1964
47
1174
12
863
55
122
756
2612
2822
47
102
52
778
53
160
2
2800
2968
46
128
12
775
34
123
406
2008
2802
--STOP--
++STRT++
84
134
54
893
15
120
37
2558
2760
78
538
13
851
14
119
417
1952
1944
79
136
12
883
74
145
411
1726
2887
46
99
74
715
15
119
35
1982
2950
1080
863
473
791
60
167
1449
2674
1993
46
100
37
802
14
121
2
3432
2995
345
359
53
918
39
158
36
1821
4210
87
136
10
894
44
154
4
2497
2735
45
121
36
746
13
123
42
1752
3021
97
129
45
902
14
157
40
1784
5685
--STOP--
++STRT++
77
141
38
721
46
120
116
1871
2810
86
134
46
795
75
167
43
1720
3028
48
126
45
648
55
153
41
3469
2812
48
136
13
594
50
127
45
3537
1843
48
1380
13
892
454
122
277
1880
4259
47
100
12
855
11
122
0
1426
4370
72
122
695
840
56
121
341
1460
2878
83
106
9
847
1111
120
735
1450
2838
92
103
12
854
50
122
43
1832
2982
46
133
42
825
11
121
32
1417
2008
--STOP--
++STRT++
84
101
9
903
54
158
63
2676
5717
80
133
8
874
12
155
1
1890
4434
79
1114
405
864
43
120
49
3949
1913
47
101
46
629
50
559
408
1798
2999
47
100
11
893
12
150
4
1399
1808
78
483
8
789
68
121
48
1410
2861
45
145
8
863
155
159
823
1390
1825
46
128
53
932
10
155
1
3563
2963
86
132
9
868
15
174
51
1505
2949
296
1179
903
749
49
154
493
2014
2855
--STOP--
++STRT++
48
140
12
885
11
123
53
1929
3039
89
99
10
870
63
161
0
2513
4351
46
515
52
2151
58
123
471
1583
2863
48
137
9
917
13
158
33
1425
3080
45
453
37
859
55
120
1268
2888
2835
81
127
9
631
15
119
21
1442
2939
89
103
8
922
13
161
1
1359
2984
50
123
8
759
65
165
38
2681
2806
83
129
50
816
9
182
0
1818
2748
49
130
8
892
44
150
1
1450
1649
--STOP--
++STRT++
46
143
11
844
46
121
49
1839
2664
46
107
12
889
58
156
5
2545
6886
83
1687
40
2204
476
121
407
1816
5501
86
133
12
778
49
151
2
2539
5426
325
1191
51
1018
491
141
734
3646
1730
45
140
8
750
16
162
38
1985
1963
47
141
12
821
12
119
44
2586
2937
78
1103
53
845
55
120
305
1944
2933
79
143
9
746
52
150
1
1662
1941
91
146
40
951
62
150
0
1322
1849
--STOP--
++STRT++
47
140
8
915
18
163
42
1372
2896
46
486
61
784
14
157
3
2612
2927
88
153
11
934
1147
122
1092
2504
3181
48
100
54
819
51
122
1
1373
2955
45
139
12
889
15
159
46
3623
4219
87
101
11
937
52
367
0
1870
5530
83
102
53
787
13
119
41
1811
2924
47
99
34
904
18
148
3
3564
5745
82
143
11
894
11
175
0
1395
2901
50
134
9
958
11
160
39
2429
2962
--STOP--
++STRT++
46
126
9
867
21
125
53
1868
2845
74
103
8
861
17
127
3
1446
2786
46
111
56
907
45
153
35
4689
2048
87
138
54
658
45
122
6
1477
4321
46
105
15
931
80
559
1643
1599
2929
49
106
9
845
46
164
2
1406
2757
48
102
50
845
52
157
4
1409
1907
75
99
12
801
395
120
1376
1452
2902
86
106
56
967
56
166
3
4549
2994
91
104
47
797
14
122
46
1889
2841
--STOP--
++STRT++
47
125
52
828
53
166
697
1891
5761
76
105
13
870
72
120
442
3176
2949
76
144
50
732
58
167
0
1772
2958
47
104
16
958
49
126
1
1801
4270
85
1184
8
1205
383
123
463
1923
1719
79
104
50
882
12
163
2
1299
2787
48
130
73
863
14
117
44
2764
2951
51
161
14
802
1488
169
482
1380
1878
78
133
8
907
14
122
29
1917
1736
47
138
11
924
16
122
40
1430
2780
--STOP--
++STRT++
47
128
51
803
64
151
2
1440
4288
48
104
56
933
50
122
319
1914
1767
266
1187
897
882
47
167
715
2000
2904
76
130
8
870
16
120
61
1796
1953
71
146
50
785
56
122
37
3633
1874
46
132
8
757
39
177
34
1489
4069
95
493
401
906
48
156
417
3789
1767
49
99
10
858
52
122
3
1893
2879
45
102
49
925
16
121
1
1857
2907
91
146
65
931
108
1099
368
1679
1969
--STOP--
++STRT++
301
413
39
1088
711
122
232
2783
5602
49
102
57
922
52
125
24
2531
1731
46
100
10
758
43
160
2
1845
2899
81
103
10
821
50
162
0
1488
2891
1281
479
61
1829
12
120
1204
1878
2705
46
131
62
706
13
121
44
1931
4158
330
1078
122
2098
50
119
733
2732
1797
76
125
9
694
13
124
15
1250
2859
48
103
46
955
40
125
2
1653
1841
85
100
9
809
45
151
104
1820
1753
--STOP--
++STRT++
336
337
26
1197
1300
164
723
2661
4220
45
134
7
959
44
121
128
3512
1785
88
140
52
888
17
412
34
1411
4196
47
137
8
895
45
122
3
1489
4208
90
123
51
824
13
158
84
1959
2811
82
133
51
952
41
154
1
2691
2946
47
124
8
919
17
156
42
1485
1715
46
132
8
830
29
166
3
1950
1736
77
99
8
738
46
152
0
1767
5505
49
102
70
931
11
1358
385
2629
1817
--STOP--
++STRT++
85
130
10
886
19
123
6
1936
4367
86
100
47
956
14
121
0
1818
2709
325
151
11
922
1230
122
413
1701
1715
48
107
9
848
13
123
43
1409
4352
50
125
42
834
20
171
1234
2663
2841
92
124
10
916
60
122
61
2684
4318
85
135
11
848
13
125
47
1376
1942
49
101
46
911
13
120
5
1329
2809
49
1325
474
844
63
177
396
3452
2946
45
100
12
941
13
179
36
1395
4466
--STOP--
++STRT++
46
125
51
703
11
124
19
1455
2869
47
130
8
754
12
119
44
1780
2913
47
99
10
979
13
159
8
1844
4262
46
99
9
932
17
157
39
1421
2927
90
100
38
974
36
172
45
1508
2921
46
99
10
885
12
120
0
1358
4410
73
124
52
866
1504
119
395
2722
4439
48
153
20
874
53
123
41
1517
4106
45
130
16
817
53
158
52
1798
2824
47
103
44
868
14
124
2
2636
4316
--STOP--
++STRT++
379
450
8
788
371
171
677
1403
2905
84
140
51
886
37
501
468
1710
5776
82
105
10
851
62
157
2
2658
2892
46
127
10
700
15
124
5
1936
1955
49
1144
48
850
1107
119
815
1772
4175
45
105
54
784
53
156
1
3683
1721
74
123
47
767
14
119
48
1855
1757
45
115
56
897
1218
124
430
3639
5482
91
125
38
863
12
170
3
1378
2907
78
100
11
909
48
119
3
1746
2866
--STOP--
++STRT++
46
110
47
845
14
119
0
1818
4061
85
141
50
800
35
174
3
2491
1985
91
101
52
911
12
158
2
2643
2970
81
1157
55
860
1132
165
382
4468
2871
86
138
9
797
52
163
44
1618
5618
76
138
12
958
48
167
4
1361
4200
90
131
55
984
13
164
318
1810
1846
48
129
9
992
14
124
3
1787
2875
49
133
12
935
15
121
4
1869
2880
103
102
66
929
58
126
254
2192
1859
--STOP--
++STRT++
48
103
10
638
15
121
1
1804
2964
46
103
8
915
57
161
35
2533
2852
45
101
50
921
10
168
33
2696
3044
81
130
56
869
13
117
6
2665
3092
49
137
11
763
86
159
298
1368
2843
82
137
33
732
21
146
37
2626
1793
49
136
61
876
15
153
44
2720
4393
51
467
46
750
43
162
34
1657
3009
70
121
7
772
17
123
1
1354
1847
45
124
10
709
14
121
32
1838
1852
--STOP--
++STRT++
81
141
10
973
12
158
42
1324
1938
46
102
11
823
41
122
52
1392
5596
84
134
56
894
15
121
53
1325
3056
134
1219
13
1909
18
127
314
1880
2062
46
107
39
919
39
155
0
3574
2628
45
107
10
965
40
155
30
1756
5533
45
98
14
949
52
456
771
1396
2857
46
104
10
934
35
119
3
2574
2868
80
126
42
850
92
180
742
2489
2703
89
135
11
857
17
145
1
1902
1936
--STOP--
++STRT++
89
134
10
746
14
121
35
1622
4428
90
100
12
865
17
124
27
1976
2703
47
139
12
936
15
166
2
1929
4055
52
102
9
744
13
122
7
2597
1505
47
133
59
878
15
123
36
3180
1932
49
99
10
855
50
126
6
1487
4428
45
127
10
867
9
123
46
1704
1954
46
167
9
936
1225
151
1387
1719
1832
73
131
49
908
53
120
5
2682
4089
47
121
10
899
43
125
49
1920
2871
--STOP--
++STRT++
96
135
8
947
12
124
44
1895
1990
45
126
54
664
15
123
3
1932
3008
45
479
12
1048
372
161
459
1503
2902
46
132
12
823
41
160
4
1441
1871
49
141
13
983
68
120
36
1953
4275
340
1158
88
1185
14
152
1672
1911
2903
87
104
55
922
57
145
434
2708
2613
45
102
11
944
34
167
25
1485
4402
46
133
49
817
19
155
654
4811
4932
76
102
8
916
63
127
0
1839
6958
--STOP--
++STRT++
94
122
60
894
50
156
370
1799
2991
89
147
47
835
41
120
51
1838
2829
79
456
52
751
59
162
1
2064
5491
47
103
47
1008
14
161
823
2656
1849
95
130
47
843
12
158
327
1804
1946
94
1215
64
795
37
162
405
2651
1580
48
130
11
669
17
171
3
2709
2949
436
1138
110
936
73
150
399
2819
3499
46
99
45
1031
49
120
47
2735
2804
47
148
48
742
18
148
44
2582
4216
--STOP--
++STRT++
47
135
45
921
52
121
263
2480
4256
116
854
9
1323
21
122
462
1995
3796
75
139
10
915
61
120
20
1904
2937
45
133
47
839
15
169
2
1645
1726
48
860
484
940
45
163
987
1816
2769
46
140
9
947
56
149
35
2573
4414
81
134
64
841
56
120
34
2692
2992
47
1169
12
702
455
126
1282
2513
1801
97
141
8
866
59
150
0
1409
3107
49
1095
9
854
53
122
420
2583
3015
--STOP--
++STRT++
73
97
9
741
13
120
700
3465
3350
89
1016
9
1037
389
148
773
2641
6018
80
126
9
996
48
122
0
1349
2873
52
103
52
957
13
121
37
1877
2759
47
99
10
785
19
582
1334
2566
1976
81
133
12
880
18
120
307
1866
4190
46
526
58
903
52
120
1267
2200
4382
75
134
42
758
37
189
429
1841
1696
87
138
51
946
53
149
53
1866
3501
376
360
163
871
13
121
439
1358
2850
--STOP--
++STRT++
48
103
8
953
13
119
28
1745
1696
47
100
10
884
17
163
4
2560
2923
450
1404
451
864
42
123
801
2460
1849
46
124
44
844
48
348
1334
2709
2942
50
146
40
921
53
121
29
1922
2960
47
485
11
806
15
119
50
1974
4201
83
143
47
719
444
122
1058
1823
3068
50
104
9
885
15
168
110
1967
1852
46
100
10
729
57
124
1
1757
3008
448
1376
42
1125
464
157
420
1480
6900
--STOP--
++STRT++
84
130
48
735
38
121
43
1845
2882
101
144
9
863
56
123
0
1763
2971
86
110
50
929
77
1079
415
1729
4213
76
114
48
824
12
120
3
1407
4232
48
1082
50
861
54
160
1792
1854
4817
81
137
43
998
69
173
3
2588
1735
48
126
37
844
14
170
1
1777
4261
102
1340
48
885
18
143
415
1830
4103
88
128
66
925
12
120
101
1423
3077
46
103
9
817
47
172
5
1432
2896
--STOP--
++STRT++
83
135
11
947
47
165
59
1861
2710
93
101
8
953
17
119
0
1405
2996
502
1331
80
1931
16
165
364
1433
3472
84
99
62
933
13
122
4
1787
2719
80
123
37
670
10
162
42
1549
3037
85
134
36
816
13
158
75
1871
4332
89
100
12
866
16
122
29
2500
1921
46
137
10
836
13
156
44
1848
4151
45
502
1245
944
18
120
1712
2718
1797
74
129
9
964
13
165
49
1832
1871
--STOP--
++STRT++
48
125
11
657
15
165
666
2112
4694
75
409
38
1818
12
125
419
1588
4721
47
123
71
990
47
120
129
2596
2729
45
136
44
684
11
118
1
2573
1703
76
1135
53
787
47
156
1102
2076
2523
92
131
51
973
11
164
0
2568
1863
46
142
35
852
54
156
39
1487
1777
50
1317
498
1032
10
124
958
2502
4323
46
100
8
849
43
170
40
2735
4327
79
111
51
863
51
119
42
1483
4360
--STOP--
++STRT++
45
140
9
915
14
119
0
1742
1867
47
137
10
955
72
162
3
1384
5757
89
1086
56
823
13
118
43
1886
1768
47
561
40
856
12
180
506
1526
2881
46
105
46
908
12
120
44
3483
4263
75
104
15
979
57
121
50
2559
4232
51
1114
47
720
17
120
1
1967
2915
84
126
12
727
46
1085
453
1829
2767
47
129
11
928
57
124
351
1257
1997
46
1195
56
905
9
123
392
2487
2838
--STOP--
++STRT++
74
130
11
818
44
120
2
1416
1903
47
102
9
773
17
152
4
2632
4100
47
1161
51
827
13
166
268
2621
4214
46
119
8
713
1165
121
433
1595
1918
48
100
43
918
8
156
0
2664
2891
48
103
44
768
56
150
1
2816
4194
1209
811
110
848
17
164
369
3546
2019
74
103
48
892
96
1145
426
1719
5616
87
101
9
884
12
120
38
1918
2880
47
129
10
866
42
166
45
2560
2869
--STOP--
++STRT++
79
417
49
1219
51
154
1016
1999
4236
45
101
8
774
17
152
1128
2725
4254
46
133
8
914
56
119
25
1335
4186
46
125
10
791
1357
160
409
1851
4097
85
106
49
831
50
174
2
2608
1719
93
136
56
946
11
150
381
2672
2992
87
102
8
866
45
159
40
1801
4202
88
101
10
961
65
121
35
1434
7006
70
1105
360
800
45
119
1922
2521
4289
46
132
57
889
14
120
4
2814
2844
--STOP--
++STRT++
80
351
140
1769
249
124
333
3570
4304
78
132
12
919
46
135
1009
2582
4295
85
106
10
839
13
152
3
2581
4115
48
103
42
950
10
122
0
1808
1935
91
107
44
944
23
163
37
1843
4283
90
132
44
814
10
121
43
1433
3038
84
464
11
948
62
170
1
1787
2954
83
1209
61
853
10
122
0
1938
1700
48
137
8
867
70
157
35
1409
2998
81
100
13
936
10
178
1
1868
2845
--STOP--
++STRT++
48
103
42
829
17
121
2
1379
4384
49
816
15
778
9
160
317
1444
1835
46
132
12
897
12
504
1752
2621
2997
48
104
10
1179
50
125
0
1977
1869
46
103
60
893
11
152
1767
1851
4180
84
97
52
1026
50
124
6
1410
1809
75
133
58
950
9
123
41
2574
1763
50
100
49
885
52
2059
374
1699
2885
103
102
12
807
55
122
5
2606
1893
97
144
56
936
13
164
1539
1940
2991
--STOP--
++STRT++
47
136
10
852
46
156
696
1940
4391
81
125
8
697
127
162
435
1907
4377
48
100
43
749
39
172
55
1430
4377
76
136
52
844
14
156
39
2016
2973
83
151
47
852
145
547
1259
1881
2739
84
96
42
888
55
163
5
2705
1782
45
363
61
879
49
122
4
1869
4272
85
153
47
826
49
169
3
1252
1735
92
103
10
767
12
168
36
1729
2858
48
157
11
822
119
119
1379
1769
2774
--STOP--
++STRT++
46
101
8
927
47
120
5
2703
5584
49
130
57
954
59
151
2
2639
1944
533
1324
28
1806
42
119
337
1861
3088
83
95
60
809
11
122
48
2737
2632
82
136
68
916
11
160
1
1820
1896
371
1454
175
1415
46
127
421
2618
4411
46
128
39
849
61
158
5
1844
1773
46
128
51
758
44
122
6
1496
3019
47
133
10
898
15
164
44
1950
2657
45
102
15
844
53
124
0
1847
2922
--STOP--
++STRT++
84
358
43
921
328
122
318
1813
3015
85
102
51
750
45
486
443
3441
2842
85
112
10
906
14
163
2
1889
2961
90
131
54
985
75
145
0
1960
5777
49
101
10
864
13
155
38
2547
2763
80
102
47
857
67
122
36
3462
4281
325
1212
159
861
56
158
1019
3476
3987
49
99
50
740
58
159
0
2694
2866
85
153
45
962
53
139
1
1958
1748
85
127
57
928
17
123
72
1904
4298
--STOP--
++STRT++
47
104
10
986
71
148
5
1888
3028
76
386
9
752
13
164
6
1448
1724
51
1272
11
1941
966
374
723
1931
1930
46
134
11
862
48
152
97
1504
1621
94
100
15
768
60
119
41
2702
1810
73
134
9
929
8
165
0
2645
4244
48
1155
51
817
16
121
220
2764
2901
74
101
48
749
45
171
45
1763
4269
87
99
40
1206
17
159
3
1825
2722
47
98
8
986
14
159
39
1373
4134
--STOP--
++STRT++
49
131
42
919
58
177
35
1305
1649
100
128
52
849
15
157
2
2029
2988
46
1130
55
912
67
169
761
2005
2715
81
102
9
806
1110
159
1618
2468
5510
83
102
60
862
45
126
43
2482
4297
88
134
53
772
11
123
0
1465
4202
47
143
12
770
49
159
2
1958
3020
45
435
52
826
62
163
1260
3421
4316
49
97
11
935
17
1410
1064
2012
4302
45
100
9
909
11
120
39
1227
1707
--STOP--
++STRT++
49
100
11
827
15
171
5
3392
1800
90
129
15
948
13
152
1
1414
4428
88
137
46
780
19
441
388
1448
2909
82
103
14
752
12
123
38
1823
3081
82
123
14
855
50
119
36
2547
2926
46
100
56
842
56
160
39
1852
2870
91
105
11
757
58
160
0
1431
1776
299
1119
95
886
14
157
391
4356
5515
46
131
12
911
10
119
34
1773
1951
50
133
48
866
64
165
36
2595
4254
--STOP--
++STRT++
83
134
51
908
11
157
53
2548
2016
87
100
10
785
60
141
42
1411
2915
45
104
52
907
12
120
0
1391
1820
48
107
8
894
71
562
1043
1868
1841
45
129
58
886
53
176
0
1800
3092
79
100
11
804
17
156
8
2434
1695
417
433
1362
1198
10
117
366
1598
3024
45
100
12
928
47
120
42
1847
1884
79
105
58
913
47
126
27
1461
2836
75
149
10
908
65
156
0
1883
2892
--STOP--
++STRT++
82
121
10
934
9
154
0
3571
1942
49
103
48
910
52
167
3
1437
3294
80
137
8
837
412
167
1339
1351
4182
89
105
12
723
13
120
173
1406
4244
74
131
58
825
11
163
46
1889
1833
1382
787
25
2313
58
120
947
1866
2883
68
102
66
929
15
1237
1409
1970
6898
46
101
13
946
15
154
33
1667
4185
77
126
11
865
12
220
36
1399
3010
49
1866
410
780
41
120
364
1324
2955
--STOP--
++STRT++
45
135
10
835
51
122
4
1394
1872
46
102
11
985
49
120
4
1627
1876
107
137
58
891
45
121
164
2656
1893
100
142
11
857
40
120
1
2681
4210
46
133
8
763
11
119
37
1828
2787
1411
794
52
2044
20
173
214
1845
4367
93
102
52
848
51
120
0
2685
5710
95
103
8
640
62
120
45
1858
1759
86
1078
78
1725
13
154
961
1865
5967
85
132
13
833
70
120
40
1482
1777
--STOP--
++STRT++
95
141
47
918
100
339
746
1758
2721
81
134
9
856
53
164
45
1393
4288
48
130
9
1027
57
165
44
1873
4193
49
135
10
964
15
157
36
2538
2979
1015
1189
13
947
15
150
230
3033
3028
97
130
52
918
12
146
1282
1898
1845
82
101
43
1027
13
153
1
1721
4110
49
105
65
707
381
168
461
2003
4225
45
154
12
942
12
154
39
1445
3062
93
134
46
973
13
123
33
1940
1913
--STOP--
++STRT++
76
134
52
1029
51
125
7
1701
2925
45
920
13
911
43
122
332
1321
1955
84
106
10
906
97
534
1643
1399
2030
47
105
52
960
15
120
0
2730
4420
1110
854
44
2159
14
160
350
2506
1906
85
101
40
985
41
120
1
1431
1982
45
127
9
911
12
152
0
1945
5546
46
1108
9
1958
20
174
329
1490
3030
47
104
9
959
50
159
35
2484
2962
92
103
57
861
73
120
36
1808
1849
--STOP--
++STRT++
47
102
14
907
68
122
2
1570
1859
51
135
53
848
11
121
4
1381
3020
97
1386
45
1984
49
123
763
1714
6130
48
130
61
844
11
124
44
3681
1818
47
100
49
860
19
126
39
1874
1824
46
1124
55
747
15
123
361
2687
2827
45
138
15
879
37
124
33
1927
1909
98
106
51
884
55
122
6
4644
2867
91
128
67
879
68
120
51
3555
1914
47
132
32
888
50
163
42
2562
4354
--STOP--
++STRT++
76
411
432
858
54
122
1079
1868
2921
46
122
8
902
43
560
870
1403
4204
67
125
144
796
12
123
1
1706
2954
45
99
12
964
53
163
0
1413
1661
79
99
8
932
61
123
183
1771
4270
46
132
56
844
15
161
2
1833
4389
86
109
58
876
23
150
399
2749
4209
50
103
47
903
16
132
887
2619
4278
76
135
46
765
16
150
8
2677
4326
79
1579
52
909
57
120
1595
2891
5680
--STOP--
++STRT++
46
104
8
778
13
122
32
2638
1880
94
103
9
820
11
161
8
1811
2982
731
473
374
778
56
149
1024
1976
2648
47
122
38
904
11
122
4
2723
5399
49
134
13
826
17
173
4
1929
4123
87
129
52
821
55
144
6
1673
2998
90
106
39
783
57
150
2
2739
2903
46
100
42
979
45
120
46
1862
2818
79
1051
42
939
34
151
0
2311
1929
47
104
8
815
49
123
51
1841
2806
--STOP--
++STRT++
47
362
402
815
16
154
316
2779
2821
86
132
15
793
35
570
825
2593
2822
85
101
11
861
13
119
34
1868
4128
45
130
9
973
16
159
2
1842
4334
72
136
48
659
71
120
41
1480
1886
45
134
9
913
39
157
38
2690
2940
449
1329
72
805
46
119
394
1641
4247
46
145
54
966
61
167
6
3436
4194
47
104
37
827
13
119
48
2623
1781
45
101
40
970
9
124
468
1954
4164
--STOP--
++STRT++
48
132
45
938
12
120
1
1389
5646
389
124
8
777
13
122
5
1402
1975
91
134
9
827
15
1110
1339
1885
3149
50
139
9
900
13
164
35
2604
4405
76
137
11
679
16
124
2
1415
1827
47
101
11
984
142
1078
376
2477
4065
96
97
12
993
15
120
45
1353
2819
86
106
11
899
16
167
36
1896
2931
100
574
99
1883
17
166
1303
3428
5630
46
101
58
952
12
149
33
1890
4308
--STOP--
++STRT++
80
131
9
888
57
122
8
1956
1820
297
383
301
800
40
166
367
3752
5640
87
137
285
840
19
121
413
1344
1726
49
141
36
933
52
120
41
2567
4187
89
124
75
909
59
120
6
1911
2868
78
125
8
870
119
1066
403
2512
2879
84
100
9
853
13
158
1
1818
1916
92
138
48
924
15
160
28
1809
1776
50
577
1157
793
11
164
433
1625
1648
46
103
55
1019
62
121
29
1949
3025
--STOP--
++STRT++
87
103
56
771
16
157
1
2591
2896
47
116
11
878
12
162
36
1435
4225
46
142
55
752
16
149
3
2670
4208
87
137
65
864
12
123
0
1441
2778
47
133
46
922
98
123
79
2680
4305
89
101
13
896
48
119
4
1395
3035
46
99
37
878
296
129
0
3775
4416
84
501
8
1853
58
147
951
1912
4637
49
100
12
696
37
167
54
1738
2823
46
100
12
809
57
152
0
2706
1853
--STOP--
++STRT++
47
122
11
962
52
159
33
1894
2934
95
141
40
902
54
120
1
1846
1931
46
790
405
990
13
119
753
2914
6908
47
136
14
860
17
248
479
1994
5647
77
135
10
886
18
125
1
1425
2927
46
102
48
731
48
153
38
1732
2914
77
833
52
776
50
124
2
2649
2728
45
99
53
843
56
160
6
2825
1818
47
1420
780
827
47
156
412
1827
4126
80
127
54
1037
11
152
26
2612
2820
--STOP--
++STRT++
89
144
199
879
16
121
5
1522
2800
87
131
9
999
45
166
41
1365
5568
86
130
42
869
69
159
50
2673
4441
73
144
61
910
387
156
973
1386
2838
71
137
8
943
16
123
37
1823
2984
240
99
10
906
11
156
3
1336
5573
1028
514
379
1303
62
163
1290
2688
3616
46
1324
10
863
12
159
219
2585
2856
47
126
46
922
45
153
0
2755
2753
90
102
8
716
56
154
311
1337
4151
--STOP--
++STRT++
47
100
11
871
60
153
2
1361
2938
46
137
51
868
48
168
3
1812
2837
85
102
50
1066
17
143
42
2836
5738
50
469
57
868
59
121
37
4000
2870
89
100
44
910
12
160
1711
1999
2905
89
107
11
839
8
153
36
1464
2645
49
99
50
786
48
123
60
4535
2939
1146
865
92
720
56
123
484
2642
2898
84
128
57
888
44
119
37
1830
5629
97
129
62
862
50
119
362
3010
4238
--STOP--
++STRT++
67
101
8
814
15
168
2
1438
1853
46
128
49
1035
12
154
28
1402
4354
503
1188
121
911
13
119
364
3029
2999
95
100
49
818
40
120
42
1419
4335
83
101
9
788
17
119
0
1722
3121
49
511
46
720
43
125
1589
2325
1717
81
99
48
926
68
1112
427
1831
3045
88
137
50
648
16
151
6
1759
4337
47
137
56
791
18
122
0
2636
2859
88
100
13
826
15
205
1741
1825
4323
--STOP--
++STRT++
82
390
14
865
14
172
724
1895
3042
45
142
7
904
471
157
463
1775
1661
93
148
12
941
26
158
56
2630
1951
258
137
61
597
49
124
53
1401
2974
335
1120
95
2252
52
156
732
1327
2801
47
137
10
758
44
145
40
1903
2769
88
130
40
916
21
159
51
1375
2727
89
100
56
863
55
457
756
1838
3011
46
138
42
780
57
120
33
3687
1865
80
102
37
739
56
120
737
2341
3004
--STOP--
++STRT++
46
104
43
948
63
123
41
1392
2771
85
133
10
801
18
131
44
3468
2787
46
101
51
868
84
1061
416
2487
2848
47
137
51
851
46
164
32
1357
1761
46
103
60
855
48
174
36
1416
2852
79
106
45
877
51
166
0
2670
1841
81
143
51
771
195
124
812
2835
4071
47
131
37
731
14
153
33
1408
2886
46
142
10
870
16
157
2
1336
2823
46
141
46
748
16
1143
451
1793
3017
--STOP--
++STRT++
46
102
40
798
60
163
2
2468
1877
89
131
57
876
11
121
2
1709
2756
47
100
59
889
13
120
2
1926
2952
73
424
46
941
22
121
3
1772
1841
443
1410
80
878
14
158
421
2650
3454
82
103
7
814
14
155
52
1810
3000
92
149
8
902
14
151
42
1492
1861
90
1114
385
890
9
121
353
1498
3081
84
1169
48
1061
9
119
708
1791
1876
46
99
7
811
10
124
0
1887
5629
--STOP--
++STRT++
83
442
317
957
61
155
408
1445
4255
47
105
10
817
115
1070
445
1812
2900
83
132
12
805
54
166
34
1825
1705
86
141
55
952
14
149
35
2827
3026
47
124
11
959
12
121
99
1674
2959
84
101
13
906
14
150
7
1247
2924
47
101
59
932
22
163
56
3702
4320
1268
521
123
859
62
154
1325
3717
3001
47
99
10
920
13
127
41
1620
4230
72
137
43
957
71
144
0
3593
2827
--STOP--
++STRT++
87
138
43
984
43
146
53
1803
1950
85
106
53
816
13
161
42
3607
1960
47
500
13
805
15
154
397
4405
2069
47
140
44
903
20
121
0
2117
1860
46
102
9
914
16
154
0
1743
2722
76
502
42
949
47
160
1012
1830
2850
48
137
9
858
14
121
41
1961
2882
47
126
49
774
53
119
37
2576
2935
48
1128
42
860
16
158
807
1821
2821
95
104
52
997
11
119
34
1434
4320
--STOP--
++STRT++
95
132
13
909
16
120
45
3526
1869
46
100
9
882
15
122
39
3547
1821
90
106
39
864
164
516
398
1410
2944
45
105
10
861
55
121
39
1811
3030
83
101
63
703
47
153
41
1851
4429
77
134
10
868
56
124
3
1835
2719
69
122
11
871
54
124
4
2563
5708
481
1167
436
931
59
163
406
3374
1842
47
101
8
949
53
125
0
1470
2042
47
105
13
725
64
370
39
2653
4328
--STOP--
++STRT++
47
133
11
1055
58
122
39
1470
1643
45
103
65
990
49
123
42
4682
2893
77
104
9
930
58
158
1
1449
1837
989
512
466
815
17
156
474
4696
3069
80
104
50
766
17
1178
1335
3478
2935
85
109
58
897
11
124
2
1894
2870
98
125
49
789
57
123
4
1819
3052
47
198
45
1089
418
123
263
1894
5556
46
102
8
873
9
161
5
1910
2812
85
141
14
887
12
125
36
1737
1881
--STOP--
++STRT++
48
130
46
962
12
121
51
1410
4142
417
132
50
690
48
169
0
1888
2072
49
100
59
818
44
126
67
1818
1940
89
135
55
972
55
154
33
1893
2893
47
105
65
831
12
122
22
1316
3054
47
129
9
942
23
172
38
1347
2803
87
101
11
959
12
122
47
2452
5459
83
102
49
914
14
150
48
3519
2893
46
108
13
927
13
153
0
1482
4237
91
109
50
741
14
155
1964
1408
1836
--STOP--
++STRT++
54
353
15
765
12
166
37
1311
2763
47
378
9
835
11
151
48
2551
2982
71
101
9
795
35
159
3
2725
1860
46
141
49
969
62
168
0
1347
3069
77
566
1169
837
17
119
430
1549
2106
48
142
10
821
61
120
0
1222
2831
78
101
51
819
51
149
3
1317
1773
46
131
9
782
9
1414
397
1811
2821
45
452
51
674
64
125
56
1429
2857
46
103
50
821
78
146
48
1801
2849
--STOP--
++STRT++
322
473
97
1040
12
166
1166
3558
2672
45
141
9
952
12
492
492
1902
2932
47
138
59
912
14
122
40
2732
2809
78
124
8
861
13
155
1
1919
2933
47
484
11
994
10
119
1043
1940
5620
84
142
44
837
62
121
1
1832
1814
46
142
9
879
49
125
3
1731
1876
84
141
52
819
8
121
55
2524
1769
90
130
52
865
17
435
3
2640
3059
48
1100
8
954
10
158
383
2192
4824
--STOP--
++STRT++
89
368
8
1030
37
159
49
1362
4379
80
489
44
826
11
172
1203
4122
1707
84
131
35
770
64
160
109
3565
2911
45
103
12
814
10
156
0
2441
4264
47
388
60
695
16
124
626
3632
4094
84
140
44
891
13
154
0
1759
2945
50
1338
46
879
12
122
1217
2051
3047
49
132
11
892
488
121
1304
1673
1629
89
130
36
869
12
167
41
1962
3122
46
130
11
888
13
121
126
1456
3078
--STOP--
++STRT++
87
109
47
946
44
159
1
1915
4364
46
560
58
855
19
161
37
1911
2860
84
147
44
953
1178
165
426
3410
3061
89
131
9
1022
20
166
15
1426
1811
49
98
11
917
19
160
3
2591
3060
45
139
8
848
18
159
39
2642
1803
87
104
10
910
46
1524
1311
1767
2967
47
137
46
831
22
119
39
1390
2860
46
142
9
829
38
121
320
1899
1820
48
797
396
966
53
160
355
1963
3541
--STOP--
++STRT++
47
100
44
864
57
119
34
2590
4417
46
107
49
826
49
165
1
3747
2943
483
1315
102
823
58
120
1874
4554
2948
85
142
46
909
17
122
25
3559
3145
46
102
9
699
53
119
4
1856
4179
84
516
13
777
426
125
452
1293
2879
91
133
53
948
59
118
4
1874
2810
86
135
8
816
9
120
2
2615
2776
101
1271
8
876
55
134
1020
1885
2782
84
139
50
945
21
121
2
2835
5571
--STOP--
++STRT++
72
108
59
833
10
122
230
2011
2677
89
1204
8
1843
80
124
378
1879
4879
94
143
8
1018
56
122
2
1821
2875
97
130
12
854
14
126
3
1816
2931
367
1250
45
1264
12
156
2037
1412
4076
48
138
52
915
12
124
4
2737
6861
48
135
71
832
14
119
37
2708
2997
128
1064
61
2069
14
159
726
1912
3907
46
100
49
881
14
155
39
2783
1528
86
101
11
937
67
143
1351
2663
2936
--STOP--
++STRT++
81
137
42
884
70
170
723
1947
4261
48
140
8
921
137
166
1064
1480
4247
98
155
7
790
11
121
34
2687
1959
48
106
10
1032
72
162
0
1845
4282
102
519
1199
813
18
121
1189
1952
4181
93
102
58
908
41
162
2
2031
4434
45
100
11
920
60
159
1
1902
2955
83
125
10
792
42
120
51
1840
2819
84
106
10
793
109
504
833
1764
1916
82
126
10
789
64
159
28
2432
1777
--STOP--
++STRT++
45
100
39
772
46
125
42
1998
4337
94
128
10
909
50
122
0
1270
1931
46
1033
10
991
71
120
284
2121
4260
47
132
48
901
67
120
1697
1812
1729
95
139
8
839
48
122
338
1464
4192
44
121
56
1002
141
124
340
3775
4345
103
99
50
846
15
119
0
2633
3083
503
1137
75
2035
61
147
422
1935
6876
46
100
58
738
15
172
0
1855
4209
49
1090
460
928
66
167
378
3542
1882
--STOP--
++STRT++
93
393
53
1086
49
120
351
1439
2859
46
135
9
902
36
163
419
1452
2873
85
102
10
703
15
154
0
1380
1836
87
138
47
959
12
123
33
1314
5700
82
136
14
749
15
158
49
1789
2966
76
102
42
871
13
121
33
1944
4358
532
1373
18
1964
50
120
388
2006
3007
87
98
8
1067
52
159
32
1460
2940
95
130
44
669
58
155
5
2678
1937
83
138
9
884
53
165
315
2561
2923
--STOP--
++STRT++
45
104
44
924
54
178
1
1802
2845
47
132
11
800
11
151
3
2583
2832
91
105
46
834
11
153
0
1351
2906
94
132
41
856
72
164
370
2676
1695
49
1140
484
867
20
121
261
2812
2812
86
134
58
783
51
120
1
3641
2889
77
138
12
825
11
121
44
2658
2780
46
134
9
848
59
119
2
1660
2862
47
106
8
1071
13
120
43
2658
5666
74
106
36
848
71
123
34
3642
4220
--STOP--
++STRT++
71
130
9
756
15
170
36
3634
4263
79
99
11
928
36
159
24
1754
2826
47
135
47
868
15
122
4
2559
1622
84
531
11
933
12
168
46
1784
2830
47
147
41
646
175
557
1772
1680
2890
99
98
41
764
59
148
33
3552
5620
87
138
8
900
46
164
1
1857
4045
370
1180
130
871
40
152
1288
2008
1889
47
143
8
928
10
159
274
1921
1694
49
139
54
977
71
123
34
1787
4110
--STOP--
++STRT++
85
102
59
873
15
122
42
1935
2889
91
146
9
804
61
155
42
1851
1857
86
337
11
843
52
122
46
1334
2862
85
132
11
878
132
125
806
1847
2864
83
136
8
877
52
124
42
1875
1850
95
143
45
872
56
168
39
1879
1894
84
142
9
874
35
120
60
1409
4278
439
1307
87
917
49
174
323
2486
1953
94
130
11
815
12
157
31
1868
1851
49
103
46
963
45
162
24
2718
1649
--STOP--
++STRT++
46
136
10
924
13
125
45
1800
1752
46
1021
13
835
42
120
287
1848
2859
46
109
49
707
62
127
150
1915
1624
86
101
58
734
12
124
61
1973
4311
45
101
54
670
14
685
470
1910
4269
84
129
57
927
55
123
33
2632
1670
49
494
57
1187
18
124
365
2625
1793
97
109
47
882
44
181
479
1482
2866
85
139
49
840
47
152
1
2654
1824
46
1312
48
801
13
171
1894
1772
3927
--STOP--
++STRT++
46
98
38
773
52
121
3
2506
4338
46
104
45
913
13
164
42
2581
4223
47
183
48
721
140
408
476
1420
1729
45
133
57
983
57
155
50
1483
2951
80
103
9
823
40
159
2
1854
1781
80
99
8
875
21
153
89
1796
1760
47
99
8
708
12
122
43
1842
2985
46
296
9
1017
18
126
42
1624
6905
74
101
41
885
43
1702
348
1779
2024
81
128
48
852
46
159
40
2095
4338
--STOP--
++STRT++
47
143
10
717
12
171
1
1986
1871
150
838
51
705
46
122
3
1858
2017
47
108
43
793
12
125
3
2708
3066
85
101
52
825
55
159
49
2038
1856
1041
800
105
763
57
168
378
1458
3053
81
102
9
722
12
158
2
3466
1913
95
105
51
947
11
162
1
1923
2996
84
99
49
805
12
121
91
2643
1775
87
103
8
997
10
151
5
1751
1716
46
140
8
811
50
122
1258
3386
1856
--STOP--
++STRT++
87
102
45
974
51
159
1256
1827
3046
354
400
75
1689
50
122
1002
3661
1628
86
99
7
810
11
123
901
1688
2921
49
137
46
771
53
163
4
1822
1874
89
102
54
785
10
120
0
3697
2847
76
134
56
813
44
167
1
1872
4233
81
143
8
732
9
121
33
1798
2974
48
134
54
746
64
123
2
1382
1831
88
104
44
850
61
121
44
1952
2861
80
104
10
840
59
120
6
1785
1780
--STOP--
