++STRT++
244626
368590
87621
77847
87443
69959
545226
86771
77909
244699
368517
87589
77849
87382
70049
545153
86716
77854
244713
368629
87641
77846
87424
70054
545174
86723
77833
263915
372295
91060
77846
87367
69928
576676
86688
81807
244898
368593
87661
77848
87426
70055
545267
86664
77927
244630
368477
87641
77848
87496
69943
545260
86701
77801
244688
368536
87608
77848
87432
70001
545248
86805
77826
244785
368491
87599
77849
87508
69945
545121
86785
77851
244689
368590
87678
77847
87403
69929
545217
86758
77917
244617
368533
87657
77848
87569
70049
545205
86712
77904
--STOP--
++STRT++
244659
371343
87600
80148
87452
69940
547534
86772
77930
244829
368609
87643
77848
87526
69912
549617
86616
77853
244676
368620
87613
77847
87522
69940
545098
86786
77919
244688
368487
87612
77844
87502
70074
545107
86812
77845
244687
368622
87679
77848
92144
70087
575596
86774
77860
244886
368579
87584
77847
87606
70043
545146
86589
77866
246967
375230
87637
77846
87475
70071
545241
86646
77897
244935
368594
87619
77845
87450
70061
557657
86550
77899
244664
368602
87649
77845
87435
70080
545238
86671
77810
244712
368667
87675
77844
87464
69930
545145
86703
77847
--STOP--
++STRT++
244641
368585
87654
77848
87394
70048
545108
86765
77928
244922
368630
87637
77847
87407
69954
545137
86767
77833
244731
381974
91612
77847
87479
69980
596334
86772
77902
244680
368500
87689
77847
87536
70063
545244
86830
77871
244706
368545
87649
77845
87501
69946
545138
86834
77862
246995
389994
87659
82129
87492
70087
549713
86745
81929
244704
368556
87649
77846
87522
70067
545163
86698
77903
244886
368549
87663
77845
87476
69935
545228
86769
77812
244737
368511
87696
77849
87463
75747
566840
86601
77870
244706
370361
87585
77848
87492
69940
545233
86660
77821
--STOP--
++STRT++
244620
368622
87592
77848
87494
70064
545134
86811
77872
244614
368619
87636
77847
87498
70056
545156
86844
77808
249147
372362
112546
77848
87411
69943
549551
86770
82191
244801
368613
87619
77843
87462
70059
545137
86585
77907
244851
368514
87606
77848
87473
70083
545111
86654
77838
272645
373372
112117
77848
87433
69958
588282
88639
77829
244716
368500
87620
77846
87501
69944
545120
86708
77910
244863
368475
87640
77848
87444
69927
545215
86745
77888
244729
372861
91480
77848
87472
70100
553413
86722
77829
244842
368577
87638
77849
87426
69972
545125
86771
77843
--STOP--
++STRT++
244700
368562
87623
77848
87476
69949
545250
86758
77958
244724
368535
87628
77848
87404
69950
545213
86665
77830
244866
391017
87646
77849
91663
70004
557523
86656
77868
244691
368661
87596
77848
87471
69948
545124
86756
77853
244858
368525
87581
77848
87423
69958
546310
86618
77908
244661
397267
87589
113194
109235
69926
549603
86675
77932
244710
368632
87615
77848
87462
69925
545228
86710
77901
244766
368587
87585
77848
87506
69946
545209
86640
77922
244734
372729
89605
77848
87449
69925
575365
92429
77907
244734
368488
87567
77847
87390
70070
545253
86754
77831
--STOP--
++STRT++
244664
368521
87684
77846
87413
69947
545192
86788
77938
244686
368574
87651
77848
87430
69953
545230
86540
77842
244719
368464
87681
77849
87433
69940
545129
86675
77837
244690
372401
87635
77849
87434
70062
567056
90735
77839
244857
368558
87708
77848
87473
69976
545253
86855
77927
244684
368481
87649
77846
87499
70064
545111
86738
77971
244892
368526
87657
77849
87420
70065
545140
86755
77828
244689
368640
87703
77846
87426
69934
545123
86835
77789
246727
396573
91727
77845
87567
69941
548824
86742
77783
244689
368568
87610
77845
87490
69935
545265
86685
77790
--STOP--
++STRT++
246954
370648
87675
77848
87603
79920
547440
86799
77806
244672
368539
87642
77847
87412
69932
545169
86733
77798
244706
368536
87564
77846
87566
69910
545133
86703
77839
247052
390252
91664
77849
87518
69956
566226
90414
77903
244713
368593
87651
77849
87460
69936
545260
86591
77913
244658
368596
87673
77844
87440
69963
545221
86794
77799
266969
380425
87608
77846
87424
69977
549216
86754
81845
244668
368592
87674
77848
87477
69952
545242
86730
77790
244657
368600
87673
77847
87517
69974
545270
86772
77847
244871
370184
87627
77847
87428
69927
548696
86834
77802
--STOP--
++STRT++
244663
368482
87651
77847
87384
69975
545108
86760
77922
244712
368519
87646
77847
87464
69941
545238
86745
77911
244703
372313
87634
77848
121085
69961
549132
86757
77908
244872
368620
87641
77846
87445
69938
545245
86644
77893
244629
368609
87601
77849
87425
69968
545146
86760
77918
244694
368576
87599
77846
87427
70047
545210
86745
77876
244699
368525
87675
77847
87443
70071
545124
86698
77912
244687
368532
87607
77847
87417
69945
545220
86512
77818
244698
368558
87575
77848
87469
69935
587813
86798
77907
244656
368560
87698
77847
87526
70049
545234
86791
77922
--STOP--
++STRT++
244890
368604
87651
77849
87578
69978
545114
86591
77969
244712
368604
87615
77848
87443
70051
545233
86829
77814
249347
396999
87621
101432
87441
70076
547223
86795
77915
244769
368425
87605
77849
87550
70048
545212
86616
77826
244885
368522
87622
77848
87428
70023
545262
86750
77834
244893
398984
87647
77848
141485
71884
550299
86604
77957
244704
368618
87630
77845
87423
69938
545117
86751
77926
244731
368579
87654
77844
87440
69945
545256
86674
77867
244731
392056
87686
77846
94099
69941
547230
86794
77926
244880
368570
87641
77848
87395
69981
545077
86744
77937
--STOP--
++STRT++
244960
368596
87633
77847
87448
69926
545097
86787
80393
244720
370892
87625
77847
87428
70082
567605
86885
77939
244863
368559
87634
77848
87467
69962
545255
86703
77854
244718
368683
87649
77849
87429
69948
545209
86584
77838
244702
368544
87581
77844
87490
70013
545203
86768
77916
244646
368639
87596
77846
87430
69921
545202
86770
77912
244702
389066
103780
77848
87491
69935
549162
90374
77933
244693
368593
87613
77846
87539
70065
545245
86826
77895
244641
368691
87661
77848
87498
70048
545106
86800
77923
244685
368649
87660
77848
87456
91403
549225
86811
77818
--STOP--
++STRT++
244878
368518
87636
77842
87445
70055
547490
86686
79974
244721
371287
87618
96790
87498
69938
566667
86849
77970
244711
368563
87602
77847
87449
70085
545162
86752
77878
244678
368604
87640
77846
87421
69957
545219
86767
77815
244877
373470
91570
77848
87496
70096
567427
86844
77936
244869
368610
87656
77848
87488
69955
545176
86796
77959
244884
368547
87627
77848
87490
69941
545194
86564
77905
244673
368683
87583
77847
87409
69953
545115
86835
77854
244842
368526
87618
77848
87531
70082
576767
86678
77955
244661
368552
87631
77848
87479
69939
545109
86733
77806
--STOP--
++STRT++
244663
368632
87590
77848
87524
69964
545240
86783
77962
244687
368555
87619
77848
87377
70066
545119
86547
77967
244897
368541
87573
79438
87446
69916
545107
86676
77910
246647
372752
87604
77848
121897
69955
550017
86748
77898
244679
368568
87645
77845
87488
70050
546850
86811
77841
244656
368621
87619
77847
87536
69918
545158
86756
77973
263957
372939
87650
81833
87493
69928
576554
86743
81692
244723
368658
87618
77847
87333
70057
545123
86852
77924
246856
368691
87670
77843
87453
69965
575457
86829
77818
244689
368593
87666
77845
87487
70079
545154
86664
77924
--STOP--
++STRT++
247269
371058
87647
79856
115721
71687
555718
86788
77923
244710
368549
87722
77845
87532
69934
545259
86777
77874
244671
368602
87635
77848
87399
69932
545093
86751
77875
244842
368575
87599
77849
87592
69937
545236
86760
77897
244684
368545
87645
77847
87394
73393
574317
86746
77851
244888
368517
87585
77848
87588
69920
545257
86669
77827
244690
368526
87620
77848
87507
70046
545195
86722
77911
244666
372122
87578
77848
87405
69952
589407
88373
77963
244886
368545
87636
77848
87475
69945
545153
86764
77910
244849
368466
87622
77846
87501
69957
545137
86584
77935
--STOP--
++STRT++
244658
368666
87545
77849
87428
69940
545141
86856
77911
244664
368583
87568
77847
87462
70052
545242
86681
77897
244691
368491
87568
77847
87437
70090
545217
86727
77968
244702
368517
87658
77847
87413
70075
546379
86726
77865
244638
368495
87640
77849
87458
69923
545112
86698
77864
244790
368515
87570
77846
89153
69929
549079
86763
77798
244638
368556
87646
77847
87531
73829
559592
86772
77841
244642
368528
87658
77847
87444
70081
545222
86732
77847
244627
368622
87580
77849
87504
69994
557167
90330
77905
244619
368588
87605
77849
87497
70063
545150
86804
77890
--STOP--
++STRT++
244813
368599
87651
77845
87490
70057
545229
86726
77925
244674
368540
87598
77848
87452
69942
550618
86746
77813
442927
368542
87594
77845
87463
69951
545253
86707
77932
244675
368616
87610
77845
87421
69960
545232
86722
77798
244688
398931
87645
77845
87481
70047
549202
86719
77918
245057
368569
87581
77847
87404
73962
574279
86770
77768
244767
368587
87595
77848
87473
69974
545167
86681
77822
244666
390476
87570
77845
87465
69923
545203
86772
77920
244910
368600
87625
77845
87395
69943
545239
86747
77860
244701
368528
87605
77847
87457
70049
545119
86756
77911
--STOP--
++STRT++
244658
368453
87600
77845
87490
69942
545276
86727
77836
244734
368550
87574
77847
87481
69952
545086
86786
77930
244667
368561
87660
77846
87456
69966
545222
86778
77839
244682
368584
87541
77848
87449
69933
545208
86738
77949
244669
393017
87613
77848
87431
69966
595489
86737
77883
244871
368571
87616
77846
87436
69943
549251
86649
77848
244712
368549
87621
77848
87514
69941
545161
86741
77812
247122
368609
87682
77848
87490
70070
545243
86687
77896
244880
387633
87646
77848
93095
70032
546814
86805
77833
244628
368696
87596
77844
87526
69951
546688
91310
77973
--STOP--
++STRT++
244694
368520
87567
77848
87439
70069
545128
86681
77913
244843
368564
87618
77847
87421
70066
545252
86670
77952
244703
368574
87593
77848
87540
70054
545117
86673
77918
249327
393213
87655
77843
87424
69935
559204
86860
77939
244687
368643
87600
77848
87468
69959
545118
86819
77905
244709
368655
87668
77846
87463
69948
545140
86820
77893
244705
380535
91772
77846
87429
70046
576081
90864
77876
244671
368567
87588
77847
87526
69943
549604
86760
77932
244680
368543
87596
77847
87483
69945
545235
86637
77819
244695
380554
91666
77848
87539
70060
577233
86726
81622
--STOP--
++STRT++
244839
368543
87616
77844
87529
69939
555159
86765
77959
244715
368741
87659
77847
87530
70058
549276
86700
77925
244710
368624
87616
77843
87463
69976
545107
86823
77916
244721
368627
87666
77847
87455
69922
545203
86789
77823
244663
368648
87677
77846
87462
69948
545106
86748
77830
244840
368657
87657
77847
87390
70057
545100
86646
77938
244728
368583
87675
77848
87437
70063
545189
86761
77915
244672
368588
87620
77849
87524
70052
548569
86779
77831
244665
368622
87661
77847
87420
70070
545235
86715
77897
244890
368501
87579
77848
87477
69932
545124
86692
77816
--STOP--
++STRT++
244856
368639
87610
77848
87386
69928
545129
88945
77864
247027
380833
89747
77847
87464
69910
549871
100316
77928
244674
368674
87629
77848
87487
69976
545133
86780
77900
244757
368631
87576
77848
87440
71550
545141
86749
77880
244871
373038
87624
77848
91870
69953
551163
86730
77912
244652
368532
87607
77848
87459
70092
545219
86691
77837
244701
368460
87598
77847
87421
69937
545125
86829
77902
244793
398291
87585
77848
87449
70072
550011
86801
77883
244826
368599
87699
77847
87416
69946
545206
86734
77902
244601
368630
87590
77848
87553
69912
545141
86747
77936
--STOP--
++STRT++
244943
370575
89556
77846
87422
70072
555113
86829
77771
244714
368652
87682
77845
87430
70051
548901
86781
77908
244666
368604
87641
77848
87433
70060
545146
86684
77837
244686
368571
87659
77848
87448
70041
545116
86832
77810
254451
398267
87654
109181
91265
70093
557853
86791
77951
244690
368588
87653
77848
87482
69923
545128
86846
77810
244910
368493
87603
77846
87495
69964
545101
86671
77968
244906
368639
87675
77848
87428
69968
545103
86712
77935
244843
372653
87636
77847
87567
69940
571632
86723
81247
244716
368631
87640
77849
87401
69944
545107
86737
77836
--STOP--
++STRT++
244690
368485
87623
77847
87445
70046
545212
86792
77901
244681
368616
87598
77848
87488
69986
545116
86735
77935
244859
368483
87701
77848
87401
70044
545126
86665
77813
244665
368599
87558
77848
87572
69928
549454
86799
77887
244708
368566
87668
77847
87354
69937
545208
86778
77910
244642
373024
87588
77849
87367
70079
576265
90776
77901
244890
368540
87580
77847
87470
69929
587092
86772
77820
244899
368608
87570
77847
87446
70059
545203
86621
77842
244703
368600
87583
77847
89441
91545
549693
86758
77914
244687
368587
111311
77844
87457
69946
545229
86792
77824
--STOP--
++STRT++
244685
368482
87634
77845
87453
69941
545130
86804
77893
256068
371384
87628
77846
87418
69925
567702
86819
81514
244843
368537
87567
77848
87393
70056
586306
86540
77837
244833
368559
87637
77848
87429
69933
545077
86792
77856
244903
391735
91563
77848
87386
69949
548504
86817
81564
244681
368420
87649
77849
87395
70065
545140
86789
77908
244871
368569
87587
77847
87472
70059
545220
86828
77853
249028
399224
87676
98449
87323
69950
549532
86781
77944
244672
368618
87630
77848
87420
69970
545082
86784
77893
244817
368601
87622
77847
87525
69922
545200
86667
77823
--STOP--
++STRT++
244649
368698
87710
77846
87484
69939
545228
89656
77887
265153
377702
92045
77848
87409
69937
567666
91266
77895
244701
368583
87600
77846
87452
71997
549633
86643
77928
244697
368575
87715
77849
87542
70004
545181
86795
77770
244784
368579
87595
77844
87457
69933
545085
86808
77939
244699
368486
87626
77845
87437
69951
545191
86785
77845
244840
368687
87602
77848
87530
69938
545249
86799
77877
244716
368595
87699
77848
87494
70111
545205
86702
77851
244723
368503
87656
77846
87387
69968
545207
86827
77825
244642
372988
87598
77849
91431
69944
575877
86665
77814
--STOP--
++STRT++
244724
368648
87662
77846
87419
69969
555439
86754
77812
244723
368602
87652
77848
87401
69923
549620
86696
77833
244689
368707
87642
77847
87397
69931
545154
86716
77876
244867
368648
87661
77846
87473
69945
545112
86769
77901
244694
368515
87618
77846
87504
69945
545137
86657
77860
244667
368541
87673
77848
87494
70087
546824
86684
77814
244720
398981
87605
77845
93379
70083
549466
86724
77866
244652
368520
87628
77846
87460
70066
545138
86678
77922
244671
368629
87652
77847
87524
70044
545126
86781
77864
244893
368584
87659
77848
87522
70058
549023
86680
77939
--STOP--
++STRT++
244859
368547
87602
77847
87435
70025
545263
86807
77797
244866
368556
87602
77845
87392
70068
545103
86760
77849
244659
372845
87673
77848
87461
70073
548871
90102
77785
244646
368545
87594
77848
87407
101663
567789
86814
77966
244899
368512
87606
77845
87489
69963
545241
86843
77870
244632
368616
87637
77848
87554
70092
545150
86805
77859
244737
368668
87655
77848
87428
69931
545192
86694
77968
244741
368519
87589
77848
87495
69982
545168
86760
77792
246540
389580
87667
77847
122341
70084
548979
86789
77857
244662
368588
87600
77848
87531
69935
545131
86791
77881
--STOP--
++STRT++
244687
368634
87598
77846
87420
69963
545165
86759
77849
244673
368596
87544
77848
87448
69932
545106
86709
77869
244604
368499
87642
77849
87520
69956
549522
86778
77859
244750
368688
87641
77848
87444
69957
545102
86622
77887
244685
368557
87631
77845
87483
69949
545141
86733
77902
244692
370677
87613
77844
87436
69942
547292
91047
77908
244695
368518
87670
77848
87461
99037
551160
86635
77924
244701
368547
87620
77847
87528
69940
545156
86607
77919
244737
368553
87603
77848
87406
70077
549606
99446
77809
244739
368629
87643
77845
87392
69927
545127
86751
77908
--STOP--
++STRT++
244708
368502
87628
77847
87475
69930
545243
86667
77787
247286
392426
87594
84325
87465
69917
550878
86705
77958
244668
368591
87615
77847
87422
70057
545154
86780
77896
244697
368626
87588
77849
87468
69946
545239
86805
77889
244705
392318
91941
77847
87512
69976
595722
89462
77907
244866
368602
87648
77848
87475
70040
545275
86736
77909
244702
368496
87602
77846
87460
70055
545105
86671
77899
259215
392396
87678
81889
87509
69928
549249
90585
77786
244713
368551
87649
77846
87485
70055
545221
86652
77913
244720
368569
87661
77847
87408
70084
545096
86823
77825
--STOP--
++STRT++
244734
368623
87592
77848
87457
70005
545239
86689
77810
244703
368538
87671
77846
87446
70079
545260
86677
77967
244609
368546
87640
77848
87485
70110
545107
86824
77839
244664
368694
87617
77847
87544
73996
549061
86623
77846
244858
368584
87662
77847
87433
70072
545215
86723
77822
244685
368596
87626
77849
87550
69930
545138
86721
77891
244700
368728
87663
77848
110893
69939
549584
86558
77909
244886
368655
87565
77848
87474
69929
545112
86811
77931
245426
368588
87592
77847
87487
69966
545228
86843
77839
244647
368544
87601
77847
87396
70044
545133
86808
77776
--STOP--
++STRT++
244871
368493
87679
77849
87518
70062
545218
86743
77919
244621
368577
87651
77844
87501
69944
545231
86742
77842
244652
368564
87558
77843
87322
69926
545112
86787
77870
246500
390310
87598
110812
87491
70050
557948
86644
108396
244736
368651
87639
77849
87490
69962
545258
86800
77842
244692
368515
87650
77847
87437
69939
545234
86617
77935
265584
380306
91413
77848
87513
69939
575444
90751
77853
244886
368618
87600
77847
87472
70057
585845
86779
77852
244865
368610
87661
77847
87610
69968
545143
86812
77859
245069
370247
87615
77847
87376
69943
548513
99886
77881
--STOP--
++STRT++
244684
368465
87615
77847
87454
69937
555261
86664
79866
244705
368650
87615
77846
91603
70084
549215
86721
77899
244709
368614
87625
77846
87505
69965
545215
86658
77806
244685
368636
87612
77846
87428
69946
545212
86772
77814
244709
368592
87648
77846
87446
69934
545099
86700
77909
244733
368493
87565
77845
87444
70067
545132
86737
77825
263575
372526
87623
111353
87466
69935
575981
86591
77916
244871
368599
87654
77846
87480
70074
545114
86741
77895
244698
368561
87565
77848
87460
70035
545105
86733
77918
244679
398771
87597
77848
87495
69933
549202
86622
77783
--STOP--
++STRT++
244693
368630
87605
77847
87500
69929
547141
86714
77924
244692
368476
87629
77846
87438
69939
545196
86580
77833
244680
368508
87623
77844
87421
70081
545206
86616
77817
244864
368566
87567
77846
87453
103124
557435
86639
77898
244724
368558
87582
77846
87439
70063
545229
86739
77894
244741
368550
87658
77846
87503
70096
545114
86747
77949
244695
368547
87631
77847
87419
69970
545236
86819
77910
244684
368536
87669
77847
87526
69944
545272
86788
77913
244687
368580
87546
77847
87425
70089
545207
86583
77881
244682
368653
87697
77848
87456
70056
545163
86745
77913
--STOP--
++STRT++
244735
368535
87614
77846
87476
70062
545224
86634
77890
244707
368675
87653
77847
87393
69944
545104
86823
77829
244762
368528
87609
77848
87457
114584
546803
86776
77894
244722
368653
87577
77848
87501
69937
545241
86783
77888
244667
368474
87595
77847
87422
69952
545141
86758
77920
244681
368589
87680
77848
87496
91378
549099
86615
77877
244678
368479
87571
77848
87500
70049
545159
86758
77908
244687
368585
87691
77848
87467
69937
546663
86742
77963
244719
397101
87640
101080
92924
69940
546851
86749
77883
244691
368540
87599
77843
87429
69941
545244
86723
77824
--STOP--
++STRT++
244612
368567
87602
77848
87443
69916
545192
86683
77890
244863
370790
87579
77848
87461
70060
545154
86559
77799
244878
368573
87633
77844
87497
91445
549347
86740
77846
244685
370009
87630
77848
87317
69950
545091
86699
77897
244673
368581
87649
77847
87459
70060
549092
99633
77909
244875
368500
87620
77846
87530
69935
545120
86722
77797
244863
368516
87660
77846
87536
69957
545180
86729
77858
244835
392019
99906
77846
87401
70047
567035
91005
77821
244829
368616
87622
77842
87509
73921
575105
86771
77849
244836
368607
87610
77846
87445
69947
545214
86767
77921
--STOP--
++STRT++
244708
368596
87583
77846
87463
70081
545095
86675
77844
244720
368535
87611
77847
87454
69960
545229
86782
77794
244686
368547
87652
77848
87458
69942
545113
86703
77902
244771
368527
87593
77848
87480
69954
545207
86738
77816
244684
368624
87640
77849
87490
69958
545223
86692
77861
244691
368570
87674
77848
87511
74283
548715
86767
77885
244873
368581
87591
77848
87450
69966
545178
86784
77909
265259
380320
87574
77844
87477
73873
557235
86791
77853
244706
368664
87596
77848
87418
70078
545249
86640
77908
244669
368526
87632
77847
87566
69954
545191
86786
77841
--STOP--
++STRT++
244728
368642
87617
77847
87456
70059
547569
115972
77946
246938
380291
95026
77848
87444
69928
567432
86813
77878
244684
368578
87637
77848
87471
69932
545249
86731
77839
244712
368617
87636
77845
87408
69935
545208
86751
77830
249280
398892
87685
101418
87413
69936
549913
86847
82105
244860
368635
87635
77846
87501
69962
545232
86793
77833
400445
368594
87611
77848
87406
69941
545113
86765
77889
247187
389982
87649
82948
87485
70000
566538
86768
77827
244705
368581
87708
77848
87485
70067
545224
86787
77954
247328
368616
87605
77845
87412
69947
575353
90758
77784
--STOP--
++STRT++
245068
368653
87612
77847
87499
69949
545234
86744
77959
244685
368490
87641
77848
87452
69971
545201
86790
77928
244805
368566
87640
77848
87428
69945
547020
86672
77879
247823
368628
87681
77848
87418
74683
557039
86689
77825
244704
368644
87643
77847
87344
70062
545207
86830
77835
244698
368637
87676
77847
87483
69946
549158
98995
77815
244897
368558
87661
77848
87404
70078
545133
86664
77826
244683
368491
87630
77847
87419
69958
545238
86821
77808
244829
392074
87611
77847
87522
70040
548746
86872
77852
245023
368589
87620
77848
87409
69932
545114
86716
77826
--STOP--
++STRT++
244881
370690
87616
77846
87542
71713
555334
86753
77885
244684
368562
87619
77848
87441
92968
568701
86811
77799
244723
368667
87636
77848
87486
70053
545102
86779
77913
244661
368509
87627
77846
87393
69961
545245
86757
77828
244641
368486
87623
77847
87502
70108
545113
86765
77844
244718
368636
87630
77846
87544
69947
549437
86639
77777
244694
368618
87634
77847
87463
70066
545137
86682
77923
244866
368585
87656
77847
87465
69940
545245
86684
77918
244704
368494
87629
77847
87574
70055
545121
86795
77819
244693
368492
87635
77844
87583
75336
587612
86536
77793
--STOP--
++STRT++
244694
368413
87600
77848
87555
70086
547548
120930
79648
244887
370734
87655
95993
87418
69944
566279
86727
90422
244861
368503
87646
77848
87476
69965
545152
86633
77924
244728
368559
87586
77848
87499
70061
545216
86774
77871
244635
368601
87606
77848
87546
69940
545253
86779
77851
244640
368664
87600
77846
87565
76265
586410
86777
77908
244719
368604
87620
77844
87414
70058
545147
86789
77890
247307
368560
87648
77847
87543
70061
545206
86706
77805
244700
368598
87597
77846
87487
69942
545235
86758
77829
244601
368668
87637
77847
87465
69929
545225
86721
77819
--STOP--
++STRT++
244709
368602
87634
77844
87488
69935
545126
86634
77837
244690
368656
87611
77846
87485
70060
545213
86770
77925
247208
390361
91617
77847
87413
69957
565924
90749
77865
244689
368525
87650
77847
87526
69913
566377
86793
77825
244876
368597
87588
77848
87475
69925
545207
86799
77835
244820
368596
87616
77844
87531
70086
545144
86722
77841
244896
390732
89529
81187
87458
70050
575485
86656
77861
244854
368519
87576
77847
87463
70044
545144
86750
77924
244752
368627
87632
77847
87472
70063
545134
86672
77967
244695
368638
87626
77846
87507
70063
549968
86822
77843
--STOP--
++STRT++
244701
371331
90041
77848
87470
70068
562237
86838
77940
244755
368578
87684
77846
87481
69938
557554
86723
77944
245037
368502
87676
77844
87573
70049
545227
86748
77928
244874
368443
87590
77849
87507
70096
545257
86775
77929
264402
373221
87617
81828
87524
69934
551868
86709
77944
244698
368593
87634
77848
87482
70058
545268
86736
77830
244877
368613
87646
77848
87448
69944
545103
86746
77904
244719
381060
87557
77848
87458
70043
576175
91263
77931
244897
368622
87559
77845
87490
69932
545266
86749
77809
244657
368587
87615
77845
87439
69944
545239
86605
77826
--STOP--
++STRT++
244817
368560
87622
77847
87476
70047
545125
86761
77847
244692
368514
87642
77848
87525
70084
545211
86820
77851
266134
383765
87593
99815
87425
70079
549583
86640
82144
244684
368584
87666
77845
87562
69993
545155
86608
77979
244711
368557
87653
77847
87452
70050
545097
86744
77899
244666
368585
87704
77844
87448
69918
550237
86745
77800
244677
368567
87614
77848
87487
74322
557476
86712
77839
244669
368589
87584
77848
87511
69931
545098
86727
77833
244666
368614
87611
77844
87479
70060
547230
86726
77931
244790
368588
87655
77847
87518
70042
545244
86606
77966
--STOP--
++STRT++
244656
368656
87592
77847
87458
70066
545132
86646
77836
244861
368597
87677
77848
87509
69946
545226
86569
77898
244627
368621
87569
77849
87501
70051
545156
86676
77761
244771
368528
87623
77849
87484
69980
548588
86754
77899
244636
368596
87665
77846
87455
69948
545205
86818
77799
244691
368571
87672
77847
87514
70078
545215
86751
77851
244840
372184
87658
77848
87485
70072
545240
86708
77855
244867
368667
87645
77846
87477
69953
545250
86728
77845
244813
368490
87606
77848
87490
69951
545113
86782
77910
251235
390669
87628
101950
87463
69948
566278
86695
81954
--STOP--
++STRT++
244596
368581
87623
77848
87488
69940
545264
86810
77942
246972
373245
111839
77847
87375
69933
549367
90492
77810
244685
368597
87654
77847
87419
69947
597348
86791
77895
244713
368630
87659
77848
87482
70052
545200
86790
77867
244594
368565
87661
77846
87381
70053
545219
86681
77864
244694
368598
87625
77848
87457
70082
545239
86627
77808
244685
370460
87643
77848
87482
69928
545156
86656
77882
244895
398943
87642
77846
87384
69930
549609
86633
82188
244935
368604
87605
77848
87480
70005
545216
86693
77919
244704
368579
87604
77848
87397
70077
545250
92500
77840
--STOP--
++STRT++
244833
368590
87616
77846
87504
69936
545101
86811
77849
244697
368646
87643
77848
87490
69924
545227
86791
77805
244710
368643
87678
77848
87416
69925
545233
86783
77797
244888
368613
87603
77846
87435
102074
549557
86722
77830
244728
368601
87604
77846
87448
70090
545115
86677
77863
244704
368582
87613
77844
87504
91961
549473
86633
77901
244677
368587
87662
77847
87486
69943
545136
86671
77960
244668
368453
87584
77846
87502
70064
545235
86748
77889
244688
368634
87655
77846
87483
70030
545235
86754
77890
249132
372807
87620
82229
87448
69943
549485
86685
77892
--STOP--
++STRT++
244690
371033
90311
77846
87483
69983
555870
86690
77862
244874
368670
87606
77848
87386
89116
549596
86659
77925
244877
368541
87559
77846
87485
70065
545154
86781
77924
244675
368561
87609
77847
87390
70030
545242
86853
77918
244725
368620
87636
77847
87511
75778
576670
86639
77850
244645
368585
87715
77841
87502
69941
545138
86641
77898
244713
368615
87678
77849
87399
70064
558035
86679
77937
244843
368622
87623
77846
87472
70114
545127
86667
77815
244855
368541
87607
77845
87436
69935
545118
86729
77928
244683
368557
87682
77848
87436
75814
566940
86824
77865
--STOP--
++STRT++
244755
368586
87642
77848
87460
70052
547056
96714
77854
244880
381965
87649
77845
91450
69936
549142
86781
77905
244719
368575
87626
77847
87504
70063
545117
86644
77816
244687
368628
87600
77847
87500
70056
545105
86663
77840
244721
381263
87668
77848
87442
69952
550743
140832
80122
244896
368563
87600
77847
87360
69934
545226
86741
77888
244858
368538
87639
77847
87515
69962
545110
86686
77897
244681
368639
87602
77844
87421
69984
545097
86828
77841
263696
372713
87672
77848
91082
70057
574570
86696
77938
244716
368458
87610
77848
87469
69938
545146
86799
77862
--STOP--
++STRT++
244766
368630
87608
77847
87416
69944
545264
86718
77912
244595
368492
87547
77844
87400
69903
545214
86778
77925
244811
368567
87642
77848
87363
69948
545162
88518
77924
244840
368606
87633
77848
87460
69946
545119
86828
77960
244869
368577
87604
77847
87453
70059
545117
86657
77908
244809
372281
87636
77845
87337
69969
547299
91050
77893
244701
368623
87631
77848
87496
100806
569489
86805
77855
244821
368586
87619
77848
87435
70074
547245
86771
77926
244846
373165
89532
77848
87555
69917
549180
86661
77810
244696
368525
87631
77848
87497
70051
545109
86719
77890
--STOP--
++STRT++
244705
371400
87640
77848
87423
72820
590309
86799
77777
244617
368536
87600
77848
87506
100431
569514
86828
77896
244714
368550
87670
77848
87555
69930
545143
86837
77826
244668
368550
87596
77847
87399
69970
545134
86758
77847
244872
368711
87632
77846
87342
70079
545279
86851
77948
244879
368620
87624
77849
87539
69950
545103
86759
77902
244640
368614
87661
77848
87459
70045
545230
86805
77928
244874
368551
87682
77846
87564
70055
545199
86728
77865
244868
368639
87588
77848
87435
75903
586787
86765
77917
244709
368643
87552
77844
87459
69949
545083
86818
77949
--STOP--
++STRT++
244862
368632
87628
77845
87507
70043
545133
86786
77826
244717
368640
87593
77844
87506
70077
546792
86772
77818
244630
372527
87653
77847
87482
69948
549700
86747
77932
244677
368644
87639
77848
87565
73999
549759
86739
77920
244742
368576
87661
77846
87489
70065
545114
86759
77835
244859
368532
87662
77848
87499
69945
545206
86708
77840
244873
368531
87554
77848
87488
69948
545201
86844
77923
244653
373485
87636
77847
87457
69961
545259
86625
77908
244716
368562
87662
77842
87462
74096
556474
86816
77824
244701
368590
87624
77845
87480
69971
545193
86772
77857
--STOP--
++STRT++
244681
370628
87605
77849
87496
71724
555210
86781
77911
244679
368578
87629
77847
87479
69939
545240
86829
77837
244664
368632
87639
77847
87505
69947
545226
86756
77805
244888
401343
87577
77848
87523
70081
545122
86724
77826
245026
368664
87638
77848
87467
73325
557336
86840
77784
244647
368616
87640
77848
87479
70061
545122
86801
77827
244939
368599
87622
77847
87539
69926
545133
86805
77894
266249
380395
91348
77845
87477
69944
549008
90060
77903
244697
368608
87597
77848
87386
69937
545124
86698
77835
244907
368558
87611
77849
87432
70047
545263
86759
77855
--STOP--
++STRT++
244897
371067
87703
77849
87505
70050
545256
86601
77878
244767
368603
87622
77848
87445
70059
545232
86651
77907
249133
391841
91461
77848
87496
69977
549066
90118
77797
244877
368590
87638
77845
87408
101189
568347
86627
77862
244882
368502
87609
77848
87504
69931
545121
86542
77898
244684
397298
91642
77848
87365
70064
550679
86730
77872
244713
368576
87648
77849
87486
70033
545112
86827
77831
244708
368602
87686
77846
87484
70055
545221
86552
79521
244719
368597
87609
77846
87477
70064
545110
86809
77817
244682
368590
87616
88646
87457
70071
545087
86742
77966
--STOP--
++STRT++
244801
368625
87592
77847
87426
70049
545101
86667
77825
244631
368558
87665
77847
87370
69920
545128
86686
77797
244719
389279
101637
77844
87477
69929
557146
86755
77885
244731
368460
87625
77847
87392
69992
545244
86710
77836
244642
368582
87650
77847
87399
69991
545222
86722
77921
244868
390828
87584
101494
87478
70040
549737
86768
98495
244706
368534
87684
77849
87415
69936
545262
86779
77920
244690
368506
87700
77849
87456
69971
545214
86709
77838
244698
390189
87586
77847
87509
69934
550684
117251
77832
245894
368593
87695
77848
87454
70045
545221
86756
77944
--STOP--
++STRT++
244650
368557
87596
77848
87439
69955
555092
86699
77843
244708
368620
87672
77846
87456
69922
557340
86518
77916
244714
368570
87676
77848
87364
69954
545082
86714
77979
244631
433816
87583
77847
87490
69953
545153
86747
77826
244995
368654
87598
77848
87383
70076
545155
86765
77818
244644
368533
87693
77849
87522
70061
545237
110761
77921
244884
368653
87689
77848
87418
70079
545223
86769
77873
244873
368526
87681
77845
87481
69960
576127
86710
77866
245057
368574
87679
77849
87481
69931
553494
86689
77922
265163
380228
87583
111757
87494
69965
567190
86756
77900
--STOP--
++STRT++
244882
370978
90465
77845
87391
69962
568540
86780
77974
244734
368559
87631
77846
87414
74239
557965
86781
77849
244932
368644
87665
77848
87377
70070
545216
86739
77961
244867
368566
87639
77846
87473
69919
545108
86746
77880
244667
372588
87615
77848
87420
70052
575593
86743
81862
244634
368547
87617
77848
87486
69945
545171
86737
77850
244700
368607
87679
77847
87404
70069
545208
86834
77975
244881
368613
87603
77846
87492
70071
545155
86640
77925
244718
370932
87607
77846
87507
70062
549282
90395
77911
244714
368490
87610
77845
87488
70049
545247
86776
77896
--STOP--
++STRT++
244901
371424
87655
77847
87564
72159
561556
86821
77910
244714
368538
87584
77848
87523
69918
545169
86725
77922
244772
368587
87652
77849
87463
70091
545152
86565
77842
244721
368528
87627
77848
87520
69947
545221
86758
77908
249622
399338
87617
79619
145442
79898
549669
86768
77836
244710
368634
87631
77849
87466
70090
545260
86661
77912
247185
368582
87580
77843
87448
69960
545108
86795
77908
244908
368575
87632
77844
87462
69933
545237
86771
77791
244661
368602
87622
77846
87493
69976
545230
86676
77839
244868
368527
87616
77848
87503
73807
575771
86757
77921
--STOP--
++STRT++
244745
368478
87698
77848
87464
70026
545167
86760
77851
244700
368568
87630
77847
87473
69969
545251
86752
77832
244710
368552
87601
77844
87420
69949
545237
86835
77904
244870
368583
87646
77847
87412
69936
545117
86744
77854
244708
368561
87582
77847
89270
69953
575830
86683
77854
244686
368547
87650
77848
87526
69935
545101
86851
77853
244739
368609
87607
77848
87497
69935
545226
86757
77882
244697
399236
87655
77846
87411
69931
545116
86745
77858
244699
368528
87629
77848
87511
74318
557697
86755
77815
244678
368510
87622
77847
87419
70093
545230
86738
77780
--STOP--
++STRT++
244808
368478
87673
77845
87473
69932
545113
86820
77861
244718
368556
87642
77846
87476
70079
545258
86516
77896
244767
368555
87644
77848
87525
69928
545141
86692
77928
244820
368641
87630
77848
87542
69958
545143
86834
77875
244885
368538
87606
77848
87388
70041
545125
86736
77896
244878
368505
87639
77848
87490
69954
545247
86750
77857
244691
368537
87605
77847
87496
69945
545145
86670
77898
244882
380799
91758
77847
87418
69938
549383
90507
77894
244707
368641
87614
77848
87451
70070
545282
86803
77887
244689
368582
87654
77848
87455
69925
545244
86780
77828
--STOP--
++STRT++
244619
368527
87579
77848
87464
69932
545206
86605
77839
244685
368610
87571
77847
87466
70048
545148
86708
77887
244849
368636
87677
77848
87384
69941
545091
86817
77812
273077
372925
89460
77847
87521
69935
551686
86796
79844
244866
368608
87605
77847
87520
69957
545211
86701
77929
244674
368574
87615
77848
87462
69979
545113
86559
77830
244646
401049
87678
77847
87578
70059
551029
86790
77781
244676
368693
87596
77848
87506
73796
577163
86783
77891
244631
368620
87646
77848
87408
70072
545131
86655
77912
247221
398971
87639
82936
87476
69958
549296
86736
77840
--STOP--
++STRT++
244699
368490
87677
77848
87436
69960
545153
86635
77793
244677
368537
87655
77845
87397
70048
545140
86778
77910
244868
372466
87647
77846
87470
70079
549573
99344
77908
244736
369873
87629
77845
87432
70049
545221
86801
77844
244679
368587
87628
77846
87516
70043
547210
91093
77827
244646
368567
87660
77847
87519
70058
545156
86882
77903
244809
368559
87670
77849
87420
69942
545220
86810
77922
265433
373018
87625
102192
87455
71568
551802
86784
77971
244905
368652
87641
77848
87453
69940
545145
86837
77934
244748
368522
87669
77847
87480
69961
545232
86809
77822
--STOP--
++STRT++
244860
368593
87612
77844
87536
69945
545159
86811
77893
244717
368545
87608
77845
87490
69964
545128
86696
77896
244875
368565
87636
77848
87574
100952
566268
86851
77834
244677
368610
87651
77848
87463
69936
545103
86826
77948
247294
368654
87640
77848
87453
70039
575114
90428
77917
244644
368555
87632
77847
87492
69938
545270
86678
77931
244636
368629
87667
77848
87434
70074
545246
86850
77797
244701
368605
87583
77848
87471
70065
545212
86757
77816
248947
391446
87634
81205
87444
70061
596841
86769
77903
244700
368477
87612
77846
87515
69941
545221
86734
77906
--STOP--
++STRT++
244903
368576
87666
77845
87428
70059
545238
86683
77807
244664
368549
87636
77848
87485
70062
545243
88387
77829
244690
368585
87574
77847
87521
70049
545231
86737
77762
244699
368527
87656
77845
87519
91172
548885
86679
77831
244682
368457
87684
77846
87507
69948
545084
86684
77819
244714
368603
87581
77847
87354
70088
545215
86813
77888
244705
368622
87607
77848
87466
70065
545247
86757
77859
244752
368593
87662
77847
87413
69970
545240
86811
77853
244705
381180
87659
77848
87451
69990
548581
99454
77898
244655
368411
87622
77848
87440
69942
545212
86712
77928
--STOP--
++STRT++
246260
368472
87584
77848
87379
69941
545226
86731
77790
244868
377604
91304
77847
87415
69930
548821
90109
77884
244642
368613
87658
77848
87371
75434
585798
86762
77870
244682
368591
87631
77848
87533
70114
545111
86690
77914
246824
379753
87659
77846
87458
69914
548893
86755
77834
244864
368537
87636
77846
87396
69946
545159
86686
77850
244657
368553
87677
77847
87534
69952
545137
86810
77841
244837
368594
87670
77846
121586
69935
549239
86700
77950
244721
368576
87653
77848
87538
70058
545227
86852
77820
244690
368539
87608
77848
87475
70081
566316
90783
77908
--STOP--
++STRT++
244854
368657
87658
77848
87429
70076
545123
86778
77751
244660
368667
87667
77847
87470
69945
545130
86638
77921
244649
380359
100955
77846
87479
69985
548709
99738
77839
244817
368530
87637
77848
87433
69969
549232
86771
77855
244703
368612
87626
77848
87443
69941
545220
86769
77904
244878
380475
91384
77849
87510
69976
575605
90475
77845
244688
368592
87629
77845
87427
69932
549213
86713
77915
244706
368621
87618
77848
87350
69933
545131
86736
77840
244686
389254
87649
77847
87415
69929
566684
86746
77793
244716
398422
87594
77847
87548
69927
548910
86749
77894
--STOP--
++STRT++
244653
368648
87666
77845
87566
70111
545223
86820
77834
244660
368674
87700
77848
87554
69985
545129
86751
77953
244706
368617
87698
77848
87422
69916
545217
86560
77876
244716
368581
87573
77848
87417
69957
545113
86714
77864
244699
380572
91807
77846
87467
70085
575368
86780
81678
244693
368460
87677
77849
87367
69941
545093
86704
77807
244723
368511
87635
77848
87563
70071
545288
86785
77831
244812
368536
87652
77847
87467
69980
545126
86608
77894
244733
389621
87582
81573
87517
69929
575484
86747
77871
244824
368596
87592
77845
87590
70097
545134
86598
77853
--STOP--
++STRT++
244852
370602
87638
77847
87584
104014
547037
86740
77827
244720
368477
87618
77848
87474
70049
549233
86810
77872
244707
368587
87595
77847
87416
69958
545223
86661
77888
244718
368543
87648
77846
87470
69935
545149
86669
77842
244672
390090
91692
77845
87482
69925
548643
99196
77900
244732
368586
87588
77847
87505
69934
549223
86736
77862
244697
368593
87621
77847
87367
70060
545250
86710
77903
244876
368562
87565
77845
87563
69920
545141
86573
77957
246648
390358
87622
81512
87504
69980
550715
86662
77959
244735
368595
87681
77846
87484
70079
545124
86745
77862
--STOP--
++STRT++
244716
370281
87677
77848
87543
69961
545246
86745
77795
244714
368540
87628
77847
87497
69932
545117
86782
77871
244879
368590
87621
77847
87383
70062
545126
86671
77796
244899
368554
87605
77848
87484
69965
545129
86632
77963
244671
372770
91432
77849
87476
70073
574872
92447
77892
244887
368518
87699
77848
87385
69935
577418
86803
77858
244706
368666
87622
77849
87454
69962
545106
86530
77959
244717
368597
87623
77847
87400
69927
545127
86720
77894
244760
368506
87575
77848
87383
69934
545114
86543
77892
244775
368629
87692
77847
87449
70063
545188
86657
77902
--STOP--
++STRT++
244693
368580
87673
77848
87403
69937
545227
86804
77927
247136
380286
90074
77848
87518
69941
550996
139112
77798
244898
368539
87643
77846
87375
69967
545227
86675
77812
244648
368410
87618
77848
87487
69937
545132
86793
77854
244700
368634
87647
77848
87490
70049
545219
86660
77904
244869
368649
87668
77845
87492
82306
558465
86636
77844
244832
368606
87669
77845
87430
70057
545211
86834
77965
244705
368499
87614
77848
87511
69958
545102
86754
77868
249054
399267
87664
77845
87410
70119
549785
86838
77854
244826
368496
87603
77849
87517
69971
545299
86734
77913
--STOP--
++STRT++
244692
368548
87596
77845
87431
69945
545223
86703
77860
244661
386851
87579
77849
87393
69936
549647
86674
77938
244704
368583
87616
77847
87476
70068
545194
86669
77925
244664
382377
87637
77846
87473
69976
549251
86716
77829
244694
368473
87632
77848
87541
70050
545192
86746
77917
244710
368570
87641
77848
87520
69960
545128
86771
77927
244736
368557
87628
77844
87444
70088
545130
86849
77833
244832
368439
87595
77848
87466
70097
545157
86735
77911
244804
368604
87654
77846
87484
69937
545270
86778
77917
244693
396391
87625
77847
87452
70086
549268
86817
77803
--STOP--
++STRT++
244695
368628
87617
77845
87401
69932
545255
86692
77909
244701
368564
87594
77847
87513
70071
545137
86751
77904
244712
368605
87622
77849
87474
75278
566445
86765
77831
244725
368496
87632
77844
87467
69969
545090
86775
77940
244636
368666
87584
77847
87428
70089
545230
86701
77900
244693
395945
87655
77848
108992
70057
557448
86754
77834
244694
368533
87551
77848
87415
70097
545153
86761
77823
244879
368604
87596
77847
87484
69933
545097
86852
77852
264833
372827
87643
77848
90940
70063
548915
86661
77923
244621
368601
87630
77847
87462
69927
545226
86649
77910
--STOP--
++STRT++
244689
368532
87648
77847
87439
69946
555331
86671
77856
244914
368646
87614
77844
91624
70069
548799
86761
77843
244666
368674
87629
77848
87405
69934
545152
86785
77846
244711
368634
87599
77848
87438
69931
545238
86766
77930
246394
389417
87585
83198
87450
69948
566217
86745
77821
244696
368595
87565
77847
87443
69983
545115
86730
77916
244701
368619
87624
77846
87507
69981
545231
86819
77861
244615
368556
87688
77848
87473
69928
576877
86856
77813
244658
368640
87614
77849
87402
70061
545120
86804
77909
245046
368595
87659
77849
87405
70093
545224
86677
77962
--STOP--
++STRT++
244643
368571
87616
77845
87552
70006
545213
86691
77848
244659
368603
87693
77848
87445
70064
545241
86761
77788
251842
391136
87637
102928
87438
69950
549685
86717
82178
244653
368562
87664
77848
87535
70089
545155
86741
77930
244733
368591
87717
77848
87479
70069
545136
86653
77843
252004
391353
87677
77848
87493
69953
549592
86666
77843
244749
368495
87686
77848
87517
69953
545228
86767
77924
244702
368621
87639
77848
87502
70058
545200
86619
77856
249239
392848
87716
99548
93353
69931
547945
86752
77826
244652
368562
87672
77843
87521
70057
545208
86734
77913
--STOP--
++STRT++
244861
368600
87693
77847
87453
69959
545096
86594
77850
244815
368553
87651
77846
87453
70065
545218
86765
77888
244648
368637
87663
77846
87487
69943
546640
86757
77809
244909
373153
87666
82169
87505
69944
549563
86515
81824
244849
368606
87672
77844
87428
69945
545101
86782
79155
244858
368553
87660
77845
87426
70074
545259
86772
77909
247267
390493
92809
77846
87495
69931
549105
86704
77905
244781
368636
87599
77848
87460
91690
549936
86687
77831
244688
368516
87684
77845
87421
69929
545103
86562
77945
244674
381579
87618
77848
87498
69937
549204
90416
77842
--STOP--
++STRT++
244724
368571
87654
77848
87440
70060
560695
89613
77905
244684
387340
87610
110133
87553
70077
557498
86799
100344
244681
368639
87682
77848
87508
70044
545145
86749
77883
244644
368559
87685
77848
87514
70082
545095
86650
77843
244681
368631
87659
77848
87561
75895
567391
86797
77805
244709
368519
87670
77847
87518
70063
545113
86696
77843
244695
368575
87639
77845
87479
70018
545214
86779
77920
247177
390527
87634
77843
87417
69936
549215
86727
77900
244637
368442
87543
77847
87424
69935
545201
86835
77900
244816
368567
87621
77847
87356
69960
545142
86764
77841
--STOP--
++STRT++
244710
368530
87655
77849
87416
71114
545235
86752
77812
244690
368603
87599
77848
87421
69944
545095
86736
77875
244734
381987
123462
77848
87468
69926
548846
89807
77887
244676
368522
87690
77844
87528
91054
549632
86684
77861
244847
368568
87618
77849
87414
69925
545089
86753
77917
244709
388949
87618
77847
87451
69956
545253
86741
77934
244870
368560
87637
77847
122035
69916
549115
86736
77850
244855
368548
87667
77847
87444
69937
545223
86813
77941
244689
368539
87594
77848
87399
69970
545148
86850
77854
244686
368643
87609
77846
87485
70084
545215
86703
77931
--STOP--
++STRT++
244694
368536
87617
77846
87498
69944
545234
86784
77902
244696
368581
87636
77848
87496
70013
545222
86658
77848
244674
368625
87607
77848
87471
69942
545138
86662
77914
244698
368550
87700
77846
87419
69922
545226
86679
77888
247111
390095
87618
77847
87463
70082
576146
86819
77869
244686
368666
87620
77848
87461
69949
575213
86815
77918
244859
368645
87654
77848
87532
69939
545123
86802
77884
244873
368621
87657
77846
87544
69949
545216
86726
77903
244683
375036
121681
81827
87501
69930
576731
86750
77864
244700
368427
87657
77848
87402
70054
545148
86750
77816
--STOP--
++STRT++
244703
368578
87613
77847
87539
70068
545117
86722
77797
244705
368585
87599
77849
87537
69935
545133
86731
77814
244941
368634
87603
77848
87482
69935
545214
86827
77899
244702
368564
87627
77848
87545
70055
545201
86635
77830
244766
368616
87575
77848
87474
70070
545166
86618
77903
244688
368601
87697
77849
109205
69938
558253
86749
77912
244890
368687
87656
77845
87414
70072
545212
86727
77805
244727
368561
87603
77848
87421
70058
545127
86732
77885
266833
380856
87596
82257
87526
69933
549601
86707
77733
244689
368593
87608
77848
87407
69947
545140
86754
77859
--STOP--
++STRT++
244827
368511
87575
77844
87530
69977
545209
86781
77896
244655
370140
87653
77847
87522
70076
545218
86659
77902
244704
368566
87619
77844
87555
70058
545206
86770
77905
244643
368576
87610
77848
87503
69943
545215
86846
77849
244815
373103
87674
77846
91687
69935
576813
86754
77887
244810
368489
87607
77846
87466
70058
545130
86694
77925
244731
368547
87601
77848
87559
70072
545117
86775
77885
249248
372714
87632
77848
87457
70009
577252
86714
77929
244693
368541
87623
77848
87484
70046
545151
86726
77976
244714
368612
87675
77849
87427
70063
545218
86661
77904
--STOP--
++STRT++
244878
368583
87691
77848
87444
70082
545219
86839
77834
244673
368571
87621
77847
87470
70069
545222
86838
77911
244850
368644
87665
77843
87475
69947
551259
86794
77894
244672
368578
87604
77847
87466
69927
545145
86660
77853
244643
368608
87609
77847
87450
69929
545137
86705
77896
244882
368552
87648
77848
87486
69930
545110
86766
77885
244666
368585
87628
77848
87524
70067
545122
86723
77900
244853
368483
87621
77848
87479
70069
546943
86764
77939
244689
368589
87656
77848
87438
69917
586259
86741
77915
244880
368589
87556
77847
87492
69984
545210
86619
77915
--STOP--
++STRT++
244930
368612
87673
77849
87506
69935
545200
86779
77864
244865
368578
87615
77847
87435
69941
545195
86796
77915
244696
368559
87661
77845
87433
70054
545229
86793
77833
244918
368700
87583
77847
87506
69987
549271
86761
77979
244873
370127
87654
77845
87462
69922
545120
86585
77779
244695
391894
99514
77848
87365
70059
551875
140592
77915
244732
368567
87628
77842
87476
69934
545157
86825
77920
244667
368580
87663
77848
87476
69938
545214
86751
77936
244666
372576
91482
77847
87508
70052
574349
86852
77920
244674
368662
87599
77847
87475
70073
545230
86622
77966
--STOP--
++STRT++
244703
368513
87642
77847
87409
70060
545233
86847
77846
244686
368587
87606
77848
87419
69926
545224
86636
77789
244898
368591
87625
77847
87403
69945
545123
86768
77956
244709
368575
87557
77846
87474
70080
545153
86767
77899
244911
368594
87656
77848
87513
69926
545122
86731
77900
246918
390225
87647
81858
87480
69953
577050
86824
77920
244711
368585
87603
77849
88698
69917
545212
86796
77927
244873
368660
87622
77847
87538
69939
545213
86747
77935
244731
368539
87630
77848
87617
70095
545257
86781
77853
244645
368607
87617
77843
87431
70050
545276
86465
77763
--STOP--
++STRT++
244862
368674
87621
77845
87525
69962
555049
132449
79654
244613
370707
87640
96861
87521
70030
566408
86544
77918
244711
368601
87689
77848
87422
69941
545248
86727
77818
244798
368665
87574
77847
87518
69973
545136
86687
77907
244709
368611
87706
77848
87532
70076
545163
86813
77834
244697
368525
87651
77845
87365
70068
545224
86801
77914
244629
368449
87574
77848
87519
70051
545098
86634
77917
244667
368667
87669
77847
87462
91832
549275
86699
77862
244873
368656
87632
77848
87420
70073
545138
86770
77901
244673
372428
87694
77844
87507
69968
575781
86798
81221
--STOP--
++STRT++
244725
368541
87590
77844
87467
69935
545283
86682
77907
244700
368606
87617
77847
87374
70073
545092
86656
77907
244855
368537
87633
77847
87435
70047
549201
86565
77918
244725
368665
87669
77848
91177
70082
577233
86700
77860
244873
368495
87621
77844
87459
70092
545111
86804
77901
244867
389487
91656
77844
87437
69915
557837
90692
77828
244827
368566
87630
77846
87441
69925
545219
86713
77919
244868
368499
87633
77848
87351
69929
546889
86745
77905
244655
368422
87649
77848
87412
70064
545152
86743
77909
244700
368588
87654
77846
87451
69962
545254
86794
77908
--STOP--
++STRT++
244704
370988
87600
77848
87565
69999
574168
86777
77830
244698
368604
87673
77846
108225
70069
548805
86722
77788
244747
368624
87626
77846
87528
70073
545237
86555
77814
244771
368577
87611
77847
87446
69949
545099
86770
77938
244610
399263
87659
77847
87509
69949
550729
86764
77805
244684
368544
87619
77847
87494
70059
545236
86824
77816
244692
368512
87677
77846
87375
69934
545146
86792
77894
355472
390362
87605
77846
87491
69949
666578
86809
99135
244641
368523
87653
77848
87459
70056
545131
86657
77838
244707
368594
87670
77845
87542
70062
576218
86625
77920
--STOP--
++STRT++
244866
368524
87582
77846
87391
69951
545291
86711
77890
244702
377355
87647
77847
87606
70072
545101
86803
77861
244640
368580
87675
77846
87543
71709
588916
86575
77793
244655
368546
87647
77845
87420
69913
545097
86831
77845
247102
390629
87691
77849
87403
69987
575349
91134
77819
244707
368530
87623
77848
87482
104138
575593
101809
77831
244690
368540
87640
77848
87510
69945
545206
86763
77881
244638
368625
87684
77848
87478
70064
545117
86821
77824
244701
368576
87636
77849
91598
69971
566502
86877
77832
244851
368524
87623
77846
87376
69980
545204
86627
77922
--STOP--
++STRT++
244672
368530
87564
77845
87458
69939
545252
86770
77827
244851
368543
87631
77846
87503
69948
545140
86797
77958
244851
368581
87667
77846
87421
69940
545206
86643
77907
244657
368631
87576
77847
87508
69964
545146
86770
77966
244719
368555
87633
77846
87394
69940
545127
86771
77964
245026
368565
87627
77848
87464
69927
545111
86688
77852
244679
404866
109748
77849
87465
69943
557034
86783
77843
244686
368587
87671
77848
87539
73253
575753
86787
77929
244700
368562
87673
77845
87439
70117
545253
86728
77953
248956
398829
87588
99342
91224
70042
549813
86725
77901
--STOP--
++STRT++
244684
368591
87603
77847
87531
69971
562102
86817
77802
244851
368553
87689
77846
87459
69928
545219
86823
77853
244711
368605
87675
77846
87368
69934
545108
86817
77907
244703
368569
87630
77843
87465
69954
545214
86773
77853
244676
368553
87679
77849
87518
74378
557705
86705
77905
244702
368475
87643
77848
87425
69937
545244
86705
77825
247313
368603
87620
224033
87435
75892
575837
86773
77886
244664
368592
87648
77847
87464
69972
545125
86705
77871
244882
368580
87619
77848
87502
69954
566617
90749
77852
244669
368695
87572
77848
87402
70048
545237
86652
77816
--STOP--
++STRT++
244720
368643
87633
77847
87526
70076
555353
86695
77846
244691
368596
87574
77847
87534
69974
557045
86768
77964
244679
368516
87609
77848
87515
69984
545136
86694
77968
244720
368584
87549
77848
87384
69977
545168
86686
77807
244615
368585
87595
77848
87413
69986
545259
86754
77927
244661
368692
87692
77848
87476
70066
545218
86724
77823
244750
368625
87578
77841
87382
81855
549213
86862
77934
244647
368650
87589
77849
87487
69918
545194
86673
77895
244692
368506
87637
77848
87371
69953
545132
86819
77788
244869
368706
87616
77847
87501
102904
566113
86809
77862
--STOP--
++STRT++
244896
368571
87614
77845
87477
69916
554929
86802
77828
244691
368625
87623
77847
87449
70063
545106
86526
77884
244815
368593
87596
77847
87556
69931
545136
86747
77775
244844
368600
87558
77847
87467
69950
545220
86685
77781
244676
380271
87665
77848
87456
69947
549293
99028
77821
244692
368625
87645
77847
87377
69938
576073
86564
77837
244690
368587
87611
77849
87444
69970
545219
86726
77819
267963
380302
87609
77848
87429
69977
574835
86716
81177
244687
368527
87660
77847
87503
69973
545157
86749
77875
244684
368606
87683
77848
87431
70018
545082
86780
77930
--STOP--
++STRT++
244672
368630
87733
77846
87383
70036
545238
86742
77917
244866
370396
87683
77848
87552
69964
545121
86734
77825
244838
368534
87586
77849
87390
72849
545095
86794
77848
244693
373078
87597
101535
87516
69978
577033
86579
77920
244892
368595
87651
77849
87412
69940
545231
86812
77877
244714
368631
87590
77849
87518
69931
545207
86844
77802
244639
368622
87622
77848
87463
74192
548634
86645
77833
244855
368666
87645
77847
87520
70062
549010
86816
77940
244701
368595
87675
77848
87416
69949
545127
86821
77930
244725
368680
87709
77848
87491
70087
545240
86751
77910
--STOP--
++STRT++
244896
370971
87687
77847
87453
70088
547447
86729
77927
244869
368608
87588
77845
119616
69942
549679
86798
77873
244639
368537
87677
77848
87478
70048
545139
86669
77931
251461
391211
87623
77848
87361
69920
549202
90397
77829
244701
368546
87637
77846
87423
69934
545244
86713
77819
244725
368591
87581
77847
87469
70059
545257
86654
77795
244858
368458
87624
77848
87431
70046
545117
86736
77849
244857
368538
87622
77846
87453
91227
549317
86718
77925
244699
368579
89416
77848
87522
70049
545158
86745
77828
244665
368548
87659
77848
87490
69954
545242
86774
77845
--STOP--
++STRT++
244721
368520
87694
77848
87493
69947
545225
86791
77871
244695
368544
87645
77847
87477
70056
545144
86745
77798
244693
368525
87705
77848
87428
69950
545248
86752
77897
244674
368618
87641
77846
87444
70062
545146
86859
77793
244727
372961
122011
77848
87403
69941
587863
86704
77844
244672
368595
87660
77844
87410
69932
545241
86793
77853
244697
368595
87545
77847
87383
69962
545242
86838
77912
244816
368613
87644
77846
87447
69953
545192
86847
77956
246818
398965
87641
83587
87426
69929
550397
86756
77906
244772
368643
87684
77848
87581
70051
545210
86772
77931
--STOP--
++STRT++
244896
371045
87599
77848
87508
70057
555484
86747
77890
244613
368666
87608
77848
109441
69932
549562
86707
77856
244681
368634
87623
77845
87472
69936
545144
86823
77794
244881
368638
87666
77848
87487
69929
545130
86759
77941
244720
368746
87703
77849
87449
74433
576374
86691
77894
244688
368637
87631
77848
87520
70050
545102
86675
77824
244877
368705
87634
77848
87525
69949
545187
86807
77843
244696
373121
87643
110628
87408
69969
566703
86771
81548
244640
368488
87591
77845
87444
70097
545133
86785
77914
244728
368586
87671
77847
87413
69939
545247
86881
77825
--STOP--
++STRT++
244781
368515
87651
77846
87447
69947
547628
86760
77912
244838
368708
87624
77848
128828
70091
549675
86742
77818
244673
368506
87720
77846
87461
69940
545250
86763
77937
244646
368627
87663
77848
87478
70071
545218
86569
77831
251595
396023
87592
77849
92006
70052
549727
86691
77948
244707
368611
87634
77847
87464
70048
545228
86781
77947
244889
368630
87640
77848
87455
69962
546742
86619
77856
244689
368547
87694
77848
87436
74050
549068
86816
77860
244688
368663
87673
77845
87492
70045
545243
86762
77903
247067
389948
91809
77846
87542
69952
549523
86721
77899
--STOP--
++STRT++
244710
368669
87665
77848
87399
69955
545155
86690
77839
244684
368601
87661
77848
87474
69932
545212
86797
77827
244902
372762
87677
81768
87484
69957
549276
86659
77909
244878
368515
87621
77846
87457
69948
545250
86812
77887
247101
395989
87615
101948
87473
70095
566240
86870
77911
244669
368592
87634
77848
87498
70056
545203
86775
77905
244628
368473
87624
77844
87506
69949
545224
86850
77929
244866
368576
87588
77845
87493
69935
545231
86802
77824
244707
368600
87655
77848
87476
70060
545129
86826
77943
244731
396170
87620
77847
87416
69976
546909
86762
89667
--STOP--
++STRT++
244676
368496
87663
77842
87484
70070
545114
86623
77795
269203
370870
87712
89416
87487
70045
566921
86719
90661
244873
368487
87618
77848
87477
70086
545238
86800
77941
244729
368602
87585
77846
87519
69942
545152
86782
77831
244673
368614
87593
77847
87411
69940
547227
86672
77898
244680
368529
87647
77847
87460
102628
567892
86615
77861
244877
368570
87630
77846
87508
69936
545133
86515
77904
244705
368676
87583
77848
112514
69938
549626
86767
77880
244797
368499
87604
77848
87342
69953
545239
86746
77870
244667
368585
87614
77847
87405
69934
545237
86680
77904
--STOP--
++STRT++
247220
371711
87701
77849
87508
98649
547340
86797
77807
244713
368656
87617
77847
87501
69920
545122
86748
77860
244878
368511
87608
77849
87506
70063
545237
86744
77898
244625
398780
87672
77845
87500
70053
547192
91085
77910
244696
368633
87627
77847
87410
69949
545115
86739
77815
244691
368535
87578
77846
87513
69944
545194
86643
77911
244721
372958
87612
77847
112207
69934
549587
86806
77916
244724
368579
87638
77848
87424
69928
545133
86696
77789
245440
380887
87642
77847
87394
70093
549312
86694
77837
244663
368547
87572
77845
87425
69928
545144
86815
77906
--STOP--
++STRT++
244738
368591
87633
77848
87442
70052
545113
86847
77954
244900
368585
87604
77848
87499
69939
545241
88720
77920
244883
368547
87618
77845
87453
70059
545218
86730
77886
244708
368571
87581
77846
87474
70070
545282
86857
77825
244876
399680
91973
77848
87443
69955
558685
86755
77943
244718
368577
87609
77848
87397
69987
545219
86781
77817
244752
368620
87658
77847
87401
69916
545225
86789
77850
244640
373150
87681
77848
91350
70010
549337
86817
108092
244682
368437
87650
77849
87557
69938
545126
86801
77849
244748
368650
87637
77847
87416
70057
545260
86756
77839
--STOP--
++STRT++
244803
370854
90284
77847
87534
70094
587989
86752
77869
244707
368596
87623
77849
87530
102690
547219
86792
77960
244876
368537
87584
77844
87489
70058
545136
86834
77924
244830
370043
87669
77849
87535
69967
545128
86791
77853
244675
368586
87619
77848
87551
70068
545204
86642
77795
244694
368579
87601
77846
87507
69926
545247
86754
77916
244871
368511
87657
77848
87396
69932
545147
86650
77923
244695
368580
87622
77846
87436
69968
545211
86591
77910
244731
373113
87594
81842
87426
69936
575253
86869
77937
244753
368584
87620
77845
87409
70083
545229
86730
77805
--STOP--
++STRT++
244844
371027
87636
77847
87499
72089
555479
86813
77945
244682
368580
87660
77847
87455
69958
545244
86645
77875
244702
368563
87672
77845
87523
70080
545103
86788
77924
247008
389881
87613
77847
87372
70061
549081
86741
82113
244725
368614
87630
77847
87479
69950
545246
86552
77817
244722
368571
87622
77848
87403
69972
545231
86566
77886
244698
368444
87659
77846
87450
69953
545128
86661
77923
244730
373183
87630
77849
87496
70057
550974
86692
77926
244679
368501
87617
77845
87486
69979
545147
86758
77873
244656
370749
87605
77848
87509
70060
549626
86750
77921
--STOP--
++STRT++
244702
368546
87634
77846
87473
70081
555096
120727
77930
256125
370830
87592
77846
87545
70086
566927
86694
77847
244681
368646
87643
77848
87478
70055
545246
86826
77847
244661
368643
87658
77849
87415
69935
545117
86709
77931
244741
368464
87654
77847
87362
69943
545230
86785
77813
244707
391299
87609
102081
109217
70059
557246
86752
77841
244670
368561
87589
77845
87494
69951
545126
86801
97580
244701
368703
87612
77847
87427
70056
545216
86839
77918
245032
373555
87681
77849
87521
70055
575932
86681
77908
244629
368619
87640
77848
87390
69951
545163
86835
77837
--STOP--
++STRT++
244860
368511
87652
77848
87499
70059
545216
86782
77906
244690
368600
87567
77847
87441
70050
545146
86641
77773
244692
368573
87600
77848
87505
69951
545152
86845
77835
244920
368538
87588
77845
87484
69943
545235
86777
77920
244670
368652
87645
77845
87462
70040
545107
86681
77937
246615
389682
87666
111847
87474
70067
557614
86792
77923
244702
368514
87612
77845
87445
70015
545245
86751
77823
244692
368650
87608
77847
87460
69955
545203
86742
77906
244649
372605
87611
77848
87396
69933
586907
86783
82146
244834
368626
87631
77848
87374
69937
545196
86678
77834
--STOP--
++STRT++
244648
368579
87656
77843
87510
70061
545260
86807
77903
244689
370423
87640
77846
87447
70044
559049
90504
77831
244686
368604
87638
77848
87437
69934
549072
86823
77904
244890
368524
87646
77849
87522
69940
545082
86721
77828
244819
398514
87633
77846
87549
75463
575730
86631
77914
244865
368593
87615
77846
87422
69942
545115
86584
77936
244849
368552
87647
77847
87462
70056
545217
86675
77900
244711
380343
91551
77847
87527
69960
548789
86776
77843
244816
368579
87633
77846
87410
70072
545210
86563
77852
244696
368560
87649
77846
87489
70069
545209
86663
77851
--STOP--
++STRT++
244660
368557
87605
77849
87376
70080
545216
86730
77857
244682
368575
87592
77848
87311
69949
545136
86525
77840
244738
368580
87625
77847
87427
70059
545232
86845
77863
244886
368648
87621
77847
113074
69951
549321
86672
77891
244857
370093
87582
77849
87511
70064
545246
86610
77814
244810
368547
87599
77847
87453
69938
545094
86783
77937
244701
368572
87650
77847
87405
70060
545304
86750
77853
244791
368560
87634
77847
87433
70056
545094
86754
77847
247323
390619
91994
77848
87484
70048
549188
86776
77910
244873
368608
87657
77843
87403
70050
545226
86752
77902
--STOP--
++STRT++
244873
368514
87674
77847
87440
69973
545105
86709
77853
271670
370854
87643
80686
87471
70058
549654
86782
81913
244645
368591
87600
77845
87451
69955
545236
86722
77905
244686
368663
87586
77845
87422
70082
545202
86728
77904
244701
368571
87618
77848
87459
69962
545185
86675
77891
244720
368531
87658
77848
87513
69927
545114
86758
77946
244891
368743
87636
77847
87444
70073
545239
86768
77978
244643
368651
87644
77848
87476
69943
545215
86783
77805
244699
368592
87593
77848
87490
69959
545155
86801
77948
244605
368684
87633
77847
87438
69934
545106
86710
77913
--STOP--
++STRT++
244782
368619
87652
77849
87475
69983
545181
86721
77949
244647
368495
87601
77848
87438
70090
545154
86762
77964
244694
372910
87645
77849
87513
69949
549214
90340
77912
244683
368539
87666
77848
87487
69953
545217
86743
77831
244682
368456
87622
77846
87542
69978
545259
86849
77909
255266
372990
122102
77848
87414
70076
549216
86813
77918
244878
368590
87651
77845
87453
69950
545243
86789
77933
244685
368549
87625
77846
87504
69953
545132
86730
77905
244674
368546
87609
77846
87555
69937
557594
86791
77808
244855
368570
87630
77848
87334
69986
545271
86824
77945
--STOP--
++STRT++
244858
368597
87658
77844
87504
69948
545223
86814
77920
244712
368592
87729
77848
87535
70067
545234
86702
77816
244694
390936
87626
77846
91853
69971
549194
86816
77833
244649
368511
87648
77847
87493
70062
545089
86764
77897
244881
368534
87637
77849
87542
69961
545268
86616
77896
244661
368535
87679
77848
87458
110813
547999
86612
77897
245019
368604
87632
77849
87447
69924
545120
86645
77825
244701
368555
87560
77848
87411
70087
545143
86769
77892
244682
368614
87672
77847
87546
69933
549409
86736
77838
244720
368590
87560
77848
87416
70042
545105
86827
77923
--STOP--
++STRT++
244619
368519
87577
77849
87483
69946
545140
89459
77885
246713
379369
112817
77846
87392
70061
552176
86837
77904
244785
368575
87658
77848
87470
70027
545242
86773
77862
244667
368672
87682
77847
87480
70070
545250
86602
77926
244861
391444
100599
77847
87440
69965
557388
86783
77802
244741
368445
87673
77849
87473
70076
545211
86803
77829
244688
368627
87653
77848
87549
70030
545255
86716
77803
244871
368639
87575
77848
87473
101612
549086
86649
77911
244597
368597
87607
77847
87519
69919
545128
86802
77900
251419
389919
87635
77846
92265
70042
548875
86668
77847
--STOP--
++STRT++
244943
368568
87668
77846
87443
69925
545108
86519
77841
244678
368634
87588
77848
87506
69915
545143
86660
77801
246615
368618
87653
77848
87453
70064
545134
86820
77927
246527
389548
101987
77847
87403
69951
551456
138130
77884
244893
368547
87599
77846
87479
70064
545234
86649
77830
244864
368693
87626
77848
87556
69964
545106
86732
77891
244704
368539
87645
77847
87370
69940
560136
86687
77819
245077
368513
87585
77844
87441
70077
545231
86730
77896
244717
380410
91454
77846
87440
69969
548988
86827
77981
244683
368561
87642
77847
87415
70068
545088
86794
77783
--STOP--
++STRT++
244683
368540
87690
77843
87448
70050
547435
86711
100636
244643
380623
87653
84386
87382
70058
549597
99573
77924
244941
368617
87617
77847
87444
69932
549486
86824
77830
244707
368593
87557
77848
87497
69964
545126
86627
77844
244737
368548
87689
77845
87555
70063
566689
90778
77859
244613
368567
87640
77847
87432
71768
545234
99609
77798
244699
368602
87652
77845
87479
69960
545124
86643
77789
244619
390866
87645
111389
87580
69958
549724
86608
77899
244822
368568
87643
77848
87465
70078
545167
86730
77927
244685
368620
87653
77845
87436
69957
545265
91249
77913
--STOP--
++STRT++
244922
368494
87640
77849
87439
70056
545201
86862
77857
244688
377897
91993
77848
87552
69943
566587
88552
77916
244695
368564
87610
77848
87597
70070
545243
86785
77868
244701
368663
87619
77846
87464
69970
545241
86709
77857
244640
372864
87707
77848
87417
69942
567380
86773
77831
244666
368539
87602
77846
87465
69955
545134
86713
77905
244683
389800
87593
77845
87532
69968
567014
91088
77969
244719
368576
87602
77848
87362
69937
545148
86859
77892
244891
368662
87562
77847
87591
70089
545133
86799
77847
244891
372373
117815
77847
87489
69919
591142
86604
82169
--STOP--
++STRT++
244830
368563
87640
77848
87480
69919
545133
86770
77954
244704
368574
87649
77846
87417
70062
545127
86552
77921
244881
368621
87676
77846
87523
69953
549712
86724
77939
244867
368618
87587
77847
87480
69945
546783
86708
77845
251776
390388
87714
102785
87370
69972
566530
86800
77857
244869
417154
87630
77844
87524
70067
545102
86722
77848
244715
368563
87662
77849
87475
69948
545230
86706
77862
244707
393048
87604
77844
87530
69956
545119
86807
77890
244789
368529
87608
77848
87426
69933
545158
86753
77915
244876
368518
87591
77849
87515
74232
557331
86676
77856
--STOP--
++STRT++
244675
368587
87636
77848
87362
69959
547687
115333
79983
244686
371074
87645
97186
87485
70033
551065
86716
77924
244641
368618
87639
77848
87485
69977
545112
86811
77898
249603
392391
87572
77848
87402
69930
567204
86658
81667
244853
368662
87599
77848
87472
69932
545246
86682
77806
244704
368666
87633
77844
87437
70047
545131
86651
77932
249356
398825
87645
77848
87481
70053
549548
86839
77892
244904
368563
87622
77847
87423
69945
545102
86765
77755
244837
368555
87680
77848
87446
70054
545141
86585
77906
244684
368617
87658
77848
87491
69936
545263
86550
77829
--STOP--
++STRT++
244918
368530
87587
77847
87503
69972
545206
86821
77917
244670
368652
87673
77847
87513
70078
545212
86800
77792
244710
390323
87652
103667
109013
74064
548992
86758
77904
244615
368565
87644
77846
87450
69939
545211
86787
77828
265684
380758
87557
77847
87479
69933
575291
86710
81599
244922
368620
87681
77847
87410
69956
545108
86716
77813
244716
368636
87605
77848
87366
70070
545218
86602
77906
244877
368509
87595
77848
87425
70042
545259
86824
77853
244693
370532
118135
77848
87439
70036
551038
86768
77935
244904
368581
87629
77846
87428
69945
545104
86582
77842
--STOP--
++STRT++
244924
368591
87648
77846
87497
70066
545195
86846
77928
244706
379868
87619
77847
87403
69925
545121
86653
77838
244737
368592
87622
77847
87496
69970
545276
86631
77825
244878
368574
87622
77847
87468
69976
545123
86554
77840
246875
390548
87692
77849
87474
69961
548920
90834
77842
244777
368535
87573
77845
87430
70046
548862
86753
77811
244874
368607
87613
77847
87307
69948
545223
86780
77896
244694
368612
87661
77848
87430
70080
545213
86773
77836
244874
370257
87658
77847
87454
70051
548845
86846
77839
244860
368599
87610
77848
87393
69960
545131
86840
77972
--STOP--
++STRT++
244678
368579
87700
77846
87453
69918
545079
86723
77890
244692
370626
91551
77848
87515
70072
566849
90362
77818
244747
368644
87542
77848
87479
73824
557299
86716
77815
244709
368633
87598
77846
87443
70073
545232
86756
77896
244702
368683
87649
77848
87490
69940
550696
86704
80147
244837
368639
87619
77849
87509
70043
545125
86719
77913
244646
368499
87654
77849
87484
69944
545123
86772
77924
244712
372780
87569
77846
87535
70051
586920
88396
77928
244706
368518
87605
77846
87500
70066
545170
86756
77823
244646
368591
87646
77848
87420
70059
545113
86832
77855
--STOP--
++STRT++
244862
368621
87656
77849
87474
69937
545192
86726
77919
244698
368498
87618
77846
87523
69983
545129
86693
77834
244623
372354
87620
77847
120545
69933
566621
86749
77918
244717
368477
87659
77846
87416
69955
545242
86826
77921
244689
368518
87663
77848
87485
69967
545141
86819
77916
244861
390937
91289
77845
87481
69926
595929
86732
77810
244743
393780
87625
77846
87430
69945
545243
86727
77914
244611
368469
87654
77848
89402
70081
546825
86776
77891
244869
368566
87650
77849
87428
70092
545151
86814
77894
244672
391216
99398
77848
87457
69935
566527
86721
90591
--STOP--
++STRT++
244751
368545
87622
77848
87414
70011
545244
86853
77796
244716
386980
87678
77848
87510
70053
545227
86600
77776
244714
372827
87609
81832
87446
69936
551106
86744
77899
244721
368547
87661
77845
87463
69970
545141
86790
77908
244674
368462
87651
77848
87461
70044
545133
86678
77910
244885
368666
87647
77846
87517
69929
545234
86781
77901
244852
368617
87718
77847
87487
69933
553381
86717
77864
244704
368632
87666
77848
87496
69965
545109
86808
77766
244670
368488
87594
77845
87462
69951
545171
86745
77975
249444
392395
87682
99845
93432
69936
547147
86681
77835
--STOP--
++STRT++
244739
368557
87553
77847
87487
70058
545089
86684
77876
244668
368595
87654
77847
87420
69931
545118
86632
77934
244724
372306
87687
77848
87455
69950
548907
86817
77927
521829
368551
87571
77847
87522
69995
545113
86715
77929
244660
368498
87612
77849
87473
70039
545130
86789
77910
277155
372613
87637
81438
87448
69996
550685
86711
77899
244738
368618
87626
77845
87484
70083
545154
86742
77908
244883
368610
87659
77848
87390
69949
545262
86625
77919
244719
383747
87637
77848
93027
69933
546724
86811
77903
244871
368499
87598
77848
87435
69929
545115
86733
77832
--STOP--
++STRT++
244683
368549
87626
77847
87476
70088
545230
86782
77899
244636
368640
87645
77848
87437
70054
545091
86732
77841
244701
368512
87697
77847
87431
69968
545169
86750
77926
244716
368532
87590
77848
87527
69954
545278
86644
77862
244708
373520
87599
77848
90847
70045
550643
86725
77902
244886
368537
87602
77848
87449
70015
545227
86797
77934
251425
390420
87588
77848
87444
69955
566294
90516
77863
244674
368624
87602
77848
87514
93858
575073
86758
77833
244882
368573
87641
77847
87489
70063
545239
86768
77898
244658
368630
87596
77848
87547
69999
595159
86742
77845
--STOP--
++STRT++
244698
368490
87555
77846
87393
70048
545139
86822
77902
244863
368614
87640
77849
87526
70051
545243
86772
77929
244690
368624
87657
77848
87458
70093
545245
86681
77852
244711
392055
100825
77848
87482
69935
575632
86672
77916
245016
368464
87700
77847
87561
70049
545192
86749
77904
244697
368600
87598
77848
87506
73567
548549
86630
77858
245021
368619
87634
77848
87450
70047
545215
86833
77799
247216
368569
87577
77848
87492
70052
545117
86794
77917
244845
368463
87584
77848
87429
69996
545260
86796
77855
244627
368565
87646
77849
87389
70055
545204
86683
77906
--STOP--
++STRT++
244684
368583
87618
77848
87472
70075
545132
88843
77908
244684
371053
89570
77845
87485
70085
567516
86763
77876
244686
368537
87618
77848
87396
69932
551166
86659
77902
244878
368564
87675
77847
87515
69929
545247
86749
77861
244646
368625
87645
77847
87403
73748
579300
86827
77833
244654
368636
87632
77849
87478
69943
545236
86813
77833
244681
368537
87606
77848
87455
69955
547184
86753
77903
244911
368573
87618
77847
87526
91406
549407
86794
77843
244646
368596
87621
77845
87431
69936
545101
86786
77849
244660
396711
87666
77847
87537
69943
547169
86721
90097
--STOP--
++STRT++
244689
371310
87624
77848
87412
70041
547425
86733
77955
244750
371280
87734
95651
87497
69935
566671
86615
81668
244608
368533
87592
77845
87454
70063
545111
86690
77865
244926
368606
87619
77848
87543
70051
545265
86672
77924
244902
399041
92068
77849
87489
69948
549279
86706
77925
244864
368541
87618
77848
87485
69982
569363
86774
77944
244612
368574
87649
77847
87501
69919
545123
86832
77902
244727
368490
87653
77847
87450
69986
545282
86720
77813
247291
372627
109708
77844
87419
70068
587159
86774
77836
244647
368566
87636
77846
87445
70064
545271
86753
77898
--STOP--
++STRT++
244692
368600
87572
77847
87443
69932
545213
86762
77937
244693
368639
87625
77848
87388
69944
545222
86720
77792
244714
368549
87673
77847
87436
69935
545110
86737
77887
244854
368498
87608
77848
87524
69949
545159
86739
77936
244679
392208
91802
77849
87568
70067
549470
99113
77839
244911
368474
87656
77845
87435
70069
576409
86661
77900
244843
368612
87618
77848
87432
69965
546916
86849
77856
244717
368552
87615
77849
87409
69935
545122
86657
77955
245339
368549
87652
77847
87461
70052
545267
86832
77896
244650
368570
87635
77848
87498
69938
545130
86704
77822
--STOP--
++STRT++
244861
368608
87644
77845
87480
70063
576588
86823
77849
244921
370622
87748
96114
87375
69929
566331
86780
91077
244876
368529
87600
77848
87427
69951
545265
86545
77910
244668
368596
87648
77849
87402
70041
545268
86701
77912
244677
372008
118068
81746
87468
70054
549030
86805
77777
244740
368613
87596
77848
87422
70084
545261
86802
77836
246876
396258
91796
77848
87348
69949
557660
86677
77869
244713
368551
87626
77847
87517
70085
545257
86652
77942
244719
368534
87591
77848
87498
69946
545263
86791
77838
246449
396481
87603
77848
87440
73330
566113
86807
77920
--STOP--
++STRT++
244988
368644
87586
77848
87404
69979
545234
88508
77905
246865
370503
87641
77847
87605
69932
548924
91726
77897
244710
368490
87635
77848
87535
70045
545239
86773
77859
244843
390511
91737
77848
87560
70074
557935
86774
77904
244645
368626
87678
77847
87540
70093
545159
86786
77969
244726
368620
87670
77847
87382
69979
545142
86775
77918
244840
368587
87675
77848
87396
69928
545202
86713
77910
244693
368685
87640
77846
87594
69943
545128
86810
77872
244716
368627
87597
77848
87425
69948
548878
90131
77846
244861
368528
87636
77848
87537
69980
545239
86770
77869
--STOP--
++STRT++
244733
368631
87628
77845
87462
70058
545123
86828
77906
244713
368649
87640
77846
87386
69979
545195
86845
77823
244733
368535
87648
77848
87350
70124
545242
86714
77833
244863
398527
87637
77848
87451
70046
545201
86750
77915
244735
368531
87626
77848
87483
70063
549200
86798
77833
244709
368441
87617
77845
87467
70052
545233
86794
77959
244701
368675
87617
77846
87484
70074
545136
86752
77839
244688
371995
111398
77845
87487
70056
594027
88382
77963
244691
391150
87689
77847
87580
70070
548820
90770
77907
244632
368572
87711
77845
87442
70054
546938
86758
77840
--STOP--
++STRT++
246657
370510
87590
77847
109634
71707
557015
86767
77895
245036
368439
87670
77848
87444
69941
545128
86705
77878
244676
368477
87613
77848
87374
70107
545207
86703
77938
246931
396497
87573
77848
87443
70054
545147
86674
77838
244707
368592
87593
77847
87577
91065
548889
86672
77879
244673
368553
87624
77848
87459
70047
545100
86724
77848
247179
390040
91635
77847
87569
69949
566053
90381
77894
244850
368544
87680
77848
87425
69999
545119
86766
77860
244709
368519
87631
77847
87449
70056
545196
86777
77898
244687
372339
87609
77848
87397
70065
550721
139101
77915
--STOP--
++STRT++
244700
370887
90267
77848
87417
69942
547271
86591
77795
244736
368703
87669
77845
87510
72316
549200
86840
77905
244733
368560
87566
77846
87399
69968
545130
86689
77904
244709
368468
87590
77848
87387
69949
545106
86711
77833
244626
368659
87658
77848
87453
69950
545255
86760
77808
244690
368516
87662
77846
87466
88955
550003
86768
77969
244696
368488
87632
77848
87488
69937
545275
86811
77861
244701
368516
87645
77847
87477
70097
549184
86790
77900
244886
368570
87671
77846
87414
70048
545211
86690
77937
244818
368499
87620
77849
87513
69951
545116
86650
77933
--STOP--
