++STRT++
244669
368604
87600
77847
87472
70474
547552
115950
77934
--STOP--
++STRT++
244700
368615
87628
77848
87452
70469
545095
86725
77910
--STOP--
++STRT++
245044
368601
87590
77847
87433
70492
545124
86695
77867
--STOP--
++STRT++
244756
368622
87676
77848
87499
70444
545100
86765
77891
--STOP--
++STRT++
244798
368493
87674
77847
87450
70568
545112
86792
77970
--STOP--
++STRT++
244834
368543
87632
77848
87534
70465
545249
86650
77855
--STOP--
++STRT++
244647
368562
87665
77848
87499
70446
545235
86672
77899
--STOP--
++STRT++
244888
370989
89926
77849
87427
70457
547410
86777
77920
--STOP--
++STRT++
244874
371202
89982
77848
87416
70453
555533
86749
77897
--STOP--
++STRT++
244841
368545
87606
77847
87542
70434
555199
86597
77948
--STOP--
++STRT++
244843
368577
87609
77845
87540
70542
545236
86740
77842
--STOP--
++STRT++
244846
368613
87702
77848
87413
70566
547540
121204
77908
--STOP--
++STRT++
244688
368561
87619
77848
87551
70461
545173
86827
77850
--STOP--
++STRT++
244705
368567
87672
77848
89157
70587
545146
86814
77808
--STOP--
++STRT++
244866
370434
87668
77847
87418
70568
555564
86813
77823
--STOP--
++STRT++
244822
368654
87625
77846
87453
70457
545133
86754
77873
--STOP--
++STRT++
244677
371103
87662
77848
87512
98748
547374
86771
77873
--STOP--
++STRT++
244916
368521
87601
77844
87475
70477
545226
86640
77969
--STOP--
++STRT++
244873
370970
87618
77844
87551
72765
555522
86800
77961
--STOP--
++STRT++
244633
368537
87654
77845
87443
70466
545103
86769
77871
--STOP--
++STRT++
244710
368532
87649
77846
87412
70446
545250
86722
77840
--STOP--
++STRT++
244833
370627
97296
77847
87475
70444
547457
86745
77823
--STOP--
++STRT++
244717
368609
87611
77846
87492
70593
545107
86826
77940
--STOP--
++STRT++
244710
370106
87671
77845
87452
70458
545118
86726
77907
--STOP--
++STRT++
244913
368670
87591
77846
87519
70462
545106
86784
77879
--STOP--
++STRT++
244692
368470
87637
77848
87538
70573
545138
86725
77832
--STOP--
++STRT++
244902
368627
87671
77848
87474
70471
545206
86728
77858
--STOP--
++STRT++
247276
371048
87577
88345
110296
70517
555787
86807
77920
--STOP--
++STRT++
244686
368593
87593
77849
87512
70465
545166
86822
77829
--STOP--
++STRT++
244868
368539
87604
77848
87495
70592
545208
86744
77942
--STOP--
++STRT++
244687
368672
87657
77846
87426
70572
545272
86789
77916
--STOP--
++STRT++
244639
368531
87595
77847
87449
70579
547814
108872
77932
--STOP--
++STRT++
244738
381253
90005
77848
87520
70469
547444
86555
77932
--STOP--
++STRT++
244921
368485
87607
77847
87495
70551
545273
86698
77842
--STOP--
++STRT++
244908
370928
89881
77849
87437
70586
555446
86752
77905
--STOP--
++STRT++
244652
368624
87615
77848
87411
70601
545132
86712
77804
--STOP--
++STRT++
244739
370755
87688
77846
87517
72208
555330
86725
77856
--STOP--
++STRT++
244853
368623
87652
77848
87417
70495
545231
86626
77879
--STOP--
++STRT++
244905
371019
87699
77848
87375
70592
555657
86766
77842
--STOP--
++STRT++
244893
368625
87551
77849
87429
70482
547485
86776
77851
--STOP--
++STRT++
244878
368477
87663
77847
87400
70443
545228
86806
77856
--STOP--
++STRT++
244691
368570
87651
77846
87448
72760
545207
86747
77821
--STOP--
++STRT++
247051
370920
87605
80248
115713
70449
555769
86707
77823
--STOP--
++STRT++
244687
368482
87564
77844
87399
70559
545130
86859
77911
--STOP--
++STRT++
244683
368483
87592
77847
87529
70523
545204
86741
77964
--STOP--
++STRT++
246826
370566
87574
87799
109724
70569
555369
86805
77840
--STOP--
++STRT++
244966
368628
87628
77847
87424
70580
545226
86757
77897
--STOP--
++STRT++
244674
371304
87696
77848
87472
73254
589006
86722
77848
--STOP--
++STRT++
244772
368623
87673
77847
87472
70554
545258
86806
79540
--STOP--
++STRT++
244685
368609
87589
77849
87419
70455
545220
86767
77926
--STOP--
++STRT++
244680
368479
87696
77848
87427
70454
545111
86662
77845
--STOP--
++STRT++
244718
371057
87635
77848
87504
72739
555553
86812
77897
--STOP--
++STRT++
244754
368613
87597
77847
87544
70463
545207
86767
77890
--STOP--
++STRT++
244802
368599
87575
77847
87448
70552
545238
86785
77856
--STOP--
++STRT++
244723
368579
87628
77848
87426
70576
545137
86694
79536
--STOP--
++STRT++
244733
370932
90031
77846
87538
70497
574776
86729
77876
--STOP--
++STRT++
244709
368607
87655
77848
87418
70560
545114
86580
79480
--STOP--
++STRT++
244633
368636
87644
77842
87522
70582
561565
86642
77785
--STOP--
++STRT++
244694
368537
87636
77846
87421
70567
545209
86770
77890
--STOP--
++STRT++
247205
371434
87633
80236
97358
70463
547353
86750
77910
--STOP--
++STRT++
244882
368497
87637
77849
87534
70434
545212
86663
77829
--STOP--
++STRT++
244672
371231
87648
77848
87418
70446
568704
86795
77832
--STOP--
++STRT++
244710
368441
87607
77848
87444
70438
547581
89286
77933
--STOP--
++STRT++
244617
368599
87618
77846
87532
70455
545128
86881
77823
--STOP--
++STRT++
244707
368621
87663
77848
87433
70570
545224
86760
77817
--STOP--
++STRT++
244710
368571
87620
77846
87457
70562
547576
121040
79574
--STOP--
++STRT++
244640
368514
87588
77847
87464
70440
555628
86702
77847
--STOP--
++STRT++
244721
368599
87578
77845
87558
70546
555384
86745
77896
--STOP--
++STRT++
244760
368641
87606
77847
87395
70438
545239
86706
77930
--STOP--
++STRT++
244889
368579
87596
77844
87465
70432
547743
121034
79574
--STOP--
++STRT++
244742
368539
87640
77845
87496
70570
545110
86718
77905
--STOP--
++STRT++
244826
368577
87635
77847
87439
70490
545222
86760
77905
--STOP--
++STRT++
244618
370947
87626
77849
87373
70555
545123
86648
77912
--STOP--
++STRT++
244762
368561
87610
77846
87439
70587
545126
86606
77831
--STOP--
++STRT++
244909
368560
87655
77848
87423
70560
555456
86558
77973
--STOP--
++STRT++
244695
368489
87662
77848
87409
70557
545134
86821
77973
--STOP--
++STRT++
244836
368528
87644
77846
87495
70444
545160
86684
77914
--STOP--
++STRT++
244697
370939
87661
77849
87437
70434
547501
86525
77900
--STOP--
++STRT++
244883
368568
87711
77845
87449
70571
545141
86772
77858
--STOP--
++STRT++
244665
368553
87694
77847
87484
70586
545124
86661
77824
--STOP--
++STRT++
244844
368585
87611
77848
87419
70458
545101
86721
77858
--STOP--
++STRT++
244744
370130
87630
77848
87482
70610
545159
86840
77909
--STOP--
++STRT++
244849
370695
96943
77848
87425
70565
568414
86752
77842
--STOP--
++STRT++
244699
368554
87640
77847
87508
70469
545223
86766
77929
--STOP--
++STRT++
244720
368511
87681
77848
87508
70445
545260
86730
77921
--STOP--
++STRT++
244882
368444
87689
77846
87418
70569
545233
86774
77934
--STOP--
++STRT++
244634
368627
87626
77848
87492
70567
573691
88505
77851
--STOP--
++STRT++
244696
368604
87622
77848
87514
70467
545243
86850
77892
--STOP--
++STRT++
244934
368604
87625
77849
87462
70463
545124
86809
77835
--STOP--
++STRT++
244644
368571
87691
77845
87362
70448
545217
86684
77831
--STOP--
++STRT++
244654
368606
87628
77848
87479
70574
545101
86776
77859
--STOP--
++STRT++
244811
368619
87637
77846
87489
70442
545237
86694
77867
--STOP--
++STRT++
244876
368645
87661
77849
87469
70458
545248
86575
77835
--STOP--
++STRT++
244706
371061
87623
77849
87464
70564
555659
86783
77768
--STOP--
++STRT++
244713
368543
87607
77847
87489
70491
545108
86758
77845
--STOP--
++STRT++
244653
368635
87694
77845
87428
70569
547214
86653
77927
--STOP--
++STRT++
244715
368509
87642
77849
87372
70572
555151
86534
79794
--STOP--
++STRT++
244721
368613
87599
77846
87464
70454
545161
86797
77895
--STOP--
++STRT++
244726
370772
87654
77847
87513
70470
546924
86786
77830
--STOP--
++STRT++
244664
368628
87649
77846
87428
70500
545229
86803
77901
--STOP--
++STRT++
244783
368608
87633
77844
87406
70585
545230
86549
77821
--STOP--
++STRT++
244797
370784
87611
77847
87497
70548
555408
86805
77898
--STOP--
++STRT++
244685
370723
100064
79857
87398
70473
555446
86760
77959
--STOP--
++STRT++
244844
368546
87611
77844
87412
70470
555381
86756
79802
--STOP--
++STRT++
244649
368568
87659
77848
87481
70586
545231
86761
77898
--STOP--
++STRT++
244708
368515
87631
77848
87447
70478
545120
86726
77965
--STOP--
++STRT++
244705
368599
87596
77845
87437
70584
545238
86779
77924
--STOP--
++STRT++
244862
371281
90537
77849
87468
70486
555886
86634
77920
--STOP--
++STRT++
244877
368532
87630
77848
87422
70556
545136
86802
77830
--STOP--
++STRT++
244632
368580
87638
77847
87470
70453
547575
86832
112800
--STOP--
++STRT++
244750
368620
87679
77845
87516
70484
545121
86747
77929
--STOP--
++STRT++
244704
371103
90277
77847
87397
70600
555845
86720
77939
--STOP--
++STRT++
244794
368449
87615
77848
87405
70578
545091
86842
77945
--STOP--
++STRT++
244600
368663
87606
77846
87459
70451
545146
86685
77829
--STOP--
++STRT++
244607
368563
87568
77845
87430
70463
545126
86704
77935
--STOP--
++STRT++
244723
368586
87697
77848
87503
70440
545222
86764
77912
--STOP--
++STRT++
244754
368599
87581
77847
87438
70455
545243
86580
77849
--STOP--
++STRT++
244865
368586
87656
77847
87470
70551
545188
86774
77889
--STOP--
++STRT++
244672
368622
87651
77847
87489
70446
545159
86592
77915
--STOP--
++STRT++
244692
368619
87574
77846
87475
70567
545248
86704
77912
--STOP--
++STRT++
244871
368625
87646
77848
87422
70574
545240
86730
77859
--STOP--
++STRT++
244702
370616
87670
77848
87428
72345
555427
86634
77941
--STOP--
++STRT++
244864
368614
87612
77847
87433
70483
545140
86641
77880
--STOP--
++STRT++
244847
368520
87661
77848
87462
70581
545123
86827
77930
--STOP--
++STRT++
244856
368548
87687
77845
87402
70624
545111
86788
77916
--STOP--
++STRT++
244743
368597
87694
77847
87450
70576
545248
86543
77887
--STOP--
++STRT++
244677
368571
87689
77845
87498
70583
562012
86737
90316
--STOP--
++STRT++
247355
371419
87695
107756
89842
70444
553480
86720
77899
--STOP--
