++STRT++
327
360
61
931
195
350
972
1746
3051
--STOP--
++STRT++
83
134
11
867
59
123
39
3701
1597
--STOP--
++STRT++
375
100
69
914
43
121
48
1792
1943
--STOP--
++STRT++
100
97
45
986
17
121
1088
1814
4264
--STOP--
++STRT++
46
133
61
894
60
119
40
3675
2951
--STOP--
++STRT++
48
101
11
915
12
160
4
1764
4184
--STOP--
++STRT++
81
102
45
823
51
165
2
1684
1900
--STOP--
++STRT++
89
99
11
825
14
125
1253
2070
2778
--STOP--
++STRT++
46
106
56
813
43
167
49
1415
2978
--STOP--
++STRT++
83
101
11
956
12
162
4
2835
1914
--STOP--
++STRT++
46
130
39
831
59
120
51
1943
2855
--STOP--
++STRT++
45
132
12
971
12
122
40
1421
5706
--STOP--
++STRT++
46
133
39
807
17
122
53
1777
2959
--STOP--
++STRT++
92
101
8
906
61
167
2
1964
3058
--STOP--
++STRT++
45
129
10
903
17
153
52
2729
4341
--STOP--
++STRT++
98
97
9
797
71
121
4
1882
5682
--STOP--
++STRT++
84
144
48
855
44
156
28
1455
2900
--STOP--
++STRT++
124
425
46
683
163
395
722
1446
2920
--STOP--
++STRT++
48
109
60
1015
10
153
37
1370
2875
--STOP--
++STRT++
93
129
40
863
14
122
1
1926
1872
--STOP--
++STRT++
47
111
51
935
17
125
649
3536
4247
--STOP--
++STRT++
47
400
11
912
12
122
41
3643
2858
--STOP--
++STRT++
94
104
45
930
59
167
51
1880
1833
--STOP--
++STRT++
47
423
432
815
9
164
1282
1727
2851
--STOP--
++STRT++
83
98
13
835
9
149
29
2654
4372
--STOP--
++STRT++
318
382
118
1936
294
145
285
1941
5650
--STOP--
++STRT++
46
100
46
922
39
154
43
1368
1877
--STOP--
++STRT++
80
140
58
845
70
120
2
2444
4241
--STOP--
++STRT++
47
99
8
834
341
122
1247
1932
4142
--STOP--
++STRT++
48
133
11
906
12
119
40
1952
1855
--STOP--
++STRT++
52
121
37
892
11
158
47
1890
5791
--STOP--
++STRT++
82
99
9
861
46
176
43
2659
4219
--STOP--
++STRT++
47
103
48
673
15
120
310
3573
4664
--STOP--
++STRT++
86
124
48
972
59
160
44
1804
2846
--STOP--
++STRT++
49
100
57
749
10
121
35
1466
4111
--STOP--
++STRT++
46
98
49
769
67
153
303
2241
2863
--STOP--
++STRT++
48
130
7
834
13
155
37
1992
5590
--STOP--
++STRT++
312
145
8
830
10
121
5
1453
4500
--STOP--
++STRT++
46
133
50
811
45
120
46
1801
4346
--STOP--
++STRT++
47
138
12
835
10
155
101
1920
1868
--STOP--
++STRT++
100
361
9
732
279
121
32
1560
1764
--STOP--
++STRT++
77
353
60
929
1386
326
722
1784
3107
--STOP--
++STRT++
88
134
50
734
63
159
1
2782
2842
--STOP--
++STRT++
80
433
324
814
47
146
1386
1905
4143
--STOP--
++STRT++
46
124
13
842
14
154
7
2796
1881
--STOP--
++STRT++
47
130
41
809
21
158
4
1929
2976
--STOP--
++STRT++
78
133
44
878
70
152
6
1476
2864
--STOP--
++STRT++
47
101
10
842
31
121
2
1482
4213
--STOP--
++STRT++
78
131
11
885
50
159
33
1427
2800
--STOP--
++STRT++
46
444
50
831
12
169
1727
1347
3003
--STOP--
++STRT++
46
103
47
773
12
168
48
1407
4374
--STOP--
++STRT++
90
100
13
899
54
154
36
1651
1711
--STOP--
++STRT++
46
101
10
977
32
161
0
2554
3014
--STOP--
++STRT++
47
363
9
904
46
177
271
3710
3052
--STOP--
++STRT++
49
104
56
835
61
158
316
1924
4306
--STOP--
++STRT++
49
129
57
1017
13
163
44
2721
1708
--STOP--
++STRT++
90
101
11
936
42
126
4
2608
3114
--STOP--
++STRT++
46
101
49
946
12
124
1
1420
2686
--STOP--
++STRT++
47
106
46
995
61
126
40
1393
2936
--STOP--
++STRT++
87
143
59
955
44
385
761
3739
2650
--STOP--
++STRT++
396
412
10
848
1126
393
741
3464
5574
--STOP--
++STRT++
48
103
11
925
9
119
36
2710
4500
--STOP--
++STRT++
48
100
59
918
15
163
3
4888
4423
--STOP--
++STRT++
48
329
12
940
17
120
275
2800
2955
--STOP--
++STRT++
46
104
56
687
11
124
34
1383
1797
--STOP--
++STRT++
92
410
12
762
45
163
966
1556
4315
--STOP--
++STRT++
46
120
53
950
56
161
40
1785
2940
--STOP--
++STRT++
46
392
54
1139
42
126
281
1840
3006
--STOP--
++STRT++
86
127
55
837
67
120
2
1354
5668
--STOP--
++STRT++
352
374
11
1583
1191
380
736
2765
2850
--STOP--
++STRT++
46
104
9
847
43
122
44
1835
3058
--STOP--
++STRT++
46
106
10
927
14
122
30
2763
2777
--STOP--
++STRT++
67
101
44
807
8
161
35
3021
2947
--STOP--
++STRT++
49
102
9
959
56
124
47
1430
2926
--STOP--
++STRT++
485
416
124
1190
14
167
913
1328
2997
--STOP--
++STRT++
50
99
52
787
47
165
42
1783
2804
--STOP--
++STRT++
323
465
67
933
14
177
319
2894
4339
--STOP--
++STRT++
46
101
11
884
14
127
3
2654
2951
--STOP--
++STRT++
80
105
11
836
43
159
651
1901
4368
--STOP--
++STRT++
48
99
32
902
471
161
5
2777
1796
--STOP--
++STRT++
340
101
41
826
17
121
3
1373
2945
--STOP--
++STRT++
93
126
10
616
13
154
32
1437
1572
--STOP--
++STRT++
49
137
9
823
36
121
0
1428
2853
--STOP--
++STRT++
86
123
13
907
15
121
4
2664
1774
--STOP--
++STRT++
85
102
44
801
61
119
0
2474
2781
--STOP--
++STRT++
81
106
41
902
50
162
9
1804
4566
--STOP--
++STRT++
45
100
69
921
49
120
0
1727
2994
--STOP--
++STRT++
49
138
11
990
58
158
0
1951
3051
--STOP--
++STRT++
334
379
78
1166
16
162
684
2583
1704
--STOP--
++STRT++
46
138
56
903
11
124
39
1977
2020
--STOP--
++STRT++
50
139
52
862
65
119
44
1215
4252
--STOP--
++STRT++
107
105
9
991
56
162
0
3655
1885
--STOP--
++STRT++
83
142
60
751
23
166
1
1164
6877
--STOP--
++STRT++
47
102
41
864
18
157
41
2623
1811
--STOP--
++STRT++
94
146
13
627
48
162
902
1417
3615
--STOP--
++STRT++
46
141
53
959
45
153
0
1713
4413
--STOP--
++STRT++
93
419
313
858
51
120
732
1930
1867
--STOP--
++STRT++
81
134
51
899
9
156
43
2043
2816
--STOP--
++STRT++
85
103
57
836
15
150
141
1427
2870
--STOP--
++STRT++
48
339
42
857
47
171
700
3593
4425
--STOP--
++STRT++
94
97
48
969
15
170
1
1785
3033
--STOP--
++STRT++
51
133
9
697
13
152
33
3490
2826
--STOP--
++STRT++
69
378
10
735
1305
331
687
2635
4211
--STOP--
++STRT++
364
421
45
1055
1255
155
737
2641
5652
--STOP--
++STRT++
84
104
42
781
15
120
25
2548
2056
--STOP--
++STRT++
49
103
13
886
15
171
38
1889
2902
--STOP--
++STRT++
46
140
9
824
14
160
1
3567
2980
--STOP--
++STRT++
86
135
10
745
13
122
2
2644
2936
--STOP--
++STRT++
59
407
51
804
190
380
758
1426
1914
--STOP--
++STRT++
88
131
9
781
11
149
8
1543
3025
--STOP--
++STRT++
46
104
10
828
11
157
46
2521
2840
--STOP--
++STRT++
86
120
44
722
54
120
1209
2388
2899
--STOP--
++STRT++
48
414
10
817
119
448
1734
1903
2871
--STOP--
++STRT++
88
139
51
895
56
130
40
1461
1932
--STOP--
++STRT++
49
102
51
660
15
124
56
1821
2943
--STOP--
++STRT++
92
135
8
1011
16
150
1174
2869
2905
--STOP--
++STRT++
47
370
9
940
64
171
691
3500
4316
--STOP--
++STRT++
95
102
57
879
14
121
2
1938
1796
--STOP--
++STRT++
122
390
10
942
1320
122
684
1883
5679
--STOP--
++STRT++
79
133
9
856
15
169
4
2757
2722
--STOP--
++STRT++
78
339
662
872
15
153
311
1304
4464
--STOP--
++STRT++
290
345
65
1062
13
160
1360
2833
4265
--STOP--
++STRT++
46
103
10
892
47
154
5
2056
4325
--STOP--
++STRT++
48
134
12
865
50
119
46
1395
2889
--STOP--
++STRT++
84
417
376
840
41
164
746
1737
4144
--STOP--
++STRT++
49
104
48
1009
15
161
0
1787
5570
--STOP--
++STRT++
82
135
12
893
63
167
41
2614
2968
--STOP--
++STRT++
88
101
57
801
10
162
871
1486
3402
--STOP--
