++STRT++
48
99
10
861
17
123
560
1823
2961
97
143
87
703
63
172
322
1428
1757
46
99
12
707
13
125
274
3488
2674
85
125
9
908
37
165
44
1436
2918
48
143
10
889
49
123
330
1395
4391
50
128
58
845
46
120
327
1391
4138
84
100
46
785
12
124
6
1415
4347
79
355
39
841
45
123
3
1472
5516
45
140
305
966
42
125
567
1438
3583
85
123
11
897
13
123
53
1441
4236
--STOP--
++STRT++
47
99
58
929
59
173
4
1548
2790
77
136
14
883
50
161
1
1382
4231
47
134
42
832
14
156
0
1363
1934
79
99
8
966
64
123
36
1828
1801
105
101
62
910
69
155
45
2783
1816
45
101
43
899
50
172
1
1313
2868
47
100
56
1127
10
120
49
1731
2935
45
104
9
915
13
164
1
1400
2811
46
102
10
770
57
119
1
1478
2851
47
126
39
905
64
161
42
2066
1866
--STOP--
++STRT++
67
135
11
929
14
121
37
2707
2877
48
101
43
858
13
122
48
1769
3077
79
137
49
984
12
124
368
1351
4089
86
102
11
983
54
159
38
1376
1898
86
351
12
677
46
151
2
2583
2866
87
99
51
959
52
119
45
1802
1733
45
106
14
779
16
119
6
1455
4228
81
106
46
987
14
164
5
1874
1955
370
649
27
1304
14
158
366
1341
2570
91
105
10
873
15
162
398
1407
2994
--STOP--
++STRT++
329
351
99
1233
12
123
464
2694
2345
91
606
9
1397
12
127
314
1998
2848
588
629
68
1465
290
159
264
2728
1895
80
125
8
921
24
374
308
1376
4138
76
139
41
789
9
165
13
1432
1900
86
132
10
838
11
119
47
1823
4472
89
127
11
875
63
123
46
2611
1928
87
100
59
1016
12
121
31
1770
4363
49
102
43
910
49
124
46
1822
1885
82
129
61
836
55
120
36
1916
2969
--STOP--
++STRT++
97
135
62
808
39
158
40
1399
3004
85
99
47
815
51
120
0
2648
1974
46
143
48
894
66
171
4
2668
4343
46
106
69
904
12
152
1
1485
4307
94
100
55
914
11
165
1
1855
2924
88
99
47
1020
15
122
1
1378
4326
47
101
56
804
47
159
36
2578
2733
50
126
52
827
57
122
31
1804
2728
255
141
77
774
41
126
1
1823
1984
69
101
39
860
17
172
38
3724
1866
--STOP--
++STRT++
46
142
10
787
65
118
49
1832
4209
86
125
14
855
17
415
384
1848
4243
190
102
10
865
12
120
33
1858
1944
81
128
10
844
12
154
3
1429
2845
46
573
110
835
9
123
382
2858
5512
70
100
12
892
59
371
594
1804
1886
84
102
9
665
64
124
287
1431
2902
46
110
46
923
64
124
28
1739
2899
47
145
43
877
61
121
2
3674
1901
87
119
31
983
55
166
2
2795
4389
--STOP--
++STRT++
48
383
38
654
12
120
242
4589
1845
88
138
48
911
55
169
0
4592
4415
46
436
13
958
49
148
251
1389
5552
49
100
8
882
63
162
1
1290
5556
86
104
49
863
60
169
2
2633
2970
82
135
56
901
10
154
30
1798
4137
329
396
597
868
15
120
547
1500
1791
95
457
16
1148
52
164
346
1886
6814
92
130
11
794
14
119
77
2655
2005
45
136
42
983
10
121
5
2711
2868
--STOP--
++STRT++
47
128
47
776
21
158
4
1658
4133
48
135
9
950
70
168
39
1385
2959
97
132
50
881
54
117
1
3556
2965
46
362
20
1177
60
121
520
1917
2889
100
698
63
1476
15
126
401
1943
5618
48
106
9
952
344
150
307
1802
4198
50
134
53
812
63
401
323
2720
1933
48
128
10
735
21
152
0
2579
2814
81
101
10
877
11
156
0
1316
5585
48
134
54
1060
14
126
5
1501
2882
--STOP--
++STRT++
47
141
10
814
58
619
371
1760
4116
93
103
46
944
108
162
346
1846
2931
47
140
14
851
63
436
284
1812
1853
76
101
55
880
13
354
366
1270
2952
46
131
48
825
61
165
28
1526
2709
91
136
20
867
9
124
36
1809
1925
48
128
51
1070
14
121
39
2670
1853
46
101
9
860
14
152
48
1910
1786
50
428
13
872
49
165
48
1385
2988
47
419
275
1106
65
120
259
1852
2985
--STOP--
++STRT++
84
103
58
904
13
148
64
1719
2903
46
100
58
992
102
121
347
1844
1661
46
134
10
888
12
500
348
2707
3077
75
130
10
990
9
163
8
1950
4303
47
100
12
712
58
155
42
1356
1915
46
109
14
734
11
156
47
1882
5716
83
132
66
779
50
120
50
1340
1689
46
105
45
871
14
493
555
1889
4212
71
143
57
839
12
125
1
1952
2950
47
100
58
946
15
119
38
2745
4370
--STOP--
++STRT++
49
101
46
971
146
148
555
1736
4457
46
116
58
920
69
654
278
1841
1737
83
101
11
975
61
180
350
1885
1671
80
101
9
784
50
119
336
1456
2699
103
102
10
779
10
246
61
1848
1895
96
110
48
899
15
120
0
1428
5752
83
102
10
884
18
135
318
2653
5582
46
142
56
893
59
166
5
1872
1884
92
842
40
820
62
155
316
1681
4204
46
140
31
938
11
380
343
4544
1839
--STOP--
++STRT++
87
558
62
903
57
118
40
2739
1749
46
145
44
865
19
121
2
1714
2978
86
138
56
797
48
121
0
1373
1727
49
99
10
982
54
164
3
2693
4227
74
104
8
664
57
122
36
2671
1908
48
103
11
945
13
123
33
1744
1956
48
140
49
902
56
169
0
1380
2947
47
137
13
870
16
150
29
2731
2749
76
137
11
868
39
170
4
1847
3094
46
104
12
982
58
125
1
2529
4159
--STOP--
++STRT++
49
129
11
914
55
155
51
1862
4428
83
99
57
923
73
156
1
1362
4287
48
101
9
874
52
153
52
2449
2758
47
584
306
927
13
125
345
1916
1858
84
626
61
1432
9
121
379
1463
2722
47
129
11
875
13
119
1
1854
3031
46
602
9
830
63
125
5
1374
4285
48
378
57
873
14
123
3
1863
1730
89
433
11
701
58
125
328
1896
2961
45
107
48
911
96
479
309
2661
1818
--STOP--
++STRT++
45
98
10
754
46
120
272
1729
2892
86
390
65
926
14
123
2
1908
6883
80
129
48
804
55
153
98
1861
1871
82
135
43
907
17
158
37
1820
3124
74
143
45
990
14
160
1
2749
2802
88
158
48
881
15
160
4
1872
4293
94
135
8
1022
60
121
30
1460
4182
339
638
53
1204
11
124
364
1915
2953
77
139
10
876
14
371
371
1661
2928
48
137
8
897
52
152
1
1838
4196
--STOP--
++STRT++
87
134
11
804
12
122
8
1414
1815
47
144
11
910
21
148
41
1394
4460
47
141
8
863
15
122
27
1760
2922
48
307
47
819
15
124
38
1833
4302
83
101
53
961
54
157
3
1512
1680
48
137
55
944
13
120
48
2578
2939
89
100
48
842
12
120
34
1829
3083
46
147
57
944
17
153
33
1411
2876
84
102
8
980
13
151
0
1823
4259
89
365
43
915
12
123
9
1401
2956
--STOP--
++STRT++
89
121
45
986
66
120
21
1915
2987
81
379
8
873
13
186
40
2487
4047
47
135
55
685
50
121
40
1343
4321
90
103
49
840
13
120
1
2002
3041
84
103
43
745
15
151
32
1925
3123
81
611
8
753
13
169
0
1870
1834
85
392
43
817
15
157
244
2635
3011
537
476
579
1030
53
120
310
3269
5685
348
411
47
1151
13
156
312
1881
1829
46
137
48
866
12
167
43
1770
1809
--STOP--
++STRT++
83
136
8
929
11
124
1
1973
3055
87
100
45
765
68
120
33
2823
4281
50
365
45
832
13
148
0
1777
1851
46
102
10
919
61
124
37
1869
5732
46
101
10
827
49
120
2
1885
4423
45
330
54
936
58
169
315
1387
2924
47
448
310
860
18
159
35
1672
1596
47
100
80
811
7
158
36
4449
2710
90
128
13
837
15
157
43
1451
1758
48
129
56
950
49
147
7
2820
1821
--STOP--
++STRT++
85
122
8
895
356
119
277
2725
2745
386
575
16
817
15
123
318
2140
3027
52
354
78
988
52
119
253
1884
4496
85
131
57
762
57
123
245
1244
4358
46
103
43
916
50
157
43
3677
2782
47
124
49
794
12
162
2
1846
2915
47
98
46
831
17
168
1
2803
2784
89
101
14
876
15
156
46
2480
4441
46
105
8
944
40
118
55
1713
2826
90
125
14
787
54
169
31
2758
5613
--STOP--
++STRT++
47
104
48
684
17
122
35
1675
2863
47
124
8
901
69
123
1
1840
2958
47
103
8
1021
53
119
194
2601
1545
84
614
66
852
11
122
249
1740
5561
313
599
360
899
73
146
340
2679
4188
572
385
61
1224
63
171
269
1854
2621
83
435
16
862
50
117
297
1918
1790
47
105
39
806
67
145
1
3735
2898
45
131
30
856
57
121
1
4519
2889
47
104
46
826
12
152
0
1742
2662
--STOP--
++STRT++
101
132
8
746
12
122
223
2536
2936
47
141
39
951
10
303
251
1482
1777
48
108
16
936
14
118
234
1520
4736
82
104
10
909
57
175
272
3527
5538
80
106
42
854
45
155
22
1406
1902
73
99
11
1007
18
147
42
1781
4243
46
134
8
918
10
163
52
1763
1624
49
617
8
846
10
123
43
2387
2932
346
605
48
857
306
123
267
1768
1879
46
125
62
815
51
163
44
2695
5620
--STOP--
++STRT++
48
108
34
869
57
167
2
2469
1720
47
104
33
904
38
121
27
2571
2815
86
100
9
764
42
163
4
1891
2968
87
100
47
843
13
488
40
1880
2899
89
106
11
778
17
170
30
1434
4445
82
105
15
904
14
161
1
1919
4113
46
123
13
894
15
167
3
2411
2919
46
349
9
839
16
163
0
1916
4277
87
379
55
1117
17
152
311
1987
2956
48
157
42
779
79
348
324
1352
2847
--STOP--
++STRT++
72
382
44
1297
51
152
247
2987
2680
346
560
97
975
12
152
286
1487
2861
48
393
10
878
68
161
311
1882
2904
318
522
85
793
14
121
262
1875
3090
46
360
503
919
13
165
297
1970
2854
93
116
14
944
298
122
312
1423
1817
47
129
93
826
53
158
1
2010
1599
90
102
40
883
46
122
0
3544
1865
87
320
10
914
52
123
443
1579
2975
600
108
36
808
60
162
42
1252
5597
--STOP--
++STRT++
77
102
50
782
43
118
2
2610
4235
69
101
42
849
54
118
37
1394
1837
86
103
10
790
36
120
57
2588
1704
47
101
10
980
17
124
2
1774
4305
87
101
45
922
15
157
3
1418
2805
46
312
51
1106
52
159
209
1972
2885
96
164
13
824
12
358
291
2568
2801
45
102
57
942
45
127
46
1900
1891
86
146
65
918
12
122
2
2625
2891
46
686
12
646
54
151
265
2572
2890
--STOP--
++STRT++
80
105
46
881
52
163
52
1441
2914
81
148
43
884
43
119
0
2753
2867
47
103
56
893
10
163
2
1875
4264
90
127
42
826
37
145
291
1821
4275
47
104
8
1033
45
158
306
1440
2986
47
134
41
743
11
165
31
1418
2864
51
103
55
921
55
171
30
1929
2945
79
143
8
883
50
407
328
1834
2781
49
138
45
897
55
167
4
1455
1886
47
382
49
852
37
122
241
2524
1884
--STOP--
++STRT++
46
103
10
904
40
159
39
1917
2809
83
100
9
978
46
122
0
1384
1766
82
103
11
867
12
121
46
1416
1740
103
627
9
757
15
125
47
1765
1885
94
138
45
784
41
155
35
1737
2837
46
138
63
796
50
122
51
1797
2871
83
607
286
794
61
156
263
1972
5642
47
607
319
813
8
120
39
1814
2703
287
338
43
750
14
147
491
2414
5705
48
103
46
647
55
164
2
2701
4278
--STOP--
++STRT++
48
132
44
932
64
533
494
2488
4136
85
143
11
904
9
369
230
1338
1767
94
134
11
913
59
433
528
1886
2833
46
102
8
915
15
169
70
1526
2964
77
429
54
934
66
158
41
2609
4129
67
105
47
912
42
124
2
1448
2739
89
413
39
859
14
123
3
2627
3017
83
99
51
908
49
123
2
2609
5593
89
98
49
794
53
120
0
1422
1835
49
101
30
699
53
159
1
1923
2764
--STOP--
++STRT++
46
104
48
854
15
144
5
1410
1691
45
102
13
898
69
122
0
1339
2902
45
102
43
907
55
121
40
3478
1786
47
394
11
968
11
143
259
1417
2570
85
196
51
866
69
159
58
2746
2732
87
140
51
848
59
160
91
1806
3038
48
105
10
817
12
122
40
2644
7039
79
128
11
815
14
122
33
1302
2976
86
134
9
906
10
165
39
1966
2893
76
436
59
841
14
167
205
2034
4430
--STOP--
++STRT++
86
100
9
939
55
197
491
2690
4194
47
128
116
803
17
170
80
1357
1675
79
133
8
822
11
161
0
1839
2932
89
104
60
761
77
158
1
2807
2888
83
132
43
841
18
153
274
2768
2743
46
125
8
806
16
144
42
1906
2528
52
145
10
774
56
168
37
2531
1967
316
346
267
944
45
124
42
1732
2742
91
324
48
925
49
126
300
4205
2958
46
143
8
835
12
120
34
1389
2893
--STOP--
++STRT++
47
668
60
1081
11
182
392
2592
3012
90
622
58
1273
11
123
309
1525
2920
91
674
49
975
353
159
329
1859
1581
45
133
48
856
59
427
522
2560
2983
46
98
45
855
16
121
2
2021
3058
93
103
49
890
18
152
0
3559
2667
49
100
63
954
34
162
1
1693
4417
91
137
57
792
45
160
0
1762
2838
46
110
46
834
46
119
33
2531
2903
87
434
283
735
50
118
351
1954
2888
--STOP--
++STRT++
47
102
49
725
14
164
31
1883
4264
52
137
44
885
39
121
5
2778
2896
83
145
13
866
13
119
43
1362
2743
46
124
34
855
51
167
297
1331
4273
79
98
8
779
73
123
2
2625
1980
46
100
60
958
42
122
320
2568
2692
47
102
34
944
61
117
2
1972
3023
48
143
35
795
60
122
4
1548
1818
46
130
46
795
53
120
3
3574
1811
46
365
52
737
9
123
205
3503
4325
--STOP--
++STRT++
48
309
53
921
16
164
3
1370
1759
46
103
43
865
14
163
49
1846
1779
47
533
46
886
11
120
235
3368
3013
340
613
115
756
65
149
241
3123
2888
47
102
8
899
57
124
41
1798
3106
48
99
54
858
15
122
45
2626
1964
86
526
10
985
14
123
1
1505
4117
46
608
362
824
20
121
260
2453
2778
47
604
361
961
10
160
260
2313
2961
88
135
15
916
13
120
43
1429
2931
--STOP--
++STRT++
48
133
13
908
484
119
327
1725
4438
86
161
54
804
309
152
318
2513
1700
48
143
48
779
49
404
335
1390
6850
47
102
8
986
9
370
317
1918
1852
49
137
7
866
50
156
19
1444
5686
85
139
47
903
14
389
2
1784
2656
47
139
44
867
69
162
2
1874
1645
94
128
10
751
61
164
2
2606
4184
90
104
58
907
12
160
0
3553
2808
48
131
37
839
55
161
4
2676
6903
--STOP--
++STRT++
95
144
8
810
56
127
34
2786
4381
85
366
40
921
18
171
4
1346
2900
90
444
13
867
58
120
201
2214
2829
86
626
46
805
64
169
54
2816
2968
48
124
44
809
59
158
45
2539
1878
94
100
9
744
14
121
0
2428
2760
78
113
51
947
47
129
47
1688
2710
79
101
49
928
57
121
51
1452
2934
292
525
367
917
66
149
268
2615
3073
85
127
47
966
13
126
43
1414
4184
--STOP--
++STRT++
94
429
7
851
56
125
325
2699
1879
87
395
9
863
67
125
44
2474
1887
341
358
13
745
10
119
49
1352
2972
92
100
17
879
49
129
5
2588
2870
47
101
9
1017
51
179
45
2690
4342
88
467
127
970
48
149
1
1361
2897
91
426
9
928
35
153
2
1376
3143
80
433
13
808
20
165
3
1217
4253
47
105
10
860
66
471
273
1968
4341
45
137
47
892
49
159
120
1466
5778
--STOP--
++STRT++
46
128
44
785
11
177
3
2751
1953
86
144
11
848
18
150
35
1704
2975
76
100
10
1010
52
118
50
1427
2951
82
102
8
954
15
121
7
1333
4348
47
104
222
903
59
121
2
2529
4447
88
406
341
757
65
146
0
1913
2850
523
402
44
926
308
120
251
1860
2581
465
410
56
922
10
123
37
1404
5673
87
558
94
918
51
154
260
2361
3015
50
121
57
736
14
154
1
1394
2857
--STOP--
++STRT++
97
126
13
842
12
153
41
1802
3080
45
536
55
751
46
126
3
1636
2767
80
321
15
882
58
165
43
1316
1808
84
108
12
999
16
143
0
1367
2994
82
124
10
868
64
121
274
1986
2914
623
400
73
867
20
122
247
2649
1589
123
131
56
1118
11
119
248
3120
2932
46
680
10
969
12
121
258
1937
1862
76
103
59
922
46
417
290
3647
4298
78
144
9
809
45
120
1
1496
2907
--STOP--
++STRT++
88
137
11
987
10
124
3
1778
1889
85
100
9
867
51
167
244
1454
1778
46
315
55
890
38
122
4
1807
2814
48
127
14
847
52
152
50
1822
2856
81
101
19
815
13
153
28
1905
1845
47
99
51
931
64
164
256
1824
1801
48
581
10
863
47
168
2
2591
2945
77
401
330
811
14
120
198
1749
1950
96
531
345
809
64
124
319
2922
1614
291
337
267
911
55
121
549
1944
1909
--STOP--
++STRT++
89
99
9
640
10
124
0
1515
3061
84
139
39
887
49
120
4
2649
5632
85
101
54
959
42
124
32
3516
3005
47
141
13
902
43
154
0
1409
4342
97
102
40
860
50
120
54
1973
2786
84
339
47
734
17
123
273
1848
3073
75
136
54
806
60
157
265
1996
4342
46
733
48
825
69
118
305
2668
2887
48
668
55
725
86
174
215
1900
4247
82
137
58
713
68
170
53
1443
4144
--STOP--
++STRT++
84
138
38
827
59
162
2
1812
4095
83
351
54
812
50
152
285
1959
2743
337
607
113
839
46
121
308
3747
4113
101
382
43
748
561
119
285
1231
2197
46
101
52
926
11
121
6
1872
3076
47
126
41
822
11
120
6
3683
2979
91
100
8
892
47
342
271
2637
2913
78
104
13
832
55
379
232
2677
2885
86
135
47
1007
12
177
3
1337
2011
94
98
36
720
14
120
24
1248
4289
--STOP--
++STRT++
88
102
41
861
12
407
498
2797
1687
87
101
49
909
13
363
276
4704
2993
48
101
11
835
48
563
298
1947
4073
92
364
8
976
13
125
45
1755
4324
48
515
40
832
61
170
258
2353
2953
311
342
49
871
18
122
35
1360
4121
83
104
13
844
10
126
2
1804
2866
85
127
10
827
9
120
39
2491
1801
101
102
8
923
11
162
0
1824
1710
45
130
11
925
60
159
44
3405
4340
--STOP--
++STRT++
50
97
10
860
67
397
496
1452
2901
91
104
46
952
62
377
246
1869
1761
78
100
11
927
70
424
286
1272
4264
47
134
9
1037
14
123
31
1885
2994
81
130
62
912
55
157
151
1400
1793
46
106
11
683
38
122
1
1948
1810
46
109
44
848
14
162
46
1820
4231
47
380
8
804
14
120
26
1355
2934
460
460
28
1107
53
120
340
2569
4383
48
128
9
729
18
148
3
1841
4206
--STOP--
++STRT++
98
99
8
852
17
122
3
1396
1608
88
553
11
940
11
153
5
1870
2934
86
556
32
859
17
121
0
1912
4326
85
360
35
915
10
151
200
1929
1766
87
132
58
856
14
157
37
1822
5591
72
109
63
903
15
119
0
1921
2919
83
137
58
886
17
123
4
1805
2875
48
97
53
923
12
128
33
1378
2910
84
103
52
969
15
148
39
1944
2917
73
101
9
867
12
125
48
1862
2948
--STOP--
++STRT++
77
137
57
838
116
120
513
1798
4148
45
589
11
777
62
147
44
1957
3037
49
432
327
908
69
166
573
3236
2845
430
629
16
1457
14
159
341
2009
2923
50
101
54
899
58
166
361
2557
1757
85
104
15
707
40
158
1
2544
2955
88
130
11
924
55
125
42
1913
2873
48
139
17
861
63
162
6
1799
2806
83
100
47
902
15
122
53
1480
2861
92
144
12
936
11
155
34
1380
2965
--STOP--
++STRT++
49
142
16
751
14
153
32
1360
4427
47
126
45
945
51
124
33
1391
2883
49
105
45
907
14
152
2
1725
2957
46
106
46
771
14
155
0
2611
1708
48
100
9
786
12
179
32
1347
1619
46
99
56
867
17
152
3
3703
1786
91
103
60
1016
39
121
1
1859
2957
102
99
65
769
13
165
0
2706
3016
48
127
12
937
12
122
314
1728
1800
47
101
48
806
15
119
48
1487
1954
--STOP--
++STRT++
82
623
10
896
289
120
303
1895
4150
87
140
43
696
394
150
336
1919
2990
72
102
44
839
93
119
623
1830
1685
78
139
8
872
95
121
340
2698
4301
87
103
9
1040
55
123
46
1357
1817
84
145
48
886
54
120
45
1750
2827
47
122
11
885
18
157
2
1417
2960
46
136
47
989
13
161
1
1973
4277
46
134
10
779
16
164
271
1779
1888
47
140
15
999
50
155
1
1402
2851
--STOP--
++STRT++
45
102
51
901
50
156
419
1831
2872
88
108
38
994
57
163
393
1662
2971
45
129
12
915
56
119
398
1382
4244
46
101
10
765
50
167
45
1491
5519
47
100
9
927
12
167
30
1747
3057
46
405
54
922
11
169
34
2777
1655
47
136
41
869
64
166
3
3741
2976
48
100
54
1155
11
122
51
2678
3007
376
656
50
968
320
157
339
1984
1917
47
134
359
979
19
122
45
1374
5599
--STOP--
++STRT++
81
113
16
1021
397
173
264
2727
2905
45
150
50
960
15
121
328
2747
4176
599
433
77
876
16
123
293
2730
2923
79
127
42
1009
16
174
1
1403
6959
49
101
14
696
60
166
49
2427
2888
46
102
8
931
57
155
7
1876
1893
75
101
59
1027
59
121
3
2784
1826
326
366
242
917
15
175
29
1519
2914
48
100
13
829
55
120
55
2684
2852
96
101
49
754
58
119
244
1888
4334
--STOP--
++STRT++
47
131
49
759
60
166
35
2721
2917
50
134
31
885
12
178
2
1366
2948
48
104
37
957
45
162
1
1475
2839
48
98
11
781
11
121
42
1383
2930
50
100
13
912
13
166
38
1418
2926
85
139
11
841
52
162
0
1440
2776
46
140
10
822
74
158
40
2493
3036
80
138
13
840
13
148
44
1449
1827
47
146
52
671
48
160
79
2432
4358
47
100
55
1018
14
164
41
1764
3165
--STOP--
++STRT++
49
136
36
979
12
175
4
1476
2887
46
130
11
842
10
120
32
1783
1892
45
139
13
942
49
122
35
1878
3142
47
99
44
804
16
153
2
2612
2940
46
100
54
948
13
162
40
2880
1809
47
99
12
816
10
164
5
2733
4152
87
103
45
852
8
152
54
3681
2998
50
100
10
869
53
157
45
1330
2887
49
650
352
823
12
160
280
3643
6005
45
101
9
929
14
409
340
2534
4346
--STOP--
++STRT++
69
138
55
906
132
119
317
1410
1876
86
132
45
935
46
120
335
1381
2985
75
103
9
948
48
655
331
1279
2879
48
99
11
842
52
119
2
2677
3001
89
107
63
925
46
119
26
1343
4160
82
563
52
944
11
150
42
3521
2866
263
439
402
915
10
149
216
1930
4334
84
339
68
1109
9
159
271
3930
4353
86
130
45
892
11
124
5
3412
2899
94
99
58
773
64
120
46
2603
2939
--STOP--
++STRT++
93
350
9
848
462
158
608
1387
1782
45
133
11
967
306
123
302
1822
1563
47
127
12
739
393
167
501
2590
2862
47
99
14
883
67
119
42
1773
2812
46
250
11
920
41
125
31
1361
4267
45
619
14
946
50
126
263
1805
1804
335
327
88
914
13
120
256
1848
1851
47
120
55
846
99
402
290
1739
2824
47
101
8
886
11
122
333
3537
1794
49
98
11
949
42
123
49
1449
2983
--STOP--
++STRT++
335
369
92
921
11
155
355
2034
2016
333
592
51
937
19
124
254
2031
3026
45
130
9
872
44
153
0
2561
4296
77
100
14
820
12
162
42
1458
5575
47
126
53
749
13
121
1
2513
4471
72
101
13
907
14
150
0
1410
2858
76
144
58
996
10
122
2
1412
1806
46
96
69
746
65
167
8
1436
2856
46
104
55
841
68
155
53
1913
1853
84
136
44
787
64
121
2
2720
1794
--STOP--
++STRT++
48
100
61
839
53
143
528
1915
1921
79
580
9
880
51
125
51
1742
2877
48
100
9
774
14
312
335
1936
1717
91
103
41
911
53
120
23
2838
2680
46
132
8
839
17
119
4
3489
1924
49
100
57
765
43
148
41
1377
2839
46
136
9
860
42
165
3
1873
2611
87
432
10
928
20
154
31
1881
3024
94
135
48
921
15
166
40
1903
1720
315
372
97
1205
15
119
259
1328
4298
--STOP--
++STRT++
97
386
11
1408
60
122
525
1922
2984
48
131
48
859
49
366
320
1732
5681
46
130
53
880
109
120
317
1765
4375
48
102
52
843
19
192
293
1464
5605
46
132
310
922
58
130
78
1881
1869
85
126
8
1067
22
123
36
1735
2972
48
134
13
994
52
156
296
1501
1848
48
142
275
981
12
119
33
2729
3115
83
131
13
912
56
128
27
1355
1896
76
139
44
859
42
124
2
2563
2855
--STOP--
++STRT++
329
378
380
751
16
163
747
2192
2816
47
404
59
922
14
162
58
3603
2949
75
424
9
975
12
158
1
1849
4240
85
586
9
932
50
126
33
1683
4418
74
644
352
828
13
121
361
1933
4258
83
128
14
901
59
120
2
2456
4286
87
559
9
781
15
119
354
1740
4246
279
431
493
893
44
180
297
3277
4242
394
407
364
916
62
120
46
2620
4219
421
660
28
817
44
119
339
2026
4305
--STOP--
++STRT++
46
146
16
905
44
124
43
1946
5556
48
101
12
831
48
117
1
2497
1886
45
134
53
934
11
151
5
1298
1849
46
262
9
926
15
125
35
1848
2922
45
99
9
911
53
122
309
1610
4238
90
100
52
888
19
160
5
1750
5713
77
578
67
749
9
147
305
2068
4175
585
448
64
928
10
124
306
1954
1707
49
97
11
856
46
123
56
1424
4387
46
101
10
868
62
167
3
1298
5695
--STOP--
++STRT++
47
550
58
824
519
122
526
1826
2833
80
119
38
804
564
126
339
1480
3206
80
128
11
785
306
121
261
1961
3023
395
166
120
829
53
429
613
1950
2020
91
103
47
903
57
424
316
1784
1793
47
142
49
906
62
120
457
1885
1918
45
105
11
868
43
158
0
1894
5632
46
129
60
725
63
145
4
1324
1809
150
101
15
896
13
162
42
2729
2808
47
138
9
856
89
447
582
2561
5649
--STOP--
++STRT++
95
100
49
811
12
156
36
1468
1756
76
129
11
879
56
123
48
1746
4168
50
127
10
839
14
121
48
1410
1901
83
106
34
916
47
158
33
1840
5655
45
436
8
871
10
120
256
2234
5617
96
111
10
986
315
122
329
1802
3034
78
101
47
1018
60
403
376
2783
2807
92
147
9
1003
69
163
351
1440
2959
47
102
40
773
11
171
2
1461
4322
90
140
45
872
11
157
55
3458
4216
--STOP--
++STRT++
90
140
12
926
10
467
534
1834
2785
81
638
406
939
17
166
1
2812
1760
47
618
338
871
63
123
333
1916
4194
46
103
11
614
45
121
79
1710
4363
91
104
41
926
55
120
0
3535
4312
46
134
8
908
55
152
34
2659
1474
91
136
10
867
36
119
2
1506
2886
47
124
12
864
13
121
0
1398
2917
46
96
10
928
19
124
34
2525
1988
85
124
13
894
11
168
44
1406
4173
--STOP--
++STRT++
85
107
14
862
56
123
6
2553
4314
46
101
11
841
67
120
36
1403
3003
87
129
58
718
16
120
36
2757
4364
79
136
48
746
44
162
49
1386
2847
46
99
52
886
13
120
40
1866
2895
45
103
59
807
63
122
46
4599
3013
89
372
13
885
15
163
3
1550
2042
47
139
44
933
13
166
1
1430
2941
81
100
14
883
58
152
55
1406
4342
85
137
10
730
9
160
42
2645
2845
--STOP--
++STRT++
78
133
8
892
16
119
0
1430
2675
94
137
12
732
53
123
3
1198
4329
87
137
49
653
64
157
4
3531
1649
46
101
10
962
11
127
33
1454
1944
100
143
42
993
75
122
31
1850
1848
80
139
54
815
10
119
1
1801
1822
87
428
48
806
53
156
2
1964
2931
46
103
52
766
63
166
8
1824
1892
83
102
54
809
17
165
27
4533
2917
49
101
52
980
18
177
3
1464
2788
--STOP--
++STRT++
88
138
8
933
60
117
42
2591
3077
83
129
10
824
12
124
1
2639
3040
90
100
13
908
11
163
6
1517
2857
78
144
32
737
61
162
3
1107
1831
45
128
42
704
53
124
50
2629
3070
82
105
59
771
66
156
2
2797
2926
72
383
249
785
67
127
0
1930
3000
79
356
236
757
71
121
39
1269
3024
449
411
38
1039
17
164
236
3007
2812
47
130
11
854
338
120
1
1399
2828
--STOP--
++STRT++
126
129
11
880
48
120
36
3691
1943
85
101
57
914
41
119
0
1943
2739
263
354
13
735
30
121
483
3025
4325
519
381
90
862
12
119
300
3097
2852
79
135
69
847
12
161
41
1439
1920
47
129
41
582
69
120
4
1457
4251
45
138
49
816
13
171
7
1748
4287
75
100
52
872
13
119
39
1817
4256
101
388
251
648
70
178
4
2717
2992
318
603
365
905
62
159
263
1473
3069
--STOP--
++STRT++
48
138
13
885
12
153
6
1867
1910
47
133
50
864
15
121
34
1886
1838
74
129
12
758
14
163
3
1387
1448
87
99
29
786
20
123
50
1718
1956
85
105
15
878
11
122
49
1439
1789
46
130
53
717
12
120
2
1294
1794
91
133
12
880
39
367
541
1409
2933
48
141
10
838
14
634
343
1867
2923
86
104
58
867
52
174
1
2701
4304
47
103
51
928
15
161
0
1743
4157
--STOP--
++STRT++
76
141
43
753
9
122
46
2646
2956
88
132
47
861
68
404
1
1862
1923
47
100
11
848
14
124
0
1387
4464
74
599
309
829
19
161
2
2725
4287
563
350
273
836
13
119
350
2707
1827
47
103
8
889
21
364
321
1337
2867
48
131
59
863
56
125
3
1472
2861
90
106
50
911
60
122
2
1424
2979
49
101
14
1004
9
162
29
1317
1930
49
129
40
819
60
126
344
2590
1870
--STOP--
++STRT++
80
144
49
922
54
124
88
1443
4133
48
102
14
883
47
120
43
1372
4296
83
132
13
949
50
119
2
1710
4257
233
102
47
757
11
149
0
2573
2808
91
134
45
802
13
164
5
2632
3093
49
405
294
923
70
119
0
1356
2073
48
446
303
838
44
166
26
1837
2993
89
140
9
890
73
374
337
1748
1935
46
127
40
881
13
119
0
1398
2017
83
583
285
835
17
122
331
1982
5583
--STOP--
++STRT++
48
130
8
863
11
158
0
1420
2880
47
136
10
843
54
120
47
2629
2961
85
129
46
858
48
120
42
2715
2937
95
114
46
857
15
173
0
1855
2735
82
104
14
828
44
121
58
1970
1767
49
99
43
876
16
153
2
1506
2935
81
103
42
884
13
124
37
2664
2938
48
141
58
918
57
403
286
1749
5620
72
101
11
705
51
170
37
1463
5631
45
100
47
851
15
121
35
1841
4233
--STOP--
++STRT++
85
122
42
914
58
120
44
1915
4164
80
129
12
833
13
120
37
1825
2728
50
316
65
908
11
152
4
1776
1964
75
130
47
885
46
125
4
1880
2988
47
107
13
903
51
156
1
1513
1698
89
98
8
926
8
166
40
2518
2827
88
363
245
847
13
122
46
2819
1907
47
103
58
910
17
159
36
1805
1910
100
107
56
772
11
148
5
3570
5639
47
101
12
878
12
162
5
1401
2952
--STOP--
++STRT++
46
99
40
850
12
478
522
3722
4237
81
577
47
923
10
123
43
2658
2826
76
426
525
963
14
164
241
2420
2965
384
622
46
908
15
166
300
1423
2002
85
449
51
893
86
628
362
1248
2904
93
101
10
1015
42
164
328
1464
4240
48
140
54
861
53
122
315
1579
1624
49
127
56
734
11
146
42
4685
2822
45
129
13
828
16
155
6
3436
4238
73
100
9
840
68
155
2
1414
2852
--STOP--
++STRT++
323
357
504
919
11
120
344
2634
4194
372
578
302
849
18
120
287
2274
4216
86
164
9
1150
11
170
281
1860
4260
83
125
14
915
11
138
324
1497
5540
76
108
49
923
41
121
6
3487
2984
84
288
11
999
13
125
48
2725
4303
50
131
57
837
61
121
44
1386
2881
104
130
8
630
48
120
0
1380
1834
47
129
50
862
50
122
3
2620
1857
72
101
8
876
42
124
0
1736
1844
--STOP--
++STRT++
91
143
10
800
12
120
114
1570
2872
48
99
9
1000
13
162
2
1881
3004
46
639
11
793
56
125
0
3572
4249
50
370
35
800
53
142
42
2857
4173
48
140
51
832
55
120
46
1431
4322
49
105
52
887
56
155
2
2608
4246
104
98
50
819
59
168
2
1337
1818
47
103
50
952
69
124
39
2555
4146
80
139
50
807
14
121
1
1482
4156
83
131
51
749
17
123
3
1429
2672
--STOP--
++STRT++
87
139
56
739
16
152
0
3477
3129
97
449
47
974
51
121
38
1820
4310
46
105
54
885
15
390
317
2613
2930
84
106
11
871
109
118
281
1799
1719
46
100
11
745
18
157
37
1836
2858
89
101
13
946
18
162
2
1425
1722
85
135
45
900
62
123
1
1396
4023
90
98
17
865
50
155
5
1754
2828
48
131
68
917
52
120
2
1812
2756
84
99
9
765
10
119
0
1387
1931
--STOP--
++STRT++
48
141
9
991
59
163
2
1869
2880
48
129
9
840
11
162
0
1727
1782
47
134
13
698
51
160
41
2572
2879
48
135
8
906
56
165
40
4100
2906
48
692
300
900
73
121
367
1455
4234
400
632
309
869
11
118
355
1394
5913
46
135
9
876
22
156
0
3497
2068
46
102
43
883
14
120
33
3553
2861
93
222
10
841
57
170
4
1290
2979
51
103
8
758
14
176
39
1733
2781
--STOP--
++STRT++
358
344
538
899
62
160
247
2394
1921
323
581
374
938
49
123
298
1714
2813
338
315
262
653
73
155
558
1867
4166
88
145
8
898
309
118
291
1887
4260
46
101
46
835
12
123
347
1798
1884
50
101
37
680
55
121
2
1826
2853
104
131
53
963
62
120
46
1341
4257
47
105
8
873
48
118
3
2645
5664
52
102
67
862
13
119
0
1803
1743
78
139
9
808
12
123
6
1874
1874
--STOP--
++STRT++
87
102
10
871
16
123
6
2659
4267
79
129
11
785
12
157
44
1828
2830
49
100
9
927
60
156
1
1869
4309
93
99
8
873
15
125
1
1871
4358
83
142
59
1002
43
125
273
1444
2976
46
136
11
885
14
164
45
2516
1866
86
100
54
886
48
122
2
1808
5745
609
411
489
911
20
151
247
2393
2717
76
104
12
716
13
160
1
1199
4276
88
101
37
851
10
160
289
1450
3533
--STOP--
++STRT++
79
104
14
925
34
157
2
3702
4429
77
104
9
926
15
120
2
1868
2998
46
96
10
769
17
125
34
1934
4292
47
138
33
1057
13
169
2
2600
1948
46
131
48
858
47
168
41
1720
1889
87
100
56
892
11
173
4
2655
1396
83
133
8
837
40
121
50
2564
1997
46
101
34
984
51
150
1
2033
1894
89
570
352
854
41
151
263
2242
5614
291
355
299
794
17
122
190
1788
5638
--STOP--
++STRT++
49
132
40
985
41
177
59
3726
4214
96
100
10
799
63
123
5
1402
1932
86
128
45
857
16
123
1
2779
5489
45
107
13
871
13
121
0
1773
2953
93
105
11
833
11
169
39
3604
4462
48
101
10
1060
48
157
2
1986
4468
73
101
9
689
68
164
47
1384
1896
49
102
54
934
39
426
236
1363
2885
49
104
11
871
14
155
6
1769
2888
90
103
10
951
13
120
6
1520
2734
--STOP--
++STRT++
82
133
8
883
32
587
568
1376
2852
74
155
56
930
51
121
271
2526
4315
120
331
87
950
14
122
201
2377
2929
80
139
9
787
12
120
35
1419
2948
88
102
10
876
47
149
0
1548
4250
50
101
11
888
39
121
35
1343
2984
51
130
8
977
59
123
37
1456
4100
88
147
47
832
46
123
39
3716
5664
47
100
57
839
56
123
0
1863
1905
93
103
42
782
48
162
4
2582
6792
--STOP--
++STRT++
318
342
9
708
44
161
196
1913
2899
89
321
45
874
38
123
33
2000
1835
45
365
11
774
52
124
0
1840
4237
85
108
13
972
16
153
56
1743
4267
47
99
44
898
12
149
29
2727
1847
47
102
41
892
40
123
261
2543
2599
49
122
12
855
12
153
31
1809
3013
87
100
40
1035
17
124
67
1933
2966
405
102
44
905
59
146
41
2633
1750
90
131
11
855
48
163
40
1347
4195
--STOP--
++STRT++
46
101
41
915
65
121
33
1444
2840
72
131
49
865
57
120
36
1377
2715
70
126
12
851
18
169
31
1451
2907
91
132
38
815
40
119
34
1418
4341
46
140
12
803
17
160
234
1910
1987
352
525
46
683
56
122
312
2266
5625
88
100
9
846
43
157
38
1742
1761
49
102
53
702
82
120
49
1371
2830
86
100
45
719
19
125
370
1367
2888
93
128
57
769
13
158
38
1789
2990
--STOP--
++STRT++
91
301
13
911
11
120
50
1897
2952
91
97
12
909
59
122
50
1411
1796
96
105
46
802
52
121
36
2681
2871
46
132
11
780
64
163
42
2509
4361
49
149
8
839
13
125
61
1857
2956
78
128
13
861
14
170
1
1800
4339
88
99
8
922
15
124
0
2600
2955
93
132
8
847
39
121
35
1346
3147
50
105
50
906
54
149
264
1831
1749
296
372
12
879
13
123
0
1462
1755
--STOP--
++STRT++
47
404
9
941
55
154
40
2672
1705
94
131
53
920
46
157
48
1446
5663
85
100
69
919
58
172
53
1453
4435
92
124
8
930
54
160
6
2297
1946
83
102
52
823
51
120
1
2606
4223
49
135
45
940
49
173
1
1441
1846
99
126
14
960
52
158
4
1401
1951
84
143
60
852
12
155
2
1270
4189
47
100
54
910
11
125
47
2616
1997
48
127
10
828
58
166
31
1918
4212
--STOP--
++STRT++
78
105
11
886
58
117
42
1830
2903
50
148
46
903
58
125
4
2592
1874
41
125
18
892
19
122
43
1852
1911
83
100
9
939
11
121
34
1326
2887
69
136
12
936
16
158
41
1995
2943
83
100
46
856
14
120
6
2561
1549
75
103
8
796
10
151
41
1801
4242
46
138
10
854
35
120
318
1859
5566
48
137
8
823
45
155
2
2591
4466
48
100
45
894
10
119
5
1773
1806
--STOP--
++STRT++
90
104
12
956
41
166
4
1476
5580
82
98
50
872
10
124
41
3484
4237
79
102
11
911
58
178
1
1336
2999
47
376
12
966
16
157
2
1380
2909
280
348
287
801
15
120
2
1829
5551
380
365
9
916
17
164
41
1365
1690
46
137
9
921
60
170
2
1966
3036
47
131
39
749
48
444
296
2709
4310
91
140
12
940
14
120
50
1406
2809
78
99
12
877
16
153
47
2629
2953
--STOP--
++STRT++
47
134
9
878
15
121
37
1854
2751
48
103
38
939
13
154
1
1808
2670
47
554
329
958
71
124
527
2018
1871
514
563
101
969
17
176
297
2270
2963
46
100
8
1015
16
127
313
1496
4378
82
98
8
894
18
123
2
1884
4388
85
126
42
852
12
161
1
1355
1650
87
101
36
969
15
318
321
1379
2851
85
149
35
852
69
120
34
1805
4193
46
102
13
861
39
159
0
2474
2959
--STOP--
++STRT++
47
126
44
858
10
166
1
1434
2882
47
133
9
820
9
120
4
1882
3107
46
127
8
856
15
161
0
1414
1887
72
101
8
941
65
160
1
1925
5696
46
126
40
955
60
120
45
1954
1902
46
99
46
877
51
121
44
2678
4447
91
101
10
927
53
120
36
1834
2872
83
133
41
712
14
151
0
1515
2012
47
463
453
858
12
119
294
1923
2862
69
127
11
960
11
702
337
1459
2988
--STOP--
++STRT++
93
107
46
892
14
166
4
2482
4314
82
135
42
864
12
124
39
1863
2829
46
134
10
931
9
121
40
1491
5581
99
102
8
842
46
126
3
1395
5662
87
128
43
769
14
161
5
2546
4256
51
105
35
928
8
154
41
2629
4268
88
140
11
950
10
120
48
1795
2697
69
100
11
963
56
148
1
1470
2882
74
398
48
752
50
160
258
2302
4323
351
429
98
975
63
124
302
2251
2976
--STOP--
++STRT++
93
104
10
819
66
120
42
2686
4303
99
123
42
996
14
121
2
3973
1850
46
349
15
731
84
150
27
1486
1756
47
100
42
826
15
162
38
1837
2839
95
102
9
1049
8
149
274
1411
3039
46
103
52
867
48
391
303
1764
3000
46
106
60
788
56
159
335
1656
5559
48
105
38
886
14
152
28
1866
1889
83
105
12
810
69
158
27
1417
5638
77
144
10
823
59
120
27
2662
1804
--STOP--
++STRT++
49
131
8
866
10
162
0
1846
2892
94
139
55
828
61
363
271
1379
1840
89
133
9
886
23
328
275
1447
1839
45
123
38
802
129
427
274
1765
4365
89
145
9
916
68
122
49
1804
2788
47
131
9
819
53
121
54
1372
3051
86
128
45
854
53
121
1
1865
1775
45
130
116
842
46
193
295
3459
2820
87
578
279
960
19
151
308
2061
3050
81
143
10
729
64
121
1
1695
3002
--STOP--
++STRT++
47
101
50
995
57
120
11
1416
2795
47
595
63
910
16
121
5
1904
1805
45
427
49
1022
64
119
47
1837
1723
74
134
46
905
13
163
5
2712
2884
47
407
37
774
18
118
260
2324
2930
379
354
337
902
11
160
52
1466
1842
46
425
12
791
11
177
34
1245
2953
47
103
39
877
44
124
4
2605
4314
77
137
44
927
16
169
26
3475
2827
45
100
44
912
14
147
1
1446
2816
--STOP--
++STRT++
85
129
9
749
56
119
31
1430
2849
46
127
11
916
14
165
234
1770
1816
94
131
47
778
47
121
278
1910
2846
82
134
15
772
16
122
27
1463
2920
84
137
13
997
53
126
0
1437
1924
92
101
10
791
12
121
36
1743
2995
80
105
53
923
13
170
1
1652
2876
48
136
67
802
52
155
50
1822
2843
97
140
50
994
13
162
41
2582
2948
49
136
12
905
40
171
54
1417
1974
--STOP--
++STRT++
47
130
42
865
43
121
29
1819
2866
81
100
55
887
39
126
2
2614
5490
47
103
12
837
12
160
0
2515
2713
92
102
53
815
51
150
31
2672
1931
95
141
9
717
14
141
47
1795
2789
91
362
11
949
12
166
45
2477
4222
559
380
250
831
54
119
295
1913
1782
85
374
15
779
594
123
283
1804
4615
86
147
8
802
54
177
313
1710
2869
47
105
12
796
15
120
0
1801
4216
--STOP--
++STRT++
52
135
8
850
52
151
1
1624
1807
81
101
9
863
14
151
45
1835
2826
51
132
39
784
10
121
7
2697
1859
46
109
51
868
12
162
1
1370
5601
86
384
9
712
11
166
42
1383
4343
50
313
95
862
29
120
194
3614
2978
300
340
240
821
61
159
2
1830
4234
46
129
10
1151
62
123
249
3049
3050
330
664
15
980
15
151
220
1538
4123
46
105
51
911
15
162
54
3652
1845
--STOP--
++STRT++
94
100
32
938
52
155
0
4519
4273
79
129
52
818
12
122
38
2717
2942
46
144
9
950
58
156
0
1852
1791
48
99
56
801
73
161
0
1213
2799
88
131
9
810
14
122
42
1838
1431
74
143
8
878
17
164
3
1884
4116
95
132
15
755
54
124
30
1534
3060
48
136
10
782
41
122
43
1363
2874
47
140
53
915
52
177
268
1305
1914
48
144
51
1026
49
140
2
2630
3012
--STOP--
++STRT++
81
130
8
953
17
121
40
2073
1887
48
133
10
814
69
119
32
1693
2920
47
132
52
795
46
121
0
2803
2804
348
632
48
1218
48
145
327
1786
3627
84
135
12
1065
17
386
338
2659
3018
83
101
57
841
50
149
2
1493
5569
47
103
8
868
15
120
40
1418
1781
90
103
10
877
14
168
46
1566
2982
46
103
48
837
60
169
41
3502
2973
92
133
46
732
47
120
36
1415
4399
--STOP--
++STRT++
84
132
59
886
11
170
0
1754
2900
85
140
50
832
13
150
32
1808
1696
46
101
42
938
11
120
3
2656
3094
47
133
41
862
14
154
1
2617
1836
48
105
43
845
16
153
1
2836
2660
85
100
8
897
16
129
1
1402
2977
47
136
9
750
13
123
108
1743
6852
75
126
58
843
17
173
3
1305
1985
81
105
55
856
64
125
47
2603
2892
47
128
35
853
51
121
37
1418
4226
--STOP--
++STRT++
85
100
12
954
44
150
1
1389
3024
84
106
12
751
70
151
41
1898
2841
90
100
67
885
14
159
42
1404
2955
48
133
46
723
12
119
1
1800
1957
46
103
12
972
62
160
5
1901
4201
82
129
8
1032
12
127
31
1875
4330
80
128
11
860
16
153
3
1828
2949
87
137
10
723
44
170
36
1853
1576
288
656
73
714
51
151
277
2783
5948
51
134
51
823
13
382
280
1264
2804
--STOP--
++STRT++
50
104
12
786
129
159
1
3650
1797
263
142
39
899
41
165
41
1679
4351
97
143
55
850
17
121
0
1824
2970
44
141
48
942
52
164
2
1872
2879
48
134
48
1292
62
167
37
1960
2918
49
133
58
897
43
121
0
1421
2701
75
385
43
960
39
152
41
1780
2851
76
367
56
867
49
121
47
1533
2922
83
536
79
920
61
121
289
2230
4397
46
107
12
942
20
162
297
1749
4222
--STOP--
++STRT++
47
107
55
958
13
167
0
1414
1575
136
124
11
904
18
151
6
1838
2967
315
101
53
874
11
124
56
1800
3011
92
125
52
955
11
121
2
1784
1903
95
102
10
845
14
172
3
1725
3181
76
103
54
722
38
120
324
1906
4316
48
101
46
834
53
121
28
2626
3020
46
413
8
841
47
153
47
1777
2851
74
423
58
752
45
145
33
1850
4254
47
106
11
880
57
124
0
1371
4162
--STOP--
++STRT++
413
344
107
891
17
123
308
1462
4977
348
559
39
693
71
121
293
1868
1775
86
130
32
911
51
152
46
2705
3004
45
130
9
750
10
117
1
1630
4218
82
101
8
911
45
159
52
1815
4086
50
102
8
849
14
120
44
2672
1891
49
109
58
821
55
120
9
2629
2722
46
139
49
775
55
122
0
3743
1964
46
146
68
812
59
152
50
3602
2898
70
101
53
759
45
180
48
1431
2733
--STOP--
++STRT++
82
154
38
946
45
126
462
1388
4159
75
413
76
1129
12
151
210
1937
1787
146
161
14
1281
12
120
306
1916
3030
685
140
28
923
72
165
3
1843
2863
80
99
48
969
15
121
2
1928
2894
47
101
35
906
12
162
54
3718
1779
90
105
9
892
16
165
36
2454
3083
86
127
302
770
11
121
7
1958
2976
43
101
15
911
9
166
39
1772
3028
89
150
91
854
48
119
1
1426
2864
--STOP--
++STRT++
98
103
56
768
57
167
0
1507
1930
47
98
53
979
37
121
35
1429
1971
80
102
11
893
65
154
44
1485
2890
71
107
12
794
13
156
39
1879
4412
85
400
13
893
49
149
34
1916
2916
310
395
41
842
52
165
0
1975
4022
77
131
7
878
13
368
267
3396
1744
86
141
11
836
18
120
39
2693
2875
78
136
10
895
12
159
4
1396
2936
47
132
53
855
11
165
0
2550
5785
--STOP--
++STRT++
95
118
60
882
487
149
373
1476
4336
46
122
49
1017
10
342
342
1823
1892
91
103
44
855
59
121
319
1455
5953
48
134
41
837
13
120
1
2686
3042
97
103
8
802
42
121
47
1321
5677
81
106
58
861
67
123
1
1395
3026
49
99
12
836
57
120
328
1381
1817
87
104
11
701
12
121
46
1861
2803
76
108
62
861
12
175
49
3727
4274
46
102
43
972
11
144
3
2862
1911
--STOP--
++STRT++
46
103
37
895
11
121
37
1778
4312
82
106
10
868
47
167
6
1896
2962
84
100
56
900
56
183
44
1819
2933
79
100
8
832
11
120
35
1835
2003
47
102
57
659
11
149
42
1797
2961
46
337
46
899
46
123
3
2749
1911
47
102
11
821
14
157
34
1870
5788
83
104
42
941
11
168
39
1875
1958
70
355
234
871
51
119
204
1776
3109
46
149
34
926
13
151
32
2483
2697
--STOP--
++STRT++
49
136
51
854
14
523
534
1360
1783
45
368
58
939
68
161
3
2588
4314
47
443
348
772
12
122
301
3746
2946
93
468
81
1278
66
150
358
1609
5628
88
131
8
819
12
184
355
2516
1901
82
103
12
909
58
167
6
3520
2927
95
122
44
873
45
121
37
2667
2893
48
138
8
997
67
122
38
1883
5535
46
136
10
855
12
167
42
2600
1674
47
142
48
866
44
156
37
1882
2847
--STOP--
++STRT++
90
527
10
781
592
123
536
1879
2761
46
173
10
824
10
120
275
1834
2976
51
636
13
926
345
161
354
2502
5598
79
101
53
962
66
667
320
1852
1922
46
133
11
830
43
121
43
1400
2797
93
134
10
993
72
121
43
1911
4126
50
127
40
743
13
121
4
2667
1787
76
135
11
839
51
119
2
1847
1847
73
427
11
943
46
161
274
2043
3045
68
379
11
1207
60
160
360
1704
2951
--STOP--
++STRT++
89
128
45
886
40
121
41
1620
2869
46
103
10
882
12
139
4
1829
5570
75
409
103
874
43
121
299
3563
4444
96
382
31
866
57
118
42
1363
2904
78
131
42
834
61
120
48
2920
4406
96
130
57
716
13
120
15
1877
4379
84
153
9
988
40
121
2
1355
4282
88
139
48
743
71
119
38
3708
1813
306
466
668
860
17
161
508
1514
4249
47
108
52
788
57
160
361
1422
4153
--STOP--
++STRT++
377
405
367
794
47
155
259
2715
2885
358
615
64
802
10
123
314
2263
4194
655
394
102
934
16
163
304
1880
4287
48
451
59
981
620
123
292
2867
1827
47
138
58
730
51
166
65
1397
4206
84
101
13
751
12
174
52
2618
4292
88
99
10
819
61
121
2
1842
3043
45
370
9
911
10
122
40
2523
3134
46
102
14
845
58
163
60
1717
2941
74
105
47
995
13
120
3
1670
4304
--STOP--
++STRT++
47
137
9
845
45
152
62
1873
1791
81
132
15
716
50
119
49
2657
1694
45
128
54
929
15
119
37
1503
2800
47
100
10
1077
12
119
2
1970
2788
356
404
79
826
60
124
247
1991
2857
365
356
340
785
37
150
3
1761
4357
79
341
12
834
8
167
0
2058
2850
46
403
52
917
14
157
1
2743
4072
47
102
58
714
13
155
28
1708
4211
85
101
9
682
75
120
2
2011
4375
--STOP--
++STRT++
81
104
9
898
16
125
73
2620
3039
47
133
11
903
39
120
40
1792
1768
48
124
364
846
16
121
321
1829
2802
47
105
8
902
12
166
3
1809
1750
90
108
11
887
9
159
319
1820
4068
85
107
10
761
11
156
37
1793
1766
85
134
8
967
55
147
37
1767
5703
79
139
45
872
18
163
34
1861
1898
47
137
10
1060
39
120
2
1912
4088
45
633
306
937
15
151
296
2140
2963
--STOP--
++STRT++
46
124
13
866
10
123
132
2507
2940
46
571
44
852
61
165
45
1751
2993
90
540
345
739
43
168
290
3705
6882
49
129
43
849
13
160
1
1803
3032
89
100
49
838
14
154
5
2442
5616
45
98
64
865
10
122
33
1818
2988
46
136
46
858
18
161
283
2402
2962
46
130
9
839
18
122
77
2625
2907
46
99
40
910
16
119
1
1440
1748
86
102
92
744
53
119
325
2679
2901
--STOP--
++STRT++
48
143
8
819
11
121
0
2570
1612
92
141
10
1031
65
153
29
1419
1878
94
104
75
801
10
167
2
3707
4139
46
102
9
776
39
152
43
1798
3103
81
106
9
927
16
122
37
1908
5569
83
110
12
766
10
171
0
3553
1876
75
403
286
846
8
122
46
2761
2882
89
128
40
765
65
122
5
1841
5700
45
101
64
873
16
120
369
2040
4394
46
133
9
907
18
152
342
1867
2954
--STOP--
++STRT++
92
98
51
802
58
172
54
1440
2897
49
100
9
792
12
121
34
1924
2865
90
141
59
909
34
163
44
1382
2986
46
133
9
954
12
154
53
1319
1837
88
433
53
691
55
161
348
2449
1752
187
103
10
742
46
161
37
1879
1910
77
101
12
831
61
123
41
1358
1968
321
390
81
878
53
170
310
2000
4255
46
728
60
826
66
159
372
1384
5671
100
131
10
867
53
119
55
3497
3037
--STOP--
++STRT++
312
381
552
894
10
123
248
2368
1852
366
397
9
908
43
163
49
1871
2886
71
442
12
867
50
123
35
1695
1846
47
418
14
903
19
147
0
1854
4219
92
103
62
801
66
166
37
1979
2769
79
102
54
959
19
154
35
2629
2914
81
404
53
858
11
152
4
2526
2934
46
136
10
722
53
126
4
1516
6982
79
106
10
903
19
152
33
1399
2770
47
101
12
700
45
147
40
1474
4322
--STOP--
++STRT++
85
103
60
998
57
462
517
2509
4292
138
143
57
805
16
403
329
1506
4176
77
134
8
786
10
120
45
1784
1904
50
135
9
951
10
119
30
1819
4102
47
101
14
914
65
165
331
2486
1961
46
158
46
760
347
117
363
1410
4270
90
124
11
831
37
127
323
3543
1957
46
101
11
934
48
125
52
2614
2774
85
100
18
762
11
167
44
1778
2938
74
145
52
811
60
157
0
2522
2997
--STOP--
++STRT++
81
380
37
1185
14
121
224
1349
1768
99
555
51
866
62
124
1
1575
2892
91
360
58
855
15
143
39
2609
2905
88
106
13
883
55
119
260
1858
5717
46
132
47
985
13
121
70
1894
2996
86
124
63
795
10
121
5
1866
1784
48
123
14
833
15
453
519
1409
4202
84
145
50
950
15
121
36
1761
4327
78
123
44
918
53
169
2
2688
4173
46
103
11
924
66
170
46
1430
5703
--STOP--
++STRT++
80
104
56
936
62
122
2
1882
1859
88
100
52
934
46
119
41
2534
2687
90
98
57
719
14
120
4
2602
2906
49
135
10
864
34
121
0
1443
2959
79
463
13
911
61
181
37
2542
1938
45
574
54
901
10
154
0
1960
4149
86
137
9
810
60
120
50
1940
1866
94
103
9
879
14
121
1
2549
1839
89
133
53
862
60
159
1
1858
1880
47
100
59
781
13
149
38
4583
2874
--STOP--
++STRT++
50
127
10
914
58
125
40
1834
6863
79
131
12
895
14
122
46
2623
1804
84
108
41
920
60
152
41
3622
1921
84
137
14
911
14
152
1
1391
4309
90
103
12
925
52
121
37
1876
2794
91
134
46
714
298
119
299
1920
4906
45
138
46
870
14
123
7
1757
3000
74
103
9
895
16
168
33
1915
1914
47
100
62
966
12
162
36
1788
2671
76
130
12
957
44
159
80
1793
1891
--STOP--
++STRT++
46
135
38
969
57
178
1
1729
1693
87
562
47
862
10
119
36
2563
3056
78
352
39
916
16
120
304
1390
2924
330
629
69
1286
43
120
326
1864
4266
92
148
9
1006
13
156
3
2609
4262
46
109
44
819
63
156
0
2531
4317
89
112
47
868
14
125
43
3564
2976
85
366
8
726
15
120
296
2582
5648
310
572
47
1293
278
119
310
4677
4401
76
125
11
751
16
125
2
1340
4349
--STOP--
++STRT++
46
103
8
779
16
492
538
1476
4297
47
101
8
833
11
187
376
1765
2988
75
101
44
912
16
158
344
3551
4221
46
104
48
915
48
159
53
1885
1814
47
127
48
805
18
169
0
1871
2844
46
126
11
934
50
120
39
1396
2867
46
103
55
762
16
122
48
1901
5637
74
102
51
860
14
119
0
1988
2843
87
107
11
975
48
151
43
1918
2794
47
140
10
902
13
167
1
1410
1726
--STOP--
++STRT++
81
127
46
871
67
125
33
1747
2838
94
105
55
917
14
167
0
1780
1786
46
101
55
860
13
156
5
1940
4212
47
130
10
867
18
160
1
1736
2652
46
101
46
745
16
121
43
1898
1650
46
411
60
969
46
156
311
1875
1892
58
128
8
796
17
168
8
2651
2868
46
126
9
856
12
181
3
2637
2864
46
100
8
597
10
157
293
2984
2935
47
634
11
876
64
126
359
1502
1812
--STOP--
++STRT++
46
130
10
842
61
146
46
1355
4180
78
335
55
829
15
120
45
1401
3055
90
105
9
736
11
153
49
3472
1952
96
105
12
804
47
119
1
1928
1859
46
101
44
745
40
120
58
1894
3030
91
382
42
931
51
151
31
2591
1671
98
147
48
889
72
171
9
1393
5793
83
135
52
869
77
159
5
2431
5703
47
146
11
902
52
120
6
2590
4220
47
137
9
708
14
156
42
1864
3007
--STOP--
++STRT++
84
418
520
669
46
123
245
2812
2112
341
606
332
947
56
157
619
1866
5675
89
644
115
889
45
122
316
3086
2883
637
456
49
1347
356
122
303
3721
4092
88
134
34
872
68
172
39
2633
2865
48
135
8
877
16
152
3
1805
1958
47
126
51
902
59
166
4
1787
2649
95
129
46
910
14
120
314
3693
2932
371
443
122
881
567
164
285
1852
2732
88
101
48
716
62
159
69
3641
2681
--STOP--
++STRT++
48
106
60
824
15
146
40
2498
1963
85
140
45
909
45
169
32
2502
3092
89
101
55
894
37
165
303
1850
4095
47
100
50
884
40
167
35
2751
2928
46
106
41
801
58
168
38
1951
2907
85
103
10
952
14
158
0
1453
1328
46
437
52
812
12
151
46
1378
3068
79
125
44
814
14
156
3
2811
4199
75
424
9
732
58
121
42
1708
1849
536
612
51
1007
65
120
366
1874
1963
--STOP--
++STRT++
76
99
45
827
14
174
86
3545
2842
101
106
12
928
21
124
29
1740
2911
47
135
11
781
12
153
4
1796
4286
84
106
49
828
50
150
5
1261
1810
83
102
31
825
15
122
0
1855
5691
83
422
567
1004
15
174
265
1464
3035
85
102
10
950
50
162
43
1929
4186
97
105
12
901
45
120
35
1846
1772
83
100
10
791
57
146
3
2667
2885
45
103
11
916
14
164
236
1819
2646
--STOP--
++STRT++
94
129
8
1068
592
162
520
1787
4415
87
471
10
780
490
161
293
1485
2781
81
102
15
909
355
158
302
1911
3606
84
138
51
916
60
128
0
2727
1876
80
593
310
811
65
123
320
2564
1952
663
126
11
1352
56
120
304
2776
3011
87
137
10
787
46
160
42
1846
1582
47
132
10
827
53
123
48
1985
2787
47
105
15
777
15
119
3
1426
1680
84
129
43
816
19
673
342
3635
2695
--STOP--
++STRT++
92
126
51
834
13
158
6
3453
1978
76
127
51
827
13
163
0
2788
2788
48
110
29
829
45
121
2
2668
4323
46
355
45
917
12
158
45
1436
1730
92
403
8
930
54
122
4
1784
2732
46
100
54
795
16
166
51
1844
2811
47
361
8
769
14
145
302
1813
2749
46
397
791
748
15
170
51
4513
5793
94
410
46
780
40
158
563
3113
1906
95
140
44
957
40
163
35
1334
3147
--STOP--
++STRT++
89
129
53
714
48
167
44
2829
1835
73
143
37
781
39
166
43
2718
3159
47
101
9
941
10
158
2
1670
3049
92
104
46
859
17
121
45
1718
2974
47
141
46
864
64
123
4
1914
1866
47
140
56
928
41
120
63
3585
2930
85
108
37
976
11
159
0
3483
2879
47
131
11
690
11
173
2
2630
2874
83
100
10
879
15
153
287
1374
2959
88
100
11
783
13
124
40
2645
3013
--STOP--
