++STRT++
526543
1451011
387348
354060
363272
528604
2415107
361746
245331
--STOP--
++STRT++
527053
1449366
387216
355534
365755
564468
2530006
356138
246798
--STOP--
++STRT++
527866
1448650
387307
356491
363337
528129
2413545
360980
241931
--STOP--
++STRT++
527125
1449289
387988
354613
363278
525080
2522921
365588
333658
--STOP--
++STRT++
526929
1496750
387754
354835
601406
565426
2556808
360394
247061
--STOP--
++STRT++
528320
1450449
388475
355934
363149
525955
2415362
360965
238776
--STOP--
++STRT++
526970
1449485
388425
353698
364055
528244
2412941
363200
225363
--STOP--
++STRT++
526378
1449328
388417
355137
363202
527550
2412196
371379
244911
--STOP--
++STRT++
526405
1450369
388758
356038
362926
525830
2414195
352430
247068
--STOP--
++STRT++
527000
1449518
387286
355517
363642
523930
2414576
354616
219994
--STOP--
++STRT++
526993
1449905
387776
354823
364090
523026
2520326
436665
244665
--STOP--
++STRT++
527045
1448729
388875
352995
364006
529956
2412251
362631
284982
--STOP--
++STRT++
526962
1450214
388056
354869
364413
528368
2412120
422307
271853
--STOP--
++STRT++
526460
1449814
387966
357642
363497
525215
2413815
361920
267987
--STOP--
++STRT++
526671
1449656
387475
358127
364161
530050
2413449
360932
244632
--STOP--
++STRT++
526092
1449523
388046
357336
363378
523046
2632057
368033
244933
--STOP--
++STRT++
526213
1451741
388226
357381
364850
529069
2412477
372154
264704
--STOP--
++STRT++
527621
1450488
388283
356538
362963
524067
2415378
354805
249434
--STOP--
++STRT++
568539
1503290
387310
354242
478101
529700
2455598
360563
226012
--STOP--
++STRT++
526987
1452682
387963
351306
363372
527650
2411871
353594
242918
--STOP--
++STRT++
572084
1490902
387113
353919
367429
569879
2528180
362457
224044
--STOP--
++STRT++
526231
1449530
387665
356795
364016
527727
2412613
361614
243463
--STOP--
++STRT++
526748
1450619
386714
356905
363656
525904
2453254
373138
266114
--STOP--
++STRT++
526589
1448567
388650
354317
363788
530251
2412201
371235
243911
--STOP--
++STRT++
526187
1451653
387191
357230
363062
528537
2414167
356037
242835
--STOP--
++STRT++
526906
1532605
387478
354116
363214
529250
2525223
353551
284670
--STOP--
++STRT++
527026
1448640
388960
351153
363132
523646
2415184
361216
243496
--STOP--
++STRT++
526362
1449944
388293
352383
363800
529008
2412644
351979
245773
--STOP--
++STRT++
526849
1447627
388173
355604
363028
524631
2413744
373916
248201
--STOP--
++STRT++
527072
1496893
387765
355442
363500
524619
2523239
373351
271134
--STOP--
++STRT++
526867
1450143
387943
353725
363058
529081
2414142
355455
268533
--STOP--
++STRT++
573142
1499819
387832
578859
408971
524653
2462303
359826
247820
--STOP--
++STRT++
527078
1493953
388220
353015
367122
568398
2528032
353105
248387
--STOP--
++STRT++
526420
1450583
388571
353830
363949
529635
2412832
383792
223023
--STOP--
++STRT++
527028
1448529
387484
356966
362943
530171
2633723
413730
280957
--STOP--
++STRT++
526815
1449216
388253
355552
364673
524096
2411932
360303
220466
--STOP--
++STRT++
527059
1449594
388564
355755
364484
524406
2630024
423451
246217
--STOP--
++STRT++
527200
1448000
387754
352459
363025
523850
2633488
411976
265861
--STOP--
++STRT++
528115
1450370
388303
354210
363809
528021
2455288
383589
223440
--STOP--
++STRT++
527648
1450556
388401
354926
363690
527590
2412955
361649
245725
--STOP--
++STRT++
526737
1451029
388199
357238
363995
527337
2412919
360580
245616
--STOP--
++STRT++
527432
1450654
387522
353138
364036
529043
2517115
619962
331533
--STOP--
++STRT++
527053
1449994
388083
356707
363226
522942
2632108
381053
352279
--STOP--
++STRT++
526240
1493463
387697
357560
363423
525410
2519978
362932
242165
--STOP--
++STRT++
527800
1450184
387990
353542
364152
524653
2412808
361935
269075
--STOP--
++STRT++
527068
1449743
388392
354052
363418
523645
2413063
361370
227149
--STOP--
++STRT++
526401
1449263
386956
356363
364587
524127
2414869
372984
273353
--STOP--
++STRT++
527337
1449865
388377
355550
363982
528519
2413650
372363
248519
--STOP--
++STRT++
527047
1487672
388429
353438
363247
528616
2524691
364005
271792
--STOP--
++STRT++
526980
1449323
417566
355077
363906
529966
2414887
352963
223883
--STOP--
++STRT++
526187
1449844
387603
355611
363501
523522
2550104
423836
248976
--STOP--
++STRT++
526462
1449476
387015
354038
363759
525081
2414278
353157
269529
--STOP--
++STRT++
526608
1452722
388237
353285
363177
523375
2413934
354812
243758
--STOP--
++STRT++
526349
1450532
387789
356687
364314
524441
2415304
372923
267622
--STOP--
++STRT++
526646
1450472
388087
355499
363899
529889
2413229
355994
272380
--STOP--
++STRT++
526838
1449066
388161
356742
362798
525531
2652141
409919
246419
--STOP--
++STRT++
527137
1450866
387583
357302
363054
528484
2414610
407845
220323
--STOP--
++STRT++
526196
1492153
387752
352636
364615
524535
2522419
353261
247405
--STOP--
++STRT++
527550
1449942
387421
357198
363716
523929
2412370
352728
265128
--STOP--
++STRT++
526754
1449947
387921
352731
362658
527599
2415185
359837
239895
--STOP--
++STRT++
526392
1450544
387322
354331
363770
524157
2417037
386207
241445
--STOP--
++STRT++
526927
1449108
387878
357124
364278
528313
2524249
363520
220600
--STOP--
++STRT++
527389
1449273
387272
355939
363966
529341
2413802
355825
266538
--STOP--
++STRT++
527093
1451136
387413
356465
363510
527931
2415245
353733
247867
--STOP--
++STRT++
526340
1449900
386726
356815
363473
523172
2413442
423133
267688
--STOP--
++STRT++
527150
1449335
388007
356364
363241
527829
2414736
362230
243422
--STOP--
++STRT++
575163
1504472
389030
401678
586919
527928
2527722
385899
223371
--STOP--
++STRT++
526951
1450478
388479
354589
362827
529507
2414498
354546
247320
--STOP--
++STRT++
526965
1451429
388130
356805
364004
524024
2415123
382374
226921
--STOP--
++STRT++
526518
1498991
387085
354480
408238
529221
2454546
387873
218919
--STOP--
++STRT++
527334
1451208
388256
353402
363100
528850
2415197
362835
227047
--STOP--
++STRT++
573929
1496591
388401
354456
365983
682021
2602022
354611
224048
--STOP--
++STRT++
527236
1450790
388464
353727
364123
529348
2417974
371213
266781
--STOP--
++STRT++
526920
1450314
387413
352412
364250
524152
2415965
362629
266262
--STOP--
++STRT++
526453
1451147
388613
356517
363145
525634
2415062
372879
245610
--STOP--
++STRT++
526858
1448426
388508
354724
362578
524509
2413912
359034
268039
--STOP--
++STRT++
527197
1449962
387475
355569
363699
530489
2413479
361287
269197
--STOP--
++STRT++
526709
1449908
387440
355636
363731
527829
2630384
408003
265032
--STOP--
++STRT++
526183
1450167
388796
356691
364033
524804
2414056
362735
249715
--STOP--
++STRT++
526981
1449827
388386
357084
364052
529653
2530026
601788
220374
--STOP--
++STRT++
527020
1449343
387957
355513
363780
524502
2414158
377677
221861
--STOP--
++STRT++
570701
1495556
389266
405992
575906
524874
2524304
353746
244518
--STOP--
++STRT++
527045
1450406
387360
357288
363959
525391
2651102
368330
224444
--STOP--
++STRT++
526338
1450607
387797
353706
363126
525420
2414019
379738
223802
--STOP--
++STRT++
527577
1449141
388518
359376
363967
529355
2527328
372026
223911
--STOP--
++STRT++
527328
1448913
387208
354562
363784
529604
2413377
361680
268987
--STOP--
++STRT++
527412
1493883
496245
350697
364171
523441
2460944
384090
226147
--STOP--
++STRT++
526521
1449498
388391
355332
364158
528693
2415065
356398
245067
--STOP--
++STRT++
526337
1449744
388488
355505
363729
530143
2737643
378795
361946
--STOP--
++STRT++
526582
1451114
387043
353762
363848
529206
2413457
361937
225936
--STOP--
++STRT++
526899
1449812
387374
353347
362724
523544
2412067
363597
246642
--STOP--
++STRT++
527606
1448658
387375
356154
363159
525352
2412624
360106
258317
--STOP--
++STRT++
527033
1450278
387911
355963
362977
524185
2414911
385073
219774
--STOP--
++STRT++
526742
1449634
387645
352103
363778
530212
2414821
361579
245555
--STOP--
++STRT++
527430
1450092
387773
356433
364047
523723
2414029
353337
283963
--STOP--
++STRT++
526799
1448998
387085
358539
363521
528290
2414540
353765
245850
--STOP--
++STRT++
526903
1493730
388128
354161
362815
522981
2553570
351364
220446
--STOP--
++STRT++
526168
1450484
387579
356843
363773
528490
2415044
355854
244569
--STOP--
++STRT++
573563
1494481
387490
358095
546425
566816
2534244
394475
284283
--STOP--
++STRT++
527650
1449405
387205
355793
363273
525047
2454793
415705
246510
--STOP--
++STRT++
526846
1449682
388770
353919
364041
523815
2412484
354124
226457
--STOP--
++STRT++
528077
1450244
387348
356197
363765
528323
2412653
358944
259614
--STOP--
++STRT++
526368
1449708
387129
355980
363584
528466
2411695
362771
268975
--STOP--
++STRT++
526838
1449893
387125
355823
363942
524532
2415200
357930
243410
--STOP--
++STRT++
527344
1450706
387281
355634
364103
528914
2412397
609609
264845
--STOP--
++STRT++
526426
1451049
387485
353717
362960
530024
2413826
384293
266738
--STOP--
++STRT++
568622
1495848
388400
355182
404648
635131
2462120
361667
244331
--STOP--
++STRT++
527192
1447901
387710
355195
363714
523665
2525403
366257
291831
--STOP--
++STRT++
526908
1449706
387170
358087
363522
529781
2631815
376274
285744
--STOP--
++STRT++
526242
1502348
435893
353374
363088
530423
2706896
361318
246507
--STOP--
++STRT++
526932
1449804
388739
354096
363498
529645
2413152
353019
245541
--STOP--
++STRT++
526702
1500415
387070
352196
439525
524549
2713055
361416
282590
--STOP--
++STRT++
527030
1449514
388169
352843
362934
525475
2414351
362271
241970
--STOP--
++STRT++
527776
1503051
387579
351701
363989
528201
2460601
368622
249021
--STOP--
++STRT++
528219
1449609
388020
354939
364491
524336
2413706
364078
243046
--STOP--
++STRT++
526503
1492499
387570
355701
363588
523438
2414907
360954
244671
--STOP--
++STRT++
526384
1449765
388518
354582
363592
529095
2412075
356679
247027
--STOP--
++STRT++
526147
1451901
387945
356592
363087
527674
2413180
361573
247181
--STOP--
++STRT++
526911
1451354
387615
352309
362755
527768
2414750
363109
246303
--STOP--
++STRT++
526352
1452106
388128
355003
364112
528528
2417569
360631
270630
--STOP--
++STRT++
526920
1451215
387641
355335
363299
524511
2454947
355195
248888
--STOP--
++STRT++
568917
1504730
388965
405231
363014
525952
2564392
384679
282694
--STOP--
++STRT++
526283
1449837
387310
357998
363669
529304
2412871
352875
246335
--STOP--
++STRT++
527042
1490895
388499
353390
473094
741242
2457329
360625
224229
--STOP--
++STRT++
527449
1451545
387988
354062
363301
525262
2414687
362236
247957
--STOP--
++STRT++
527423
1486922
387470
355812
363295
524170
2414719
372481
242352
--STOP--
++STRT++
572685
1494521
388720
404299
364178
528166
2523066
355701
222461
--STOP--
++STRT++
527096
1449437
387957
356829
362730
528742
2415451
355498
267578
--STOP--
