++STRT++
527490
1448355
387393
356004
363581
527602
2412315
475433
223382
526344
1495331
387880
496909
364410
531430
2583358
384433
224820
526486
1449714
387821
352683
363362
525334
2411841
363892
246857
526890
1449256
388398
355225
363694
529775
2455180
374555
268999
526738
1674251
387541
358078
365123
807870
2452162
361391
268848
526974
1448923
387745
356303
362987
525125
2411786
385541
249337
527246
1448595
388090
355232
362714
529817
2411873
373143
227339
526869
1517230
443504
355781
363958
529790
2491300
383399
269356
527014
1449849
387591
359612
362457
530349
2417102
362737
225303
526419
1449044
387295
352648
364043
529606
2411936
360677
244560
--STOP--
++STRT++
527153
1449975
388385
355259
362827
526391
2525430
363768
286961
526467
1451930
387539
356687
426189
531654
2515415
376014
247399
526237
1449934
387545
356901
364201
530175
2413619
354344
243909
526776
1449576
387582
355957
363934
527224
2412709
359570
267159
527128
1661757
387489
355487
613410
531714
2776009
363267
223051
527680
1449086
388219
356637
363770
527773
2413484
375055
224239
526426
1449533
387353
354834
363639
525653
2414815
361302
227021
527144
1655736
447163
354240
363556
526072
2475893
483778
224218
526929
1450142
388343
356746
362388
529595
2413532
362334
267707
526298
1449603
388124
356739
363112
529032
2414539
361872
262858
--STOP--
++STRT++
526171
1449020
387556
351624
364033
528283
2414272
361434
268514
570680
1558594
535361
355579
363454
524732
2707164
391890
267224
527027
1449686
387656
353074
364181
530243
2413478
376598
260981
526260
1449949
387992
356285
363426
527399
2412437
364394
282863
526358
1450546
388654
354294
363513
526531
2583410
387386
269226
526293
1449966
387687
354351
363989
525825
2414096
396338
285316
526491
1450408
387648
355408
363868
532493
2481624
384835
248645
526915
1449748
388542
354586
363038
529855
2414430
384768
246620
536281
1449779
387759
352806
364643
529106
2414598
383414
296242
527348
1449163
388297
356254
363778
527661
2412881
388322
223153
--STOP--
++STRT++
527227
1449333
387076
355652
363730
529088
2413327
371945
266775
526374
1450512
388074
354942
364109
530293
2414761
374487
222235
715274
1572704
390028
357402
364440
526474
2521874
392563
266938
527049
1450687
387209
353614
364573
605022
2770987
374419
244805
526658
1448678
387272
357240
362763
525271
2414378
352143
244828
526478
1449834
387369
353279
363408
527308
2413365
374021
243466
526702
1449381
387241
356399
367939
607597
2578907
355203
267132
526587
1449606
387992
353214
363592
527262
2415093
375611
248802
527222
1450495
387501
356161
363787
530695
2412898
354030
225959
528256
1450001
387572
355779
363725
530815
2627665
374862
242234
--STOP--
++STRT++
569138
1493499
387851
402780
573746
531759
2526278
360206
267937
526321
1448858
388363
356703
364477
525679
2446897
352330
247906
526717
1450064
387666
358053
362729
530655
2413763
353478
246006
527030
1449499
388452
354849
363552
525930
2409969
373771
247497
527451
1450331
386856
354518
426485
529093
2501750
355667
244490
527817
1449060
388321
354426
363627
526288
2412874
385673
219116
526265
1448265
387343
357515
363511
530552
2413168
373985
242316
526316
1450431
387909
357637
364686
588601
2530185
385382
245656
526950
1449643
388121
355087
363589
525829
2413385
354372
222428
527463
1450147
387614
358218
362554
530426
2414180
353837
245516
--STOP--
++STRT++
527593
1450160
388412
352739
363614
529250
2414927
372227
263882
526884
1599310
496483
356145
363908
531042
2530573
430205
268282
526866
1447812
387520
353209
362631
531335
2615916
360580
224025
527001
1449670
387777
354656
362847
525729
2412018
362918
244404
527171
1450901
388184
359484
365889
609540
2638720
365360
246500
526505
1449782
388193
356912
363858
525677
2413959
374466
285728
526227
1450353
387998
357456
366674
690521
2623046
571779
494481
526183
1449744
388050
355654
363531
526882
2411218
363349
246661
527283
1449926
387328
356993
363033
586096
2654571
354420
222687
526303
1449855
387447
349735
363670
530081
2414930
361954
268341
--STOP--
++STRT++
526704
1450816
387455
353187
362754
526457
2412626
376763
244654
526758
1515765
388028
356071
363571
525333
2412957
362448
268924
526342
1448757
388075
353636
363761
530249
2414552
361657
246639
526823
1452287
387370
354690
538573
526719
2528758
354146
227839
526621
1449672
387635
354631
363518
529213
2414213
358944
243500
526245
1449544
387694
356600
363232
530626
2411669
355978
222937
526896
1449174
387410
355740
362824
526689
2414013
361937
247673
526353
1449128
387744
358116
362870
531026
2414731
361643
246525
527089
1450123
388259
358055
363146
529284
2414187
361887
244296
526268
1448732
387744
352287
363834
526495
2411727
362230
225950
--STOP--
++STRT++
527338
1448101
387672
357378
362673
528341
2413790
352226
245484
526342
1449546
386999
355260
363922
527294
2414114
360134
245403
526755
1451112
387651
355104
363260
803115
2455114
361340
269757
526270
1450100
388311
357311
363235
525076
2411872
385354
225301
526980
1450371
388251
356926
363911
529446
2415368
384250
269092
527373
1675832
529683
356188
364353
524063
2471406
423480
242795
526497
1449023
388195
357780
363579
532474
2415525
354295
269593
527561
1451298
388237
355289
363378
530601
2414138
356579
225096
526936
1449741
387083
358148
363563
524839
2412383
353910
248377
526184
1450694
387930
356631
363022
528987
2414885
388314
267190
--STOP--
++STRT++
526985
1447833
387633
355563
363623
531365
2413419
354021
222847
526606
1494784
387339
353912
364120
531210
2415695
372807
245959
527098
1450734
388422
354677
364254
531623
2527524
362909
240996
526862
1448525
388274
355202
363212
531064
2414181
360277
260377
527213
1449416
387548
354230
363985
525687
2703145
433466
224316
526914
1450575
388538
355579
362788
533352
2481140
353844
220023
526307
1448685
387199
354734
363420
524905
2412074
384248
247712
526326
1450931
387254
357799
364287
531138
2414158
355538
245184
527009
1524893
454691
354765
363271
526505
2498535
381015
279154
527332
1449088
387160
358960
364022
527171
2413176
351134
247383
--STOP--
++STRT++
527434
1448763
388493
394840
363244
530435
2413882
378176
265851
526470
1448655
387210
355424
363077
529593
2412877
355500
280336
526010
1516806
586682
350252
362987
530392
2492366
380204
262080
526916
1449327
388464
355494
363215
532429
2415769
363297
246523
526378
1449065
388149
356931
364447
530141
2415936
377544
240142
526979
1450906
387326
354103
365774
530001
2628311
361319
245016
526933
1448648
388228
358190
363751
527726
2415784
387302
269957
526911
1449296
386942
355613
364380
531051
2414285
362433
281088
526840
1449064
387297
356532
362790
529531
2417191
372806
249662
527556
1448948
388693
355062
364566
525501
2411270
384233
221360
--STOP--
++STRT++
527068
1448479
387117
356919
362868
528533
2460196
591283
265696
653261
1490746
452646
356440
363592
530312
2489469
652393
242413
526855
1449367
388179
354405
363741
524386
2480196
384578
221850
526148
1449304
387340
356596
362466
531141
2412794
359613
268314
526779
1450762
388108
354225
363548
524464
2414858
396103
245130
527098
1504589
388275
357746
363476
530799
2472763
352395
248646
526347
1450112
388026
352518
366736
526235
2526748
354699
248175
527712
1450234
387336
353906
363142
530129
2413362
358635
224523
526351
1448737
387320
354448
363508
531805
2410884
362880
222255
526841
1449505
388235
353785
363155
529780
2411632
360846
245794
--STOP--
++STRT++
526805
1450182
387659
354327
363123
530985
2410944
373189
222626
571789
1578283
426948
355534
362030
527785
2705013
363815
244018
526780
1449194
387360
357611
363014
530306
2417227
362331
285183
526652
1449419
387668
356998
363420
530895
2415648
371776
268597
526913
1518290
449800
356933
363050
531446
2497426
370176
246994
526994
1448502
388600
356565
363610
530576
2417767
384656
222738
526957
1450423
387399
355573
362643
530641
2415616
360822
248044
528856
1517649
387444
545538
427579
529696
2627918
359701
224710
526403
1450310
387656
355467
406705
531628
2415478
355385
226312
526880
1450117
387605
348754
363165
531513
2414627
361836
277978
--STOP--
++STRT++
527274
1496392
430945
352317
362544
531433
2453651
360242
270000
526321
1449177
387266
355774
363246
638373
2475884
374546
219889
526776
1449113
388541
355342
363354
530729
2413755
386787
246808
527070
1449275
387601
352579
364348
531513
2412019
360671
223887
526826
1516707
449377
359993
364456
530472
2629245
374732
287021
526892
1450071
388215
355186
363750
524902
2415889
384219
225126
526877
1449187
387836
355185
364199
527041
2411523
352149
251004
572288
1644641
388694
420229
363955
529869
2577833
376817
245462
526232
1449865
387460
354657
364519
526490
2415395
361269
245950
528322
1449440
388117
351568
363739
530777
2450855
357443
225822
--STOP--
++STRT++
526555
1449304
387432
358049
363100
526687
2413398
362139
222275
526331
1548205
387179
356426
362857
529641
2412314
352620
247254
527033
1450681
387989
349696
363830
538061
2709086
396202
222829
526757
1449411
388700
360288
364027
529621
2413603
354181
244676
527647
1449734
388568
355304
363258
530764
2542832
354592
225305
526878
1448774
388209
355767
363535
529211
2413887
360160
268417
526826
1449454
388188
356699
363746
525435
2415034
378241
227188
602463
1660999
388301
555457
364076
524745
2464863
357022
331134
526311
1448987
388194
354842
363823
530589
2411458
377331
242376
526832
1450147
387397
355491
364508
525359
2411123
353828
281870
--STOP--
++STRT++
527593
1495383
387280
353292
363258
525152
2583395
365657
225030
527892
1449713
387501
355719
364274
532347
2579129
361462
264421
526735
1450518
387428
353508
363216
529562
2414497
374930
219958
527030
1449529
388207
356300
364151
525427
2413815
364451
223666
527554
1449891
388209
357245
363274
531235
2413779
361353
268262
528659
1514984
388370
593923
423009
529680
2631425
366145
568547
527362
1449158
388422
352804
363494
531882
2412271
353298
224248
527699
1449201
388165
354742
363167
525498
2413801
375811
224163
527036
1450148
387360
355264
364221
529884
2415739
375200
266047
527395
1451386
387175
355423
364423
653583
2486572
354123
269176
--STOP--
++STRT++
526329
1449598
388236
353540
362478
525686
2411684
383039
267048
526620
1448576
387143
354515
363040
531424
2414858
360070
246258
526953
1600571
388675
356734
363043
526749
2411279
364815
248369
601213
1660161
388662
564250
364403
531036
2523717
363356
415127
569639
1449350
387615
356107
363857
529438
2414990
363349
265791
526340
1449704
387387
355527
362856
525675
2415068
353195
247945
527116
1449179
388125
352288
364133
526106
2411928
374062
225610
527075
1513077
387296
357908
364361
530297
2413690
362723
249386
527145
1449932
387221
355007
363561
530761
2412293
372413
246344
527132
1449087
387548
359158
364318
529029
2415142
362894
260800
--STOP--
++STRT++
527032
1448579
387482
354193
364400
525667
2517070
388751
223911
526778
1450380
387714
355415
531575
525977
2527158
374286
292848
526980
1450334
388341
356047
363868
526741
2415113
385647
248812
526962
1449352
387536
355156
364038
524889
2415050
354504
259034
527069
1448575
388419
356700
362817
530190
2497324
717593
241900
527017
1449809
387481
353359
363396
579588
2625245
354538
267325
526623
1449562
388017
354663
363861
526317
2413513
356260
269854
527446
1448954
386958
358312
363589
525831
2472959
362823
228042
526103
1450117
387420
355570
364173
526097
2415527
373360
266670
526814
1448694
387018
355924
363036
525335
2411879
371044
242992
--STOP--
++STRT++
526600
1503630
441425
355462
364418
530122
2456091
351169
272137
526915
1449233
387104
351129
363842
531023
2411513
362484
246540
527433
1449518
387017
356461
363309
530129
2411051
362955
246215
526351
1450619
388072
352701
363849
527514
2412564
362934
246867
528110
1633975
388467
575477
537481
529270
2534013
361431
246637
526449
1449337
388284
358287
363346
530197
2412562
363907
261250
526693
1450506
388004
354359
364804
523759
2413145
376133
225133
526228
1449715
387378
355477
363308
524683
2412235
373589
243830
527880
1449741
387184
351573
365711
701421
2489144
362137
241961
527776
1448425
387533
354480
363175
532823
2414331
373904
221233
--STOP--
++STRT++
527283
1493465
433924
400239
584765
564988
2525121
372627
247854
526995
1560915
387515
355247
363977
526183
2416924
361023
225077
526913
1449623
387398
357511
363394
530570
2411151
363308
259604
564627
1661900
387469
542891
362684
530939
2575407
359055
244838
526306
1449505
388227
358698
363757
530460
2411294
356267
223895
526384
1450060
388395
355528
363259
530240
2416613
387574
225508
569983
1619711
388214
355969
363268
525972
2625789
351585
243443
526307
1449658
387964
357286
363669
529661
2412549
363126
281416
527841
1448976
386950
353022
363701
527573
2413367
374921
241315
527670
1574153
390708
590081
363280
529809
2481956
389888
266216
--STOP--
++STRT++
527040
1448649
387037
354663
363640
531733
2412729
360880
226090
526295
1488124
387914
355878
363947
525124
2654102
544728
266827
527609
1449606
388443
355921
364090
524779
2415619
362620
264653
526823
1448908
388094
353913
363751
530951
2414551
361752
282503
526940
1581449
389575
564270
363889
531424
2583889
363536
246846
526306
1450355
387603
355771
363050
530702
2415337
355426
225205
527076
1493410
388409
355601
363216
530524
2415649
385899
283279
527486
1515746
388424
353322
419721
530725
2631674
371701
248284
526757
1449479
387580
353703
363542
524884
2411524
362086
246978
527003
1449852
387541
354815
362951
530864
2487554
492212
242473
--STOP--
++STRT++
526324
1450486
387320
353147
363181
526420
2414470
372659
245280
526347
1448920
388177
355521
363729
529506
2414187
385313
284715
526649
1450432
387338
356109
362785
525151
2414675
371619
223014
527198
1661794
388411
355984
362616
530953
2448867
426333
285660
526911
1449203
387859
356280
363731
526474
2413118
352795
268513
566579
1630544
451833
355846
364136
529791
2573208
448375
269886
526907
1450399
387064
354881
364000
526007
2415858
358451
242158
526308
1449702
387546
354322
363283
524738
2412814
352346
242036
527524
1450469
388180
358024
364200
530806
2414059
354884
246171
526330
1450405
388341
353767
363519
525562
2412520
355410
245603
--STOP--
++STRT++
526396
1450691
387814
356363
363829
529113
2415698
361243
224914
526994
1449426
387652
356858
363140
526747
2413437
372432
222508
526900
1516146
387599
354886
363901
529748
2414971
360111
242727
526939
1449196
387278
356683
363419
525736
2414801
364511
283936
526886
1449147
388379
356856
362668
528420
2413948
354774
264717
596845
1701468
458816
356917
362761
525975
2473951
375678
222747
527618
1449454
388746
352929
363352
536784
2709078
373676
246425
526822
1448400
387852
351988
364415
530927
2415684
363190
221463
526938
1670623
633890
355665
516570
526265
2636409
361394
241617
526405
1450480
387679
356890
363469
531397
2414758
361021
247509
--STOP--
++STRT++
526411
1495948
388928
407077
363368
524580
2522295
376396
245320
527039
1448427
388353
355250
363854
525931
2578288
392421
221264
526690
1450966
388058
353368
363708
526494
2413996
363631
225934
526665
1450687
387339
354541
363325
526170
2410757
363520
223601
526754
2275559
461282
355429
364492
530412
2752017
389514
318514
526200
1449279
387723
353770
363775
526027
2411649
354720
284924
526241
1449995
387345
358038
363685
530230
2417226
361602
283101
526036
1449447
387760
356879
363026
530326
2416054
397431
223264
527612
1453470
388032
352547
365688
568482
2495613
386727
284718
527431
1450036
387925
356099
363324
530495
2411162
372387
243010
--STOP--
++STRT++
571785
1497827
388549
355750
555960
564831
2563573
352552
269895
527104
1449722
388190
356143
364422
679729
2599733
384970
242392
526686
1449186
387509
355703
363834
527142
2416255
353480
244483
526894
1565281
387648
354737
362870
524625
2413698
363408
245960
527040
1451341
387785
357162
364955
599184
2538477
375726
247204
527644
1449265
388204
355253
364259
530767
2416197
353413
248228
527151
1448533
388638
353625
362418
530884
2411725
360513
246785
571668
1630142
390676
355059
363662
529872
2475245
491603
245458
526472
1449775
387148
356598
363601
525182
2413907
366361
247096
527661
1449555
389293
356399
364041
531201
2415319
354399
225418
--STOP--
++STRT++
526289
1448561
387491
356224
363426
524055
2414336
371634
245979
526273
1449644
388009
356150
363458
530961
2412152
355625
265886
528014
1449964
388165
355864
362511
523686
2411342
361429
227085
526710
1450347
387458
354696
363094
529378
2415664
362297
249333
606926
1631429
387733
415822
363392
526102
2752120
353520
245621
526863
1449711
387800
354687
364145
531447
2414823
382611
242676
527071
1449725
387593
356261
363220
525965
2414112
352397
224649
526649
1449927
388234
357489
363066
525615
2413297
372724
224226
526792
1449433
387326
358033
363451
528706
2416316
360840
265802
576205
1691861
387491
355476
426788
529374
2496933
354030
268633
--STOP--
++STRT++
527138
1449401
387692
355143
363001
524092
2415058
378342
268375
526558
1723481
388631
357362
363596
526265
2524140
366556
285248
526460
1450280
387456
354334
363712
529971
2413443
357021
240744
526966
1448298
387550
356721
364696
529342
2414107
372190
244863
526292
1450994
387575
357229
364042
530588
2695685
398465
243137
526721
1450467
387054
360378
364177
527141
2412513
362968
269513
526234
1450097
388007
355624
364308
531417
2416624
355002
266320
561756
1516666
387493
356166
364416
528632
2592909
430111
249364
526969
1448498
388142
352380
362544
524600
2485282
394858
224223
526719
1448828
388302
356904
363588
530414
2410478
397372
266321
--STOP--
++STRT++
526684
1448975
387915
356017
362848
526422
2416245
437399
265599
678215
1546310
452723
356567
363813
531328
2585909
454070
223327
527334
1449987
388306
355770
364148
638315
2478433
374298
223137
527030
1450061
387334
353747
363677
530017
2411895
354394
245950
526105
1449405
387852
356141
363812
530975
2412271
375338
245013
527291
1449473
388051
357346
363501
529127
2412914
360174
222532
527506
1448854
387181
355147
364825
523603
2492283
383601
267103
526316
1449670
388416
355361
363708
529472
2413389
354464
245853
526937
1449787
387659
355090
363125
530144
2415328
384496
227454
526146
1574673
389798
357271
362563
529852
2452844
354257
246884
--STOP--
++STRT++
526954
1448225
387365
356497
363286
527211
2412971
354439
260095
527092
1448881
387790
357692
363572
531222
2416632
369264
247576
527541
1449437
388169
356856
363586
529253
2413945
372815
248618
526433
1449990
387317
355622
362790
528204
2413379
361442
269730
527442
1447377
387810
355837
363889
526802
2413369
375861
247441
527340
1449493
387682
353521
364801
530346
2577859
363934
243637
526335
1449855
388298
354727
363744
525389
2415736
362142
243758
527326
1449777
387736
356476
363819
526308
2411604
364126
254817
526220
1448779
387561
354374
363118
530311
2414136
362048
282653
526576
1449583
387708
356371
363782
530253
2480843
372896
266111
--STOP--
++STRT++
526768
1449718
386932
355865
363630
530699
2415271
604047
268781
656667
1493381
389654
352483
363789
531887
2694842
371038
336788
526898
1449600
387936
358100
363497
525068
2415035
362865
225554
527106
1449133
386816
353683
364155
531496
2412387
353031
222827
526295
1451995
387294
355403
366986
701658
2481980
368181
245625
526428
1449146
388061
353744
363749
530282
2412738
358591
246191
527013
1448865
388066
355687
363433
529204
2445687
364376
244818
526931
1448758
387584
353175
365525
690018
2714512
354436
246522
527020
1450166
387714
353683
363118
528970
2414349
382816
243098
567858
1489506
392267
474399
437348
532437
2485545
371221
224365
--STOP--
++STRT++
526331
1450237
388162
355497
363821
529526
2412772
372600
267158
526323
1507264
388245
355631
363860
531650
2627841
443303
243318
528400
1449084
387414
353059
363754
527265
2414020
362795
284611
526435
1449122
387537
356548
363909
531572
2457914
374626
225612
527109
1449830
388522
356932
362887
574265
2446662
360390
246318
526483
1449714
387967
355331
362808
525791
2411729
363118
246237
527098
1449324
387620
356309
364052
526829
2416494
372325
226285
526398
1449516
388237
354755
363593
532769
2412655
353403
259812
526932
1449983
388067
356271
363583
530122
2413551
374055
244060
604771
1641372
388647
355911
454877
529106
2467494
354324
242145
--STOP--
++STRT++
528255
1450477
387466
355179
364199
525132
2414910
356808
224446
526964
1484641
387680
353537
363072
524696
2412245
362586
246267
526726
1449783
387699
355500
363342
524395
2412709
372399
244617
526981
1449369
387629
354189
363601
531341
2410760
382306
285499
527178
1449005
387274
351959
362620
525623
2415637
363522
248777
526478
1450991
386985
355872
366840
530242
2477904
358577
244448
526231
1450045
387035
358205
362657
525452
2414743
361824
268800
527658
1450027
388042
355396
363367
526113
2412822
387172
266448
526437
1533125
453566
355397
363501
525400
2629625
381251
224085
526272
1449461
387998
357139
363517
529064
2414388
354959
223475
--STOP--
++STRT++
526923
1449104
387610
358045
363394
526780
2654293
367971
224611
527477
1451231
387680
356271
363727
594769
2528557
353438
225849
526499
1449978
387565
354990
362535
530226
2412474
353386
260380
527053
1448807
387226
354836
363398
526451
2415125
353977
248723
527389
1449355
387855
354693
362878
525775
2412924
374362
246625
526935
1447541
387965
351713
363861
530359
2414698
371568
222233
527885
1484678
389826
465925
363997
531526
2474315
363831
437259
526662
1448623
387847
354702
362796
528869
2412833
354364
246050
527208
1567610
458610
351207
362930
527505
2490877
369248
223090
526999
1449947
387415
357422
363867
524781
2411462
351063
225871
--STOP--
++STRT++
527437
1450250
387992
354592
363771
530633
2415244
356404
223202
528246
1449232
388866
356276
363453
529944
2412497
376074
245123
526206
1631171
454026
355715
363066
530718
2445462
433538
225360
526112
1448710
388062
353870
363148
527068
2476628
385702
246265
527473
1450592
387371
352290
363524
530316
2414558
361600
271602
557487
1633334
388314
357442
363996
529134
2527835
373792
287380
526404
1450101
388206
358414
434056
525021
2490729
372516
281105
526722
1449856
387321
355841
364427
528056
2414427
372223
245389
527257
1449079
387287
355846
362945
525236
2416318
354823
267548
527072
1621776
387865
357341
364734
698451
2482981
372992
268038
--STOP--
++STRT++
526720
1502656
438514
404252
363781
529491
2457606
371039
247815
527110
1450459
387350
354847
362191
529290
2535308
354305
284692
526751
1448446
388017
355614
362700
529943
2412829
375344
243870
560327
1624215
388611
357805
362630
530701
2475017
421449
220079
526983
1451538
386958
350813
363235
525904
2414518
361641
249485
526251
1448160
388054
356976
364392
524993
2411416
384707
248083
526411
1448503
388734
353916
362815
532332
2411630
354273
244215
719756
1565589
387451
598175
440162
527440
2445808
365115
270679
528449
1449961
387638
355729
362271
526195
2413133
374677
244704
526692
1636072
388524
356520
364708
529852
2709000
364482
225431
--STOP--
++STRT++
526937
1450786
387616
351550
363436
569198
2673062
355389
244603
526297
1449623
387998
356313
364129
526079
2412423
362527
259697
526531
1449935
386886
352635
364104
526832
2413088
353582
220718
526436
1449795
388088
356611
362621
529569
2412238
351959
242171
604330
1665066
387784
575309
539362
527292
2473948
356230
244473
527599
1450582
387327
357122
364640
531286
2415496
354150
226190
526990
1448154
388771
354913
364119
525412
2411820
363160
243523
527067
1450266
388469
358321
362815
525680
2413077
370105
246177
526317
1450590
387535
353667
364336
762644
2590358
354195
264666
526318
1449857
387489
356683
363072
528875
2411241
362443
245402
--STOP--
++STRT++
526982
1449538
388365
356605
364250
525523
2414313
360855
245895
527047
1450341
387161
353542
364653
530246
2413636
362370
247320
526827
1449747
386869
356966
362535
525968
2412924
354985
268262
527306
1449883
387649
356578
366464
529670
2693802
374322
244961
526429
1450078
387364
351379
363585
531214
2415965
361333
246719
526363
1448718
388268
355213
363017
530830
2413844
360942
223194
526136
1448157
387326
354834
363074
526738
2416436
351913
226031
526727
1448451
387388
357402
363455
528036
2590080
353818
224944
526330
1451065
388002
357070
363063
530678
2412872
365566
225001
526561
1658150
387253
357550
362824
524695
2492555
447059
266949
--STOP--
++STRT++
526486
1448449
388242
357821
363911
528213
2414614
353224
259159
526638
1557416
387551
354245
364508
532314
2890300
386061
244102
526749
1449959
387475
352038
363562
525133
2416055
361852
244920
527576
1449513
387261
358139
363890
524859
2468756
373861
268562
609960
1643600
389677
356183
363153
525456
2475541
366782
223861
526892
1449355
387163
355856
364100
530114
2415236
352499
244760
527477
1450877
428361
353609
363269
525819
2415209
362260
268057
528079
1484429
389289
479552
364361
529324
2526298
360233
244830
526209
1449345
387118
355453
364295
527155
2413793
360352
244123
529135
1635324
391564
430661
362937
525313
2586019
354518
224642
--STOP--
++STRT++
527032
1449381
387706
359302
362844
525143
2561882
357200
270301
526797
1454131
387040
355562
639250
530583
2471670
371908
224122
526327
1450177
387473
355428
364837
525536
2414542
373233
243838
527768
1449260
387845
358656
363561
526119
2413625
373082
246123
526625
1510443
387472
358864
363353
531366
2638196
447562
267381
527165
1449923
387667
355882
363713
526237
2410667
360560
220169
526848
1449394
387403
355253
363958
529209
2414891
354816
224504
527461
1449939
388035
356646
364120
691444
2478634
374140
268170
526887
1449755
387156
355700
363226
528358
2414227
361371
221028
526953
1517501
388091
352761
364318
531486
2490692
373196
221244
--STOP--
++STRT++
526733
1449593
388464
355628
363720
530106
2413502
373818
268422
526852
1449281
387901
356686
364532
531222
2414551
353395
246903
527269
1449837
387747
355833
362658
532034
2491671
364491
243733
527574
1449786
387746
356503
363095
530275
2414338
374139
244195
526994
1449374
388169
381771
364963
526054
2412519
361618
248099
526260
1448899
387629
358538
365024
529521
2654033
384321
245598
527170
1450444
388100
357300
363624
530121
2414219
361955
223909
526691
1450301
388024
355626
363962
525985
2411885
355206
248577
571953
1489709
391239
499646
363651
528529
2474547
363428
269768
526870
1448545
387206
356510
363690
526397
2414397
362694
241964
--STOP--
++STRT++
526954
1448944
388789
355204
363348
530710
2414367
362023
249384
527078
1560589
388894
355783
363731
528037
2476598
375160
248563
526170
1449365
387897
351626
363657
708672
2629144
384028
249152
527520
1448893
387054
354197
363979
531210
2415272
360967
244465
558072
1450049
388180
354850
363515
526746
2568273
380754
297834
527531
1450280
387087
358292
363069
530920
2451115
361057
222522
526948
1448786
387169
355363
361953
530304
2414027
365484
244814
688083
1517770
391272
354187
363704
525131
2483975
358131
369979
526992
1448144
387451
355864
363985
568948
2411722
373061
220683
526751
1449658
387553
355599
363373
523991
2415151
354898
262818
--STOP--
++STRT++
526265
1450026
388440
357777
362843
526802
2415140
383529
221810
527191
1494786
388035
358389
362850
529994
2413518
363109
248996
526291
1449720
387525
355372
363926
531516
2414318
372450
247048
572404
1729020
389715
421077
363327
531191
2714807
356919
268992
528717
1450961
388250
357526
363521
525749
2412690
354786
267043
526826
1448692
387738
351631
363777
529977
2413718
359999
220936
559084
1621473
451133
354351
363302
529794
2473847
373333
281496
527613
1449891
388264
352655
363680
530668
2413005
353591
225379
537892
1449361
388057
358566
364471
528830
2416270
356453
279938
722256
1567712
387381
609808
449218
523972
2484487
361522
244021
--STOP--
++STRT++
527300
1494002
387376
355468
363501
524155
2636446
373313
244343
526864
1450760
387495
356027
539994
529659
2477784
355761
222816
526431
1449907
387892
353795
363940
525049
2413648
354720
270670
528847
1448607
387363
357365
363500
526171
2413352
354902
282137
526915
1513924
387593
356611
364166
530404
2643447
364374
313885
527649
1450150
387351
353154
364231
528387
2415025
353656
244641
526222
1449827
387408
357403
364170
525123
2412217
371908
226121
526276
1449341
388175
354405
364413
691246
2474202
352660
267081
528138
1448610
387609
356280
363403
529677
2412551
354748
226821
526667
1449793
387663
351736
363730
526447
2593663
372958
247223
--STOP--
++STRT++
527505
1497143
387645
355824
363685
531515
2523188
355419
225732
526780
1492368
388092
355116
364638
584616
2580361
371668
241202
527030
1449939
387247
357111
363139
526530
2412355
364332
244763
526910
1449850
387708
352031
362891
531395
2612362
355286
246500
526985
1448233
387247
353508
363179
525120
2413993
362924
248365
576022
1450328
388086
354231
362385
531786
2416023
375425
282492
551640
1677274
388003
359735
363621
526635
2574905
396443
503653
526492
1449191
388199
359979
363687
526675
2418258
375282
245941
527447
1448601
388442
352644
363539
525999
2411084
386340
271881
527229
1516810
387839
351326
425032
532492
2640625
430860
244121
--STOP--
++STRT++
526898
1502256
440339
356474
363705
530415
2666585
362273
225859
526281
1450030
388185
355298
365192
525450
2449208
352929
241991
526361
1450004
388145
355096
364327
524514
2414983
354423
247250
526874
1449867
388213
354319
364280
530423
2414736
354041
245035
526923
1451008
387512
354618
362404
531316
2412242
354290
227153
526781
1450160
388097
356278
363973
525568
2412769
361092
280259
526262
1448843
387577
356077
363186
527098
2412919
355696
220278
526994
1448906
387513
355587
364075
692856
2474433
359464
239899
526343
1449238
387125
356359
364160
527133
2412152
353444
224095
599640
1516226
392439
426951
363819
526275
2495828
359939
244227
--STOP--
++STRT++
526858
1496845
388627
353691
367729
562861
2528162
354262
293838
527561
1449141
387739
354918
362908
530451
2417111
354029
266884
526870
1450787
387488
358964
363136
525552
2412351
378096
219292
527229
1449576
387351
350188
363461
529832
2413417
361635
245683
570426
1684099
388407
440879
363154
531514
2495372
386194
241453
526331
1449209
387454
357100
364009
529540
2412166
362604
250082
632484
1629504
388684
546863
363615
531291
2574133
376436
341580
526931
1449936
387826
355368
362995
524514
2413940
375276
246211
526981
1448105
387182
356884
364420
523984
2412790
352629
264475
526953
1449832
388142
354991
363220
530039
2414578
355391
221587
--STOP--
++STRT++
526072
1495191
388001
356688
363478
526023
2527256
385867
267120
527804
1449878
388390
355729
364965
602003
2690582
364484
259340
526445
1449067
388213
352480
363996
524228
2414127
354648
221918
526921
1449531
387432
356386
363046
524091
2413605
355853
266404
527126
1449369
387591
357940
365382
621426
2707109
354675
222402
526587
1449568
387643
356607
362637
529809
2414722
361197
245875
526357
1558208
451761
355587
363603
530302
2474623
476938
268561
527189
1448213
387186
358722
363298
527333
2414562
360834
224582
526921
1449199
388019
350031
363446
525149
2414803
361683
243572
527915
1449262
387062
355695
363098
529752
2480256
365345
376258
--STOP--
++STRT++
527066
1450122
386774
354701
363503
530794
2417040
361537
226423
528004
1449276
387031
356570
363775
531434
2412932
361427
273638
526825
1448487
388066
356276
362752
525403
2416007
362274
247924
526942
1559688
387389
352580
364189
528878
2411094
358188
222705
526220
1450686
387454
351725
363012
526679
2410974
361972
243247
526415
1450097
388352
354936
363570
531711
2415551
361727
247393
526258
1449824
387213
355806
363170
525876
2415618
361046
244699
573410
1676768
391390
355466
364328
530063
2629640
356241
283253
526861
1448856
387804
352223
364408
530143
2412916
423237
220827
526426
1450653
387138
356636
363955
526312
2413667
353067
266078
--STOP--
++STRT++
527911
1449294
388396
356672
363253
530309
2415749
362381
245135
527267
1563568
387332
351435
362937
525785
2476713
353899
222716
526897
1450068
387557
355940
363325
525305
2414536
361273
222223
528385
1449074
388008
358313
364292
525684
2414427
371173
269260
527100
1448952
387535
359330
363909
527240
2412879
355067
246994
526977
1451099
387756
353174
426702
532345
2627717
363823
250463
526977
1449514
386917
356471
363181
530863
2415084
359928
222034
526208
1450675
433294
352736
364993
524852
2415821
384463
225674
574056
1632754
388518
358604
683866
527399
2486912
362306
247534
526742
1449122
388307
355506
363653
531039
2413025
370866
247005
--STOP--
++STRT++
763351
1496896
388651
358263
367358
572338
2527467
376973
221925
526265
1448639
388165
355537
363927
525530
2412811
385941
281457
526618
1449281
388012
353336
363909
526422
2413401
362077
284508
526711
1504187
599901
351957
363139
526833
2474297
427270
247318
527282
1450747
387676
356331
364322
531882
2418796
354336
270768
526157
1448797
387291
357943
364061
529766
2412008
390041
267639
526963
1449838
388252
353606
362841
526574
2416807
353870
243289
527364
1519759
387804
418863
362698
529113
2626523
374165
344682
527551
1450091
387834
353076
362662
525915
2413735
354753
249329
526320
1523300
388645
351055
363052
525994
2625253
382259
628291
--STOP--
++STRT++
526322
1450312
388049
352005
362298
525775
2412235
363544
222760
527807
1448136
388130
354857
363499
531620
2416301
359959
270549
526844
1450422
388449
356135
366604
592704
2470976
360803
284021
527058
1449069
388111
355083
363225
525563
2415837
386424
223728
558774
1626495
387442
354500
362972
524701
2628688
429188
261776
527377
1448965
387408
353597
364162
530388
2415360
371174
280141
526355
1449694
388246
355390
364536
525310
2411555
353730
240797
527192
1449320
387695
356735
364271
527845
2414272
353812
245614
526196
1597776
386641
356370
407792
526132
2482102
377484
220600
526232
1449644
387947
358354
364535
526037
2414119
349587
266356
--STOP--
++STRT++
526807
1448397
387758
356617
364704
525389
2622217
366394
224199
527327
1612108
387961
444603
362652
529586
2476040
365694
305271
526190
1449354
387896
356011
364030
528545
2415994
375881
225275
527119
1450369
388271
353943
363634
525644
2413557
361626
245023
559025
1634107
387404
354165
363167
530030
2483040
363096
225765
526324
1449622
388272
349867
365322
530056
2581390
354477
240790
526098
1449254
388627
358749
363694
527398
2412422
356490
224164
526845
1449422
387429
351488
363843
524987
2415104
358757
264742
561300
1632163
387485
351840
363248
531310
2484659
556201
248025
527023
1448962
388150
353200
363870
531045
2413922
361238
265029
--STOP--
++STRT++
528259
1496265
438655
355480
364577
530147
2456079
364347
244277
527745
1448662
387320
355948
363095
691935
2593884
353463
225062
526972
1449409
439435
354340
363545
526988
2411727
354189
249097
526442
1448872
387334
357324
363255
529886
2412246
360860
247218
526207
1625907
457893
357956
363755
530444
2748147
363167
269524
526791
1450280
388065
353006
364654
524229
2411578
360995
224877
526898
1450398
388058
355504
362673
532844
2414335
359605
244146
527075
1449175
387275
355698
363168
525021
2411331
428488
245597
526970
1450430
387540
351957
364575
525016
2413281
373195
246285
526147
1487975
387546
356154
364752
525999
2481183
357080
249991
--STOP--
++STRT++
526914
1449980
388282
356222
363770
525042
2522837
357567
245598
526989
1449534
388082
355807
366681
525868
2587388
383717
222538
526403
1449955
388592
355719
363467
528687
2412653
375256
221301
526676
1449994
387404
356956
363866
530393
2413826
363144
245963
526940
1450219
387745
357189
364336
525959
2496947
366244
265556
526449
1449482
387878
352349
363865
530218
2413811
361511
242679
526083
1560998
388210
353245
363932
526926
2411552
386498
242129
527221
1450604
388310
356812
363263
525626
2415264
360390
245363
527048
1450027
387656
354968
362258
530926
2411331
385893
243660
767151
1586111
387763
552482
454771
528924
2452676
353552
221729
--STOP--
++STRT++
527841
1450366
387278
357385
363343
526322
2416675
374264
264893
527650
1449439
388030
353993
363483
531277
2415777
353536
224572
526331
1449474
387707
354187
363027
530407
2412174
371178
226966
528851
1617190
388461
631741
364232
525124
2465881
356659
327475
527507
1449881
388410
352870
364040
525974
2414561
371178
250619
527375
1449771
387901
355118
363433
525381
2412963
363246
287364
526854
1656099
387181
353168
363687
526847
2447835
355303
248617
526467
1450427
388634
355455
363534
524477
2413427
353907
269680
527099
1447758
387573
355526
363302
526171
2414863
384072
269004
527378
1524109
387713
355707
364318
525786
2642006
368832
269966
--STOP--
++STRT++
527074
1450739
387310
356736
363675
525830
2415136
357138
243950
526601
1448930
388198
356285
364566
526032
2414935
363143
294568
526211
1451576
388278
354310
377899
530537
2447757
384839
222191
526396
1450872
388133
351940
363225
529974
2415937
362930
247745
527098
1449347
388656
356337
362862
526059
2411981
375538
246379
526221
1662394
387830
351227
363156
525585
2472504
365294
224148
527191
1449957
388348
356006
364485
582910
2633417
362185
243532
527553
1448161
387441
355616
364582
527645
2415281
354610
268782
631326
1632996
387110
355558
364621
694449
2490488
362423
241748
527119
1450485
388319
355022
363390
525390
2412901
382956
223973
--STOP--
++STRT++
526969
1449454
421420
353917
364086
526356
2415289
361956
224482
526830
1450568
388222
353665
364053
524486
2416096
359056
244846
527537
1449742
387445
355119
364011
530296
2414601
361818
242589
527960
1519124
388426
418877
363703
529548
2576333
352168
269213
527619
1449954
387555
354971
363270
525622
2415453
362584
243549
527844
1448600
387000
356838
362521
525525
2415037
360405
223264
526209
1449010
387675
357305
364718
529156
2627302
361755
243612
526770
1450024
388539
354282
362275
525772
2412859
375165
241030
526534
1450358
388001
355908
362845
529832
2413596
353931
266844
526414
1448380
387216
355759
364037
530767
2412086
361113
266719
--STOP--
++STRT++
526821
1495247
438120
354964
362999
531291
2526993
350842
244720
526837
1450304
387255
357235
365601
525715
2579308
373909
225662
527313
1449273
388498
356321
362954
530334
2413685
369796
282073
526296
1449045
388291
356247
362486
529874
2414716
362903
258856
526919
1451882
388386
358003
365077
820920
2450314
373616
222106
526378
1450675
388596
355249
362984
530880
2414464
374061
223854
526903
1449155
387313
354139
363686
530149
2467269
362959
224432
527054
1449726
387659
357930
365517
691613
2475056
360943
270643
526211
1449556
388262
355653
364056
525020
2414627
384553
250440
527697
1512232
387941
352427
362852
526391
2642342
375309
245279
--STOP--
++STRT++
527572
1490850
388592
352156
364356
573250
2717660
363277
225061
526603
1448723
387704
350674
364284
536743
2697110
351278
248466
526651
1449872
387273
357873
362952
527046
2415677
373243
266978
559162
1637754
387966
355679
363550
524664
2476297
520372
269784
526977
1449989
388108
355525
363992
606366
2478083
362547
241436
526985
1448905
388438
356222
364254
530624
2413756
365401
246758
526569
1449504
387188
354628
363248
524297
2413800
358591
260616
526634
1507601
387248
356202
363855
525161
2411987
359918
268308
526832
1448739
387031
353987
364074
588214
2667314
360910
246321
526629
1449516
387204
353773
363253
524899
2413010
353724
245848
--STOP--
++STRT++
526942
1448501
387222
356150
363451
530606
2452518
372606
266802
527415
1450408
387469
357558
362229
532132
2415091
362189
245148
526407
1449702
387675
354654
363948
530670
2577296
431005
227305
527154
1449731
387420
352434
363813
590750
2540595
361231
268063
526862
1449550
388400
355549
363723
530041
2415293
354329
248236
526937
1449729
388498
355192
363790
525531
2411607
353569
226509
527147
1449622
387252
357216
363136
525959
2471100
353289
248589
527007
1449634
387418
355891
364227
524650
2413099
361657
250076
527041
1450094
387078
357539
363007
526225
2532707
427518
243409
526488
1449843
388032
357244
362822
524725
2412687
361407
244130
--STOP--
++STRT++
526721
1448584
387920
353927
364361
523966
2524303
363955
245372
526363
1449814
388004
354196
363429
526398
2411825
362097
242946
526478
1449180
388205
356167
364274
529062
2412802
361893
267485
527195
1569101
388079
356904
364351
529416
2474468
362612
225917
526826
1450679
387263
355051
365468
529603
2642233
356731
248149
526289
1449395
388254
356024
363968
524636
2412882
360036
226364
527977
1449672
387633
357057
364173
524372
2416280
386169
263544
526747
1624052
387010
355479
364025
523435
2411615
353611
269322
526768
1449198
387887
357282
363777
526059
2415288
361064
266650
526422
1448873
387810
356244
364608
527690
2413016
352735
268707
--STOP--
++STRT++
526563
1497153
387969
353096
363643
526698
2529284
361803
245555
526885
1448621
388326
354768
366066
525168
2576915
375129
221981
526231
1449974
388088
357715
363868
526602
2410443
361950
268899
526602
1450130
388410
357473
363748
528922
2415446
352326
222328
527018
1516536
568598
424475
363927
527931
2635103
354303
282274
528059
1449711
387463
355298
363445
530967
2414341
362794
225189
526552
1449709
388177
357398
364587
529842
2412442
364750
246124
600475
1581498
387230
552834
363984
530706
2467866
376036
314341
528182
1449021
387133
355448
363503
525982
2413433
353636
245860
526671
1521898
387343
355212
365291
596409
2586738
370260
249372
--STOP--
++STRT++
526424
1449185
388323
358928
363867
530368
2413600
355362
246398
526418
1450417
387333
357624
363453
530932
2411165
360536
282127
526452
1450237
387474
357053
363419
529076
2416188
353451
241724
526285
1451467
387000
354563
530197
529709
2481724
372654
243315
527188
1449791
388457
357893
363949
530057
2412991
352722
222498
526630
1449269
386852
356081
363527
530930
2412029
360127
224062
527553
1627174
388136
572887
364321
529207
2523807
361253
311681
528063
1449631
387296
355536
363786
525959
2413143
358785
221932
536679
1448973
387897
357720
363662
529379
2414030
360479
266826
556493
1451569
388146
353652
363894
698476
2491083
353651
246955
--STOP--
++STRT++
526892
1448958
387593
358664
363045
531114
2459133
365095
277366
526357
1497633
388398
508801
363783
526018
2577515
362174
365060
526225
1450318
387439
356105
364087
525596
2416664
371747
283641
527909
1450927
387716
357754
363385
529373
2414274
372882
249693
560765
1634246
463838
355531
363857
526057
2581177
363597
329401
526200
1449778
388039
356436
363451
525479
2411952
372898
269314
526550
1573554
387446
354986
364642
523332
2475546
533993
282270
526660
1448207
388524
358074
408505
526391
2711544
384144
246864
527059
1448897
388057
356496
363552
526108
2471717
361224
223032
526569
1449392
388197
357650
363252
529641
2416695
374957
224367
--STOP--
++STRT++
527135
1449186
388120
357159
364340
526604
2412595
360258
243619
527009
1449218
387989
351347
364847
531942
2412467
354291
225819
526925
1449278
388579
351680
364460
526935
2525309
364742
241314
527274
1449839
387987
355257
362832
530530
2410693
361328
281447
561536
1448101
387439
353690
364018
529280
2413602
391457
223752
526119
1448885
388314
353130
363404
530155
2412280
384186
245570
526503
1449711
387565
356662
363553
530406
2415013
362183
225091
527397
1451285
387711
357260
570692
525599
2488976
357341
245273
526901
1449028
387016
355394
363587
525932
2411941
361872
244552
526539
1449732
387644
355281
362699
529298
2411189
362249
226411
--STOP--
++STRT++
526040
1449579
388234
356463
363549
526172
2413469
372856
225061
527121
1448040
387300
357931
363732
527537
2412516
373555
248819
526771
1449404
387433
355818
363982
531102
2414578
389114
259985
526773
1447936
388323
352730
363891
529608
2414663
384518
242957
527465
1450395
387979
354562
363575
525740
2412931
376911
248897
527441
1450435
387661
357920
557146
529123
2476335
379356
244705
526907
1449437
387513
357950
364276
529522
2414234
354244
285327
526054
1449862
387493
355727
363885
529838
2413832
361850
282808
527363
1527950
387290
354595
363458
525845
2480833
434313
246553
526914
1449363
387481
350077
363108
529752
2417075
355225
247684
--STOP--
++STRT++
574036
1494796
388967
357830
404195
525300
2460886
372401
267623
526817
1448489
388404
352973
364447
530004
2419595
360839
267165
526715
1449689
387298
355780
363846
525025
2415030
356248
247034
527478
1448991
388003
355768
363009
524807
2414221
371902
245946
603534
1449436
388007
357862
364421
531156
2411884
360340
267808
526798
1448758
387748
355751
363158
526693
2569582
373826
246787
526691
1449704
387134
354978
364339
524885
2413158
362615
226541
526224
1449331
388091
356443
363851
530505
2410841
361526
248882
527122
1672063
387347
353718
363128
523700
2545670
443254
267433
526780
1448591
387026
353351
363079
528373
2413366
363061
244829
--STOP--
++STRT++
527619
1449637
387469
353115
363875
743742
2452248
375247
245753
527572
1449613
387574
355479
363284
529351
2414499
363287
247454
527291
1448181
387691
356440
364488
529355
2413686
371955
222662
526920
1449105
387767
358777
365337
690992
2477988
362221
247603
527329
1450270
388565
353638
364066
525233
2411647
354350
278768
526888
1449434
387580
356085
364237
530377
2411437
359315
240501
600344
1630422
452550
355653
363608
531250
2721574
357191
245526
526777
1449406
387627
356181
363489
529433
2413706
361727
219215
561977
1450478
387410
355306
362560
524861
2526479
355283
246571
526200
1449335
387564
354892
364428
527511
2412029
360046
247098
--STOP--
++STRT++
526518
1450057
388454
356663
363932
741628
2413090
355795
223775
526449
1448799
388303
354240
363818
531290
2415790
376422
222996
527044
1449528
387995
354520
364465
525880
2413128
359476
244883
527016
1448708
386891
354451
363555
532134
2411915
359707
245046
526533
1449282
387572
355857
363556
524441
2416737
351185
241187
526160
1449333
388838
356782
363280
526086
2413068
375453
242872
526904
1570344
454587
352629
364164
530928
2468611
498151
271502
526379
1450201
387242
354127
362993
525343
2414323
361940
251102
535506
1449730
388021
355263
362539
531351
2415696
361856
267780
526395
1449440
388515
355044
364530
524233
2711686
361652
228021
--STOP--
++STRT++
527552
1448946
388017
356634
363577
530656
2412286
361497
240311
526266
1450080
388724
356216
363455
529551
2412051
383753
244722
526693
1450160
388444
354406
369505
525035
2478350
384820
244293
526925
1449197
388213
357184
364203
524740
2415533
354072
244710
527743
1448888
387488
351807
363368
529304
2414702
383881
225557
527569
1449457
388066
355201
364911
528873
2412111
373539
281611
527157
1448273
388205
355065
363650
684017
2470848
385110
242074
526393
1449638
387704
353378
362503
526962
2412328
377421
227671
526539
1448909
388010
356984
363232
529825
2413230
361828
284792
527047
1450663
387503
355489
364863
526747
2414609
374754
246362
--STOP--
++STRT++
526976
1450175
388103
356477
363369
530379
2414500
362854
222341
527954
1449662
386902
353212
363172
532625
2413929
364231
269503
526961
1619637
457221
356611
364042
530654
2526605
423755
240606
526937
1448563
388081
356071
364012
529211
2415021
363572
260460
527597
1449237
387169
349366
364620
532245
2413533
373135
223555
740842
1512328
390960
415546
364052
529734
2474668
363103
280478
526728
1448522
387406
356803
363413
529958
2476479
362326
268932
527157
1448511
388833
358874
364363
681362
2476487
362185
225132
526511
1449311
387556
355837
363812
525619
2413819
373643
246346
527041
1449290
388232
356781
363584
527140
2412315
361935
243871
--STOP--
++STRT++
527448
1449413
387428
352073
363431
528092
2414388
362951
247016
527145
1449061
387589
356831
363353
529528
2414750
361832
222179
603510
1656820
387895
556905
363094
526325
2528887
364087
440079
526969
1449623
387243
354925
363485
527318
2412820
355686
243692
527332
1565353
455888
354369
364416
528178
2627508
363738
310059
526606
1449928
387499
359691
363893
531409
2413019
372723
267421
526444
1449142
387085
356134
363682
531236
2411676
372680
240248
528329
1625020
387571
563790
364007
529662
2527176
361658
246241
526987
1449252
387974
355255
363687
530915
2412362
355137
225031
526571
1449198
386922
357178
364279
523970
2414722
360659
241360
--STOP--
++STRT++
526355
1448828
387956
359074
362629
525437
2412856
362632
242327
527115
1449892
388375
357610
363407
527005
2413841
362030
271832
527057
1633089
388816
358225
429659
530143
2477704
361261
269425
527056
1448777
387323
356956
362888
525368
2415211
360096
271651
526915
1449383
388039
353154
363889
525798
2412401
363563
270084
527539
1449001
387955
356683
364320
530980
2477481
361502
268861
526826
1449793
387675
352357
362646
527429
2414090
361765
225180
526921
1450216
387769
357596
363357
528333
2415811
353083
266872
536332
1510677
389001
357962
363297
525310
2586067
355957
245954
527604
1449426
387204
352503
364869
525738
2414265
359706
243719
--STOP--
++STRT++
527118
1449237
388721
352710
363658
529868
2411494
361552
245398
527869
1449534
387642
355687
364081
532129
2415760
361771
267069
526930
1519521
387562
543841
362713
526905
2583569
362982
244640
526821
1450209
387089
357839
364457
531680
2415647
362110
268501
526875
1449567
388671
358301
363318
528234
2413374
362747
267727
526904
1450597
387115
358233
416011
527513
2413405
354522
222757
527136
1451074
387173
351247
362975
525614
2413182
363988
242843
601792
1666298
390249
355409
364178
530027
2530489
367943
266428
526217
1449162
387362
352430
363655
528650
2412401
360970
284636
527921
1447981
387105
354147
364181
529176
2657596
362325
271435
--STOP--
++STRT++
526778
1450671
388001
355374
363355
531102
2414551
361049
227149
526848
1448425
388529
358720
364166
528985
2411878
384623
246832
526810
1448678
387878
355648
363471
525131
2412953
363166
246761
691125
1521090
390484
355038
716095
523618
2488276
361497
246456
526281
1449093
388257
357946
364166
529282
2416279
351686
270035
526086
1448854
387115
357760
363516
532112
2412691
353521
246020
526841
1449830
388324
354302
364526
525551
2413955
373629
224101
526338
1449696
387426
353758
363863
530979
2414155
353576
247448
527211
1450032
387564
356877
364312
589444
2646094
353078
243843
527100
1450796
387476
356983
364088
531731
2414841
352416
240466
--STOP--
++STRT++
526973
1497673
439474
356601
363322
525668
2456020
363009
265607
526712
1450783
387246
351615
363288
582405
2708645
354024
250237
526428
1449235
387086
359385
362987
527663
2415370
361825
268289
526732
1448798
387205
357784
362972
524515
2413635
354246
224778
526635
1449840
387549
358036
364138
530628
2414453
361402
244172
527001
1448600
387344
358111
362665
526730
2414180
362613
264082
526570
1450285
388415
358598
363943
527026
2467352
361736
247283
526878
1450873
387450
358158
363341
524805
2410768
372614
266539
526271
1449068
387621
352263
364286
525382
2413875
373410
222755
527244
1449479
387957
356534
363638
528893
2414015
361864
268069
--STOP--
++STRT++
526573
1493140
390743
403361
550109
529611
2566818
359755
269307
527121
1449384
388657
354845
362860
532630
2477476
398081
223074
527822
1449994
388380
355547
363349
529054
2414654
374876
244229
527157
1448815
388408
351137
363581
530444
2411738
367305
268727
526978
2247513
387313
358027
363012
529913
2412059
372369
270162
526680
1449155
387905
355548
614813
524354
2479252
354577
266512
527429
1449425
388418
355007
363504
530586
2415935
362721
224307
526576
1449572
388613
355025
363281
523890
2414822
361139
268195
526273
1637268
387339
357489
362269
526007
2414678
364084
225818
530039
1449379
387488
355699
363642
526165
2479643
444796
243441
--STOP--
++STRT++
526847
1451541
387269
358317
364175
530082
2415320
372449
249770
527043
1602271
497246
464965
362985
525155
2471164
355906
268822
716321
1449490
386992
353657
363179
523694
2411189
361035
247265
526400
1623949
388228
357530
363745
530987
2472370
426421
247145
527786
1449541
387750
356021
363900
530831
2412526
363513
227098
527389
1449142
388518
353686
363317
524554
2411960
363161
264584
527918
1449016
388148
355188
363340
531887
2413799
352350
246538
526282
1447849
387336
357126
363674
524124
2412094
359264
223491
527101
1449611
387085
350468
363718
529899
2411569
377510
284103
648331
1522591
387537
358267
437470
529966
2658379
353822
239411
--STOP--
++STRT++
573830
1501504
388240
403066
580198
528720
2561447
352172
223363
527050
1448919
387782
356397
364696
530314
2468947
364507
242992
527300
1450265
387673
357887
363741
524913
2415272
361563
225518
559130
1626063
386854
353476
364329
529699
2475387
353134
241587
526881
1449755
388584
355827
362893
532077
2415610
376416
246641
526219
1448387
386664
355730
364251
525987
2413977
360226
266770
527052
1626690
387755
351196
362995
524636
2530546
420227
268076
528585
1448825
387487
354645
363060
529812
2415186
371845
245727
527643
1447971
387556
356638
363872
532272
2411587
359311
223037
526463
1450486
387500
354468
363835
525890
2636885
355047
267570
--STOP--
++STRT++
570070
1495462
389385
403537
574791
526158
2523497
360331
269490
526327
1449888
388408
357400
364010
530846
2417206
355364
283224
526267
1450823
387808
356747
362813
526842
2414553
361501
250822
559779
1629602
455086
356233
363173
525520
2477546
425395
244117
526330
1450124
387567
355991
363807
525090
2415056
374008
267930
527403
1449525
387048
356635
363509
527596
2414851
382521
244017
527343
1513999
443016
549140
363326
531189
2620102
361701
245101
527674
1449849
388491
353746
363650
530216
2454534
354820
281651
564778
1631057
457960
349831
362591
529459
2482318
377779
244085
526914
1449066
387541
355503
363605
526920
2411482
353843
239550
--STOP--
++STRT++
526720
1449644
388552
354219
362395
525244
2412197
353567
270868
527693
1448604
388275
356646
363291
523925
2415181
360500
246601
693527
1517596
389393
356328
362926
525835
2588444
663542
247626
527003
1450588
387517
354790
363144
636794
2474152
383438
243256
526357
1448367
387529
358283
362984
524273
2414128
373036
267360
527428
1449421
388365
354807
363734
526494
2412603
361517
262165
526356
1505373
387563
353455
363287
526271
2412794
384852
246331
526923
1449062
387875
356180
363502
528833
2412648
371696
246424
526780
1449066
387565
355925
363677
525941
2411432
352264
225356
526962
1449515
387453
356166
363123
529332
2414366
371683
242279
--STOP--
++STRT++
526871
1449210
387711
355799
364499
527788
2415158
372416
245778
526433
1450055
388086
354839
363976
526660
2412615
362037
270675
526726
1621768
387420
353831
364287
525476
2529008
420080
268836
527533
1665230
387174
358654
364578
526833
2412538
383011
225213
526975
1449608
387599
356464
363993
524724
2414810
353259
280342
526445
1449697
388148
354045
363362
526354
2411773
356048
249683
526150
1447882
388451
352717
365943
587289
2579268
377383
248808
527567
1449097
387119
356631
364276
531761
2412502
353955
242455
527032
1449396
387737
354545
363020
528463
2588012
441253
225063
526514
1448862
387865
354888
363926
531502
2413219
355607
224686
--STOP--
++STRT++
527035
1449798
387989
357057
428974
526913
2635904
360317
220359
526615
1494689
388203
504162
363789
525300
2487897
371734
250335
527696
1448854
387267
357567
363221
530783
2412558
359055
228321
526111
1450115
387422
352962
362995
524300
2411883
386938
247523
527116
1619977
387375
357736
364176
525041
2480753
358564
227468
526141
1449032
387802
355806
364162
528601
2413468
359079
223301
527169
1449713
387281
357167
363544
530841
2412906
353262
222042
527566
1450122
386863
357169
428649
526657
2477382
352136
221623
527066
1449045
388140
354464
364300
526872
2411455
361166
245004
526837
1449571
388216
353554
363732
524929
2412939
355502
243899
--STOP--
++STRT++
527591
1449895
386930
353077
364397
531484
2414499
362338
271381
527423
1448907
387968
356156
363053
524490
2411953
362811
265947
526456
1448839
387551
355970
363815
524643
2413712
361629
243507
527057
1610621
387763
356136
441184
527705
2460444
355418
240759
526390
1599051
388242
354409
362607
527550
2480828
490326
224198
526905
1449419
388381
354295
363920
526593
2496750
352730
250374
527304
1448945
388095
355167
364147
525235
2414622
354832
240281
526422
1449751
387655
357418
364282
527038
2411185
356580
245117
527048
1449186
387655
354753
363610
526996
2412870
371437
245334
527435
1449967
387140
356962
363142
525271
2414386
361813
220970
--STOP--
++STRT++
526929
1449246
387567
354594
363907
531797
2658248
379335
248189
527189
1609367
387393
445188
363961
531083
2476728
378239
313206
526713
1449387
387585
356689
363332
525165
2417371
360301
245359
527554
1449506
387059
356355
362628
524324
2411995
363117
243991
527096
1524805
388123
356145
363946
525083
2496786
359518
241871
526390
1450181
387437
356280
363632
526023
2414878
360960
245025
527087
1448594
386848
355237
363465
526764
2414296
361522
248470
526400
1450514
388096
356910
428764
529182
2582082
353774
244220
535578
1449553
388331
356982
364144
529721
2414638
360661
248313
526604
1450307
388195
356419
362945
524967
2414021
374343
246543
--STOP--
++STRT++
526232
1449425
387523
356880
362681
529380
2413686
364723
245012
526955
1450454
387476
357465
363312
530624
2411184
361973
282865
526200
1451591
387526
355020
529469
529037
2697672
351642
267672
526815
1450334
387261
355490
363977
527212
2414016
373365
225321
715621
1568017
387566
559556
364344
530471
2482628
363480
246614
527527
1449290
386832
356773
363737
527051
2416542
363215
247881
527982
1449065
388385
354830
363918
524792
2415190
361840
246587
526925
1449840
387654
355136
363853
530122
2415169
361789
220051
527844
1449801
387286
355990
362984
529721
2415940
353480
223681
605456
1636399
388294
564701
538827
526780
2512555
360492
271007
--STOP--
++STRT++
526954
1448532
388287
357921
363472
530993
2413373
362743
248725
526805
1449801
387473
358288
362496
529807
2453789
373458
267978
526484
1511316
387060
356773
363714
524484
2413565
360313
245495
526176
1449238
388315
356987
365254
587203
2482224
356444
248592
574157
1450017
387979
357391
362899
524531
2412743
362239
241463
526950
1657978
386931
356165
362638
531829
2479480
362821
247165
526884
1449329
388421
355859
362799
530423
2456957
374737
247726
526477
1449807
387267
358656
364052
530434
2414864
354356
282719
603828
1516443
579869
353798
363114
527699
2498960
369474
294207
528150
1449416
387398
356078
365088
529438
2414950
355763
245738
--STOP--
++STRT++
526286
1449276
387052
353905
363804
524496
2412547
364916
219169
526467
1449098
388416
356535
363578
525938
2413421
385225
225195
527886
1613380
388289
351422
364211
523835
2481953
352858
241659
526963
1449724
387956
353463
427872
529560
2491345
373027
265005
526383
1449666
387560
356126
362874
530296
2414407
353122
294503
526918
1622244
388112
354530
363018
524918
2410956
375221
265952
526710
1450867
388358
353457
731494
531259
2477925
366743
245018
527304
1451164
388096
354464
364334
530129
2413828
386722
266034
526775
1449150
388358
355784
363605
525995
2414462
365541
265887
526915
1448818
388029
354638
363448
527045
2413926
362198
225229
--STOP--
++STRT++
527218
1448903
388154
354087
364033
530922
2446368
362635
247741
526254
1450556
388420
357872
362405
526640
2412914
351597
265792
526306
1451079
387572
354930
363659
526899
2483798
374754
244613
527428
1449810
387261
354740
364801
530855
2411664
361458
242503
527448
1450433
388152
352798
363542
531378
2411589
362789
267967
526552
1620730
388737
567518
362713
525281
2522337
356545
293159
526749
1449771
387835
355648
363121
526794
2415899
364381
242948
527076
1449461
387287
356544
364060
531640
2416945
361858
268223
526843
1449006
388320
353410
363401
607933
2586231
384279
243784
526487
1449138
387352
351361
364786
526677
2412674
360705
267611
--STOP--
++STRT++
526912
1449417
387591
357134
362923
531401
2413922
374200
223384
527000
1449250
387597
355888
362391
530378
2415950
364626
247859
526785
1450800
387119
356596
363546
526080
2412631
358828
224445
527621
1449274
387918
357295
364028
525365
2415537
354582
263243
526875
1581034
461238
355132
363301
526549
2482452
378047
268278
526681
1449700
388456
355297
363783
525021
2414658
370736
271671
528337
1450073
388052
357221
362999
524942
2414005
371710
265751
526401
1450011
388253
353743
362935
524383
2415173
361039
252217
526338
1670138
459748
359426
363410
525313
2541839
379772
332437
526667
1653939
388198
354949
363083
530940
2580589
452592
245671
--STOP--
++STRT++
526876
1449326
388018
353039
363345
529678
2416110
361442
268532
527005
1450138
387214
357368
362957
530586
2412960
355209
249076
526971
1448300
388145
355729
363536
523774
2411333
358930
244694
602464
1601980
388188
355438
363456
530666
2476534
360585
320403
527790
1449101
388174
357020
364412
526263
2412996
361658
245480
624894
1628098
387821
544636
363485
531200
2475850
367519
290761
526221
1449788
387932
358162
362373
524660
2415893
363444
243049
526520
1449451
387527
351381
364406
526982
2414290
362560
226412
528103
1449863
387208
356700
364235
627106
2539151
371495
245188
528265
1449141
387495
353531
364754
529463
2412833
352521
226210
--STOP--
++STRT++
526246
1449121
388242
353420
364364
530608
2464250
493273
223753
569484
1566156
387925
357066
363103
526242
2476739
360498
245584
526711
1449751
387899
356536
363187
526196
2414789
353009
243137
527020
1450472
388197
355233
364461
530238
2414128
364181
221696
526769
1450111
388341
355588
364387
531305
2415452
361116
247775
527486
1449820
387821
355534
363326
525953
2413340
375728
224748
526932
1662209
516672
353861
363624
526201
2522292
441751
245767
526941
1449560
387937
354050
363704
531642
2469940
359559
246290
526282
1450546
387170
354748
362963
526671
2414136
352712
223791
526853
1450587
387567
351750
364056
529252
2498284
373758
243572
--STOP--
++STRT++
526508
1503502
387346
359010
363366
525652
2416039
360992
246438
526282
1450257
387002
355605
362479
526239
2416389
373621
242428
526262
1450035
387912
356317
362765
529851
2415045
361319
244127
711107
1561341
388586
354830
363328
530182
2475069
387617
345917
526967
1449920
387573
352718
364211
525661
2416627
354796
245321
526978
1449866
388118
357206
363540
530723
2412895
354570
226355
526244
1449949
387211
357816
364864
603048
2578247
354461
242478
526163
1450690
387461
358665
362162
529542
2414667
360647
241947
527300
1450477
387015
353494
363212
530984
2412827
353895
243873
526327
1448696
387596
353826
363855
524792
2542648
351735
225495
--STOP--
++STRT++
527073
1491662
387821
351227
363844
530155
2524383
359689
221702
526966
1449782
388522
353108
364187
526956
2413819
371724
269445
526960
1448752
388552
356204
363175
530764
2415080
371836
250541
633839
1626186
387554
546201
436927
529683
2570562
374931
245015
527360
1449093
388397
357822
362406
530589
2413054
372971
225811
559489
1449781
387070
355231
363490
524810
2414081
362789
222336
526553
1449880
387083
355859
364509
807682
2446682
363919
242490
526187
1448816
387796
353400
364248
528720
2413927
384391
222729
527147
1448924
388659
353376
363395
525075
2413333
374620
244367
572692
1813670
388475
354074
364854
531540
2631842
358911
243988
--STOP--
++STRT++
526952
1449533
388418
351967
362680
529591
2455935
376785
245277
527527
1450386
387401
356805
365641
524508
2577223
359460
242217
526210
1449686
388290
358543
362036
526466
2413300
352011
266339
527128
1449814
387475
356094
363776
530255
2412655
363894
286395
526951
1518832
387609
356354
363335
525932
2494399
675204
269136
526854
1449442
388425
357683
363731
529369
2412654
354692
245340
526193
1448407
388136
354256
363386
528473
2412960
388780
248223
526867
1450186
387507
354693
363865
601274
2577456
362198
247523
526421
1449692
388116
354925
362798
530930
2414252
353105
224369
746383
1528754
388342
356439
437501
530266
2587613
359856
265166
--STOP--
++STRT++
527496
1449864
387988
357341
363777
529273
2414911
361331
220203
527170
1449159
388361
358436
364406
526640
2416330
372125
281390
602952
1648998
387266
353315
528350
529906
2525941
356747
223916
526950
1449496
387816
353240
363145
530135
2416188
352236
225237
527750
1449418
388505
354838
363305
530924
2412691
374375
222143
569852
1624320
508943
358488
363189
526666
2761477
354704
441214
527029
1524010
387014
351830
364664
524733
2416393
373503
225533
526997
1451014
388257
358038
364936
813295
2446509
352924
245930
526431
1448821
387237
354567
363294
528599
2412238
352798
225910
526388
1449493
387178
354988
362388
523978
2411466
362817
243933
--STOP--
++STRT++
526482
1448996
388696
354332
363327
530551
2547247
363250
247082
526085
1587824
388065
353910
363511
802275
2446610
354954
224234
526298
1449512
387881
358056
363150
529997
2411047
361833
267215
526759
1449590
387378
351653
363460
529412
2412297
358094
268220
672236
1487962
387967
402751
629851
530692
2482801
372657
244272
526910
1448663
388467
354539
363123
526161
2413635
384262
223438
526699
1448632
387299
352578
364088
523739
2413364
354394
243863
526402
1451632
388461
353671
364011
524543
2476782
374227
221893
526872
1449681
388502
353048
363769
526706
2412760
361268
246424
526828
1567274
460841
353998
364817
525959
2629492
392634
421191
--STOP--
++STRT++
571264
1492418
388024
469785
363442
528568
2528120
383629
269607
526242
1449900
388785
355119
363120
579957
2563375
377525
223215
526395
1448487
387884
352462
364174
525490
2413133
385587
245914
565400
1450073
387696
357771
362965
525363
2412321
386340
266450
529097
1448901
388628
360036
363761
530233
2415738
395897
259465
527833
1448895
388247
354989
363416
526244
2411220
363450
285631
711991
1560863
387906
413115
364219
524600
2470364
383332
270064
526878
1449736
387696
359748
363390
528551
2415814
375204
293298
527843
1449656
387900
358437
363674
525432
2413836
396203
246102
637650
1658545
388590
554347
435826
529326
2581729
363350
261316
--STOP--
++STRT++
526787
1449760
387352
354758
363175
525319
2411738
360823
221933
526774
1450182
387561
355530
363202
530969
2414700
356112
245568
527273
1449566
388296
354349
362537
525317
2416033
353157
226127
527444
1564885
387537
353034
363205
524832
2739603
395538
242130
527493
1449701
387154
352716
363713
529128
2412205
360215
249887
527165
1449244
387304
356344
363810
526732
2411615
361031
243634
527464
1449490
387895
357199
363459
530953
2413473
363800
268205
527488
1449546
388115
358779
363204
523640
2415251
362672
224407
526425
1449533
387632
354341
363553
530985
2412853
362210
286937
527648
1449778
387678
352349
363245
524423
2462887
463347
249751
--STOP--
++STRT++
578269
1493478
388265
410105
364005
526153
2459375
359480
247676
526443
1449423
387129
356220
362930
587695
2540642
375520
247713
526456
1449754
387590
356315
364094
530416
2415278
354602
221887
527690
1448432
387177
356668
363973
525459
2413880
362253
279763
526333
1450015
388113
354469
363695
526314
2414774
374932
225761
526979
1449408
387495
354646
363038
526396
2415240
363513
247947
526312
1449480
387290
352840
363732
530437
2415223
361931
316714
526165
1450301
387135
355937
363391
531747
2571529
372900
244557
526178
1448385
388298
356857
363214
529435
2412112
353758
248284
526405
1451760
388211
352991
365520
530226
2571233
353214
243542
--STOP--
++STRT++
526032
1449459
387617
356007
363086
524445
2524956
365850
285778
526296
1449613
388004
357138
363938
684712
2478685
373033
266118
527249
1449323
386783
355455
363792
529329
2452785
363907
249302
526511
1449465
387298
354802
363411
526103
2413668
361177
243446
526314
1449969
387803
354633
363358
526256
2414098
363854
266600
526802
1449857
388162
356704
364447
526855
2412218
361432
246200
527821
1522354
388383
355759
363241
530407
2414546
362489
244899
526335
1449554
388141
355810
364926
711143
2621438
383724
248228
527027
1449222
388603
354684
364177
523998
2413729
362943
244466
527798
1680782
387672
355663
366588
623083
2713480
359828
265610
--STOP--
++STRT++
526664
1448987
387018
356773
364217
528772
2519175
364200
286283
527074
1570768
388546
445466
363440
529879
2476666
356602
316445
526465
1448140
387548
358014
364063
529509
2411073
354059
221804
526255
1450724
387342
354959
363947
529491
2412130
361113
246173
527115
1449932
387688
354207
364019
529144
2414654
360830
246393
526896
1449706
387389
354247
364396
528768
2415108
363928
246617
526926
1448555
387266
355388
364567
528424
2413415
355554
247612
569749
1484783
597959
353705
363347
525384
2476091
529173
244569
527926
1450240
387427
355920
363479
531814
2413864
364961
269733
557370
1629867
463757
356239
362583
524834
2487948
363608
450416
--STOP--
++STRT++
526740
1451232
387154
355737
364224
530300
2464861
353206
243276
526511
1450485
387371
356784
363021
529569
2412687
359665
243306
526464
1449826
387982
355446
362769
525188
2415251
359389
281163
767877
1564230
388797
354365
363044
527767
2469560
368973
295058
527032
1450612
388292
357805
363870
526271
2414245
362848
269133
526965
1449823
388228
353034
364867
525680
2411736
353016
224230
526052
1449659
387795
354739
431493
529523
2494524
351841
243325
526256
1448962
387731
359386
362913
525598
2414611
361716
266987
639651
1629133
388129
551040
363303
529252
2581616
374057
314952
526934
1450728
388352
355656
363001
532670
2411082
373136
262883
--STOP--
++STRT++
570136
1503721
387159
353743
365885
567065
2465968
361212
243671
527056
1448937
388562
356679
364491
526473
2415009
362986
243483
526420
1449909
387352
357908
363609
528810
2413862
359286
245485
558339
1449314
387271
357240
363776
525891
2414645
361825
266127
527118
1450509
387724
356849
362803
531390
2706345
386858
269354
527227
1449327
388530
355236
362586
530097
2411440
385732
266628
527482
1515238
388923
418251
364311
524295
2575725
396010
418554
527479
1449532
388335
356421
362329
526521
2476168
353678
264032
536845
1449535
388489
358674
364085
530409
2414013
361767
265918
558744
1664859
390148
356193
364366
531919
2585268
366002
500760
--STOP--
++STRT++
526345
1449243
388300
355745
363760
529019
2413989
383923
266586
526526
1449433
387351
358109
363046
525572
2413769
373168
262535
527145
1660034
450222
355350
362653
526163
2736613
410518
242864
526898
1449938
388273
355783
621304
525982
2478684
375929
243974
526727
1450462
387775
353418
363931
530290
2412001
353663
224480
705721
1562881
453019
357564
363472
524758
2468335
590033
266891
526297
1449371
387587
354473
363103
525853
2413227
353773
219848
526406
1449143
387313
355999
362989
531950
2411687
353906
267128
601852
1633154
388458
553304
364201
530588
2555147
353905
268194
526396
1447662
387022
355544
364286
526615
2414741
373360
248240
--STOP--
++STRT++
527069
1449828
387685
356412
363752
527706
2412593
363466
269118
526784
1449228
387838
352260
362779
530925
2414567
375200
273051
526478
1449984
387260
355545
363525
525580
2413001
354934
247789
527085
1451574
388169
356125
368728
561768
2475494
352870
225064
526953
1450840
388476
353404
363860
526593
2413810
360762
222997
527692
1448978
388229
356417
364895
524561
2412784
361710
221907
526279
1448718
388222
350349
365655
702231
2475788
362338
268373
526233
1448151
387581
357729
362808
526571
2414326
353485
282146
527610
1448453
388114
356305
363777
529423
2634545
378835
376107
527580
1449608
388265
354876
363502
531089
2411079
375409
243343
--STOP--
++STRT++
526900
1449296
387095
352229
362320
530591
2411996
376222
267476
526574
1448112
387935
356325
362648
529261
2416111
385918
245066
526197
1449141
387094
356586
363485
524493
2414336
355169
225372
526417
1450660
387194
349525
364120
529910
2411144
362198
268141
572138
1492832
390344
485888
364230
525945
2475056
362296
247196
526376
1450214
387867
357777
363486
530446
2412265
388315
267224
527005
1450335
387499
355883
541293
528531
3222226
374148
226925
526369
1448834
388122
351791
362759
526856
2414614
354250
224300
527543
1632522
387296
354639
452914
529855
2457101
360856
249035
526928
1449575
388141
353187
363277
526390
2412072
362339
225755
--STOP--
++STRT++
527011
1448981
387760
356855
362942
525776
2412269
414046
225026
577027
1488097
425633
356151
363954
530826
2471533
430444
265802
526268
1449001
387634
355086
364298
530176
2454727
352817
244892
527004
1448793
387664
357586
362181
528704
2415572
361556
244040
526839
1531472
584293
356407
364194
532060
2497000
362445
265484
526864
1636007
387524
353418
364065
528606
2462493
352745
262222
526258
1448849
387396
351954
363810
526466
2481333
371154
282811
527695
1449616
388942
356731
362939
528572
2414319
386019
245619
526848
1451213
388383
353800
367528
532251
2503813
374078
217504
526282
1451780
387677
355368
363867
525189
2412673
354742
224134
--STOP--
++STRT++
527658
1449428
387819
354866
363918
532169
2415140
361919
245459
527627
1448893
387151
357645
364009
528952
2412553
362442
282354
689088
1514070
632174
356112
363798
529788
2472778
497401
224926
526672
1448197
388036
356176
364409
526102
2412800
367662
244614
526966
1449946
386716
355207
364754
525881
2415329
375423
268141
526897
1449793
387407
356154
424325
529138
2650851
353722
265643
526280
1449936
387996
356585
363140
530896
2412939
384660
223483
526838
1449919
388459
356631
362802
530379
2410957
385923
224574
526303
1449372
388145
355001
363112
530248
2413243
360416
266371
601902
1637638
389280
545183
363402
533457
2452165
374406
246141
--STOP--
++STRT++
526325
1450300
387774
355932
364704
526394
2413627
371988
266037
526130
1449764
388700
356477
363959
524535
2415715
364422
246783
526387
1448964
387351
356470
364015
525805
2411689
358070
223114
527101
1450833
387244
357463
629934
531576
2477298
352414
226194
526838
1448917
387520
357392
362754
531391
2414138
355096
225396
526314
1449983
387061
350560
364486
524731
2411721
354855
243176
527686
1449898
387287
353514
363360
529785
2411418
372977
268742
527058
1449483
388236
356352
363562
525837
2414396
371187
248181
741947
1587073
388270
562286
432915
575127
2652818
375498
224981
526677
1449342
388386
355944
362775
524797
2411883
353519
267185
--STOP--
++STRT++
573350
1492686
390223
475903
363589
526609
2526348
362256
224332
526249
1449369
387601
355817
364696
686980
2479953
375013
220423
527634
1448554
386803
354585
363713
529996
2415431
355790
245870
526751
1448685
387194
358042
364426
526059
2414870
352904
266118
526953
1510799
578669
355106
363784
526091
2502936
382868
241061
527019
1449634
388252
357882
362581
529348
2412809
352179
247612
527680
1448521
386902
356463
363503
530525
2411001
353856
264613
526848
1449813
388565
356314
363019
528823
2415289
353392
284467
526580
1449500
387831
353144
363417
525197
2413214
389669
220496
527242
1523620
451661
356340
362600
529921
2629552
368180
284256
--STOP--
++STRT++
526305
1449420
387533
352435
362960
528574
2411390
374106
285931
526818
1450600
387736
357351
363045
529610
2413158
359812
240574
528127
1562972
388606
613245
362902
525692
2532517
358247
226688
526461
1449792
388140
358111
363089
526233
2638730
361959
242221
526287
1451367
388480
354796
362326
530372
2413116
362016
247855
526433
1558300
452137
355412
363944
530071
2475513
360760
265513
527594
1448946
387725
355810
364021
585459
2472181
384642
271161
526560
1450633
387928
354248
364526
523940
2415841
502770
259136
527395
1449667
388403
349856
364421
530802
2414911
363384
268367
604463
1634777
387633
355064
552290
527336
2536153
362967
241208
--STOP--
++STRT++
526467
1449612
388283
355123
363652
531389
2412794
374895
250886
527007
1485461
529572
686702
363771
525595
2466366
367625
267258
526361
1448522
387554
356864
362216
524259
2415777
360387
243748
527356
1449850
387916
357163
363166
530601
2412509
366425
245301
526854
1449764
387515
355648
362904
530210
2417301
355238
240610
527088
1449594
388035
354698
364256
524135
2412548
360681
225525
527354
1735249
387484
356048
362733
526610
2540239
432052
218030
527021
1449409
388405
356948
363560
697819
2496692
361506
248475
527653
1450082
387162
357377
364343
530883
2413777
361614
268383
606049
1633309
388166
354408
546155
530100
2537254
360459
242728
--STOP--
++STRT++
526488
1449954
387304
352498
363944
532087
2412377
361433
284701
527010
1448834
388495
356454
362266
524262
2413822
362519
246008
642297
1518530
390435
419279
363602
530209
2708356
374354
335695
526517
1449328
387264
356762
363026
525906
2412958
353712
263651
526555
1450302
387521
356318
363902
529030
2412558
362080
273008
527284
1449222
387477
355793
364205
530406
2413119
360420
222267
526256
1448984
387532
356432
363917
527464
2414425
353713
225595
526359
1449244
387266
358249
364812
526109
2415158
354518
220698
630762
1630878
388955
558056
362896
523648
2584926
362562
250079
526304
1449978
387629
356893
363344
530185
2411406
376065
244576
--STOP--
++STRT++
526384
1498022
389070
456386
364197
526179
2524158
356352
244687
527342
1447504
388068
355910
363115
530533
2475942
355108
284095
527414
1449409
388555
357239
364379
530261
2414618
373394
226185
526515
1450016
387699
349697
363481
524831
2412726
359540
222803
560828
1448752
387767
355864
362489
524560
2412909
375810
225623
527106
1449224
388031
356701
363639
532362
2411693
359674
244735
526227
1449513
387263
354207
363877
526255
2412033
353814
264658
526931
1662713
387480
352983
538609
525508
2467785
374715
242702
526942
1448197
387432
356603
364689
531011
2414368
361719
248630
558704
1449806
387048
351707
362617
524612
2486185
359139
244029
--STOP--
++STRT++
526386
1449499
388263
358598
362691
529102
2411088
355387
244466
527324
1449265
388000
357194
363303
531464
2411870
366247
264693
526916
1614116
388098
356397
363470
527862
2701784
393874
268133
527503
1449298
387429
358699
363730
526752
2483316
352964
226336
526970
1449368
386957
356471
363691
531247
2412568
361841
266564
572255
1676274
390606
355086
364660
531253
2487075
366391
246886
526151
1450519
388413
356034
364303
524761
2411862
354193
243937
526459
1449905
388128
357671
363182
530909
2413940
385832
294722
527518
1448918
388167
354366
363358
526916
2451844
433342
243878
527721
1449990
387899
356200
363417
524695
2416689
363390
241080
--STOP--
++STRT++
527070
1449649
387902
356947
364039
526474
2414452
362014
267456
526585
1561210
387356
354645
363733
526989
2416599
362862
246779
526148
1449229
387980
356741
363264
572333
2411752
360723
268029
527431
1449247
387188
356287
364688
532057
2411675
362244
264816
526098
1450039
387608
355735
364273
525152
2479955
403751
247318
527603
1449047
388016
354080
363298
524629
2414005
360714
221220
527120
1449342
388621
356669
363264
569839
2412881
353996
248097
526602
1513768
387577
355432
363391
524645
2490687
657292
242771
527062
1449409
387987
356082
364598
528547
2499810
355397
263208
526777
1450324
388079
354635
363401
530527
2413127
385038
221562
--STOP--
++STRT++
526861
1449644
387732
353985
362634
529146
2412951
354608
284546
527655
1450253
388149
355527
363252
525451
2413131
354714
246094
526735
1631130
390066
359538
366234
529393
2475205
615245
294721
526347
1450092
388204
357474
362969
525341
2412022
377664
245551
600240
1634340
389202
557424
535107
526959
2487264
360923
225183
527351
1450447
387511
358128
362961
524702
2411821
359099
247157
526802
1448216
387109
352934
363589
531172
2415573
355338
246708
527144
1478354
387219
355583
363805
525785
2417298
372121
262051
527160
1449088
387528
356162
363348
529898
2413289
362353
241178
527221
1448480
387939
354336
363607
525887
2415212
362666
266246
--STOP--
++STRT++
526750
1500940
387443
353418
363619
528221
2456154
357473
296837
526680
1634647
387416
443076
363343
530541
2472831
358353
366292
527064
1449243
388219
356542
363016
528475
2415369
363048
286077
526997
1449099
388575
352429
364262
525251
2412104
351207
223849
526755
1528000
591193
356314
363992
523931
2705355
354064
245294
527478
1449484
387026
356342
363142
525135
2414308
362148
222568
526708
1449525
387773
357202
362862
526804
2411485
367602
239287
716840
1568938
390678
354050
363003
529599
2447928
367706
223123
536336
1448915
388919
356598
364771
531013
2415019
353217
220436
526503
1449050
388272
356822
363714
525267
2412726
360666
225259
--STOP--
++STRT++
527242
1449348
388183
357845
364440
526704
2410785
373445
248157
527580
1449133
387626
355190
364493
530429
2413127
362434
238642
527096
1449490
387886
355225
363546
529752
2413412
364407
224548
526775
1449871
387257
354595
363093
524203
2415841
372862
260032
526270
1449506
387768
355392
363341
530393
2412481
362138
281869
526928
1450669
388339
355784
362923
530017
2416206
359508
222998
527456
1449219
388352
355809
363104
712730
2632142
362501
244512
526259
1449231
388482
357808
363750
531195
2411560
360774
247650
527575
1448259
387856
355160
365151
527450
2414252
373453
247277
528423
1513468
570724
355499
362741
529543
2643511
354355
320094
--STOP--
++STRT++
526435
1494144
388597
404508
362129
527555
2527462
362209
246269
526761
1449548
388137
358132
363748
673842
2478275
363263
245461
526361
1495445
388285
351915
363248
530286
2413556
357310
248352
527607
1449438
387148
355423
364371
529672
2413700
362094
245039
527746
1448693
388408
354983
364415
524599
2414106
373670
243180
526354
1449687
388992
353657
363544
531338
2413739
374683
229506
527179
1521274
388893
353272
362760
524557
2696523
364596
243170
526090
1450305
387279
356133
364596
525966
2415665
353772
243483
527217
1449608
388185
354379
363555
530965
2414756
372324
248843
526730
1521866
388332
352509
366373
530243
2644192
359975
242356
--STOP--
++STRT++
527065
1448411
387615
353763
362853
531499
2461987
356182
252584
527555
1453208
387585
354288
727362
524699
2477759
371879
243555
526243
1449562
387217
353757
364320
526522
2414597
355054
267952
526697
1448628
388237
354336
363258
525207
2412461
359664
225662
527096
1450383
387647
356268
363476
531861
2414415
360376
266683
526969
1645878
388315
605185
538635
526293
2531213
364453
221528
527063
1449670
387406
353232
363058
530850
2414501
377106
245813
526276
1449263
386996
352566
363046
526838
2417038
361552
258038
527657
1692377
387308
354189
428136
526687
2641064
360881
266640
528428
1449871
386980
357561
363800
531030
2411627
367002
221542
--STOP--
++STRT++
527673
1496448
389511
404002
362419
530168
2567851
361452
223550
526339
1449142
387926
358455
363431
767144
2448389
386460
227067
527069
1449183
388207
357904
364119
526283
2412916
355556
245071
526352
1449222
2653624
355670
362688
530206
2724304
355377
225133
527223
1515483
387231
357289
363292
524463
2472530
556807
249146
526832
1448767
388315
355777
362988
529114
2413809
361025
227952
527070
1449432
388118
354774
363948
529408
2412962
363699
261602
527009
1449566
387765
356149
363733
529514
2412782
361911
247643
653367
1525516
389610
358854
491017
528453
2490001
386299
223462
527431
1449749
387399
352144
363967
530997
2411332
353058
269149
--STOP--
++STRT++
596289
1496601
388473
355444
363824
527396
2572691
360957
269023
527362
1449891
387385
355451
362993
530242
2459658
373544
248974
526970
1449422
388081
356054
364296
526728
2413221
375009
224188
526901
1504882
387826
356332
363985
524837
2699463
363534
265778
527189
1450309
387409
355026
363642
531929
2411229
362833
262757
527444
1449841
387286
357310
364294
528340
2413762
361696
285255
526946
1449339
387581
352734
363957
526864
2642814
354907
245445
526459
1487610
387591
357001
364194
525173
2414059
375695
282115
527390
1448961
387645
355446
363597
531248
2413694
354131
239810
527115
1449196
387241
349812
363670
529027
2415163
362862
223843
--STOP--
++STRT++
527958
1493094
435225
353293
363192
528477
2690210
353972
268650
526554
1449502
387528
354653
363576
758350
2448694
352948
269031
526376
1450416
388232
354316
363810
525956
2414619
376489
223782
527687
1449135
388289
357277
361702
530623
2415594
354984
269313
526610
1640995
388175
356580
364707
530131
2482817
361664
266679
526902
1449745
386840
356126
363590
530415
2412900
373836
222351
526368
1450193
387126
354419
363953
529982
2414200
353069
222415
526597
1638444
387184
357678
426719
525579
2476320
353564
245142
526212
1449792
387368
356039
363869
527012
2412948
363931
259237
526503
1526908
388454
352358
362986
526345
2499784
720821
302623
--STOP--
++STRT++
528313
1449584
387334
355143
363560
530440
2413414
357183
268721
527040
1448728
387335
355324
363387
530140
2414595
352857
241585
526698
1664492
388380
356836
362608
525576
2414544
378821
246989
527606
1452645
387990
358594
525848
525311
2470392
360352
328975
526353
1485979
387347
355789
363372
524678
2411244
374817
284006
526479
1560478
387726
354208
363162
525500
2414131
372208
226216
526745
1449142
387253
358306
364686
529075
2414852
357181
268264
526889
1448878
387053
356566
363989
530442
2413081
358121
222385
526741
1449926
388553
356540
363995
528561
2452647
373263
269087
526217
1449762
388594
351251
364285
526232
2415363
383133
223126
--STOP--
++STRT++
526886
1449502
388376
354868
362665
524219
2414281
360536
223774
526753
1448734
387436
356024
363705
531306
2412804
354459
247460
526363
1515112
446124
352965
362719
525394
2490700
650827
266641
526743
1449662
387589
354052
363326
699895
2491584
362639
265066
527296
1450436
387813
356680
363678
529701
2412364
355240
243051
527060
1657834
387125
357053
362800
524633
2470707
374650
245263
526928
1449101
388471
357815
364304
529626
2411878
364178
244045
526558
1503753
387193
352037
363396
530853
2415289
370100
223226
603134
1644639
388712
359121
451843
526660
2450390
385135
245241
526451
1447392
387539
356408
363563
526094
2413782
384984
227225
--STOP--
++STRT++
526398
1449700
388247
354700
363680
526769
2413836
364756
244819
526803
1449964
387271
355125
362660
526057
2411401
382873
226197
713313
1561689
389151
357161
362935
525290
4607083
362565
248391
526310
1449142
388635
354239
364046
528960
2413895
355013
246446
526965
1572808
463898
356444
362833
529356
2640659
371088
402767
526338
1450709
387573
356700
363181
526348
2414382
372630
244407
527104
1450659
387579
355220
363091
525894
2414716
376044
268464
527980
1448782
387069
357058
365258
604932
2627996
356240
244106
527758
1449164
387359
354007
364414
524740
2416321
360660
242019
526830
1448387
387796
356654
363692
531748
2478435
359521
326615
--STOP--
++STRT++
526929
1499250
387858
353828
362406
525775
2554036
354796
249704
526892
1451352
387827
357449
532310
530788
2473484
373544
269396
571272
1474587
388018
354495
362482
525186
2413383
353336
244333
526620
1450997
388050
356319
363287
529631
2414238
384555
268150
572427
1631256
387377
356639
363950
530274
2630017
354727
246198
527034
1448369
388468
355526
363376
529187
2414838
374360
221235
526103
1449466
387511
354063
363573
528995
2414643
371969
245659
760767
1582852
389341
353140
362669
524274
2467391
483020
245527
527410
1449839
388623
352494
364371
524015
2454086
372754
271124
527104
1450484
388149
354875
363195
527679
2531013
479139
246353
--STOP--
