++STRT++
76413939
548885900
19617284
17918433
19125072
33813923
956552474
49510226
24312851
76224989
548957795
19636575
17808022
18983085
33860109
956117914
52508663
28362032
76542745
549176472
19692081
17835520
18995908
33772205
956237577
50688083
26463679
77021996
550341964
19671048
17850198
19128458
33885328
958321281
50951465
26015768
78787592
553827956
19757418
17823260
19143293
33964527
967703242
53321763
29678018
76854247
550700467
19660815
17821630
19114235
33832055
964192636
50736815
26165965
76747443
549675985
19675073
17896768
19024830
33827384
958260627
50219897
25472644
76535427
549281041
19612480
17826526
19016836
33867974
956533052
50507281
26035610
76323946
549319430
19695459
17841435
18984509
33777573
961937147
49308643
24508315
76383331
549184722
19582288
17832892
19001208
33813384
959836021
49437169
24838856
86278030
560919980
20051120
17852081
19504117
34501667
980036624
62053928
33961210
86224249
556868542
19957453
18173960
19326207
33905007
972575808
61435987
34910618
--STOP--
++STRT++
76460608
549137057
19620068
17902751
19010486
33823143
956412805
49895196
24701182
76238824
548854376
19699708
17809971
19090891
33782965
956095342
52247895
27896342
76510350
549045457
19640155
17865051
19040156
33828679
956336107
50909099
26240914
77018362
549597126
19674599
17858579
19394332
33865208
958660989
50732966
25920015
78717600
553871772
19731000
17865445
19169520
33880394
961866337
53358119
28937957
76975388
550050544
19658622
17829657
19014497
33840427
957958147
50764342
25427784
76700836
549631745
19646424
17912195
19033968
33903703
958325702
49997070
24798727
76499257
549457357
19638446
17860682
19048294
33719491
955850976
50544517
25185007
76174751
549191872
19675578
17868774
18971146
33761687
956667762
49069548
24495440
76392689
549421564
19590383
17819161
18956486
33795478
961525029
49383325
24227362
86005260
561177938
20131736
17880784
19499776
34338721
983781237
61773003
33915216
86539620
556739121
20011499
18195995
19424283
33941971
972704268
61218456
34219712
--STOP--
++STRT++
76401429
549326481
19638508
17883181
19005812
33862700
956460094
49665279
24595049
76268149
548803681
19690406
17943757
19154994
33762175
956621112
51600246
27391004
76471411
549250906
19692984
17841208
19001863
33812804
956274381
50576458
26055058
77040227
550360090
19653541
17820379
19411089
33871591
958514367
50629927
25894021
78670661
553860301
19779456
17835822
19079210
33903058
962297774
53333864
29320968
76857093
550505337
19686233
17827490
19040334
33824526
958199817
50095888
25239212
76708364
549687176
19613129
17860507
19063263
33812502
962878102
49715911
25137751
76597336
549070590
19632720
17853854
19016805
33754118
956617799
50222691
25201821
76364611
548799403
19667873
17829492
19001612
33788357
956672192
49055896
24598587
76336483
549142420
19594872
17841656
19083844
33708467
961360409
49493992
24380385
85390463
560086284
20147866
17891297
19476499
33995605
980363405
61787961
33979660
87041496
558248747
20043471
18213441
19333039
33973310
977528815
61644221
35187569
--STOP--
++STRT++
76540217
549204036
19644567
17898504
19016023
33793917
961764636
49555178
23843507
76609282
549101602
19657145
17900121
19085725
34071177
955792553
52414123
27406863
76582224
549209532
19687575
17838212
19007827
33775188
961889323
50999884
26011913
76951891
549625619
19976709
17818733
19087441
33789868
962694864
50956796
25377163
78643667
552779507
19774855
17832486
19096409
33988690
968374630
53160973
28578367
77005930
550965954
19658648
17822784
19013853
33798119
958357722
50307381
25278903
76872764
550290378
19634585
17831734
19014630
33800733
958243987
49932251
25143030
76532839
549148013
19643775
17851731
18979837
33792787
956266378
49560694
26157109
76768372
549028185
19663917
17887352
19090414
33774119
961816020
48964285
24325523
76430217
549670303
19552600
17808271
19001332
33752807
956371814
49542894
24269824
85240621
560634187
20252967
17892935
19488862
34096178
981599339
60804847
33711323
87220229
557831859
19990225
18256591
19405574
34095785
973217015
61604144
34127578
--STOP--
++STRT++
76234781
549272169
19646863
17847134
19040290
33874976
949899289
49688168
24231932
76490123
548584032
19579037
17822398
18993064
33757930
956386554
51630175
26829384
76499173
549629856
19599848
17890622
19081994
33768158
962462826
50780960
26452945
77018934
550526377
19693452
17823065
19384800
33810767
958936987
50564705
25819152
78619613
553113805
19702312
17908830
19133486
33923271
963904112
53518364
28967445
76852803
550327398
19642907
17819732
19020415
33856804
958630863
50482034
25189229
76729890
550359856
19598823
17896584
19055323
33790716
957706461
49554922
24757149
76469537
549445243
19603531
17818411
19129416
33749082
956073359
50435621
25247334
76418757
549197218
19611857
17841805
18981388
33735664
956881858
49222262
24074732
76252617
549165878
19668034
17821487
18985833
33749763
956272418
49054351
24447183
86109789
561207888
20105880
17847726
19438699
34010890
983088283
61519536
33992294
87574998
557803973
19947958
18192891
19388012
33934856
976313601
61133491
33349729
--STOP--
++STRT++
76555065
549246358
19700628
17861915
19033095
33797226
956361633
49719754
24541532
76237595
548999301
19638895
17910017
19059528
34266590
955304596
52044082
27242224
76462743
549414204
19593671
17866455
19092707
33763232
956545450
50529020
25665688
77061798
550317935
19686169
17875872
19089135
33784920
958368830
50429751
25664752
78882182
553132275
19752683
17827598
19206773
33932019
962613531
53167526
28902248
76900238
550708245
19679323
17825906
19032272
33855742
958797607
50083847
25126788
76700114
550117076
19602482
17863662
18995804
33822090
957963403
50050255
24770221
76561073
549247762
19615719
17886407
18952263
33764723
956703587
50210718
25504619
76337649
548983878
19661820
17819103
18967852
33839686
957170219
49282158
24252965
76444322
549345551
19595689
17817573
18978077
33774789
956185805
49409102
24135851
85762446
560841840
20088760
17852940
19556964
34047084
979862184
61535511
33792441
86804954
556691456
20028059
18358901
19378260
34044375
970449779
60032262
34117084
--STOP--
++STRT++
76465839
549107398
19656302
17858245
19029461
33812556
946793067
49445689
24267141
76375492
548977931
19595872
17834936
19075170
33765394
956415495
51633963
27551176
76571574
549450622
19705791
17826126
19003142
33773716
956754209
50478626
25797868
77344374
550374503
19677004
17834848
18995783
34192728
958808632
50675549
25066569
78685804
553705079
19752845
17828667
19154329
33864689
965681773
53445522
28585315
76886333
550357125
19712948
17835878
19087820
33792764
957681533
49969475
25665547
76631593
550161797
19658471
17881399
19020637
33741020
963205604
49857984
24579699
76477544
549570731
19636278
17827439
18994956
33772479
955897649
50574917
25373873
76142194
549628570
19626178
17862579
18955297
33773633
945260464
48877313
24071845
76418827
549189480
19625978
17816311
19031405
33831239
961498366
49393180
24159294
85331828
560313048
20145727
17958642
19448746
34170362
980193607
61339500
33605944
86858825
558321860
19996239
18156102
19391926
33946560
977970021
61074863
34181588
--STOP--
++STRT++
76505058
549126576
19656775
17889883
19054645
33780035
956363651
48815901
23519208
76292796
548883730
19598629
17849111
19059887
33728825
961135842
52094564
27482534
76580642
549951724
19654110
17844148
19083986
33811996
956580948
50582745
25281681
77059957
550267257
19656048
17845184
19098110
33796247
958764298
50375524
26645607
78670150
553940564
19829666
17835806
19124060
34023966
962736920
53261394
28841313
77391192
550195392
19649167
17831972
19087689
33829849
963524736
49952275
24626850
76782826
549965745
19644350
17856964
19017068
33846204
957698109
49647870
24683370
76733883
548657232
19690434
17844382
19050012
33856399
957051948
50261977
25118850
76466302
549077275
19634110
17833159
19010031
33788782
935747021
48811007
24377090
76399288
549105905
19667887
17829579
18956836
33749378
952237097
49081268
24103068
84855637
560122770
20134452
17865593
19390986
34021839
979710425
61369437
33473371
86345746
557667098
19940844
18224207
19359198
33968530
982021074
61383779
34783374
--STOP--
++STRT++
76480298
549153215
19619123
17883679
19091731
33850227
954215870
49571648
24280658
76286958
548812553
19594774
17807252
19057230
33773839
956930152
50975853
27944475
76931260
549544371
19602424
17818793
18971451
33762293
956008227
49755459
25888537
76999865
550539126
19663891
17880613
19047279
33783015
963859695
50213856
25181003
78515573
552936478
19722803
17855420
19107103
33873941
961017884
53758252
29599971
77319568
549733877
19667405
17826513
19468154
33843231
963750754
50330359
25022732
76648416
550071261
19625310
17837699
19161399
33802913
957213532
50122541
24178940
76452651
548562094
19646433
17822449
19067869
33831302
983383369
49829188
25194012
76223024
549211702
19605258
17800344
18981421
33814077
931904870
49019172
23442523
76316976
549253427
19630656
17809381
19052995
33741775
947337156
48877058
23849299
85314823
560192770
20164558
17879704
19511184
34038830
984388826
61049357
33126083
85617662
557646715
19935003
18159504
19334561
33963651
971521872
60742663
34421785
--STOP--
++STRT++
76539613
548890083
19630859
17895352
19066167
33866300
956255705
50262083
24730768
76139727
548779428
19594907
17841219
19072687
33789312
955924430
52185630
28366700
76513416
548953270
19634458
17835270
18979673
33767409
956992575
50449977
25674841
76967077
550848494
19685329
17825304
19141620
33801426
958450700
51196169
26101508
78813026
553319362
20356774
17848716
19159957
33875607
963162104
53052836
28870597
76903892
550719164
19658527
17853324
19141740
33797171
959178971
50746007
25089164
76895881
550277332
19604666
17871927
19112656
33795793
962856290
49961473
25011488
76583524
549750825
19665120
17860348
19022190
33870979
957119740
50428843
25392864
76301864
549141426
19593360
17944184
19045445
33755565
956456513
49560603
24681675
76237765
548752760
19576066
17815807
18993146
33725645
956965580
49142860
24603864
85275193
561275647
20041294
17852214
19498140
34087022
983251098
61731268
34124503
96036102
565741852
20432161
18567775
19659838
34149345
993043278
66547649
39285290
--STOP--
++STRT++
76435297
549303426
19661098
17878952
19050155
33789863
961487145
49678363
24673814
76207503
548764799
19609154
17806065
19084408
33805136
955066934
52077572
27478648
76855561
549356677
19604063
17847397
19023455
33751445
956694453
50223678
26044462
76887694
550492412
19653981
17905657
19055236
33891836
957894964
50744095
26008410
79369843
553371185
19732747
17876050
19530487
33906665
961722506
53251335
28916015
77040930
550275956
19640138
17817674
19044130
33815215
958755638
50996015
25526985
76612759
549735173
19621487
17919850
19164976
33789094
962535841
50069612
25079832
76453703
549846052
19627157
17828944
18991192
33769739
956904753
50150936
25667728
76397401
549686817
19661256
17841607
19045538
33766899
961985259
49354836
24517501
76310722
549429061
19596201
17988837
19010559
33793744
962252481
49878948
24389202
85402924
560944062
20027991
17926342
19492461
34004955
984243780
62026837
34209992
97000507
565861942
20269231
18529215
19683799
34151409
990383329
66831668
40341375
--STOP--
++STRT++
76619111
548978408
19704424
17896283
19118673
33942915
953368621
49333182
23226962
76163083
549114040
19638657
17814988
19067260
33886840
955665988
52052117
26915055
76492035
549144130
19640088
17857948
19038390
33817817
956942553
50507881
25469686
76966048
550763729
19687002
17878343
19066107
33747491
964069073
50912526
25509738
79278579
553835956
19729487
17821842
19145457
34391356
961896330
53056845
29554828
76984806
550802124
19642673
17876322
19077501
33763836
963675961
50896221
25474998
76970548
549806404
19670300
18120732
19050416
33783220
957567994
49890978
24976485
76578572
549629871
19725568
17908754
19043209
33709046
961262502
50259361
26074952
76329632
549029799
19667671
17844925
19041044
33733165
956290998
49427176
24655578
76320482
549257119
19577474
17824337
18974396
33737184
956916277
49044840
24635442
84883187
560586167
20115975
17892725
19548354
34023296
980754065
61639833
33968294
97164810
564840966
20329306
18604283
19809116
34149857
997350784
67679199
39055989
--STOP--
++STRT++
76528287
549449739
19677045
17857672
19002585
33792179
955907424
49297586
24645164
76146273
548959559
19608486
17805723
19011630
33782424
955331559
51737229
26886271
76560583
549482642
19577111
17830381
19087231
33798814
957028281
50316002
25297162
76953389
550807608
19704863
17827330
19124452
33795841
963595157
50265394
25735151
78654027
553096395
19843471
17819994
19165153
33926129
968654672
53064108
28910598
76924332
550766009
19658626
17823586
19095295
33817198
963448920
50161537
25509664
77019515
549864265
19607501
17826939
19071430
33796648
957884045
50057239
25030804
76577191
549511475
19640525
17821094
19033278
33768785
956558869
50086091
25572910
76379531
548710188
19603635
17854283
19346369
33768802
956638989
48739183
24285504
76344699
549551110
19566997
17861689
19035625
33737498
956715044
49428276
24093491
85127997
559330610
20486234
17870950
19449752
33962328
980116074
61063980
34090779
96269748
566363396
20467777
18561766
19629101
34150455
992365682
67754556
40346134
--STOP--
++STRT++
76462039
549416807
19582253
17894332
19076956
33779148
961553047
49535196
23829232
76510461
548883777
19628339
17857240
19074611
33797499
959213781
51626273
27143218
76501703
549316488
19627791
17923361
19078813
33743258
956760499
50646234
26005771
77013479
550897606
19627041
17924575
19028296
33790655
958483827
50787930
25142128
79178102
553085451
19832853
17825551
19189254
34378336
967796138
53136463
29136242
76914556
550573954
19664157
17858816
19076235
33844113
958919427
51059505
24969331
76740552
549748129
19630642
17860670
19056782
33892366
957448290
49971767
24907098
76499553
549983664
19604316
17828117
19040525
33807460
956282920
50346520
25001300
76430144
549512848
19577878
17850609
18990306
33729214
956702679
49177845
24360431
76361283
549019555
19573639
17818082
18975784
33757775
957101307
49077281
24322502
85384885
560859741
20086810
17901287
19505281
33983641
987095692
61705634
33946179
96487521
565952923
20289031
18517342
19731488
34785448
992915103
66663090
40788203
--STOP--
++STRT++
76406307
549030754
19607768
17900849
19075208
33875391
943277934
49172166
23745989
76121011
548901683
19636806
17834692
19001260
33785777
960384569
52059734
27958565
76586159
549513620
19577306
17850234
19090697
33752128
957631543
50827663
26320279
76973833
550313329
19742181
17850651
19071428
33798127
958899264
50774703
26061034
78528311
553769082
19682964
17846086
19104372
33835437
962812983
53284728
29282864
77042417
550516734
19703422
17831599
19075335
33919586
964122251
50534868
25821441
77202715
549919180
19646208
17856325
19007820
34349355
957869384
49852965
25588753
76413613
549172403
19588355
17889748
19007242
33763587
956503645
50507614
26138807
76324055
548983108
19672399
17821538
19033036
33869290
961913903
49715809
23947821
76353745
549985673
19601221
17844081
19038667
33735524
956506329
49316394
24653331
85672040
560644631
20070696
17913127
19571604
33995326
981012061
61744975
34380727
96209217
566147318
20274010
18592881
19740981
34103026
991657838
67727475
40875470
--STOP--
++STRT++
76588143
549217084
19597985
17863324
19017309
33915247
956256622
49422527
24361842
76175632
548891399
19571993
17839690
19013461
33836927
955368878
51650613
27105147
76569617
549486994
19715190
17832135
19034811
33772929
956603811
50238107
25415947
76961450
550395468
19657698
17831184
19038962
33812487
958468406
50637138
25601685
78605372
553068014
19689322
17883890
19122180
33891400
962818696
52842558
28854590
76854707
550401579
19693528
17832400
19065655
33817696
958779925
50260203
24912016
77175252
549853693
19700529
17821127
19006229
33796261
957768541
49657372
24677686
76501602
549199303
19732082
17906052
19054953
33754391
956020191
50145622
25888684
76385753
549149179
19679920
17839182
19016004
33762420
956297852
49122451
24535418
76256392
549252427
19650898
17809051
19005649
33759255
961691212
49326440
24482163
85729829
560635392
20115694
17932956
19482976
34141395
984540120
61323135
33805016
95325451
565825796
20274738
18559331
19684649
34156529
990336802
66491070
40476784
--STOP--
++STRT++
76442035
548912674
19688212
17855339
19061326
33805964
961425566
49215560
24422131
76137604
549145299
19596088
17840158
19045428
33772842
959641308
51958995
26888342
76511037
549349620
19606475
17827309
19054926
33749146
956916660
50054611
25641547
77024160
550929471
19653827
17855685
19061940
33884893
958142867
50765107
24721090
78518272
552647338
19765547
17989340
19159523
33952659
967912285
53146348
29250892
76860271
550538381
19693511
17861774
19048404
33800706
957901849
49995193
25269438
76586858
549278507
19618782
17830716
19027343
33794058
958230111
49527826
24357279
76588564
549896156
19630514
17828037
19023808
33871519
956289253
50150524
25561763
76792561
548898479
19615468
17833540
18986033
34129047
947286458
49114102
24435608
76382082
549483094
19611483
17814578
19009663
33759810
956385339
49233890
24284712
85359847
560699755
20196912
17870506
19407546
34078484
980618541
61492075
33731735
96426965
566547937
20350829
18545884
19716988
34108070
999444106
67134345
39755484
--STOP--
++STRT++
76584941
548982733
19637759
17885815
19029412
33799984
940661617
49156607
23664834
76522356
548973588
19651483
17812193
19603057
33801468
960671057
51381912
26229478
76739029
549576678
19592874
17832764
19021574
33769306
957153663
50686654
25382272
76711721
550263456
20009825
17913915
19070369
33769158
957792466
50691097
25383044
78808431
553882309
19744985
17859371
19087729
33861707
962988289
52968719
29061646
76861331
550463929
19689612
17821113
19057098
33772739
963941300
49711135
25077975
76576228
550167936
19594514
17832652
19081294
33771767
963170915
49574935
24893109
76577965
549554056
19592559
17871225
19032818
33783540
956076083
49826383
25960409
76297427
549389793
19634862
18016717
19003738
33757183
950222528
48839204
23997782
76337727
548921837
19611557
17834939
19004839
33766202
955522340
49177506
23859039
85609107
560454681
20143131
17836474
19576715
34002660
987223003
61724100
33778592
95392619
565309725
20276346
18586395
19609748
34118030
990688562
66389391
39493984
--STOP--
++STRT++
76587972
549176554
19655850
17951181
19086490
33787925
948554406
49055964
23537418
76289792
548722674
19705480
17852602
19020349
33779804
955301149
51444540
26622696
76605828
549459915
19665361
17833476
19041264
33743519
956974661
50728389
25318787
77035208
550357434
20262755
17880430
19071930
33894433
957890166
50658239
25135493
78629471
554142269
19785260
17867212
19151807
33873696
962579512
53247861
29286874
77048146
550903466
19703041
17825777
19094443
33799024
963249357
49523061
25319780
76675416
550166779
19624578
17818769
19035527
33786086
963204652
49754066
24132028
76432620
549316645
19602172
17810558
19085701
33723982
955944111
49659943
25251576
76390522
549137893
19625765
17834124
18974950
33813222
938648673
49022453
23842643
76302960
549429271
19622776
17812027
19006217
33745658
956340384
49190480
23742172
85581316
560945714
20146522
17894176
19462492
34568558
981369119
61546459
33859184
95582407
566648472
20308830
18598928
19654029
34132921
990372897
65987424
38317789
--STOP--
++STRT++
76538527
549211735
19649001
17883196
19072331
33812644
949296580
49358337
23823792
76208004
548894501
19588305
17810367
19081837
33788169
955829004
51580148
27253210
76510808
549153878
19637482
17841323
19143834
33794220
956094137
50322634
25733390
77464568
550478859
19692611
17844553
19299259
33807162
963202040
50172862
25531510
78736001
553521002
19717528
17915643
19100519
33891079
962933161
52798785
29030451
77055018
550286152
19619789
17818798
19048262
33791624
959116727
49975166
24531166
76855410
549994138
19715047
17834186
19137513
33716799
958086341
49383069
24774935
76466973
549551132
19676525
17817613
19008710
33908509
956194093
49808945
24420259
76267615
548924089
19627683
17799800
19041039
33744193
940602818
48972049
23942521
76285468
549472065
19586549
17830967
19014384
33810460
947018788
48801204
23537015
84887432
560240953
20043979
17844880
19434255
34007198
973280317
61096706
33681247
95948146
566142077
20315054
18595497
19693267
34118059
990576955
66488771
39126103
--STOP--
++STRT++
76662094
549294367
19662025
17866561
19094310
33837144
941023462
49125533
23792707
77255875
548962525
19721206
17914197
19049323
33752568
955494016
51737573
26615485
76538103
549554255
19637332
17882984
19020430
33788596
956488743
50179121
25455399
77028448
550157531
19683185
17827634
19167196
33812434
958865755
50204435
25142037
78454698
553609288
19758247
17897381
19121785
33889820
962673127
52780670
29051213
77114602
550091775
19624686
17819774
19099480
34176711
958234497
49695000
24534308
76732829
550283696
19618701
17832918
19045728
33896894
957525167
49483244
24782941
76470278
549237501
19692318
17831561
19026484
33812928
956683937
49593138
24313843
76352249
549253245
19564682
17855048
18981948
33750469
936414523
49519608
24083259
76370578
549021912
19581575
17799808
18983756
33851763
930654534
49210978
23603774
85524540
560891280
20174665
17867604
19498884
33980016
986105590
61144287
33708608
96642933
565786888
20298802
18605268
19690425
34202049
992348551
66756862
38652667
--STOP--
++STRT++
76352288
549074613
19643102
17891410
19029049
33792096
928108329
48991302
23491301
76302595
549045526
19704581
17825064
19018985
33776383
956120630
51022663
26736410
76478029
549154185
19644584
17864838
19107330
33810583
956514458
49887833
25145165
77015341
550195433
19725040
17816325
19093127
33814759
957366835
50543843
25280094
78702949
553011769
19745822
17850605
19104112
33897364
962840975
52803250
28819400
76895527
550434394
19643369
17821177
19101932
33805146
958404151
50075708
24883664
76679213
549814587
19701319
17841365
19042436
33781783
962680505
49734850
24621556
76543039
549590873
19675475
17812559
19081676
33770102
961848126
49851239
25125187
76369923
549413119
19628488
17808815
18977848
33797121
925230223
48750933
23651579
76414112
549486064
19610453
17842522
19015225
33790562
930019324
48855764
24151891
86036723
560748663
20251059
17913468
19436021
33969976
981593701
61371664
33905284
97004382
565797825
20338154
18646074
19709796
34149971
996379025
67223788
39189933
--STOP--
++STRT++
76636646
549280438
19621110
17860748
19100285
33821509
932994094
49044551
24043525
76371327
548867336
19720074
17826048
19077426
33801236
955382815
51252601
26843020
76637656
549986854
19684404
17854092
19021078
33770187
962575158
50600743
24956888
76982717
550693776
19666630
17810786
19036433
33719387
958927799
50245289
25035839
78958550
553190106
19764722
17835584
19129252
33931061
968269770
53201586
29332776
77058780
550548356
19694299
17831130
19007597
33838087
958464763
50072680
25171477
76777845
549677478
19609703
17815743
18992529
33847036
957479564
49281853
23967533
76442823
549849914
19578486
17810751
19020410
33776476
956653432
50241211
24743434
76421037
548726305
20065207
17803220
19025452
33764904
932543268
48813895
23977240
76241282
549177802
19602380
17823652
19011021
33792096
928516468
49310704
23722933
85631517
561044127
20116918
17847783
19440743
34080790
985328817
61553424
33567611
96102783
564377068
20374331
18534237
19618497
34158386
995358294
66375263
38480488
--STOP--
++STRT++
76126205
549013176
19609568
17894044
19117946
33833861
925803741
49105526
24035396
76377269
548833619
19686146
17812294
19081414
33792268
959590866
51712038
26406793
75914932
548893432
19695974
17844923
19048667
33739401
957160645
50011950
25877640
76968426
550397843
19691424
17823731
19061056
33881226
958170720
50277146
25106013
79369861
552904679
19769088
17832891
19512968
33880311
961462638
53220431
29033581
76940900
550453341
19645246
17831174
19023426
33783481
958658341
50383570
24587955
76716705
549058810
20144839
17881560
19170726
33789295
963127638
49461706
24045076
76596018
549353532
19695167
17849189
19035099
33807282
956804186
50140469
25016049
76307813
549389702
19616839
17859578
18991215
33738552
933842210
49119681
23814564
76301636
548775292
19598523
17895636
18944301
33735471
934817568
49189544
23803242
85382362
560727447
20081126
17858257
19471761
34102619
979671659
61573668
33526640
97041013
566344100
20350505
18559093
19646021
34390651
989565422
66941083
38862508
--STOP--
++STRT++
76560607
549288819
19622925
17848724
19059650
33877055
935712034
49161952
23538623
76434519
548680350
19623843
17842916
19072307
33747965
956207687
51531018
26707093
76418416
549703035
19633668
17877916
19101326
33752190
961869371
50134666
25433210
76825505
550018628
19711342
17817533
19115793
33804528
963260989
50224998
25267304
78568409
552813340
19752662
17820740
19167256
33906407
963965487
53125972
28913352
76955502
550525154
19707143
17813216
19069525
33819907
963382862
49711765
24577665
76788195
549388781
19649666
17823741
19015267
33984378
958322603
49310337
24185358
76403987
549778308
19609856
17850045
19028032
33762239
956540234
49502779
25076225
76618898
549039929
19630936
17812373
19068791
33807621
926904156
49107651
23697836
76099037
549458670
19626778
17911665
19034649
33738907
927893663
48892406
23516060
85877704
561176694
20094791
17837909
19915626
33999663
984760525
61579073
33497646
96098024
565033952
20297334
18508455
19703678
34098716
996063717
66562470
38432005
--STOP--
