++STRT++
808721680
886046989
84673114
17841958
82170548
136762623
-827398144
49388148
24081148
884766079
945634521
85830089
17831753
82887091
137324495
-723924457
52089372
27037494
831977033
754780947
85006790
17814000
82083798
137214343
-793762058
49681118
25314243
833016640
765908051
84773482
17822243
82501034
137260619
-750669979
50103529
25069628
859853919
819138837
85137077
17841736
82879750
137162299
-714664105
51028716
26564228
835992943
744846837
85322066
17849603
82344080
136772738
-766634842
49929548
25071514
831011936
729417515
85146176
17857452
82432785
137232273
-769956169
49126259
24607434
829805961
769170567
84865077
17854295
82134563
136776285
-668828864
49740070
24705545
815100239
715785575
84519449
17818108
82148215
136561494
-822702892
48582910
24290822
815613166
731774343
84473592
17902986
82287283
137070502
-814260548
49013886
23797665
1006836715
934537581
88314813
17952044
86129890
138169472
-374835304
58777385
31031759
1076236734
1095995919
90016819
18402992
87176528
138279417
-230292895
62753582
35342603
--STOP--
++STRT++
811038162
860922996
84242749
17879024
81975044
136818917
-821045471
48717871
24030229
883812192
873343239
85366384
17864039
82684734
136982711
-725088759
52266736
26740877
832966724
674421324
84621458
17892143
82370670
136906558
-778178669
49704161
24464541
835496309
769031757
84684823
17803023
82465745
136810347
-766357053
49674191
24821849
862116401
786250077
85662750
17816230
83025010
137586712
-687672537
50790292
26145876
837315066
777805097
84962718
17789380
83306452
136875162
-774833153
49674790
24726572
825090695
729021110
84443956
17822058
82778417
136760572
-788593482
49061129
24318429
833473899
760375107
84771836
17923914
82785151
137092377
-718657851
49906672
24427227
811869200
724830288
84423321
17792491
82694282
136891152
-815023787
48624025
23704311
817568424
732465732
84150604
17805995
82521618
136723576
-817810139
48343980
23972948
1007046899
899753563
88626750
17894911
86374023
137821048
-390591688
61497218
32453779
1092905200
1093017621
89720997
18456147
87544918
138138471
-223902433
63624742
34979789
--STOP--
++STRT++
813507438
744524920
84356001
17837067
81964435
137102095
-817309503
48977493
23603692
866148951
960542596
85464367
17852942
82610977
137419723
-712917533
53375226
29211823
832525493
658718190
84775696
17802035
82367540
137324894
-788003146
49741079
24667795
836436160
757834729
85318337
17797958
82843803
136967412
-771769346
50022608
24321139
864911914
779931912
85514437
17814923
83102291
137301192
-714657886
50890831
25839757
835492068
691158448
84567209
17785961
82874396
137318594
-777777254
49579028
24180000
826377908
701371714
84979338
17800860
82689396
136746153
-800924581
48959548
23896385
832489007
727522943
84614038
17805470
82369715
137456383
-723764774
49397704
24321715
815153559
672768112
84548787
17772378
81976620
136635367
-825608875
48872874
23696047
820668104
715118035
84475221
17827296
82424094
136709093
-827003017
48906939
23798039
1008964666
993696510
88444182
17826665
86165079
137914991
-404711749
58302894
30857325
1084227790
1130880642
90517970
18434856
87491454
138294521
-227535663
63614747
34879162
--STOP--
++STRT++
811779001
729225795
84450227
17882288
82376875
136755334
-819534633
48889202
23421400
886228977
877366458
85698338
17829686
82738215
137145462
-723191488
51827328
26565453
833020417
743449463
84284774
17801257
82222147
137111025
-786523990
49555073
25375515
836214762
726810121
84511733
17784945
82388054
137942156
-754411411
49990923
24353089
865123455
777514181
85597991
17905737
83279484
137253327
-708407863
51206216
26352672
835299733
760917605
84981324
17810517
82808910
137127462
-756549415
49446561
24721018
829197885
793788467
85189115
17807305
82383858
138710635
-795452251
48979401
24542452
833427414
771896151
85189511
17824824
82311048
136764487
-728130733
49626625
24237065
818288097
730441729
84569601
17799577
82326622
136623541
-832100332
49115535
23449947
813961036
740477564
84401299
17812877
82128279
138408443
-804982656
48980625
23919771
1009196411
919703150
88274089
17820139
85901054
137923808
-379031996
59003834
31346867
1076238049
1126454217
90291986
18547660
87742863
138544783
-222763662
62777261
34631036
--STOP--
++STRT++
812078887
775453776
84733124
17898853
82050359
136827070
-819119010
49270621
23433072
885192263
849621015
85301080
17828093
82745325
137341458
-723756540
52034299
26497406
834378272
689315727
84808930
17806757
82416730
137429929
-795677369
49721525
24457794
835997159
698846782
84974363
17785569
82708387
136743884
-749939723
49810479
24642474
863907463
780988249
85093103
17815281
83327587
137568212
-703563363
51056773
25650905
834952517
706039263
84849927
17781105
82431601
137007030
-777191884
49650394
24680817
835256119
624421103
84811648
17794070
82589816
138462454
-804941553
49122010
23669108
832934730
692406055
85029169
17778250
82303396
137423871
-738396759
49605257
24246348
815956449
675891389
84951049
17834463
82402196
136532891
-818004068
48510670
23551241
817713962
664657244
84540012
17862730
82135585
137264313
-826332353
49106731
23885979
1007762560
950502195
88854500
17859583
86247563
138666636
-383495521
58307062
30766797
1081192513
1096763752
89919104
18804575
87936781
138170580
-241924265
63150273
34570426
--STOP--
++STRT++
815557323
729203155
84129784
17831292
82337922
136874243
-808418057
48998547
23455532
885676599
875898338
85273188
17821655
83048354
137698122
-707167782
52088483
25934681
831799789
699024660
84774058
17811891
82160500
136940443
-794090957
49698031
24397048
835364979
722293553
84890997
17794882
82456736
137017446
-774761783
49874565
24214268
861967944
767107565
85000746
17804542
82940653
137915661
-707279353
50683077
25761005
836831170
688167470
84583499
17779815
82529116
137162275
-779247583
49541322
24353911
826297625
685880690
84590707
17797515
82686122
137333387
-793785408
49041063
23857778
831125130
692925149
84997248
17863709
82498597
136938133
-750745302
49496285
24253572
820464235
648565721
84659389
17770326
82158368
136829137
-818946111
48622139
23975218
820318107
648116201
84864789
17775968
81930896
137218037
-822306162
48623148
23636602
1005729010
953675625
88253441
17895903
86484996
138102790
-353425146
58401163
30892664
1082088980
1115231584
90219280
18422244
87575062
139325278
-270837391
63311027
34742388
--STOP--
++STRT++
814421265
778259768
84773007
17844325
81990897
136859522
-816571570
49040149
23436082
885128854
840630996
85814562
17828864
83317789
137099806
-702609661
51934175
26613844
833147763
696157503
84902807
17764921
82247157
136806154
-794237880
49548855
24631528
835298811
758347131
84851799
17824621
82840163
137288979
-786882129
49656809
24594166
861457497
779531897
85359990
17812506
83231716
138543951
-717216825
50658502
25917578
836209118
638019967
84892783
17798292
82772242
136998974
-782127056
49723304
24157848
829599777
680585363
85077855
17786820
82589045
137587668
-798017706
49057404
24066244
831806553
652544203
84574013
17803015
82438128
136775223
-744078979
49578926
24605807
817926643
662152428
84267753
17772548
82144604
136510455
-832574888
48596450
23600676
818148376
638176631
84857987
17787989
81958044
137640989
-819648729
48638244
23683086
1006162617
922647010
88198283
17834920
86326550
139120007
-397420567
58359979
30912249
1085555731
1113479006
90129762
18513231
87687772
138288081
-232373812
64370344
34873368
--STOP--
++STRT++
816176447
772703066
84506228
17823287
82409980
136764408
-834791290
48746104
23365301
884258610
869781126
85894629
17852213
82844356
136873932
-701824513
51625412
26277744
831824779
679312342
84562945
17798816
82589833
137691418
-785993146
49488646
24402389
834162263
729043941
84689638
17776490
82490258
136947021
-778833366
49650653
24024005
862285447
774232728
85039085
17817602
82957129
137773064
-707291483
50698116
25515215
837470401
679918779
84691133
17808771
82688708
137250895
-792130499
49451895
24605421
825911126
653075131
84678012
17793298
82169229
138477843
-795566494
49227133
23842872
835775137
640408714
85058829
17788929
82413331
136797022
-747841840
49748193
24078130
815536759
654712498
84472643
17776447
82482358
136645475
-828984201
48601911
23628378
815896409
646784989
84620054
17803025
81921499
136667610
-826561075
48392839
23679719
1005970566
953447083
88723557
17830058
85960418
137923731
-360467045
58488844
31071725
1085523274
1083263435
90138235
18458441
87432072
138125001
-196190563
63649208
34624751
--STOP--
++STRT++
815620171
695421108
84455458
17800283
82009886
136782576
-820566456
48963581
23400544
884805086
785911623
85980984
17846556
83289094
136897521
-702931629
51817478
26436103
833178284
647663878
85056580
17773708
82682718
138324786
-801996189
49804158
24435026
837772115
624797101
85142829
17786770
82590887
136979770
-775547042
49604862
24242488
862246573
757703420
85806148
17803478
83423869
137284540
-701215751
50951256
25947665
837170346
635066770
84877752
17772359
82334503
137006864
-798427104
49832655
24686335
827982819
650603606
85391837
17768130
82551710
136956237
-808852374
48849737
23901470
835318095
645910612
84697702
17770234
82396336
136784408
-746719992
49523046
24561414
818382597
682822557
84892838
17785891
82200995
137172750
-829493189
48440293
23507143
818260520
622648067
84421090
17826573
82133727
137111904
-827065935
48619771
23378766
1008990723
1096503638
88129140
17879803
85565680
139846148
-413542261
59383260
31925483
1083667513
1085220806
90345330
18401777
88246542
138571091
-244500764
63310446
34044093
--STOP--
++STRT++
813712813
728534086
84780458
17850253
82099634
136933054
-817190844
49064035
23448843
887008198
914203676
85282541
17831373
82901639
137124024
-712771068
52060266
26736955
832374057
726569287
84562532
17795455
82172740
136730544
-757273054
49694245
24837150
837086602
759046501
85036571
17815491
82801375
136819396
-752789995
49958401
24663380
864961062
797804287
85571800
17813202
83183472
137415134
-715241613
50935183
26488453
835464608
776240929
84672256
17794985
82826806
137522500
-763498073
50085849
24628088
830133420
739088040
84380312
17791691
82515786
137303902
-781979741
49338754
23884622
831496992
735083892
84489730
17812316
82384677
136956521
-727239233
49676152
24575307
813180940
729185139
84169457
17817789
82435038
136531925
-812231382
48893713
23257474
813923966
719158090
84367746
17828769
82386713
136953222
-824826360
48534253
23582570
1008817118
951660471
88574899
17831323
85787367
137675064
-382739068
58910427
30826616
1077775102
1087316379
89817675
18380273
87660080
138418401
-248722938
62213601
34505631
--STOP--
++STRT++
811694431
732496006
84798253
17841328
82111946
136822842
-817033287
48926886
23874951
866790528
982043523
86019835
17851544
82829275
137062750
-716240832
53144440
28948099
834166565
681964660
85457823
17832480
82572388
136706427
-780920378
49793604
24891861
835277363
748189069
84862430
17816799
82343496
137470409
-748807168
49800266
24729250
861428101
772791545
85537956
17813827
83134268
137689792
-722975286
50752067
25746380
834022813
751575244
84586012
17808563
82773892
136916231
-763901227
49640404
24528284
829689672
728025874
84502596
17875016
82495612
136902868
-777163066
49446268
23851366
831115077
717303380
84834320
17931706
82766695
137011892
-734256741
49541318
24599383
817217717
730986572
84489373
17823808
82326924
136631050
-812723044
48760773
23712627
815981125
749914587
84300365
17809257
82181716
136690113
-812013128
48804803
24019573
1008303025
959756867
88898802
18084631
86212504
137851262
-374443063
58601166
30995188
1080863209
1108241777
89983439
18404182
87371408
138149528
-249359974
63137254
34956542
--STOP--
++STRT++
812905371
720040605
84656854
17876734
82468500
136721720
-837518733
48910318
24104473
862564038
980416821
85276956
17845370
82945882
137088662
-703583311
53078543
28795356
832427863
741665432
84535921
18164587
82795365
136735534
-765737770
49658879
24428523
835456700
742151259
85323071
17829249
82836797
136827850
-768040736
49417132
24664474
864422608
808656909
85334957
17829519
83223150
137044749
-714510331
51049775
25806445
836829247
769306006
84705853
17822478
82791667
136937858
-767355000
49833880
24654147
829158008
717320063
84889340
17813680
82486958
136812969
-805323077
49019034
23963459
833617220
753874665
84821173
17791705
82528006
138787568
-730737750
49575945
24619862
818033164
721995379
84253383
17813163
82196134
136770243
-805879795
48542107
23654647
815668724
735235646
84614257
17782141
82431383
138736555
-824935642
49062313
23571575
1006049707
928995899
88316796
17866940
86598506
137744482
-387431255
58782043
30996280
1085758837
1093179592
90589888
18501468
87782109
138392992
-221715557
63483635
34779987
--STOP--
++STRT++
817182754
747393689
84378942
17818078
82196976
137014737
-821366547
48740632
23602596
885173378
847122349
85512677
17821385
82633171
137067285
-707273123
52072553
26877548
835608241
666643998
84790130
17776398
82778156
136926529
-793218675
49807651
25108096
838348793
690192941
84813373
17849857
82446598
137861994
-781016051
49668500
24491638
862527219
778484335
85123208
17840291
83453814
137303838
-707491719
50922307
25475625
836787503
695283322
85023834
17777996
82902133
137422624
-779990706
49711190
24398640
833274814
657916155
85223705
17807842
82325853
137068433
-797760155
49042628
23820211
833017282
699431795
84670500
17834647
82436812
136963370
-747400143
49695628
24141709
815029613
712033353
84707854
17786461
82549640
136747775
-826691013
48607546
23715164
814253117
700213890
84610485
17786114
82434041
136750410
-826455385
48695386
23513983
1010601311
968918787
88610626
17972433
86377101
137795816
-396891908
58882006
31104538
1085619368
1125751151
90244278
18392803
87875179
138215154
-229587943
63339321
34316641
--STOP--
++STRT++
814269569
660206838
84484720
17809575
82056494
136979679
-820732583
49049441
23572818
885980845
792133059
85690186
17802088
82924671
137008881
-702921561
51886918
26101609
837224185
641950486
84632322
17823762
82490590
136674995
-795107317
49405698
24629247
840329129
631987165
85112213
17772954
82585777
136816482
-784074209
49515527
24055342
861736270
799919887
85374377
17863136
82846177
137908719
-729131205
50666899
25726775
839331648
569377658
84947514
17777881
82471654
136854057
-794382030
49844235
24294605
828257211
604071721
84722995
17810881
82272047
136758256
-801042379
49054688
23950711
836545985
645202891
84900298
17825607
83114151
136886707
-751255138
49557925
24295140
818738221
561086815
84894213
17770320
81978712
137110104
-838032680
48574147
23611001
819854501
554678484
84560260
17772263
82071286
137886738
-825493792
48758897
23617614
1007514365
942771525
88836085
17809166
86658586
137700703
-367315146
58385780
30823722
1093002571
1032248692
90082318
18528116
87725119
138301674
-258367113
64442457
34821685
--STOP--
++STRT++
816645136
653859263
84669162
17834279
82480767
137013977
-831527676
48689760
23519001
865403833
993803955
85145849
17855663
83070624
137459797
-718345017
52584551
28315969
836546989
641511939
84537366
17805600
82320742
136885579
-788778271
49761124
24453603
843215048
597966727
84916058
17779658
82552768
137069637
-798081496
49852611
24396523
864428054
741385277
85214839
17795712
83077639
137192987
-727054160
50786076
25567157
839678461
573914910
85029449
17821668
82539868
136997397
-794370988
49549640
24140490
827600443
557371056
84954101
17770899
82378125
137134475
-797791221
49104971
23509604
837144252
581189394
84867304
17779203
82770284
137258365
-786257446
49718964
24102409
815277734
494796868
84466805
17846096
82429151
136732632
-832846114
48482404
23391974
819734367
589362817
85143911
17766299
82095642
136707777
-835124242
48732136
23532018
1008547980
941705194
88793211
17806686
86056747
138556263
-373289269
58270947
30952481
1092985570
1064875763
90173081
18571884
87891886
138812958
-270769869
64041438
34378064
--STOP--
++STRT++
814925285
725953561
84391694
17841255
82416273
136945585
-822984595
49029934
23687873
885150603
851535699
85282510
17862167
83030861
137131023
-698937873
51788711
26448003
833804175
745127709
84728658
17776753
82520796
136705518
-786492501
49910417
24769142
833960943
687247711
85045360
17792844
82637918
137481810
-786213306
49327751
24663588
864202051
771830469
84932564
17883955
83116192
137904543
-721428482
50693907
25963708
837244470
730303371
84577783
17791556
82394516
137221705
-783990482
49674069
24371646
832566882
704017205
84434648
17807015
82294099
137030977
-794197241
48956027
24089700
832050141
695237887
84734781
17842830
82583314
136857410
-730624220
49736014
24511118
817832855
693937084
84701202
17791934
82190644
136542683
-826408371
48873745
23716078
816869271
714633287
84761613
17806652
82269296
136764575
-830633837
48470104
23657676
1007178762
936308080
88392770
17825667
86843886
137834859
-383003535
58149162
30974285
1091530855
1105317241
90258861
18405434
87782748
138251288
-259198478
63831595
34764869
--STOP--
++STRT++
813566712
721907784
84503042
17807779
82328740
138747009
-824466664
49179919
23706998
883745871
837544205
85296383
17828699
82672820
137121306
-689835267
51540544
25834431
833708926
697871300
84448436
17777369
82371965
136759765
-814010008
49661767
25022554
836713809
663096987
84841444
17790763
82484310
137823848
-783585888
49790975
24638398
861679681
779476133
85403326
17856386
83272966
137009368
-713648057
50957416
25883351
835622384
700500494
84666362
17833400
82612759
137551537
-796665190
49684626
24500087
824486112
662462318
84852702
17786736
82235845
136739159
-810617913
48987929
23815244
834005824
669154474
84955550
17824426
82349424
137340176
-752491623
49625876
24146314
816724180
676681383
84273957
17791753
82437847
136658219
-821962301
48601714
23340399
812894877
613146551
84665037
17864779
82314800
136687893
-838755708
48784241
23363513
1016418531
765620119
88454194
17866467
85961837
138038437
-429496701
60176057
31338968
1079005141
1145553383
90086044
18488717
87385270
138604483
-229222663
62979233
34562928
--STOP--
++STRT++
818064436
713526519
84664894
17814867
82403884
136838340
-823321893
48832459
24040544
866086937
958146407
85067116
17868911
82514082
136982367
-712691738
52464943
28287419
833755037
701837329
84494791
17774240
82549853
136911732
-800935355
49571594
24719200
836700467
708139947
84684564
17789251
82539589
136921594
-780916663
49569637
24784577
864859242
770410267
85283008
17813528
83593301
137476603
-721918056
50903188
25792655
840553807
638485337
85044974
17867370
82386265
136882014
-793623740
49383542
24014466
828890072
628142083
84954554
17788194
82414727
136795333
-804519181
49532667
23959327
832101901
674133651
85009570
17810449
82368803
136974394
-749158344
49829943
24338348
817489892
614820073
84549862
17770260
82467318
136732911
-831738576
48631318
23632969
818108109
664089800
84517576
17844586
82889799
136631774
-828214071
48600667
23740740
1004130772
927331170
88688354
17864603
86246907
137935761
-384164266
58180327
30945708
1085087367
1095044658
90054456
18498372
88072394
138671156
-204033702
63426034
34659956
--STOP--
++STRT++
813214532
748179740
84605372
17857174
82342999
137387817
-818582326
49077195
23498390
887380689
836476313
85504561
17827096
82835851
137020847
-700183861
51746337
26104175
831990820
744333812
84448747
17806362
82560494
136960122
-806824307
49554332
24758449
834698107
754754478
84671822
17802518
82808987
136982534
-780016845
49720814
24983320
862728647
782206673
85407931
17812356
83110636
137359449
-683483087
50948497
26003947
834693470
740419509
85007500
17786411
82581979
137037974
-766852373
49538574
24682782
825098037
677576898
84457779
17830478
82298454
136750958
-794327344
48921593
23755953
833969200
722639750
84934320
17851098
82296559
138605532
-732194931
49715988
24287228
816980252
712201692
84307875
17849866
81902852
136620648
-818594182
48555236
23693331
818539326
731565823
84189787
17819832
81945048
136829134
-810056208
48641820
23665651
1007291571
950687338
88282701
17831330
86340194
137852928
-380557387
58472188
31028045
1088658071
1110158568
89896506
18452059
87721793
138768132
-247252755
63770426
34900438
--STOP--
++STRT++
816102092
726959205
84578449
17806926
82430553
136602622
-817659513
48924562
23762750
869913218
825940892
85577250
17817522
82949243
137108592
-677498923
51762285
26672062
834601686
703965942
84419091
17787712
82417166
137535629
-774001741
50030481
24385775
836323566
736352534
85001607
17812183
82430309
137022506
-735829972
50088636
24718739
860086042
--STOP--
