++STRT++
97897
983720
277705
352271
272414
479429
1791401
333269
158846
98367
984688
277493
271795
271150
476093
1751357
270385
162597
98147
984773
275792
268419
270058
502581
1779985
259766
141336
98368
983493
277016
273783
269617
481361
1752184
260597
180027
98485
984590
276614
271421
270488
480190
1799020
282717
141690
98047
982008
276966
266487
271405
476975
1750978
266295
159001
97407
982812
277125
272833
271521
479778
1752037
269973
157132
98153
984625
276682
268949
271097
478782
1752258
282067
158866
97778
984912
277936
273383
271571
514685
1780969
274147
158647
97705
983495
277032
271654
272160
476376
1751217
258654
160647
103866
983289
278211
271529
272455
479910
1752096
281750
156412
98613
983277
277472
272671
270631
479137
1798060
273315
139386
--STOP--
++STRT++
98037
984589
275993
271449
271818
479701
1751331
267321
156737
99561
984176
277084
272930
270701
474403
1751389
260611
159484
97732
983550
277580
270912
270808
475572
1794676
270542
157841
98458
1021004
323683
271462
271470
480195
1752010
259745
159072
97665
984521
276304
270079
270892
479785
1750092
267881
157196
98655
984289
276516
270495
271644
476268
1751614
281769
157316
97334
984717
277305
269681
270905
478729
1751655
280546
135376
98310
983862
277255
268379
271052
476056
1752658
284545
172304
97788
983570
276287
273764
352092
475371
1824326
305075
184483
98334
982396
277702
270628
271506
480948
1752009
261149
134840
97430
982782
276460
273193
268957
474064
1751406
256919
180659
98176
983512
277593
270578
271505
475347
1751340
260201
199301
--STOP--
++STRT++
97296
983066
277423
268358
270859
474215
1751819
260381
137263
97523
983818
277669
269347
270183
476310
1752122
266451
181030
98222
983689
276050
272012
268817
478379
1752141
260024
178320
97679
983252
277633
271798
271012
475620
1750853
266704
156206
97532
983484
276736
270388
272343
476251
1751617
265377
159784
98412
983732
277112
273390
271125
503936
1777586
261767
157855
98243
1023667
276820
270315
272777
479800
1751058
259442
136735
98366
984284
277379
272970
270847
476551
1751126
295986
160879
97363
984390
277407
271376
271500
475898
1750657
285307
172769
97854
983494
276527
271673
271768
477137
1785621
283750
179305
98295
1033249
276975
268613
270381
475130
1751874
259852
160841
97436
982346
276874
270536
271118
476069
1750414
269904
179834
--STOP--
++STRT++
97489
982241
277016
271960
271741
476096
1751850
280931
192939
98458
984189
276435
272257
271940
480475
1780899
261993
158144
98090
983967
276864
272268
270961
478501
1751396
261234
160617
98061
984133
276166
271461
271588
479166
1751209
266094
180998
97163
984251
278432
272325
270773
479894
1751862
271801
158221
98240
984765
277185
274120
271829
479978
1750118
284160
154516
97609
983364
277313
271471
271386
475645
1785693
299418
161943
97296
984887
277018
270523
270104
478834
1751478
268612
195785
97922
983980
277511
362057
270682
474942
1788559
283469
173188
97228
983824
277129
269442
269807
475273
1752264
262755
140754
99022
984023
276629
268897
270579
479779
1751377
282688
137164
97403
982955
275790
266810
270190
479099
1751155
269513
157012
--STOP--
++STRT++
97299
983358
277409
272475
270638
478889
1752840
298440
181860
98547
984448
276368
272125
272598
547885
1794064
255974
136518
97558
983891
277435
269256
271709
519121
1824750
286760
158950
97422
1026655
276443
273307
272571
475022
1751916
269570
180197
97884
984663
276264
273222
272891
476752
1752122
265040
156235
98058
984112
277290
269989
270560
474958
1752343
259348
160576
99176
984698
277556
273792
269595
479031
1779165
302883
156924
97548
984784
276671
273079
271017
475771
1751531
269346
198221
97277
1038237
276541
274007
270802
476391
1752125
271054
196961
98046
984830
277368
274895
270632
476575
1751806
267076
132088
103580
984167
277420
272988
272892
475857
1751151
268302
159558
97992
983882
276458
272422
271071
479350
1750896
268874
158167
--STOP--
++STRT++
97325
984138
277627
269764
270773
474526
1752432
259584
162559
98543
983293
277745
276269
270532
475032
1763167
260601
133534
97480
983210
277922
273542
270853
476037
1751847
269011
137556
98613
984071
276394
272154
272664
478138
1791559
260599
161169
97445
984401
278131
269760
271138
479036
1751304
267605
181247
97562
984410
277123
310263
271851
476405
1751729
269200
182379
97860
985009
277334
271855
270841
515187
1778576
300508
138724
97994
983692
277192
272779
270453
476091
1826402
285070
162111
97936
983606
276286
304678
271919
474669
1751611
312890
180454
98146
985150
276896
273292
270659
479308
1751695
282165
160364
98015
983808
276730
272794
271995
479148
1782161
323715
156254
97530
983929
276354
271829
272667
476184
1802318
267766
135468
--STOP--
++STRT++
97557
983840
276862
271563
272693
475691
1752386
267015
156529
98309
984157
277490
270992
273108
479405
1751205
269356
156655
97987
1057445
276591
353610
272227
476329
1751965
283267
136876
97928
983762
277269
274084
272806
478088
1752517
294638
180908
98219
983234
276011
271402
273160
474179
1752412
266319
182224
98021
984702
276628
269095
270501
476120
1750708
259038
156093
97491
983816
277034
303551
271139
480273
1790263
269084
133749
98415
983409
276263
270804
271463
476815
1751992
258040
179220
97664
1021348
276663
274523
270024
476356
1782405
270671
186785
98322
1025552
276673
271347
271664
475233
1751645
298162
160380
98171
983126
277192
269193
270376
476191
1751943
257916
197596
98505
984939
276579
271921
270624
475297
1751238
268155
159677
--STOP--
++STRT++
97588
983686
276804
272572
270623
476356
1789389
261809
156906
98216
1067118
277655
271444
270631
475980
1751533
270905
155599
98377
983110
277511
272435
271542
474437
1751718
286353
157573
97542
983348
276571
271612
272332
475733
1751332
267651
134494
98242
983627
277101
272114
271904
479081
1802748
271519
137911
98184
1066647
276373
274300
272120
480116
1750641
260141
159574
98209
984112
275933
272417
270007
475913
1752244
269039
138094
98318
983770
276495
275362
272123
475732
1822788
282961
179742
97680
1062162
275823
273911
272353
479783
1751909
284109
161803
97496
983687
277498
309588
271565
477254
1750396
269153
132136
97680
983689
277693
272746
272561
478178
1751559
286081
159097
98246
984381
276875
270126
268688
476889
1750830
259291
180960
--STOP--
++STRT++
97273
982704
276928
271758
272629
481172
1825708
271122
140167
98139
983619
278211
270559
271132
480339
1751924
270678
155070
98214
983194
276918
273328
272246
475699
1778679
268591
162531
97913
984273
277068
274239
270263
476171
1775822
272314
157786
97482
984628
276479
318090
270168
476224
1751253
269430
180026
98311
983502
276070
272595
272470
479352
1751124
267757
156946
97922
982281
276224
270679
272107
480361
1751661
261114
155719
97376
983839
276622
308060
270267
475991
1750783
266693
182614
97493
984264
276431
271314
270374
475741
1750310
284328
132905
97567
983601
277508
271794
271652
546777
1791155
269494
214819
178404
1033799
277383
273999
270701
480349
1751073
280226
159409
97616
983179
277331
270503
270642
479485
1751698
281955
161226
--STOP--
++STRT++
97716
984792
277463
266488
272084
479716
1828560
285467
137515
97379
1071505
276007
273587
271539
479507
1751368
271626
157765
97441
984737
276315
270921
272060
475460
1752313
268974
160188
97622
983817
277159
272515
272679
474533
1753303
267065
137747
97959
983551
276654
314894
271023
474545
1752009
260631
134740
97594
984310
276527
269084
271031
479961
1751042
260685
180215
97950
983551
277891
273871
269846
475190
1782390
268703
135910
97155
983729
277424
273086
272498
478026
1824992
259664
154818
97451
1057651
317306
274608
271532
474452
1752001
269868
158017
98161
982709
277814
271538
272005
475801
1752088
283393
156028
97480
983517
277750
270998
272470
479791
1751198
284076
195752
98151
983585
277059
273564
270492
477644
1752735
281092
198025
--STOP--
++STRT++
97946
983917
275973
272024
271032
480614
1751683
260871
180979
97858
984027
277375
271862
271889
475657
1783004
281913
202964
97743
1025162
276898
271577
270853
474388
1750343
282438
196078
97775
984209
277425
270811
271980
479008
1750682
285600
155413
98385
982866
277460
270517
271410
504525
1781770
265084
159944
97634
983825
275878
271510
270027
475875
1750893
267070
162206
97872
984432
277113
272374
271918
478489
1751043
281675
180472
97306
983947
277751
272031
270503
481194
1751157
290354
186070
97392
982569
278023
268930
271354
502826
1789164
272346
179072
98132
983145
275738
272509
271615
480105
1751291
259579
154408
98286
983088
277019
270684
271617
474376
1752040
260448
209922
97920
983963
277845
272764
270131
476669
1751541
268663
159756
--STOP--
++STRT++
97486
984104
277800
272046
270237
479156
1751269
257853
155577
98464
983976
277126
270917
271587
474647
1752124
269031
159009
98453
982907
275952
271593
271052
475745
1752184
261571
179564
98011
983178
276813
266204
271921
478705
1752688
258223
135509
97529
983251
277406
271835
269798
479300
1750452
283552
138011
97560
983841
277033
269060
271308
480280
1750400
263078
159950
97379
983991
277391
272559
304950
476184
1792905
282528
179847
97555
984493
277671
272144
271291
548324
1785898
261238
156610
97560
984566
276788
270221
269743
475183
1790848
270163
159634
97833
1024450
276163
271137
270856
474670
1751353
258078
181581
97770
984390
276359
269594
270234
478886
1751551
266325
160257
97448
983690
276695
271258
316085
475912
1836618
283343
154819
--STOP--
++STRT++
97837
984319
277172
272368
271268
478687
1752103
267846
180339
97622
983757
276642
272512
271791
478944
1782213
299438
160769
98219
984368
275869
272249
269907
481143
1751464
282848
160853
97256
984490
277746
266895
271025
479357
1751077
267910
180664
98150
984073
276794
274014
271943
476126
1782925
260562
138519
143425
1057767
278241
272507
271690
479720
1751176
287985
181690
98311
983886
276880
317256
271662
476830
1752170
257753
159428
97527
983806
278710
270156
272054
475709
1751873
280395
179855
97896
984978
277256
272372
271437
475202
1752227
281843
156805
97926
985408
276224
272741
271447
479742
1794998
285814
137238
104176
985080
277445
271667
270064
476541
1751709
258796
136837
97471
983086
275951
271131
271298
477071
1751141
258744
212018
--STOP--
++STRT++
97794
1019756
276865
271312
272190
479099
1750664
260994
180429
98292
984241
276908
267827
270711
476148
1750360
267983
181925
97941
983580
277234
267971
271319
476085
1751325
283348
135005
98225
983865
276646
270959
271080
475620
1795965
268580
156632
97728
983988
277252
271741
270130
479635
1752133
268666
198131
97817
983996
277094
273509
270543
476861
1750982
266589
138767
98004
984070
276199
273891
272641
480886
1751375
260801
157940
97686
1066536
319051
270986
270396
480916
1751250
266522
162272
98395
982438
277306
271158
269558
480125
1751780
267496
197109
97617
984411
276337
268962
271806
476374
1751238
268647
194762
98403
1025425
276904
271379
271446
479801
1752520
278580
161276
98339
983903
276528
271262
270972
475744
1752789
259338
159668
--STOP--
++STRT++
97957
984099
277171
270441
269435
475953
1751565
260428
158710
98048
984408
277673
269857
272595
475602
1752833
268328
153313
98399
1064674
319311
271610
271054
475945
1751613
288175
160781
98170
984288
277221
272720
272190
476509
1751617
310435
154337
98271
983790
276115
270822
271983
479803
1784809
268028
156162
98458
982782
275722
274551
270422
481163
1751865
269214
139467
104265
983953
276872
274309
271103
480294
1751369
259027
159432
97539
982536
277640
274965
269612
479348
1750441
267029
157929
97607
984842
276713
271934
270264
475264
1752638
256598
135118
98382
983440
277096
273795
270943
480013
1751903
265738
181796
97440
984118
276301
271115
271902
477083
1752038
268692
180053
97313
983159
276909
268497
270620
480239
1751354
269360
155659
--STOP--
++STRT++
97506
984306
277847
271085
272024
478328
1751654
259746
160208
97815
983628
276905
271674
270533
479026
1751503
268290
135661
98656
983462
276566
270836
270585
475799
1752452
280195
137251
97673
984374
276113
271919
346968
479074
1783105
268459
156891
98341
981098
276960
272416
271050
522906
1833597
259967
247920
98197
983652
276505
271658
271265
476143
1752760
258433
194437
97578
1078248
277496
272051
270702
480054
1751821
282041
183747
98429
983936
276752
274429
270513
475396
1750531
287103
162008
97563
985041
276945
271684
271288
476536
1785367
259249
158273
98087
1030829
277407
273731
271365
475129
1751124
267840
138387
98263
983854
276485
270977
270684
474450
1751051
284760
182290
97688
985116
277631
270604
271145
480851
1753251
259686
160277
--STOP--
++STRT++
98526
984785
277446
271755
272170
479570
1751445
260834
182365
97712
984162
278008
272924
271723
478567
1750616
296986
138935
97585
984511
276573
271942
272050
514129
1788886
268682
137278
97394
983470
276504
268653
271249
479717
1823412
281076
184237
97545
984825
276908
272325
270875
478560
1752663
262761
180548
97769
983429
277347
274382
272020
477161
1750894
270156
173129
97391
984068
276600
273232
272389
475438
1751716
268907
155912
97806
983540
276069
274093
272845
477098
1751831
282401
180424
97229
984332
276199
273328
271907
480561
1751262
257846
183305
98218
984329
276452
274465
271657
519872
1750557
280787
159664
97876
984200
276661
272328
271700
480196
1751780
283589
161755
98306
983817
276296
271933
358438
475311
1788197
322892
157427
--STOP--
++STRT++
97651
1025853
353312
275095
270906
475161
1750898
270987
162694
97428
984359
277289
273050
271258
480036
1750113
258592
171678
97889
984248
276283
268422
272433
475736
1750553
282337
180204
98261
984161
277062
265679
271419
474186
1781342
298453
139368
183664
1031071
277232
270897
271649
478333
1752357
295876
159322
98085
984225
276697
264657
271246
478038
1750347
267561
180174
98203
984690
276673
268382
272983
476587
1800849
296692
155972
97885
983517
276961
274902
270706
476201
1825044
259091
136159
97722
985152
275789
272434
272352
478988
1750776
269249
136489
98236
983461
277268
266487
271162
480344
1750370
269286
155689
103012
984311
276830
273366
271393
475730
1751026
268909
156144
97598
983352
276475
271789
270663
475890
1751820
259564
138527
--STOP--
++STRT++
97498
1023712
277581
272635
271986
475477
1751439
270167
158147
97906
985405
276406
272355
271037
480186
1752116
268385
157138
98180
983867
276767
270882
272944
479308
1792751
351191
199516
97508
983411
276332
270525
272095
479613
1823630
327355
158664
97551
982836
277958
268941
271838
479301
1799590
291251
179338
97698
984017
277057
268380
270537
479137
1750847
282776
183064
113389
983352
277537
267978
270835
481079
1752476
268955
153870
97791
984637
350456
272572
273275
476524
1752057
283928
154422
97819
983364
277582
269820
270164
479881
1750938
280839
141920
97751
984527
277774
270416
270562
474911
1751391
268769
160467
97675
1015194
310029
270557
270223
475939
1750223
256925
181038
98358
983051
276323
272543
272285
474826
1750325
268216
133238
--STOP--
++STRT++
98061
982654
277002
271338
274183
479549
1825301
336996
133231
98571
983653
276608
271976
271014
477088
1750896
267040
172835
97653
984456
276786
273194
271120
480499
1750604
266890
138273
97841
983969
276946
272082
271367
475945
1778551
258907
138714
97505
984628
276268
272493
270929
480452
1751128
260484
138716
97242
984065
276757
270629
271191
479485
1751566
283653
155449
97504
983937
277185
272512
271886
479471
1827075
288230
182652
98100
984812
276495
271228
269805
519045
1826059
271458
158454
98183
984001
276605
272577
271550
475610
1752762
258893
179768
97718
984361
276444
273765
270793
476926
1752009
282182
137451
97550
983729
277005
271663
272023
475218
1749773
261305
178646
98197
983441
277811
271186
271295
481037
1750967
297972
162060
--STOP--
++STRT++
97448
984552
278109
271639
272140
479000
1828995
268945
157283
97987
1064832
277126
271496
271387
475525
1749760
282432
159482
99221
983631
276245
271802
272232
476343
1751911
269149
157128
98203
984604
276539
272652
271794
479442
1751409
261160
136844
98253
983948
276154
267544
270720
475502
1751113
268427
155654
98182
1067750
318913
273221
270904
511076
1750181
284993
163517
100861
984054
276649
269842
272696
476338
1751075
269906
160050
97574
983431
276738
271734
270127
499945
1796198
273616
156108
97900
983409
277684
271954
271814
476192
1750699
268841
196428
97414
983188
277404
268946
270489
479062
1752365
266778
157155
97652
982976
275828
269753
271069
476739
1752278
266884
181966
98090
983568
276516
269501
271894
474576
1785096
271188
177522
--STOP--
++STRT++
97536
1020119
277455
268417
271815
475641
1750793
296803
157204
98652
984176
276938
270032
272174
476108
1752058
268470
179903
97812
983334
276660
273636
272726
481155
1752774
267677
196854
97755
983356
276989
272285
271403
560855
1794959
258996
200422
98137
984047
276426
273227
271263
479458
1751244
268966
158424
98419
983480
276566
272484
271862
476038
1751132
269821
161626
98285
983308
276322
271517
271159
475372
1750607
269682
196928
98360
984238
276740
271892
271322
475825
1752208
260588
136596
97682
983691
277021
273577
269639
475463
1751723
282860
157549
98553
983194
276984
271616
270987
503698
1776609
296033
158143
97591
984273
276696
269989
270546
479653
1750892
281244
160898
97683
983813
276185
269605
273057
474280
1750236
267628
157756
--STOP--
++STRT++
97743
983404
277681
271436
273506
557601
1799801
272750
135985
97732
984375
277015
270056
271342
479495
1752343
308376
182803
97254
984625
276120
273192
272095
478461
1753101
259467
161239
98620
1031480
277097
270948
271445
480337
1751037
266757
179818
97734
983870
276917
272805
271299
479411
1752348
270425
134838
98162
984967
276302
273042
270788
473941
1800885
271465
156496
97346
983834
277235
265853
271423
547380
1791832
263517
158129
98117
984220
277407
271833
270906
479321
1752559
269101
198220
98207
984208
276320
312313
271213
475324
1752020
269831
136382
97421
984373
276670
273541
270724
516378
1751325
269825
181649
97471
984260
276771
271877
271603
479377
1750996
267857
194486
97626
984362
276641
271802
272574
474808
1807924
257912
233252
--STOP--
++STRT++
98103
985171
276415
271973
270606
476585
1750959
281739
138213
98368
984213
277003
270907
271746
480385
1752337
298352
137211
98016
984134
277366
268890
271877
475226
1751296
265239
155604
97698
983052
277031
272016
270884
480225
1751499
268800
156114
97818
983914
277337
274164
270424
503439
1803841
275556
134630
97803
984393
277839
271906
270751
475398
1750985
263491
135700
98021
983705
277615
311836
271030
478928
1751037
295778
172348
98975
985303
276235
271680
272084
479162
1751764
258372
158823
97452
984050
277296
272645
271074
479507
1752384
258176
159380
98281
984916
277648
274092
272210
479678
1750205
281877
160163
97914
983743
276560
269966
271625
480976
1750743
268136
181492
97934
984952
276103
270272
271804
478413
1751344
261475
163126
--STOP--
++STRT++
97256
983265
275960
275157
272837
475933
1826984
316716
180860
98137
984784
276875
272129
271608
479088
1752051
279476
160306
98026
984282
276525
272772
271527
477024
1752129
267486
139137
97513
1038016
276709
273319
273545
480009
1751304
282891
156873
98195
984445
276458
269580
270155
479726
1751818
266337
155284
97799
983468
277507
269937
272104
552869
1792571
283360
138015
97240
983879
277903
272480
271111
475789
1794638
353138
196914
97530
983923
277113
272091
272019
478577
1751568
266450
171666
97508
983988
276407
272762
270034
478755
1751414
262393
180076
97523
984690
276490
271526
270347
480618
1792493
259175
158252
98265
1065797
277671
272114
271205
480539
1751490
259923
136741
97979
983961
277343
270171
269985
476321
1751912
294201
174664
--STOP--
++STRT++
97391
983701
276090
273994
270235
480166
1824728
266204
181236
97729
1022852
277503
268344
271063
479972
1751436
262722
138946
98456
984780
276265
273133
270684
475851
1824292
285722
164188
97945
1059205
326644
270630
271263
479826
1751156
269201
134331
98784
983621
277047
270462
270446
475806
1751162
284369
199878
98316
983510
277123
272567
270979
529890
1814042
268855
184568
98214
1066321
276513
273699
270952
476692
1751561
269480
158494
98162
984208
276980
270593
271045
480690
1750673
283694
158726
97327
984191
276439
271028
270646
475862
1788959
272818
179693
97370
984308
277356
270310
272556
479076
1751643
272022
194713
98130
983323
276940
266986
271386
480371
1752199
283232
164132
97967
984362
277053
275324
270855
476081
1751690
259388
137467
--STOP--
++STRT++
97547
984606
277840
276710
271353
476645
1801349
270168
240873
98169
984023
277933
272235
271013
475964
1750645
269939
155349
97328
983444
277042
272199
271133
479539
1752278
270637
158392
98363
983746
276574
271412
274072
479259
1785993
264465
196050
99040
983383
275870
269017
270763
476367
1751300
258902
157306
98113
983579
276812
271070
271820
476386
1781161
298488
180225
97872
1059197
276931
268517
271696
476228
1750262
268670
157346
97426
983859
277732
272585
272466
479289
1752108
269545
157752
98145
983348
318841
268617
272614
479322
1780491
283041
230857
97442
1059003
277061
274504
270926
479273
1752406
297732
161632
103378
983352
276213
271029
273078
476559
1750896
268708
159807
98590
983946
275987
272396
271643
478908
1750522
267189
156186
--STOP--
++STRT++
97197
983934
276940
271718
272479
476243
1751640
270370
182466
98717
983342
276060
272602
270444
480191
1793914
258760
180169
97870
1022545
277154
270342
270712
474533
1751753
259991
180099
97412
983435
276980
274293
271022
479625
1751290
261866
154941
98466
984117
276216
272573
270755
475470
1778447
286813
156211
97072
984013
277960
296349
270540
480260
1752395
266958
161216
98642
984123
277106
271419
270424
480421
1781806
267160
160741
97500
984054
277056
272023
270485
475648
1751983
267755
131820
97580
984479
276526
275224
272711
475456
1751700
261725
163211
98018
984415
276879
273548
271081
479933
1751268
270477
137603
97153
984029
276750
271118
272317
478711
1750673
263002
199499
97384
984217
276728
271374
272477
475021
1752406
264478
135424
--STOP--
++STRT++
97892
983446
277739
273720
271280
478856
1750855
257738
154641
97510
984488
276013
271862
273135
475408
1752767
285676
139456
97735
984822
276466
274449
271698
475149
1751791
296613
156577
97466
983082
276063
272262
272455
479669
1750855
286380
162866
97482
983601
276358
271935
270792
480058
1826639
269427
186096
98107
984775
276649
273593
270083
479593
1750291
258695
137609
98307
984490
276299
272763
272721
474677
1752301
267446
162951
98154
984864
276632
272441
271506
475252
1752203
271929
155505
97935
984617
277335
344947
271529
478625
1752219
296246
155722
97374
984415
277682
272607
271370
476627
1750765
271434
177100
103452
984390
276671
272164
271994
474822
1750237
268122
135461
97862
983834
277187
272186
270818
478594
1752963
269569
135786
--STOP--
++STRT++
97201
984271
276669
274611
269833
526135
1827835
269610
138617
97951
983031
277845
272902
272453
474842
1752838
258845
160212
97613
983685
277678
269874
271249
479298
1750995
256977
137623
98279
983861
276377
274510
271492
480350
1750534
282135
155626
97178
983272
278379
272222
270876
480151
1750412
271743
157394
97663
983508
276406
271920
271708
475966
1762038
260607
161653
98125
983602
277781
273887
271393
476318
1783595
261440
180934
97360
984715
276936
271598
271214
479928
1783793
282222
138483
98275
1054876
277144
270960
270560
476042
1750527
268054
181001
97474
983965
277605
269172
272401
476354
1750638
284475
135944
103103
984190
277555
352780
270655
480262
1798013
261090
198028
98503
984287
277380
274755
270654
479301
1751120
299467
181140
--STOP--
++STRT++
97398
984752
277328
271457
272326
476347
1752789
297776
138051
98919
984433
277670
268425
272016
479567
1791514
282821
180741
97416
984098
277107
271458
270930
479274
1750744
270008
136911
97756
983184
277450
273700
271275
479095
1751494
258457
140002
97811
982972
276604
271960
272138
479970
1804936
269016
184312
97738
983288
275937
351200
271788
480446
1752338
269293
138934
97520
984121
276184
272255
272330
479513
1751426
259183
160680
97789
984218
277556
270668
271135
475505
1752088
262279
134271
97266
983592
277740
272633
271280
475273
1781124
267325
156621
97974
1023286
277850
271254
272768
479384
1750331
266444
137276
98243
983424
277838
275150
272557
475668
1752051
267589
189900
97682
984626
277227
271723
271069
480756
1751001
268482
152773
--STOP--
++STRT++
97743
983519
276805
269382
271035
474888
1751775
260801
136042
98314
984342
276771
272620
271463
475902
1782883
283223
227610
98090
983954
276782
270746
271197
474647
1752221
261407
139939
99343
984485
277806
272460
273116
478848
1752114
267674
138395
98187
983569
276093
271416
271280
477815
1750261
283444
155216
97739
983560
276737
271818
271538
480290
1750871
268777
157941
98358
984270
276717
270402
269526
480073
1790404
266869
163254
97550
983225
276403
271416
270939
478898
1777972
293338
158477
98610
984756
276521
272847
270574
478465
1751160
258838
158690
97654
983673
276501
271777
272336
474608
1790763
259744
181147
98920
1032871
277341
273837
273166
475846
1751597
263113
154643
98198
983580
276947
271992
270885
476330
1751991
271375
160546
--STOP--
++STRT++
97366
986188
277721
273641
271800
475031
1751493
282194
159079
97701
983844
277476
271570
273282
479866
1752043
283105
184661
98376
984806
277004
268874
270799
503287
1798660
270414
182639
98369
985093
275948
272051
271874
478946
1751677
261707
154767
97495
984320
277002
271463
271938
479263
1752006
255732
181018
98226
983488
276940
271309
271218
476908
1751027
299670
179799
97899
983189
278197
268499
273196
479499
1751454
269680
158651
98310
983678
277084
274975
271216
477341
1751004
283201
200019
97490
984037
276648
269243
269895
479385
1751466
267002
181630
98256
983901
276622
271716
270925
475471
1795077
255023
138088
98280
982893
276385
271958
270775
477188
1752056
266523
198333
97330
983863
277173
271489
271081
474026
1751532
270918
135361
--STOP--
++STRT++
97621
983010
277212
271631
270217
479016
1753068
269771
159306
98193
983665
276048
269516
272145
476312
1751251
266116
137837
99242
982896
278033
265922
271728
478748
1750751
287692
158746
97946
984782
277271
272470
270849
475240
1751066
281763
183659
98012
984283
277068
272738
272320
476375
1752066
302460
183361
98753
983743
276730
272537
270928
476181
1751051
281829
180594
98509
982971
276962
269292
270862
480020
1751371
282091
136383
98740
985001
277760
267272
271756
479974
1789994
281782
157991
98164
984627
276820
272964
269846
480390
1749878
266025
134242
97492
984841
277929
271526
271946
475304
1750716
259700
179753
98051
984021
276975
270400
271704
475321
1750796
269082
156313
98158
983826
276672
270407
318455
475187
1797909
268367
183903
--STOP--
++STRT++
97115
983852
276434
273001
272054
476399
1750188
269318
139819
97695
982365
277370
270907
271290
548973
1792146
268870
160053
97917
984216
276265
271385
272374
552371
1790998
272883
154045
97464
983209
277342
270862
271773
474853
1750065
270073
161785
97780
984589
275946
271426
271119
475814
1750475
267663
153959
97617
984217
276085
273422
312136
479818
1788544
266559
138873
97386
981845
276215
265509
272265
476203
1750709
269218
157002
97189
982151
277253
276036
271672
480439
1750849
277740
142933
97349
984460
278129
272254
272669
480190
1751907
260065
139048
97559
983890
276988
271525
270573
513953
1778878
282848
195777
97631
983996
276970
321197
271384
476394
1750539
259522
134801
98340
984072
278055
267683
271583
479914
1751965
256625
136073
--STOP--
++STRT++
97988
983703
276090
270203
269960
549458
1798481
259970
242553
98948
1062777
276446
271513
270849
480079
1751277
260024
173385
98192
984300
276271
272572
272149
478866
1751231
268538
157838
99128
984004
276740
268098
272776
479035
1751736
263681
179609
97920
984873
276141
269121
270221
479984
1751270
267603
201611
97674
983140
276572
273854
270959
475305
1788555
303787
139043
97247
984355
277594
274360
272251
478370
1751301
285425
139270
97707
984709
276916
274856
272498
475469
1751872
269899
163311
97390
984029
277446
270825
271196
477975
1752705
270885
161889
98221
984660
277528
270115
271256
478938
1750340
317725
162187
97999
984219
277356
272531
271532
474494
1750405
267872
137498
97463
982915
276258
271710
271026
476227
1751415
268536
138105
--STOP--
++STRT++
98075
983818
276199
270336
270403
476877
1825849
267298
135649
97859
1035455
276515
269670
271212
479810
1750924
270478
159594
97715
984189
277575
271642
272770
474160
1751097
296592
154440
98873
985453
277370
271337
272416
480126
1750942
271665
199007
98427
1066335
276628
356095
271123
476407
1806202
259811
196461
97914
983858
277598
271423
270763
477409
1752393
268746
182105
98444
983748
276401
271353
270835
478877
1751448
258033
140979
97712
983534
277800
266862
270500
479599
1750512
271566
159467
97854
984245
276649
346913
269751
476356
1753048
267955
173553
98056
984446
277451
274691
272774
476122
1750085
255224
212161
98074
984022
277071
269620
270741
480095
1751135
269176
180555
97292
983991
277416
270847
271640
475443
1751374
272451
177454
--STOP--
++STRT++
97624
984781
276359
272304
271080
475659
1752127
260483
195631
98422
982570
277102
272489
269824
479565
1753162
284111
178598
98008
985709
277594
271572
272287
476146
1750992
280210
162941
98026
984414
276296
270637
271000
475036
1751533
267029
163631
97530
984278
277770
269629
271143
476229
1752272
270679
136779
98695
982820
276963
267053
271103
474577
1751560
266033
156078
97562
984657
276516
274206
271878
479809
1751466
268474
188016
98384
984148
276686
267913
271663
480240
1788363
271534
161497
97719
983857
277032
273323
270882
475270
1750219
271108
161011
98143
984004
277630
267672
271114
480939
1752314
254299
135332
97834
984857
276812
271481
271254
476165
1806404
267888
157248
98116
984040
276387
272852
269748
475711
1752806
267607
157426
--STOP--
++STRT++
97917
983200
276882
270693
272696
474431
1752301
258040
158466
99108
1061796
317598
272214
270112
476166
1751165
269175
137539
97421
983626
277330
271348
271496
475603
1751386
280359
163141
97823
984220
276726
270430
270022
479409
1750198
258626
182268
98047
983981
277417
271223
271462
480189
1752025
267574
181708
97297
983988
277073
307766
270580
480133
1751627
296342
138916
97668
983890
277115
272871
270587
475827
1750802
269574
182374
97521
984933
277729
270362
269703
475901
1751511
284087
153121
97586
984118
276607
271603
269686
476225
1750785
275468
180381
97503
984005
277479
272004
270792
479310
1751302
279975
162854
102829
983625
277164
274340
303846
475994
1783931
268843
136560
98278
983883
276597
274146
269227
481125
1750451
282224
200593
--STOP--
++STRT++
97167
984444
276174
272513
270929
479530
1751579
282637
162674
98088
985129
277494
270728
271363
479993
1752183
267856
157629
98546
983833
277252
271317
271697
478709
1751353
269697
156821
97329
984039
277413
273961
271207
476556
1751859
272274
160914
97757
984371
276821
273054
271669
480344
1751929
259679
157465
98317
983985
275979
270801
271197
479746
1751875
269510
160315
97413
982250
276214
272555
272429
556735
1794136
283621
163034
98095
984276
275745
271681
271634
479299
1790681
261351
183128
97467
1058965
276114
269464
270491
478846
1751044
261863
182501
97762
984873
277421
272644
271962
475108
1778216
283469
161598
104277
1017338
276736
270119
270228
475236
1751238
297753
138184
97640
984458
277452
271341
271020
474009
1752252
284390
162930
--STOP--
++STRT++
98219
984503
276270
271652
346151
476945
1824122
266211
182673
97674
983992
277465
273548
270358
475827
1751169
268596
164871
98177
984255
277234
269334
271736
476319
1782367
269168
191993
97340
984484
276168
273766
271791
479618
1751312
272029
158133
98217
983820
277388
273037
270827
476423
1761633
285811
154003
97683
984382
276225
276172
271146
506639
1826527
268973
173541
99441
984403
276517
269914
271124
477097
1751399
286696
160347
97568
984968
276490
269361
271115
479957
1750584
282234
193303
97520
983697
277148
268378
309620
479369
1751264
266679
181854
97316
1025656
277337
273436
272091
474869
1830849
337478
137129
98060
983612
276976
271108
271063
479657
1751068
268142
177794
98735
984681
276394
273038
270973
474869
1751114
268807
178715
--STOP--
++STRT++
98398
982981
277326
283198
271631
476318
1750127
268292
157666
97524
983609
276836
271781
270202
476548
1795170
262337
162430
98159
1016166
277574
269574
272629
478601
1751387
272034
137013
97793
984727
277326
272715
270712
474474
1776874
282603
186744
97343
983735
276431
271158
270168
476453
1786535
270884
183275
98565
1057338
278542
270406
272448
476467
1750895
270456
162336
102616
984439
277597
273393
270791
478283
1750378
270698
183622
98028
983348
275847
272283
269226
480531
1780931
268923
156325
98139
983646
277402
272006
272501
476971
1750793
259920
181529
98115
982951
277618
270888
269947
477088
1751446
268216
136813
98621
985543
276568
271766
272840
479579
1788109
267202
170275
182433
1032012
277587
269910
271431
476048
1752392
259387
140757
--STOP--
++STRT++
97991
984567
276640
271189
272332
480288
1751227
267543
155867
98030
984103
277650
271094
272086
476286
1750643
297078
173654
98058
981325
277442
273037
270168
479952
1751227
256731
157778
98374
983373
276965
271757
269925
476267
1751266
285424
155727
98023
984238
277078
309088
272298
475458
1752456
282586
157617
98045
984701
276622
270507
270523
477253
1751057
268683
135720
97653
984233
276668
270399
270311
480825
1751196
271779
156982
97733
982949
276154
270762
270886
475809
1750428
261637
195934
97337
984326
276776
272764
271937
475873
1752191
281255
137189
97302
984429
277222
273036
271674
513944
1790508
261548
160559
98101
983268
276578
272504
272305
479538
1752011
258853
179244
97373
984553
277674
270076
272379
478571
1751872
266938
179206
--STOP--
++STRT++
97927
983684
276701
275808
272465
479856
1752483
282806
181147
97858
983370
276711
272671
271842
479704
1751421
268996
200655
97454
983869
277063
271592
270722
474689
1750714
282217
197602
98130
983622
276964
270416
271694
475193
1792199
267292
160103
98093
1029112
277318
269371
271033
479360
1750770
261530
158424
98370
983926
277348
273369
271600
478491
1751013
258310
199261
97292
984003
276535
274793
272248
479134
1751381
268034
137500
98787
983390
278208
270899
271701
476835
1751635
300162
160276
97686
984603
277496
345672
269261
479032
1750510
268963
135705
97561
983140
277674
274745
271298
475927
1751131
272078
182476
97631
984413
276247
272142
272186
475277
1751751
280781
182008
97319
983047
276363
271628
271644
476009
1750817
269003
157759
--STOP--
++STRT++
97876
983772
277489
271709
271201
526182
1827144
260767
156883
98007
983792
278039
271985
271610
475929
1750871
267984
136179
98068
984352
277276
272106
270237
477097
1751919
283959
140935
98892
985136
277470
267871
308938
475880
1785359
280292
180834
99320
983268
276854
272326
270018
480852
1751510
260111
180974
98218
983851
276785
271079
270158
478880
1750023
260169
179778
97882
984080
277504
272707
271393
480516
1751324
268866
161141
98043
984428
278490
305428
270184
475215
1751007
259345
195140
98666
984823
276906
269354
271112
474409
1750152
284624
174245
98412
983720
276965
272238
271742
475913
1751780
268653
136073
97892
984225
276948
272635
272589
478104
1751520
257479
160484
98480
984894
276208
271001
270639
531784
1788822
266849
157242
--STOP--
++STRT++
97870
984726
276992
273077
272331
480430
1751631
296950
172726
97544
983014
278090
272641
271069
479146
1782493
264625
160116
97336
983852
276211
269626
272837
475145
1751224
267038
158535
97474
982916
276510
273311
272147
479879
1751401
256778
177484
97765
983792
276085
274406
306977
480352
1783136
261455
173123
98389
984077
277079
273981
269695
475905
1752650
283043
160731
98191
983894
277469
272503
272571
480429
1751810
254202
133270
98420
982960
277482
272802
271666
479459
1751102
299010
135736
97223
983693
277070
313449
271241
476667
1751741
259990
138324
97355
984950
276190
273768
271333
478569
1752263
261684
158192
97653
984343
277210
271288
271480
553615
1798977
275977
155451
97887
984057
276972
271859
271288
474666
1751611
258404
138765
--STOP--
++STRT++
98071
1026612
349065
272461
270548
478933
1751244
269318
183320
97662
984619
276481
271101
272351
476374
1751970
269292
159122
98510
982751
276326
272279
272039
476519
1790679
301305
156305
97756
985557
276747
272733
271337
519460
1827688
284801
180082
98058
1034714
275749
270596
270939
474725
1752285
269102
138753
97377
983718
277325
272002
271183
480177
1751353
284243
197809
98452
983945
276533
271729
271616
479512
1781572
283281
202972
97935
983639
277797
270780
272655
479935
1793014
271020
172896
98278
1058169
276869
273793
270925
476365
1751376
259593
158234
97924
984245
277161
272075
271989
475444
1752847
268367
196488
98598
1070551
278408
271009
272648
478538
1751471
284229
182547
97405
984661
276679
270183
271296
480912
1751779
280893
185784
--STOP--
++STRT++
97121
982296
277550
272247
270841
480457
1828687
269937
155309
97256
984390
276303
308423
271933
479499
1750676
258642
138216
97943
983298
275958
269827
269277
478584
1752359
259432
154896
97250
1022090
276799
274165
272252
547725
1791939
271001
181199
137209
983777
277256
271950
271760
476295
1750349
279953
157038
97616
982502
276956
273029
272342
479419
1751082
269373
133697
97148
982819
277915
270547
271308
480764
1751832
259437
179385
97901
983027
276939
272658
272305
477337
1751606
283529
199725
97639
983662
277530
271502
271250
480322
1749955
269690
181352
98056
984101
277552
271495
271112
546839
1794800
282778
159341
97189
984563
276357
271599
270983
530476
1835555
263312
173766
97576
984665
276973
272152
271355
479794
1752525
270739
133086
--STOP--
++STRT++
97884
984059
277570
268885
270208
478755
1752814
312130
163458
98091
984449
277549
271977
271177
515750
1781046
300262
182705
97146
985458
277282
272726
269858
475875
1752278
269180
180837
97991
1063213
325159
273824
272773
475721
1752606
284305
158959
97528
984035
276253
271840
272331
476398
1752800
282603
182491
97937
983995
277703
268097
272682
477371
1751668
269894
132882
97772
982532
277324
271406
271483
475387
1749755
279778
158347
98223
982753
276037
267904
272616
475422
1751544
269243
137888
98131
983731
277501
311578
271763
475113
1752431
267643
161799
98001
984404
277073
270589
271275
474523
1751141
270183
162613
98101
984615
276122
268741
272008
476142
1752097
257356
196198
97998
983882
276606
274056
271909
478157
1751995
283903
162805
--STOP--
++STRT++
98215
984842
277523
273530
270851
479545
1752949
257862
139044
97661
985925
277173
271671
270061
478656
1751388
260368
157561
98074
983328
277752
271400
271660
479246
1750752
254351
181212
97191
983262
276447
272941
270482
474505
1752595
260651
139578
98411
983642
275970
270969
269392
479695
1750864
261059
159170
97187
1017340
276863
268226
270671
479116
1751298
271097
136420
97959
984132
277481
271388
348979
474781
1781672
269064
136352
97743
985141
277238
272716
271796
476641
1752094
285801
179208
97787
984008
277594
307381
270738
479645
1751010
298586
156756
97269
985320
275872
274789
272029
474326
1751101
280948
163053
97346
983507
277773
272851
271306
475418
1783573
262158
155890
97905
984676
277151
266813
271623
479431
1751143
296777
158656
--STOP--
++STRT++
97713
984621
277008
269418
271546
475442
1752632
258449
161028
98624
1070931
276298
274690
271566
478641
1751040
268348
159580
97717
984009
277348
270153
271329
475425
1750959
259454
160849
97279
983034
275971
270922
271614
479636
1784178
269783
158834
97792
984232
276713
272415
270272
475769
1750630
269422
162502
97373
984180
277589
270036
272576
475403
1750617
300230
198181
98145
983607
277682
270432
270542
520754
1784889
273147
136399
97996
983965
276334
274828
271732
476845
1752511
265168
139961
97509
983509
276466
269821
271138
475612
1750890
268198
159446
97172
984377
276280
271015
272353
503376
1829161
260356
139185
98323
984038
276862
267677
272392
476809
1751766
269098
133867
97638
984742
276939
270646
272016
480194
1751641
268056
157494
--STOP--
++STRT++
97969
984353
276618
274208
271289
475267
1750230
267470
159624
98363
982224
277587
274523
271629
475135
1792925
268802
141286
97270
983387
277379
268127
272440
474176
1793774
271094
183534
98605
984205
276575
265535
271629
480341
1751940
283532
155746
112677
983221
276816
271471
271388
475694
1753511
268077
181342
98179
984178
277369
272090
271543
476393
1784653
284911
190856
98415
1017527
276190
270091
272470
481168
1751522
282415
179516
111628
982641
277113
273374
270781
478938
1750896
300340
177475
97313
983751
277389
272426
270974
474519
1825662
305073
158187
98292
984353
277359
268366
272419
479702
1750995
258444
159279
97783
983699
276378
272752
271454
474103
1751029
268911
198150
98027
984574
276499
271429
271842
474620
1750271
256791
159660
--STOP--
++STRT++
98017
983589
277567
273528
271186
479702
1750963
295594
155895
98022
984251
276477
266363
270266
476338
1751440
257229
155997
98477
984467
276601
274603
270537
474717
1751201
257990
179517
97736
984390
277308
271898
270506
475337
1752104
268332
155319
97715
983755
276196
272670
271213
477247
1793778
258743
162466
97692
985201
276195
270810
270994
476936
1750751
274085
138274
98391
982549
276060
270727
270527
480135
1751976
270053
134467
98638
1029671
276531
268143
272043
475326
1751308
261051
141230
97535
983705
276382
271529
271444
475185
1750545
268518
182703
97439
1026840
277654
268648
270798
480196
1750052
267501
156525
97407
984239
277353
270570
272409
479651
1750773
267371
134257
100429
983076
276965
271583
269406
475835
1751878
261433
136396
--STOP--
++STRT++
97972
984102
276401
271337
270832
479602
1824396
263265
154885
97778
983576
276674
270733
270004
480731
1750245
259289
155930
99223
982961
276100
272301
271220
476152
1751171
260295
159341
98466
983319
277754
274327
303973
478301
1791938
266721
180692
98322
984468
277253
274369
271655
480312
1751882
298112
139863
98460
983655
276945
271559
271565
480148
1751377
269221
158548
97255
984865
277181
272893
270426
475010
1752088
268407
156243
97465
983353
276633
318424
272698
479421
1750994
268423
163416
98232
982414
276824
274372
269421
475763
1751438
267931
180250
97675
983797
276804
297142
270734
479784
1749919
258811
181530
98247
984686
276915
271662
270702
480747
1750665
280942
138616
98316
1067264
276376
270246
272665
475896
1751942
294622
201279
--STOP--
++STRT++
97279
983107
277165
269503
269430
478391
1751428
258689
178832
97538
984044
277573
271993
270436
476234
1783445
267781
137196
98344
982593
277308
270647
270950
479060
1750818
258591
136769
97776
982838
276370
304833
272137
475630
1750928
258579
155469
97840
984183
276312
268977
271292
475671
1751629
285115
160792
97926
984575
276965
268383
270788
479061
1751334
260518
209584
97307
983809
276765
271165
271598
478071
1750824
282656
196304
98187
983420
276752
322149
270781
480706
1752742
268962
160519
98179
984256
276777
270664
272052
476344
1752221
261899
138801
97312
985050
276447
274775
271275
475487
1751153
259418
136644
97480
983758
277120
272133
272120
474593
1751349
274264
133138
98631
983620
276539
271145
270380
475329
1751329
296015
183388
--STOP--
++STRT++
97303
983716
276672
272645
271506
476226
1751345
267214
158028
97718
984232
276057
272881
270741
506368
1783371
259611
182405
97558
984928
276966
272567
271684
475321
1750411
258240
136713
98208
984489
276815
271481
271267
479559
1750821
257644
137682
98448
983920
277106
272005
272465
475197
1796042
283000
180363
98428
984549
276307
269916
271338
476930
1752574
295054
136673
97821
983144
276374
271939
271897
478588
1752290
260271
159153
97653
983990
277564
270293
271541
476268
1752158
267873
208914
97471
984071
276486
272116
271181
476405
1751122
266525
160539
97443
983381
276125
272944
271916
475598
1827517
267733
161093
97178
983754
276343
272126
270797
478217
1751853
295456
137074
98080
985619
276348
272854
315944
475117
1803881
259818
181585
--STOP--
++STRT++
97761
984260
277811
269678
269196
475191
1751703
258549
155335
97781
983824
275917
272266
270670
542721
1794614
297622
160610
97290
982809
276854
269118
272263
479074
1751611
273593
139132
97562
1073505
324947
275223
269959
476397
1750865
260973
156140
98019
984805
278312
273034
269783
480044
1751443
259106
137592
97692
1016469
277793
271901
271181
479373
1751881
269590
155065
97455
983753
277047
268058
272636
480970
1750833
268971
158145
97563
983678
276382
271889
272082
476593
1751070
267781
196645
98201
984113
277735
271238
272320
476813
1751477
268935
179452
97325
984032
276422
269762
271256
479516
1750987
267656
160877
97481
984126
277513
270781
272695
480652
1749595
260522
196038
98442
984100
276638
271162
271284
475394
1751073
281076
160424
--STOP--
++STRT++
97249
984353
276583
271811
270885
474363
1751385
257242
179092
98390
984132
277519
272487
271626
475402
1750746
269770
184770
98346
983169
277746
269297
273230
476074
1792214
334095
138344
98358
983746
276940
271797
270206
476259
1827078
285406
237341
97841
1065147
277363
270579
270652
474856
1750922
266981
139710
98529
984590
277839
271663
271008
474464
1752159
271033
159409
97494
983105
290476
270563
272113
475908
1750161
270400
137525
98144
983952
277022
270687
270902
478417
1752539
258921
154104
97620
983264
277362
269644
272360
474940
1795491
271732
220785
179484
983961
277750
272120
270594
475813
1752027
258420
153683
97671
984120
276953
271413
270385
476625
1751339
299957
196355
97689
983670
276105
269506
271250
475384
1750942
266535
155809
--STOP--
++STRT++
97876
984098
276053
273974
271005
478695
1751134
280033
194867
98539
984989
277348
270717
270926
515826
1784095
269358
156371
97560
983667
275919
267239
270654
522867
1823790
260601
242178
98038
1065614
325239
272136
269968
476432
1751418
297049
156979
98328
983853
276815
268722
271045
480576
1751715
267979
164468
98086
983781
276653
274952
271191
479531
1783673
270605
137898
97551
1036532
276693
275946
272620
474568
1750872
260135
138391
98291
984913
277562
271134
271109
477303
1750483
284703
179787
97433
983683
277225
270905
271329
479159
1751533
267606
176995
98126
983307
277047
268771
300349
475128
1751147
261127
136665
97878
983862
277433
272863
271821
479420
1751447
268092
156396
98318
985076
276738
267716
270894
478872
1750897
268304
133083
--STOP--
++STRT++
97824
984834
276495
274640
270640
480233
1751941
267297
161352
98505
984370
277419
273383
270196
479695
1751360
268698
157191
101810
983945
276205
272446
270156
478601
1750795
267600
161332
97818
982789
276351
273936
272804
514896
1783322
269605
136646
97698
984226
276064
316205
271847
479537
1752465
257540
159499
97990
984532
276396
273953
271801
480535
1750805
267521
199027
97371
984827
276455
270966
272055
476384
1750858
268327
176626
98011
983790
277426
273251
269372
474290
1794198
283018
176545
178496
1013351
277560
273307
270457
480407
1752321
267372
162511
97344
983742
276738
272971
271234
475658
1751279
266847
134486
98652
983774
276041
273424
271032
552534
1799088
272194
178294
97901
1037368
362918
271589
270533
479123
1752037
283757
199688
--STOP--
++STRT++
97351
984090
276445
268770
272815
478021
1751797
280796
178837
98838
984143
276804
339459
271497
478693
1752111
270564
177230
98565
983838
277382
272512
271347
475369
1750900
270163
157524
97623
984201
276599
271031
271682
478782
1751390
268924
161763
97638
984957
276519
269848
270369
475461
1786494
268039
214327
97581
1075747
275983
275208
271855
476045
1751781
270625
160524
98148
984917
276190
271963
272234
479419
1752350
259722
155845
97835
985100
276297
271574
272421
480909
1750898
268970
137940
97787
984156
276680
310549
273304
478248
1750759
260816
154027
98286
985275
276809
266437
271695
479902
1752721
296259
134364
97646
983350
276870
273771
270654
477117
1751036
280763
162056
97581
983778
277228
271616
270091
474583
1750973
258342
137270
--STOP--
++STRT++
97933
983868
276519
275310
271243
478211
1750413
270604
153989
98336
983518
277161
269461
271772
473948
1752753
257865
182305
98729
1063437
278043
270968
271106
476405
1751378
270323
180948
97481
984301
277501
271591
270128
478818
1752546
269637
157129
98331
984468
276357
271575
271413
480271
1751478
295802
196340
97845
983622
277322
312578
269286
478321
1750339
266160
181596
98268
983593
276427
310457
271594
480955
1750254
270766
181481
98282
983902
276514
271910
272458
480473
1750146
280969
181320
97582
984875
277031
272867
272260
475688
1752434
259665
135953
97368
984144
278171
275401
272595
474549
1795995
268395
180352
104758
1068407
320071
270421
270751
477986
1751075
270413
202178
98282
983276
276117
273034
270078
475210
1751252
266900
182864
--STOP--
++STRT++
98160
984476
276383
271705
270631
475357
1831151
283327
162396
97623
1063484
277803
275259
269998
479621
1752398
260075
135091
97909
983462
276339
271922
271335
480622
1751944
259443
178014
98418
983405
275932
271694
342556
474842
1779520
258421
196133
98156
983930
277231
274302
271401
479978
1751765
268756
162246
115469
983255
277230
272446
270350
475150
1751906
258589
180673
97906
983746
276930
311050
271315
479504
1751757
268810
197263
97105
984635
276751
271440
270143
478381
1751503
265559
183011
97672
983162
277467
272500
272829
475560
1751760
256978
135496
98194
984583
276454
270555
269516
476158
1752375
260196
135971
98033
982875
276442
270507
271373
475285
1751335
268477
158541
98435
983212
276382
273111
272680
475567
1750234
282918
139522
--STOP--
++STRT++
97148
983967
276591
269237
272030
526177
1826870
302027
160991
97650
983771
277633
265642
270910
478968
1751311
257682
155378
98319
983859
277774
271809
270998
475201
1751549
271614
137922
98217
985283
276813
271744
272380
478328
1751245
268024
157256
98180
984357
276470
272754
270037
518685
1785329
266575
158632
97701
993779
277676
272705
271169
547312
1798134
270317
199142
98231
1063617
277933
272020
272298
476058
1751811
265934
196188
98258
983856
277807
270715
271200
476265
1751270
267764
172658
97888
983596
277511
270338
271091
480926
1750613
283325
158569
98055
981942
276725
273462
354699
474256
1783045
268711
162891
98089
984020
277202
268867
271285
476294
1752388
265661
181282
97814
984069
277148
273142
270574
475709
1751768
259831
163501
--STOP--
++STRT++
97511
985053
276849
270863
271916
474564
1801535
259441
138900
97714
1065700
277479
271884
272122
479657
1750601
260363
159757
97672
983590
276922
272967
271182
474898
1751659
268977
157953
97343
984127
277693
274706
272438
478423
1751430
263216
159801
97891
983342
276598
272564
306193
479996
1784613
283516
179316
98514
983389
276510
273738
271068
479664
1751078
258535
178529
98191
983628
278048
268711
270273
476863
1750775
270087
161980
97360
984352
276139
270677
270544
475802
1751219
266959
133493
97957
984295
276837
269970
271408
475209
1751271
295702
174544
97349
984296
277122
274012
270681
476163
1750523
259033
160677
98382
983416
276292
271764
272063
479253
1751404
268203
135285
97356
983517
277355
267968
272582
475326
1751734
260572
135270
--STOP--
++STRT++
97752
983534
276629
354020
272050
479908
1751553
266974
210646
98940
983696
277583
270171
270605
475052
1750982
269387
139806
98334
983309
276917
273001
272053
474684
1779443
269845
154007
97506
984054
275989
269395
271105
480228
1752768
298543
175940
97973
984157
277689
269544
272264
475346
1794568
270412
157765
98460
982743
276881
273192
271294
479070
1824316
268563
181111
98157
984038
277422
306602
272139
475021
1752133
269319
134051
98351
984104
276469
273331
272108
476900
1750716
259154
173871
97423
984127
278064
273332
273028
478602
1774776
259259
156638
97470
983312
277753
271610
270579
479331
1750415
296325
136251
98105
982990
276582
273761
270615
478793
1750715
280415
181681
97891
984783
277573
355697
272206
519737
1750809
286212
158521
--STOP--
++STRT++
98198
983148
277234
354328
270138
479884
1751723
279688
137507
98003
983842
276045
271153
271311
475497
1749800
258677
137299
98223
983825
278076
269875
271558
499996
1776897
285502
197730
98019
1019306
275902
271701
270175
479940
1752373
279904
158751
98159
984909
277145
272834
270918
481014
1751617
269234
157201
97776
983327
277604
271792
298890
478012
1786699
281367
158513
97485
984976
277213
270236
271907
475501
1749994
283440
161293
97122
1053612
276497
270894
271395
478493
1750613
270105
136305
97601
983472
276774
282776
270589
475821
1752252
286141
157056
97611
984834
276142
270847
298113
476109
1750925
266157
197546
98390
983482
276872
271807
271074
475348
1752200
267277
138305
97645
983748
276910
270973
270030
475397
1750722
285405
135256
--STOP--
++STRT++
97634
1021970
352267
273501
272567
480325
1751049
258658
160449
97546
984777
277663
270860
270071
474523
1751365
269730
162143
98557
984096
277534
270759
270933
501884
1795205
262300
196670
97197
981920
278645
270766
271507
480893
1750679
266312
136477
98041
983616
276412
270691
271852
478236
1795439
268510
137886
97231
985264
276430
270679
269717
479683
1796745
286924
194556
98139
984078
277414
274502
271854
478621
1752320
297835
156500
98495
984165
275977
271789
272717
475749
1751944
259754
156996
97190
984256
278044
271080
272408
481003
1752633
269121
153826
98096
1064278
276946
272183
271080
476612
1751693
259228
184080
98044
984653
277395
270721
271850
480758
1752715
257811
154971
98246
984275
276441
271653
271295
476326
1751381
267991
179045
--STOP--
++STRT++
97304
982755
276585
270007
270749
476653
1750828
266683
159652
97911
984942
278016
272239
272317
478679
1751393
284347
137827
98678
983795
276799
270889
271934
515013
1792709
271240
160485
98097
984582
276984
274185
271969
478070
1751084
267634
138584
97947
984224
276200
273211
271127
476639
1751019
287718
181819
98007
983895
277111
274385
272252
474680
1749740
275150
179672
97428
983746
277179
273442
348807
475363
1817872
269489
159092
97439
984064
277095
267677
271007
479036
1750926
261775
131716
97331
983746
277386
268265
343520
476707
1824140
299173
155626
97914
984679
276723
272255
271164
474569
1751039
269195
161475
98493
983464
277132
271042
270532
478289
1750642
258809
197149
97719
984236
277319
272020
271665
475092
1750162
280195
204838
--STOP--
++STRT++
97222
983726
278075
272029
271913
480136
1750873
260091
159871
97700
983549
276687
270555
271324
479211
1752410
258043
161569
97485
984124
276239
267882
272663
478013
1817927
262412
159133
98822
983774
276865
273550
271072
480448
1751018
257513
159408
97500
984640
276521
273508
272087
475843
1750898
266718
159946
97704
984483
277019
271630
270353
479365
1750991
282649
137910
98689
983969
323599
273692
272120
478153
1752412
259936
182114
97393
983170
276942
271516
272500
481177
1751850
271919
135635
97197
983323
277184
272120
270733
479083
1751537
279863
129883
97349
1018892
277344
270999
272039
477045
1751744
257148
181375
98011
984869
277016
270197
269806
478711
1750705
258636
135047
98055
983970
277531
270504
270858
478402
1750899
269734
163989
--STOP--
++STRT++
98220
983795
277332
274648
270987
475114
1827893
267700
195275
98003
984749
277442
270921
272341
475358
1751949
260171
156076
97632
983754
275944
270929
270982
476549
1752516
270087
161372
98261
984575
277070
272096
272135
480882
1752425
260137
156129
98785
982627
276730
272643
272523
475862
1751619
266644
158462
97795
985318
276625
272696
271076
479471
1793838
257782
137459
97590
1032314
276282
271807
271084
480860
1751004
258232
139015
98375
983651
277550
273070
271493
476377
1750645
283240
158782
97369
984167
277268
269734
271390
476711
1751098
267988
140233
97565
984312
276578
269578
271275
474873
1750871
267793
177585
98447
983786
277329
271316
270075
480734
1750922
266667
182502
98717
984769
276444
272409
272124
476655
1750546
295416
159196
--STOP--
++STRT++
97484
1023314
276770
272357
271717
476162
1751893
282758
180754
98571
982719
276030
275464
273466
479870
1750535
260727
135348
97692
984550
276312
272788
270918
475224
1750572
300659
155757
98673
983652
277021
271271
272162
479165
1750722
259480
163102
98287
984180
278227
271173
271929
480746
1786387
296006
157267
98383
984416
277265
270620
271601
480210
1750364
269168
182973
98304
983942
277088
273955
272553
474355
1752657
270964
199901
97683
984071
276822
270994
271251
474551
1778729
270228
184958
176483
1058090
277189
268655
270349
474868
1751410
282946
176031
98377
984147
276905
271017
272389
505276
1752292
259968
138333
97790
983811
277077
272116
271091
475275
1751889
269303
132713
98730
984455
277908
270847
271656
520179
1798382
285462
182557
--STOP--
++STRT++
97263
982350
276447
270303
269860
523961
1827379
255128
165061
137714
984711
277984
273834
270963
474307
1750346
285139
162419
97516
983916
276940
267638
271062
480502
1782867
268734
154061
97938
1027273
277049
271730
271132
480435
1750653
270960
156062
97855
985635
276546
272794
270626
479293
1752098
280277
159154
98545
984671
277153
271695
270392
480180
1751519
267542
158026
98339
983852
277270
273248
272430
524362
1819428
298674
158234
98779
1029130
355537
272659
271297
479403
1751027
269358
180797
98086
984480
277839
272901
272160
478973
1753182
259092
134731
98168
983328
277072
274513
271974
478927
1751790
259777
137494
114224
985165
277621
273474
272313
479603
1749955
267718
197702
97858
982673
276525
268330
270776
476516
1752643
286942
132928
--STOP--
++STRT++
97458
983968
277074
273012
271671
479143
1750935
259760
135485
97832
984555
277303
270360
270807
478294
1752582
269105
137942
97496
983587
277097
273135
270666
479235
1827813
286292
158212
97377
983362
277220
271850
271099
474707
1750640
268884
156391
98285
983951
277976
273829
269590
479023
1750919
285959
158930
98269
984479
276455
272180
273085
476612
1750882
268299
154944
97941
983486
277733
272335
271590
476996
1751771
259292
157712
97823
984543
276190
267122
271234
476597
1752598
267281
182719
97876
984054
277565
272661
271932
548342
1790943
283176
198337
98004
983251
277637
271995
269995
555167
1793923
269859
154856
98223
983836
277378
272397
269812
475137
1751783
265428
140848
98124
983986
276494
271337
269516
477126
1751374
259606
202968
--STOP--
++STRT++
97652
984278
277311
273622
345148
476208
1798853
352749
155588
97881
984651
277717
272469
271271
475447
1750704
271025
157370
97901
983352
276280
271517
270494
475585
1750649
260700
180087
98369
984254
276843
271808
270574
475694
1750256
266937
180829
97656
983663
276458
273127
272292
479805
1751749
260938
137234
97423
984800
276485
272772
271376
479809
1774240
287333
140528
97599
984568
276838
272058
270573
479970
1751444
284267
182312
98224
984308
277021
273483
271666
479338
1752932
284442
160581
97780
983709
277572
271720
270896
480847
1752426
297885
136940
97351
984928
276840
271554
270619
475538
1751394
282581
159344
97954
984327
276887
361646
271177
475957
1751845
269064
137435
100937
984121
276765
273325
271808
476445
1751720
259379
160821
--STOP--
++STRT++
97956
984516
276716
271451
270533
479528
1781885
327309
156072
97809
983752
276876
273855
270835
476048
1751295
281788
160277
97993
984990
275677
271765
271672
475574
1752044
258975
159265
98138
984117
277533
271375
271119
475941
1751543
269539
139429
98836
984093
277621
272845
270447
479064
1751092
269896
180655
97210
983303
277099
272327
273004
521055
1782158
300328
180209
98033
984510
278079
270236
271145
550339
1792863
259432
157349
98331
1064220
276867
270728
269433
475712
1751041
259813
157881
97936
983283
276888
273153
270655
477441
1751951
296424
157853
98243
984130
278211
271672
345760
475837
1780043
285453
137322
97094
983128
279018
272718
271667
476019
1750610
270041
135981
97551
983416
278023
268096
271850
480189
1750504
266528
159278
--STOP--
++STRT++
97964
984357
276846
269931
272900
478847
1751011
266815
158008
97520
984183
276629
270312
270624
478384
1751310
270792
158399
98169
1064064
276966
271550
271443
476680
1750899
267261
156435
98709
982858
277477
269453
270702
480958
1751554
258853
158245
97889
984043
276532
265853
270617
509866
1782976
258922
158216
97841
983617
277188
272377
317492
476851
1794056
262911
155941
97572
1030491
276333
270436
271277
478578
1763170
269642
181597
97566
983584
275935
273867
270646
479900
1793943
267227
160010
98263
983329
276768
270674
269953
517770
1819373
271928
161421
97890
983472
276165
270062
270522
546121
1791883
282408
173179
97542
983189
277802
271812
271421
479011
1751341
258909
137566
98077
984472
276507
272334
270832
475438
1751150
258568
139339
--STOP--
++STRT++
97425
1022868
277517
270450
270349
478621
1751442
260250
160619
97777
983872
276038
268198
271396
476771
1751741
280543
133726
98106
985486
277311
273476
272639
479071
1781676
283922
161207
97592
984296
277045
271960
270975
475195
1751653
267644
139571
98072
984687
276270
352375
269400
479707
1751359
259802
136146
98779
983559
276450
267191
271265
475986
1750352
267876
138649
97924
983262
276453
268283
270696
479200
1751126
268246
159374
97632
1037684
276477
271328
273059
477259
1752138
267577
156318
98192
983599
277883
319206
272042
478987
1750632
281483
134569
98145
983618
276382
270900
271699
476055
1750874
267123
135737
97312
984389
276584
269742
270605
476334
1751155
267629
159753
97554
985172
277617
264705
271132
478722
1752168
267826
161014
--STOP--
++STRT++
98109
983474
277703
272686
270252
479194
1752308
258931
181000
98553
983366
277307
274156
271195
479894
1750504
268632
162138
97661
984464
276166
271980
353038
476411
1781150
280813
156611
97436
984392
277458
272290
271343
514966
1825141
284799
156563
98073
1030386
276215
272599
271957
479135
1751158
269079
196393
97472
983813
277613
271882
271204
479825
1750328
282190
155691
98036
985244
277818
270937
269560
478732
1751248
280758
161092
97384
984134
276004
302657
270991
479493
1751093
259876
180055
97587
982955
275957
272087
272357
474431
1751517
260295
155716
97800
984309
276670
273031
271973
476594
1751485
260265
197286
103459
983378
276654
268610
270678
479053
1780280
267074
159674
98162
983981
276895
272028
271541
479498
1793829
259391
137758
--STOP--
++STRT++
98086
984899
276360
271580
270498
476092
1822474
267518
136969
97697
983596
277358
272598
271176
479953
1751370
284236
137418
98095
984520
276351
274044
271122
475566
1823190
259868
208387
97889
983499
277479
308561
272199
476466
1750717
297622
182361
97815
983460
277204
271570
272686
475661
1752807
267407
163637
98235
984453
276859
267910
271537
479687
1752113
259625
158934
98176
1065621
277580
272628
270475
476024
1750133
259741
172079
98198
984047
276524
271751
270678
476323
1752238
285565
182423
97787
983071
276371
271507
271432
480852
1751884
268714
157691
98442
983512
276285
307793
271394
474347
1751559
280649
181818
97985
984223
276863
317280
272284
475137
1752149
270881
179463
97932
983550
277431
270405
270556
479569
1752333
269393
137992
--STOP--
++STRT++
97374
983993
277227
272256
270760
476163
1750185
300262
154828
98164
983761
277122
272445
272541
479071
1750250
284104
138951
98327
1016531
304909
272806
271443
480950
1751607
285983
158480
97678
983819
277087
268888
270925
476953
1750667
259711
182767
97979
983747
277063
271871
271810
475400
1752755
284291
183323
97826
1030703
353193
269397
272977
478506
1753235
268562
180856
98060
982944
276320
271224
272327
479629
1751740
267380
158423
98143
984120
276950
269154
270866
479602
1750532
282157
185456
98255
983625
276942
270715
270780
479601
1751413
259097
158236
98155
1063183
316172
272176
271433
475209
1751479
270579
137645
97536
984595
276557
272332
271703
478509
1752384
260892
137102
98112
983427
277026
271021
272517
475622
1750182
259947
177057
--STOP--
++STRT++
97629
984371
277384
272819
270000
478605
1751571
281735
160581
98892
983424
277261
271080
271497
474262
1751724
287906
159589
98152
983777
276528
272437
271576
479475
1779346
297189
159854
97397
983536
276376
268624
270671
478025
1752261
268538
152327
98591
982817
277065
273353
272531
476273
1752051
266712
132234
97897
984105
277041
271051
271335
507974
1780238
286923
183591
98522
1037072
277862
273324
272443
487953
1751516
264245
139435
98430
984164
276881
275087
271918
475837
1800144
267692
136912
97571
983329
276712
272133
271706
476326
1752250
269506
134486
97524
1070142
277455
273125
270573
479916
1751520
258286
159917
98421
984278
277435
272660
270039
479093
1752065
284181
156232
98090
983839
277399
272655
271131
480945
1751094
260952
153784
--STOP--
++STRT++
97941
983634
276332
270753
270849
552518
1825237
273812
160886
98124
984639
277097
272382
271237
475347
1752069
270398
137995
98415
984007
276534
271121
270259
476161
1750746
267720
158135
98229
984951
276686
269631
271759
477515
1751259
268542
156379
98330
983520
277432
271896
271708
474501
1780433
267674
197648
135228
984322
277409
266420
270921
474976
1750727
282011
138305
97678
985119
276185
272325
271211
475695
1751362
281727
176949
98060
983278
276959
271745
272696
479732
1751699
269128
182967
97976
984727
276255
272467
343680
475510
1783125
270441
180389
97961
983550
275957
270902
271412
480804
1751881
286892
139003
97976
984173
277334
273805
270533
477974
1750836
281861
158761
98235
983621
276994
275613
270637
475505
1750338
258311
160697
--STOP--
++STRT++
97733
984743
276127
269556
271714
476285
1751982
268757
183684
98153
983777
276099
349882
272073
480154
1751810
261239
138971
98446
984249
277385
268850
270197
480227
1750009
282708
138238
97723
984369
277408
271898
270129
476756
1751430
267105
193956
98675
985202
276827
273968
273579
478243
1750540
282053
163692
97822
983489
275980
269385
349578
480333
1782667
299758
158358
97436
983629
277316
267230
274182
476159
1823556
271719
137094
97157
984644
277622
271647
270151
552874
1786263
309760
161230
98498
1058773
277225
268636
271167
481067
1750929
268483
178243
98454
983914
277254
269888
272280
475561
1761426
297944
184538
97415
984384
277125
272636
270529
480740
1750255
282218
182270
97476
984148
275947
268729
271055
479538
1751054
279849
158606
--STOP--
++STRT++
97383
984083
276914
271500
271152
474347
1752676
270037
137136
97541
1066689
276641
273949
271141
476069
1751843
257071
161713
97965
983531
277118
275415
269550
476890
1752219
284166
136053
98414
984727
277388
272672
271013
479698
1782285
270846
190103
98453
984168
277052
271722
270622
505469
1819309
296171
193977
98173
1012794
277630
274997
271989
480680
1752172
282270
136328
98635
983833
277449
269359
271942
476941
1751595
283094
161811
98546
984287
276041
272715
271322
474433
1752058
284197
196005
97362
984750
276384
272564
272361
479292
1751248
260540
138577
97371
983347
277088
273564
270430
516745
1789349
297057
157174
98116
983169
276668
271975
271673
478631
1750551
258710
154367
97962
984170
277169
269955
272779
478421
1751798
258275
184507
--STOP--
++STRT++
97962
983735
277328
273704
273435
479980
1751756
269757
184801
97719
983376
276760
300248
270825
479188
1751371
268004
198307
98007
984882
275897
269833
270504
476541
1751759
268941
135057
97653
982930
277385
271779
271983
479241
1751424
270234
140366
98111
984121
277150
271308
271302
478348
1782000
265506
138940
98287
984485
277907
272067
271500
479432
1752273
270156
184774
97507
983257
276285
275675
270029
475111
1752249
264579
182483
97425
985763
276483
271566
271046
476208
1750662
269244
156258
97516
983532
276818
298277
271117
475488
1751432
280697
180510
100808
983201
276477
271371
270059
475654
1750829
282191
137755
98471
984282
278142
271511
271131
478554
1805525
365133
161867
97485
1019107
277408
271907
270902
477128
1751508
259110
158585
--STOP--
++STRT++
97294
983793
276998
275190
271451
480721
1752015
267323
153625
98261
984033
276479
271837
302135
480411
1780747
267417
169825
98319
983926
277936
272784
305669
479482
1750818
270768
136895
97245
983782
276451
269198
271966
475915
1751510
259481
159272
98108
984840
277065
271333
270934
475724
1793845
272417
156435
98030
983024
276788
273189
272302
479677
1751265
295336
159691
97990
985145
276808
268914
273079
480905
1751786
259425
154422
97462
982910
277033
271206
271493
478693
1751361
281926
157955
97326
983561
277291
298715
270081
479189
1750750
298494
157458
97747
995728
276609
268311
271606
479635
1752528
283525
196053
97248
984476
276866
268707
271247
479751
1752090
254702
183227
97624
982807
277839
269824
270898
517598
1782803
269582
158341
--STOP--
++STRT++
97995
984544
277419
272767
271656
475661
1752465
296306
194938
98383
984336
277102
271708
270779
479720
1750336
283914
179690
98112
983987
276222
268968
271600
476853
1752236
257626
180456
97740
983365
277555
272089
270974
480181
1750857
271320
163291
97873
984197
277831
272695
271347
532349
1789748
270869
159826
98198
1029325
276630
273411
271400
475439
1751689
269236
135694
97620
983091
277443
272845
270153
476187
1752230
259169
180303
97896
983956
277390
272838
271147
478253
1751736
261338
154610
97411
984350
277329
270450
270360
474441
1751068
269908
137162
97787
984040
277563
309871
272426
481187
1751253
258734
153658
115525
982994
276283
271594
270897
479500
1751189
267643
176901
98071
984254
276816
269629
271810
518151
1751251
268556
173135
--STOP--
++STRT++
97220
984884
276979
280266
348902
474946
1824330
331960
154884
98127
984196
276413
268978
271716
476588
1750616
262472
153660
98656
983375
276865
270646
270297
475885
1793071
280817
157241
98295
1021554
276630
271766
272564
478283
1752262
281893
137405
97653
983659
276887
272870
272933
480408
1752560
257715
137128
97909
982116
277363
271603
271170
551787
1794292
271604
158757
97440
984504
277138
268927
311207
480360
1752238
260544
183076
98008
984064
277471
273959
271705
481075
1750568
258973
177829
97474
984409
276975
277110
271301
476596
1791361
317111
141609
97972
984049
275637
272535
272580
480806
1753044
296611
134502
98169
983514
276824
272179
270424
479588
1751675
260079
160343
97626
984223
276854
271285
270158
475028
1750695
267172
159594
--STOP--
++STRT++
97670
983022
277718
274154
270734
475926
1751710
281513
195736
98874
982734
278153
272400
300776
476013
1782200
284495
179913
98004
982342
276933
269204
270795
478895
1751173
269438
162818
97754
985031
276336
272483
269577
479597
1751445
260880
182743
98769
982891
277419
304515
271000
476106
1751352
309809
134310
98998
983796
277950
268608
271248
480331
1752250
311830
160966
97266
983835
277948
265057
271288
475801
1750989
295224
134548
98414
982957
277648
272888
271692
475916
1751550
259245
182295
97449
984258
276098
274765
270783
480285
1751573
283627
158397
97850
984087
276322
273532
273346
481078
1750835
269502
155766
98486
983915
277957
270450
271224
479995
1753045
260024
180456
97639
983945
276299
270897
272552
479260
1751781
279334
158489
--STOP--
++STRT++
98110
983592
277881
274122
271110
474890
1750779
282729
157811
97805
984124
276757
270805
311336
475818
1781061
267880
158949
98011
983548
277695
271546
270772
477467
1751422
268188
135379
97448
982945
276401
272679
273426
479832
1750634
268927
161250
98536
984421
277407
267882
271776
478474
1750586
268649
159363
97443
984391
276744
271737
270706
479258
1751468
267864
183187
97267
984111
277433
270602
270610
547147
1803705
259772
159135
98326
983331
277376
273456
271533
480106
1751664
284996
155488
98462
984100
277624
275270
271207
504610
1779234
271322
161850
97398
983944
276338
272519
314822
480638
1780040
269089
158095
98253
983802
278239
271600
270657
479118
1750983
282907
133963
98165
983499
277438
268095
271368
474825
1751879
267306
180580
--STOP--
++STRT++
98313
983602
276705
272658
271658
475448
1750542
268536
157767
97675
982883
277829
273188
270595
478088
1790288
267738
156833
97883
983976
276588
272959
271850
479830
1751831
260362
158860
97385
984394
277611
271502
272295
479232
1750474
268342
138189
98751
984304
276865
274996
271233
475669
1750005
278916
160179
98141
983537
276915
269906
272479
479627
1751367
260180
197526
97524
982958
276113
272680
271569
477147
1750508
297344
181929
97741
983592
276951
271934
271259
476079
1752454
258628
161088
97781
983124
276371
272981
272669
479108
1752918
260849
135965
97457
1030397
276580
275067
270645
480102
1752135
271617
139913
97570
984048
276664
268295
270107
478440
1750298
268758
159685
97134
983442
276514
268033
271150
478924
1752009
268675
136894
--STOP--
++STRT++
98113
984302
277253
274191
345742
474749
1826564
327070
136692
98227
983639
276386
270915
271326
478762
1751516
281286
180490
97693
984376
276137
270210
271669
478638
1793849
268559
136966
97306
984492
277549
267146
271558
480453
1750009
272175
155890
97534
984048
276684
268948
271757
474997
1750958
260050
153907
98346
983395
276140
274616
271645
474823
1793186
271348
158762
97405
984165
276967
266490
270677
480310
1751010
282103
136467
98144
984449
277190
273419
270406
475023
1751883
267437
156828
97448
982954
275977
270527
272555
475753
1751391
255380
155818
97536
983298
276686
275926
271004
476342
1791857
267608
174363
98268
984131
276568
273204
271089
480310
1752527
269771
164470
97667
983485
276052
273105
271282
476115
1751154
260131
137749
--STOP--
++STRT++
97354
983453
275868
272595
271660
476438
1751756
268115
195567
98632
1069220
277012
273212
273102
476226
1752661
267075
175453
98018
983519
277988
271511
270245
480924
1750882
268978
178794
97412
983401
277170
272701
272217
480167
1750674
257561
160299
97704
983851
277213
271536
313198
480097
1750274
267919
160150
97405
982923
276806
272226
272121
477979
1751905
296835
158242
98000
984026
277212
271808
272236
479743
1752174
283206
159492
97328
983190
277622
271781
271889
475061
1750575
260270
171717
98203
983240
276829
272579
270964
475543
1751726
282334
156126
97742
983375
277375
271835
272562
475663
1751142
267532
159591
101956
1035436
313738
272759
270488
475187
1751688
270111
158775
98860
983759
277590
271592
271489
479586
1752238
259446
155829
--STOP--
++STRT++
97288
985126
277956
272698
270244
476138
1751539
260355
138668
98000
983869
276774
274382
271344
477560
1792400
261695
185462
97959
1067562
276456
272806
270233
479644
1751990
280423
160134
98197
984558
276600
273967
271760
475581
1751524
268360
159309
98093
984946
277466
272556
270539
477952
1750745
283506
141817
97190
983860
277715
265761
271620
475494
1750749
283612
181878
98174
983265
276378
272628
270905
476137
1750719
261021
157520
97360
983693
306951
273496
271368
475497
1751780
266290
182708
98047
983704
277708
272929
270122
479107
1751561
269259
158015
98167
984769
277129
273331
272984
479754
1793572
316759
160921
98188
983975
276667
272304
271252
524091
1831223
297873
152684
97830
1063504
276195
271956
272173
477907
1751852
268704
195159
--STOP--
++STRT++
98065
984185
277647
273578
272405
479674
1750359
283539
164265
98050
984179
277815
275737
271206
479426
1781610
300993
178562
97293
984373
276917
272717
270007
475055
1750666
281721
141207
97621
983504
276802
274063
271401
476357
1788231
268125
198162
97320
983352
276339
270719
270730
475977
1751339
258969
182127
98204
983522
276858
348747
270394
476127
1750910
269494
136976
98242
983600
276606
272558
271041
475189
1751733
282881
155356
98087
984182
276575
308648
270062
474783
1751804
260929
152226
97482
983870
276289
272266
270136
479746
1752179
269229
155228
97433
984583
275851
266520
269912
517551
1781679
269133
139031
97475
983878
278016
270346
269682
554718
1796433
312760
228473
147343
1064137
277253
272998
271384
476828
1751772
267518
158001
--STOP--
++STRT++
97873
1020702
276696
268893
271649
479521
1752628
259530
157085
97673
983953
276798
266654
270351
475761
1750261
266745
133314
97989
983999
276524
268347
269537
476522
1793412
282535
197231
97996
985011
277281
271345
271930
480491
1751682
260317
136891
97895
984228
276746
268944
271116
476459
1751565
263454
174863
97469
984794
276827
271586
270915
476342
1750658
259111
161096
98210
983314
276626
272147
271741
517665
1782214
283095
163541
98230
984208
277570
272474
271199
476910
1751235
296515
138052
98391
983644
276661
273232
271175
475097
1787436
282409
161603
98093
983543
277076
273606
270337
475790
1751357
269289
208558
97186
1067229
322506
270939
271500
479147
1751736
267171
137138
97573
983614
276276
272062
270247
475022
1751166
282491
158356
--STOP--
++STRT++
97394
983484
277191
270705
271972
478228
1751560
269636
198134
97818
982970
276576
269105
271582
550258
1793026
260184
136782
97470
984668
275991
270643
271879
480495
1751922
268235
157327
98396
983348
276198
269987
271763
476712
1751146
283770
153823
98417
984616
275981
272444
304682
478555
1803657
268470
177067
98412
1034664
276181
270861
270864
475364
1751969
270008
183612
97676
983848
277875
269010
270410
475625
1751183
262898
159947
98420
983488
276910
270736
269969
476200
1784361
282279
158739
97891
1027957
277127
271916
272597
474946
1751094
270357
160245
97337
1058544
319626
269405
270765
476044
1752112
270397
138005
97353
983975
276847
270128
271684
475234
1751626
296635
162173
98242
982693
276591
275324
271329
480095
1751580
268367
182485
--STOP--
++STRT++
97331
982956
277301
269843
272152
476160
1752733
270553
159698
97994
1067122
277678
273335
270521
477349
1751364
269063
139613
98439
984000
277629
273977
272927
476906
1751860
297980
161138
98208
1048340
277385
272369
269598
480231
1751383
303054
162612
97879
983640
277680
272596
272115
479427
1750228
285539
182160
98047
984374
276625
273733
273275
479825
1789009
278154
181947
98004
984039
277266
272373
271483
517164
1823476
268595
222624
98218
1030403
277062
271456
270867
479766
1750004
266422
138052
97990
983147
278482
310855
273277
476350
1751331
267660
172783
98070
984694
277535
273607
271773
476503
1751550
269821
183145
98216
983998
276435
273699
272490
478788
1751751
255671
195392
97650
1072901
278213
269693
271990
480221
1751037
259654
156912
--STOP--
++STRT++
98146
985373
277247
271583
270526
479383
1829457
282868
138830
98091
983799
276622
270953
271484
474643
1751199
268161
136759
97869
983774
276053
272686
271701
475919
1751540
282993
136766
97419
984723
277624
269315
271628
479670
1751522
294503
154816
97707
983968
277610
271876
270496
510506
1806954
270836
183493
97891
984032
277912
270511
272125
479748
1751411
259917
153835
98438
983497
277675
272577
270741
479605
1752465
282280
193122
98036
984588
277424
274170
271892
475969
1750471
270149
160768
98276
983807
276999
271737
273624
478581
1785088
269317
158777
97661
984718
276026
274083
271025
475732
1751026
260270
131938
98282
983786
277737
271235
270123
479320
1790994
260569
136713
97507
984401
276871
273256
269679
478141
1750716
258644
208607
--STOP--
++STRT++
98625
1019951
276993
269316
269422
475314
1751465
268369
158317
97765
984684
277298
272645
271209
474591
1753163
284090
159028
97575
983447
276427
268546
272561
475008
1751483
271455
155393
97835
982742
276894
274005
272116
478612
1749832
258805
153940
97608
983114
276977
316903
271685
476615
1752655
261348
180592
97680
984741
276916
271701
270599
479158
1752541
268758
157480
97297
984561
277566
271214
270871
479330
1751400
267426
181298
98408
983831
277220
271621
270478
478285
1750417
284869
181743
97423
984142
276575
312806
271664
479533
1750712
268706
154924
98463
983479
276660
271967
271737
479672
1751668
258825
160475
97518
983975
277382
271443
271017
477102
1751254
256446
154817
97608
983356
277374
268907
271993
479290
1751106
260680
156708
--STOP--
++STRT++
97538
1040466
318897
272754
269588
480197
1751292
271243
159806
98349
983854
276475
272381
271130
476849
1751326
283861
137402
98413
982405
276043
269323
271812
475199
1751569
269169
158802
98437
983983
277016
272480
271788
480299
1779842
265973
139210
98687
983167
277700
268736
272324
476604
1750923
269559
182860
98230
983607
276013
270666
270422
477185
1750814
280932
182551
97802
983463
276919
272125
273115
480669
1751666
281636
161116
97695
983693
276756
274565
271622
475522
1751225
259013
135980
97652
984047
277336
269811
271764
476542
1750354
282768
173644
97679
984584
277401
270618
272311
480318
1751974
260460
156797
98487
984603
277340
271579
270051
475060
1750686
257214
154697
98173
984128
277337
271874
270268
479588
1750858
282362
177564
--STOP--
++STRT++
97455
984355
277874
346206
272134
481002
1752301
280080
157644
97484
984592
277589
271485
272169
478744
1751595
288585
177976
97391
984126
276616
276314
270712
479626
1822576
309826
209400
97345
983765
277716
311530
271225
478363
1751799
284275
135419
97336
983135
276120
317411
272016
478546
1752930
259120
155402
98019
983206
277981
271462
270715
476201
1750346
270827
137134
97429
983454
275774
271459
271764
480137
1777451
268011
158652
97290
983552
277674
307569
271153
481068
1751982
283849
137407
98286
984619
276202
273694
271705
480039
1751729
258193
163107
98207
982985
277019
272463
272417
475663
1750653
298698
160633
97552
1033512
314765
267504
270876
476341
1751183
269835
198885
97682
984502
276431
271777
271149
476702
1750269
294870
159648
--STOP--
++STRT++
97257
984155
276868
272312
270094
479461
1751134
272566
131117
97658
983601
277296
271670
272151
476015
1750977
283831
156711
97884
984508
277045
272283
272720
478527
1752050
284385
139656
97415
982565
276838
270692
271742
475769
1750756
266898
162239
97644
983956
276472
271518
270423
480418
1754027
295062
159105
97297
982833
276213
273683
270662
479742
1752317
259697
174517
97986
983076
276792
272177
270872
474542
1751336
269698
157253
98180
983271
277389
272994
269575
475013
1751226
287395
134251
97336
984120
277165
271640
271652
474449
1751632
283620
137427
97537
984014
276335
272346
270903
474969
1751900
260870
181625
97964
983691
277631
271985
271300
478025
1752148
257944
159562
178651
1027953
276573
269870
271584
474163
1751503
266173
160851
--STOP--
++STRT++
97193
983825
276702
271716
270740
479800
1751535
278949
158614
98053
984612
276243
272378
271096
475975
1751560
289963
157149
97388
1017148
277842
273614
271569
475328
1764743
260430
137843
97587
983381
276088
273540
270864
476406
1751684
260440
138274
97791
983859
276863
272114
338992
478804
1807506
270614
159417
98450
983792
277461
271709
270609
476452
1790400
271083
180102
97618
984280
276698
273272
272200
479054
1750700
285527
151705
98372
984482
275942
271128
271461
478730
1751855
267096
178591
97734
984919
277504
274053
270782
477033
1750914
282596
155323
97681
984301
277454
272532
271430
479671
1751014
280592
135783
98220
983263
276601
301314
269453
479627
1795096
315839
156680
97922
984200
277476
272652
271265
478189
1749990
269937
160914
--STOP--
++STRT++
97900
984827
276740
272294
271623
480291
1751921
271862
137217
97249
984293
277579
273188
271489
479797
1752733
268277
172194
98046
983788
276379
268998
271850
477157
1752653
267178
135635
97304
983491
276210
268140
270730
474439
1750965
260000
181503
97279
983735
276217
270225
271271
475484
1751949
262719
157705
98223
984362
277046
274271
271343
476270
1750600
269889
174341
98312
983135
276610
273083
269804
476249
1751004
256271
135910
97230
983836
277372
270815
271543
477100
1751543
284152
195218
97663
984266
277118
270475
272759
478037
1791855
296948
138823
97368
984204
276506
272568
271210
481100
1751927
267831
158654
98088
983908
277424
272742
271111
475430
1783623
268088
159945
97183
983718
276566
268114
270927
477103
1751670
270709
181286
--STOP--
++STRT++
97227
985148
276661
271594
271026
480932
1751904
269014
135455
97507
984172
277519
269075
270470
547938
1797956
270621
161388
97492
984618
276547
272005
270701
474920
1751286
266227
162364
97671
983182
277660
268627
273542
486129
1750959
299619
155990
97127
982828
275828
265719
273144
475240
1750469
253211
172870
98683
983602
276459
271668
271343
476201
1783781
269856
212586
98482
1031651
276616
271719
271495
479832
1751646
259303
179705
97842
982809
277784
273017
271628
474954
1751434
281408
180276
98009
983351
277539
269260
270720
476375
1751615
281394
197099
97813
982879
275907
273561
272904
479316
1824575
264823
158588
184204
1033538
276317
270063
271986
474838
1751942
268872
155686
97690
984003
277301
269848
271864
475373
1752634
275020
159876
--STOP--
++STRT++
97475
983013
277125
272435
272044
474888
1750414
270166
162228
97692
983495
276396
270439
300321
480048
1779681
281756
161719
97559
983409
277770
272273
271055
479111
1751706
269777
208449
97276
983836
277611
274588
272271
474622
1751140
269183
209228
97393
984460
276849
272556
270973
477512
1750822
282286
160737
97938
983742
276243
272524
270508
553449
1792784
271537
157626
97622
984531
276610
270713
269696
476098
1751353
274900
195443
97870
984216
276896
350001
270451
474532
1791416
259297
139768
97517
984180
276299
271785
271771
479608
1750977
256768
158527
98243
984237
277670
269987
271829
477271
1751737
268184
195103
97619
985253
277002
270778
271946
477253
1750312
258948
179286
98553
983453
276425
272841
269515
476684
1752664
268869
158285
--STOP--
++STRT++
97974
984569
277432
273668
271392
475163
1823896
280744
139048
98261
1036736
276691
272552
271207
479993
1751668
259378
156869
98488
983570
277457
271700
270516
479638
1751253
288023
154928
97711
984270
277326
272425
308846
505677
1791086
262239
175008
97895
983922
277717
270542
269483
475172
1751772
261309
182267
98775
984194
276483
273461
272789
479439
1750448
269801
136876
98378
983800
276884
273680
272598
479992
1792918
267436
155640
97478
1039952
276538
272506
270199
478295
1750873
294972
154649
97472
984305
277178
271614
271551
475651
1751236
267705
157839
97234
984661
276969
268824
269485
476430
1751880
268750
198525
97644
984448
278133
271636
272645
479049
1750345
281730
135194
98173
984239
276891
272814
271794
475260
1751167
253861
179520
--STOP--
++STRT++
97264
984515
275811
271892
273150
479282
1751046
260255
184685
98341
1037865
312602
272176
269744
475484
1751266
260164
184175
99872
983069
277552
272030
271200
476364
1750897
259533
161500
97770
984405
277409
269849
271036
474613
1785407
270971
182025
98014
983146
276714
272115
270812
475985
1751205
268367
157418
98465
983702
277065
271829
271044
476389
1752572
267392
159602
97238
983557
277392
271557
272414
479867
1751802
298171
176980
98478
983043
276137
268257
272885
475129
1750700
258962
178425
98338
983452
276745
268145
271190
477134
1751680
268084
141526
97518
983349
277481
274004
271810
474854
1750778
269343
140456
97699
983660
277512
271974
271991
508793
1784499
259105
138617
98799
984753
277120
267121
272064
476505
1751735
266726
136340
--STOP--
++STRT++
97254
983589
277440
272074
272074
480369
1750426
261032
195856
97692
984405
276538
270916
270317
479904
1751591
258704
160249
98198
982722
276701
269296
272313
479426
1751779
281698
184408
97682
983874
277703
273191
271095
479727
1790733
269475
157194
98104
1028443
276063
272212
271849
475426
1750616
268367
180370
98046
982796
277542
270950
270401
480124
1750622
264136
154940
98246
983804
276372
273145
270176
479163
1751659
269026
155143
97290
983585
277707
271556
271192
476082
1752350
260770
134643
97466
984786
277537
272151
270839
477939
1781819
258918
196726
98119
1058622
276900
271591
273415
479384
1751805
258757
161059
112292
982849
276605
271915
270379
479379
1750813
256425
138758
98245
984127
276586
269948
270595
476596
1751161
280810
137758
--STOP--
++STRT++
97548
983469
277373
271789
270202
480119
1751252
260958
181529
98076
985134
277745
268494
270954
480149
1751394
280539
158922
98167
983511
276358
271601
270848
479425
1751510
264157
173364
98241
983806
276586
279566
271704
475079
1793725
266293
135240
98406
1071287
324469
269720
271295
479569
1751975
283839
180961
97448
983734
277238
313743
271323
474812
1750521
285603
182111
98528
983789
277719
274313
270978
479421
1751626
269603
157696
97274
982355
276906
273556
271493
479619
1751818
281024
182422
98138
983992
276791
269942
272470
479554
1751621
281199
181745
97587
983934
276606
269885
271269
479103
1751933
283716
198399
98732
983042
276690
273733
269123
479328
1751536
267758
179722
98303
984194
276955
269655
270585
475189
1753337
263546
185545
--STOP--
++STRT++
98034
983841
277047
272713
271367
474478
1751002
259593
138273
98103
983021
277659
271494
271696
475055
1784625
319969
136415
97966
983558
276253
272594
272202
480651
1750248
263791
173191
98012
983530
276172
274091
270972
479913
1752051
267976
132957
97918
984064
277319
273239
270836
480253
1752244
274942
158889
98613
984783
277670
272453
270590
477084
1825893
262258
159553
97497
984202
276144
273210
270388
561362
1785855
273240
141054
97763
1065035
277243
266793
270381
475317
1751645
256023
134769
98060
983571
276763
272801
272877
475091
1751954
299410
182455
97860
984685
277309
271196
270518
480674
1779787
296649
159596
98595
984418
276385
271890
270626
478986
1752326
268338
178757
98174
984894
277163
272666
271367
474969
1752693
267061
197972
--STOP--
++STRT++
97387
984181
277186
271640
271753
480304
1821442
259596
131558
97469
984097
277277
273328
271427
478823
1751116
258757
135598
97710
983663
277655
275013
271633
475259
1751761
265676
135926
98108
984916
276969
270719
272585
479224
1750615
268429
155810
98842
983475
276160
271553
315966
476084
1806219
268806
160682
97201
983984
276828
272755
270843
550695
1792095
272312
156898
98074
984579
277169
273235
270249
479703
1750438
258399
158564
115213
983402
277432
271211
270532
474514
1751111
269055
142121
98363
983397
276762
270535
271141
474312
1750887
284071
156144
97337
983757
276327
271180
273059
479075
1752016
259274
139473
97922
983143
277219
271603
271467
479069
1801276
269341
162798
97367
984921
278087
272175
270777
476491
1751067
272431
179701
--STOP--
++STRT++
97290
983585
276597
273004
271165
480735
1751823
268896
132678
98153
983883
278187
272362
269578
480383
1749638
297155
175737
97485
984373
277630
272084
270667
480166
1751886
259139
139662
97874
983474
277329
272226
271784
518562
1782673
270296
175617
97652
984702
276509
271330
271504
480163
1752683
259532
176369
97845
984594
276033
268049
271563
479009
1752087
283031
137771
97876
983768
276257
271110
272452
475007
1750097
265090
179861
97524
984217
278047
267215
271120
479705
1751516
258358
157316
98038
984276
276210
272889
270631
479631
1784861
278157
193818
97610
982775
277534
273453
271325
479700
1752913
260973
158975
97709
984897
276591
271673
269562
476898
1751141
270906
158973
98985
983241
276767
270289
271006
563391
1799901
270272
180666
--STOP--
++STRT++
98157
984815
276056
273198
272775
475759
1751296
268391
137633
97634
983513
276097
271942
272329
476144
1752608
281638
156372
97193
983700
277513
271544
271373
478635
1794567
283601
162456
97498
1061471
317759
272375
272024
480993
1751135
269108
139173
98352
984661
278203
270494
270635
481224
1751661
260310
155082
98263
983636
276516
271510
271852
475507
1751482
258159
140297
98371
1028159
350576
272535
270692
475545
1751796
267874
183918
97594
984107
276852
271657
271082
476904
1750699
267820
161540
98064
983969
276427
268152
272947
506840
1801884
337604
159382
98658
984835
277025
270444
271137
479627
1751258
262770
157443
98478
982929
276746
269730
269609
479428
1751353
281082
158495
97429
985036
276977
273194
272855
480916
1751721
259763
158369
--STOP--
++STRT++
97618
983637
276827
274787
272222
479236
1820435
280752
158539
99470
984173
276722
275754
270207
476237
1752173
269592
196974
98775
984009
276171
271928
272057
480449
1752373
268782
183963
97876
985019
277608
272996
272746
474755
1751054
282722
161421
97624
983076
276744
272283
271222
481038
1751657
265532
136438
98135
983856
277451
271312
271971
479264
1751911
318541
161547
98269
984399
276900
272551
271902
477397
1751072
270032
195555
98609
984285
276242
272600
272737
476038
1781392
304359
155155
97258
984849
276338
271933
270828
480088
1751020
259514
160302
97295
984465
277668
269554
272517
480471
1751323
270413
159246
97430
984882
276397
342306
270439
480411
1798537
358262
159874
98693
984291
277266
270926
272263
479336
1751240
266540
163128
--STOP--
++STRT++
97825
983427
276631
268747
270842
476476
1752583
287665
135360
97515
983762
277420
269962
271047
478964
1750424
258531
136591
97223
984077
276127
271256
272090
476845
1793923
262848
182604
97603
983530
277240
273385
271648
480074
1751775
267716
135958
98772
983496
277613
272537
270804
480100
1752026
283661
139173
97764
983333
278020
271457
272459
480097
1750865
269033
180403
97383
984522
275827
272897
270425
479850
1752347
268416
137541
97365
984503
278156
267476
271418
475313
1751931
260777
156103
97993
984764
276313
271459
271207
478237
1751145
260832
174067
97827
983962
276279
308200
272256
476368
1751705
260797
159966
97956
984296
277311
267074
270959
480254
1752336
270864
165157
97405
983411
276979
273514
272504
479811
1751783
267599
159323
--STOP--
++STRT++
97346
983312
277034
272183
269915
479547
1750710
268701
158389
98515
983144
276453
347323
270949
478727
1750610
268353
138887
97855
984092
276221
272616
271508
474574
1751230
260935
134887
97431
983993
276111
270688
271822
479206
1781510
269108
184580
98071
983627
275768
270142
271257
475039
1751700
259463
152302
98479
984372
277051
271980
271759
476504
1751900
296461
138099
97976
983979
275916
272260
271123
547674
1792322
262343
135006
98256
984302
277580
271466
271321
476064
1796035
267997
156102
97766
1054718
277924
271137
271002
478411
1751036
262429
182429
98001
984023
277527
267088
270677
480163
1751866
285403
135192
98211
983302
277465
273591
272119
476740
1791906
281489
139191
97563
984906
276049
351861
272211
475271
1750439
266923
137016
--STOP--
++STRT++
98013
983102
277343
271599
271300
475889
1751880
269533
161925
98081
984526
277212
271251
270310
502540
1781515
285388
182913
98419
983334
276238
270495
269592
477220
1751332
268850
197618
98594
985106
277317
265469
272075
475660
1752028
297538
137291
98304
983961
277045
272285
271411
518855
1788336
285576
136162
97622
983897
276625
270955
272587
475650
1790009
268516
160230
97442
982544
277098
271405
270517
478936
1751628
268925
177307
97939
983087
276562
269553
271236
502384
1775913
261007
180291
98245
984465
276577
271789
269452
480656
1750978
266730
157416
98303
983591
276515
270864
270935
479849
1751774
268525
162151
97917
984390
277218
273689
271384
478342
1793021
260273
133567
98010
983954
276876
271197
302092
479374
1782185
257938
156769
--STOP--
++STRT++
97389
1040842
277858
271396
271414
475082
1752584
284456
137927
98065
984653
276135
275810
271871
475732
1751519
261767
138984
98939
984447
277487
271123
270112
477194
1752048
284449
180294
97597
982834
275993
273198
271163
479841
1751892
267417
135432
97612
984080
277425
271830
271738
475980
1794322
270253
162196
98453
1014107
305718
272464
270936
479434
1752862
267609
159109
98141
983044
277509
268429
270323
475175
1751943
259384
193196
97268
985606
277888
271569
271802
479895
1751933
283126
178356
98541
984588
275901
273416
270551
520971
1794319
270694
135867
97839
982809
277827
272623
270941
478827
1752682
282086
181351
97564
982989
277245
271679
272731
480089
1751332
266475
199685
97718
983929
277246
271059
270632
478552
1751600
292511
132506
--STOP--
++STRT++
97701
982751
276642
273462
270986
475779
1750927
259647
137441
97754
982498
276726
273160
270799
479174
1752132
257614
139174
98417
983655
275884
305166
272138
479563
1824852
268148
136736
98216
982713
277297
269086
271474
480384
1751949
259576
179001
97908
983282
277226
271614
269369
474807
1751418
265979
139472
97745
984202
277823
274558
271459
479399
1751237
260995
154876
97292
985391
276761
267408
270673
480470
1752183
284126
136494
97809
984124
276835
271566
272780
505593
1799217
263760
156188
98110
983340
277869
272200
270857
478301
1752728
269355
137115
98138
984063
276635
270991
270443
479239
1750370
269531
156082
98838
983754
276829
270339
271691
474824
1751741
272003
134251
98173
983222
278565
313375
269603
476363
1782914
257320
199750
--STOP--
++STRT++
97548
983705
277060
274307
270421
480100
1751786
259524
134061
98244
983448
276086
272880
272113
477152
1793208
258064
159953
144045
984009
276246
272453
272206
479504
1751623
298388
195790
98821
984697
277240
275347
271010
479544
1751146
280864
182208
97935
997023
277327
273130
272136
479628
1751397
266318
158647
98160
983554
276088
271826
270298
515343
1783057
257870
184076
98705
984072
278005
273015
269519
480564
1750653
298431
136307
97892
984040
276210
271092
271913
479235
1750991
258998
159552
97338
983030
276953
267508
270859
508841
1825129
261216
207006
97451
1027358
277944
273698
271837
480294
1752551
284969
195938
97668
984106
276413
269026
270221
476398
1751144
265237
181701
98381
984373
276825
272956
271189
479940
1751741
268680
138821
--STOP--
++STRT++
98073
1023752
277745
352684
270597
479121
1751708
267344
132321
97585
983744
276122
305691
272787
479537
1751481
259628
155271
97604
983832
276293
271148
270231
479059
1751240
268635
163298
98180
984647
277176
271571
270935
478766
1751201
275049
140209
98240
983659
276299
274860
270511
511189
1805499
260338
158071
98156
983315
276549
272098
271648
480488
1751097
259900
181551
97885
984154
276989
270511
270741
477328
1753220
268958
156676
97686
1024876
277969
271383
270699
478800
1751835
268960
158207
98300
983697
276809
272657
272119
474669
1793338
260922
179853
97337
1057154
275774
274443
271017
477339
1752557
269138
160568
97923
983539
277140
272810
270946
475404
1751203
295360
184942
98100
984884
277055
267667
272010
476300
1752157
284716
158913
--STOP--
++STRT++
97353
984781
277216
272805
345003
475603
1835890
309020
182610
97554
983953
277389
266873
270806
474465
1752275
259635
180743
97802
983725
276941
275503
270706
479054
1751650
296529
132156
97850
984321
276253
269727
271029
475430
1750801
259848
140137
97124
983589
277331
274627
269737
479354
1795573
258742
162869
98420
984646
276075
272888
270043
475222
1751637
264887
157598
97979
984681
275785
268505
270382
480480
1752104
267093
158706
98590
982687
277208
272921
271039
480298
1793146
284059
136982
97652
983997
277307
269774
272124
513224
1827216
298268
164405
97741
1023493
277558
269843
271572
480427
1752609
283625
158523
98006
984337
277208
270797
271268
479636
1752332
268474
175663
97991
984151
277037
271196
271925
479148
1751156
295080
139925
--STOP--
++STRT++
97268
983663
277876
272209
271405
475932
1751272
260436
180855
98472
985199
276775
265740
270357
475440
1794005
282889
137159
97779
982825
277055
269481
271029
479876
1751955
267680
181246
98188
983401
276311
271803
270031
476230
1750336
259571
162854
97911
984697
277410
272186
271824
475136
1752143
269675
199198
97536
984510
277511
271951
273035
478670
1801234
267993
155001
97519
1017814
279022
268887
270070
475628
1751643
281421
176340
97757
984198
276990
272969
271687
476445
1751922
265503
177948
97892
983417
277220
268670
270321
475508
1785597
269956
200014
97619
984008
277139
270822
271637
548709
1796175
312176
206135
144809
1067020
277661
273304
270467
480054
1751700
282519
138248
97534
984082
276718
270297
270938
480024
1752193
262102
179798
--STOP--
++STRT++
98163
983296
276286
272908
271910
475243
1751230
275195
156768
98148
983526
276703
273072
303130
475115
1780707
267369
137737
98097
985097
277089
270845
270842
476732
1752041
263208
182738
97145
983547
277692
273288
269416
479297
1752298
260313
179400
97792
983192
277690
271214
271635
474741
1785908
283326
141864
98805
1017457
276677
271742
271300
479563
1751029
269126
159826
113086
984698
276294
268725
271731
475312
1751133
268731
139211
97364
984228
277775
273428
299896
479784
1776402
269226
161489
97770
983689
277536
273102
271311
475541
1752044
283786
178259
97871
984319
276851
276640
271182
474277
1787149
268047
180670
98515
1072560
322304
274507
270977
476258
1751272
281892
137937
98572
984752
276370
271544
272002
480063
1751887
284977
160692
--STOP--
++STRT++
97516
984410
277500
271406
272363
479740
1751217
267153
139523
97889
983890
277622
342431
270568
477068
1751271
268121
137771
98515
983052
276895
272993
271860
475345
1751984
271236
136461
97883
983698
277147
269820
270583
515766
1784991
287026
140770
97485
983425
277560
268395
271568
479360
1750466
283541
134077
97255
983414
276171
273622
270910
479907
1751224
282536
179932
97766
984909
276595
270513
269978
475587
1751766
259132
159699
98392
984598
278176
275930
271348
475072
1752187
271277
162384
97909
983982
276745
270755
271229
474669
1751214
267486
194047
98081
983807
276462
272640
270987
476460
1752585
269717
140463
97914
984192
276969
272137
271570
479925
1751927
258538
161113
98276
984206
277090
271944
271364
476277
1751849
259618
137725
--STOP--
