++STRT++
526312
1448984
387755
357215
362999
526535
2413648
363802
247788
527066
1448861
388546
359257
363740
532043
2414259
353687
224752
526396
1450659
388395
352540
362938
530581
2415283
359868
282289
--STOP--
++STRT++
527542
1449844
387857
359338
362731
530270
2416140
376820
283044
529119
1449603
388200
356718
362395
529146
2411296
360853
221671
526062
1480382
388073
355378
362727
530253
2414112
383265
283577
--STOP--
++STRT++
527061
1448424
387253
354754
363859
531520
2414606
361574
248810
526293
1490378
387115
355729
363275
528581
2413401
357943
223885
526420
1449993
387328
354023
362742
526966
2414333
349973
248939
--STOP--
++STRT++
526808
1448098
388065
356023
363537
526655
2413485
356857
242369
527133
1448794
387200
357919
363277
527083
2415010
362503
266592
527130
1449955
388527
352640
362351
530496
2414288
386917
249035
--STOP--
++STRT++
526794
1448892
387511
356593
365120
530963
2414593
363281
247575
527345
1448028
387631
356161
362840
526370
2412659
360823
245998
526254
1448844
387432
353648
363278
531083
2416610
372383
246880
--STOP--
++STRT++
526860
1449552
387691
354882
364101
524359
2414338
360147
225647
526332
1449480
387250
357816
364145
526096
2451817
362357
223626
526871
1450157
387084
356041
363980
530907
2414990
352752
283410
--STOP--
++STRT++
526169
1449491
388062
356415
364023
530649
2412695
371633
222302
527317
1449028
388242
357556
363968
555308
2450958
361797
269118
528070
1450549
387846
353185
364727
598857
2457348
361103
267591
--STOP--
++STRT++
526938
1451150
387299
355045
363313
529304
2411284
354878
269866
526376
1449122
387270
354642
363207
527352
2414106
354754
225563
526410
1481364
387326
355530
363354
526204
2412617
354112
220406
--STOP--
++STRT++
527027
1448350
387588
353221
363932
525387
2414244
353453
268805
526476
1449039
388039
353675
364177
532619
2414162
371767
268409
526435
1448750
388758
351849
362493
529808
2412434
353061
243819
--STOP--
++STRT++
526548
1448812
388079
354701
362592
529742
2415063
354479
223070
526347
1448994
388191
356246
364505
524549
2416740
364967
279737
528477
1449252
388139
355856
363340
531014
2412731
354812
242106
--STOP--
++STRT++
526191
1450008
388244
355929
364059
530943
2414810
375821
246768
526512
1448928
388411
354286
364241
529537
2413807
372145
222581
526530
1527791
388534
356669
363636
525287
2414754
362750
243882
--STOP--
++STRT++
526257
1450302
388465
357005
363530
524017
2413956
359404
245686
527037
1449061
388085
356338
363827
530457
2416183
356187
250251
527174
1482123
388759
407233
364048
524610
2457398
364506
280865
--STOP--
++STRT++
569656
1496920
387845
355506
447997
609453
2465661
362634
242615
526730
1449345
387632
355858
362235
526397
2444602
366331
224804
527208
1449391
387768
355580
364626
526769
2416826
361805
264280
--STOP--
++STRT++
526118
1449497
387606
354239
363569
526185
2414980
354344
222551
526496
1450273
386962
356050
363972
531516
2413129
361153
227488
526225
1449042
387629
353660
363855
529695
2415060
384942
265925
--STOP--
++STRT++
527632
1449847
387139
356481
363861
526991
2502044
419027
244813
526278
1449270
388259
352554
363436
564428
2442963
370254
223072
527114
1449261
387352
355874
363440
529432
2412893
360209
246228
--STOP--
++STRT++
527719
1448791
387506
351353
363186
525770
2413099
361103
247227
526443
1449856
387448
355865
363308
525877
2413436
362459
270610
527007
1449723
387850
356379
394662
525342
2412871
375332
266959
--STOP--
++STRT++
526406
1449286
388520
355532
363702
525795
2450951
356891
247051
526229
1524187
388572
398979
364422
526797
2443946
397221
249894
612664
1451448
388071
356674
364403
529882
2453292
376983
309382
--STOP--
++STRT++
526291
1450958
387837
356441
363466
530425
2410616
352534
245016
526956
1448777
388177
355021
363106
530125
2414925
353782
244684
526414
1450038
388432
354381
363249
530669
2412964
360362
245657
--STOP--
++STRT++
526471
1450129
388284
355393
363152
526142
2414142
362820
242471
527205
1450362
387620
356003
362423
529344
2414262
361311
246054
526661
1448728
386997
355277
363820
529588
2413954
353125
268813
--STOP--
++STRT++
526900
1449624
387731
356887
363235
530879
2497307
415405
259797
570549
1480311
416836
355083
363462
528921
2435693
361084
229155
526319
1491951
387227
354264
363588
530232
2415478
383375
242499
--STOP--
++STRT++
526754
1449978
388553
356330
363837
531028
2414220
355255
222746
527094
1448062
388300
354099
363258
525567
2412193
361876
243417
526209
1450237
386762
357078
363102
528877
2413772
354175
244880
--STOP--
++STRT++
564112
1499254
389292
395939
363392
526592
2497255
354512
222683
526726
1449244
388351
356544
406974
527706
2447166
365400
248483
612135
1450237
388306
422082
363580
524892
2452362
364837
245039
--STOP--
++STRT++
526323
1448207
388458
357046
363362
531931
2414026
363068
222826
527185
1449429
387115
355430
362768
531499
2412367
382084
242199
526299
1449767
387643
356343
363096
530109
2413815
353956
269275
--STOP--
++STRT++
526897
1449205
387928
354001
363000
524609
2411856
363813
268493
526875
1482510
388344
357276
363625
530086
2414076
372512
260623
526508
1493438
388164
357336
363877
526030
2410746
374152
245655
--STOP--
++STRT++
527038
1450454
387506
354589
362753
605328
2498129
373786
247628
526959
1448537
387580
356217
364372
526538
2440933
361127
242651
527253
1486449
387985
353827
363277
531767
2411256
374105
247641
--STOP--
++STRT++
526374
1485861
388434
433381
416068
525604
2492402
354524
247584
526458
1449224
387727
354785
394953
525107
2444977
363422
267519
607301
1525505
388907
355216
364080
528859
2459834
412864
219443
--STOP--
++STRT++
526282
1449180
387877
356417
362153
528718
2412269
362335
247207
526414
1448474
388442
353532
364010
530856
2414220
384370
226275
532107
1481075
388112
354301
363335
530477
2414588
359471
280504
--STOP--
++STRT++
527341
1449979
387238
356566
363701
524558
2411866
376710
248006
526425
1449883
387875
356454
362985
527716
2411315
385470
248819
526866
1450187
387696
354273
363669
525532
2415186
364161
243817
--STOP--
++STRT++
566809
1525007
467243
354647
363827
525714
2484773
356841
364954
526387
1497069
387356
400635
362376
530096
2487089
373782
246167
614221
1450613
387830
353816
399897
528071
2458317
362690
268771
--STOP--
++STRT++
526861
1490888
388655
396922
362687
530507
2487286
359908
267567
528419
1449910
387796
356453
407372
525524
2455686
360976
285766
526486
1449442
387208
355174
403036
528584
2463398
364124
218841
--STOP--
++STRT++
526218
1449002
388597
357566
365375
575655
2488649
355791
267661
527061
1449885
387502
356647
363249
570665
2448437
361804
260125
526580
1449769
387129
356508
363080
524383
2414984
364111
248253
--STOP--
++STRT++
526689
1449304
387797
356178
363178
529796
2413032
361601
224728
527170
1490547
388209
356548
363899
530873
2411944
372654
245729
526939
1449526
387450
354558
364346
531624
2413624
363172
268787
--STOP--
++STRT++
526778
1449683
388315
352888
362598
529410
2421209
360170
244470
526610
1448880
387388
357259
363573
527032
2413638
363339
266312
527057
1449280
387552
354726
362327
525724
2412576
354874
223367
--STOP--
++STRT++
526847
1448241
387425
354930
363658
525695
2503115
389174
247111
526411
1483125
388022
399905
363568
529265
2444939
406365
244617
526901
1449262
387281
356358
363056
525914
2450636
362730
269930
--STOP--
++STRT++
526361
1449150
388236
355734
363846
530629
2411838
360608
247882
527122
1449932
387674
355915
363468
524835
2413978
354961
222314
526435
1490753
387262
356398
364020
526048
2438755
354173
283135
--STOP--
++STRT++
527040
1449778
386895
355216
362896
524987
2412106
363518
281241
526385
1448980
387443
356736
363682
530559
2411908
371438
241884
526488
1450857
387371
355034
362428
525964
2414911
360746
224266
--STOP--
++STRT++
526401
1449749
387305
355989
362876
525332
2415239
375072
242437
527267
1449109
388744
358115
364534
530542
2415044
362365
243548
527998
1448902
386883
354654
362940
524807
2416041
374260
281900
--STOP--
++STRT++
526966
1450451
387568
352812
363289
525567
2449650
437144
270397
582675
1492178
419548
356174
363165
525869
2441725
372285
242882
526339
1485318
418315
352653
362858
526189
2438906
362763
244722
--STOP--
++STRT++
526266
1448918
387663
356019
363026
524976
2414489
360652
221311
526384
1451328
388213
356813
364521
527682
2413958
360669
267583
538443
1450188
388231
354530
363861
525026
2414330
361764
223530
--STOP--
++STRT++
526740
1448682
387992
357108
363566
531173
2414583
373947
245496
526798
1449587
387438
354563
362931
525916
2412955
373350
271207
526485
1449217
387687
355743
363551
554589
2454830
363535
247302
--STOP--
++STRT++
526496
1448661
387877
355857
364106
531770
2413003
360489
223243
527079
1483706
388514
356695
364103
567218
2412858
373453
246752
526209
1449410
387780
356359
363058
530101
2414851
361160
249020
--STOP--
++STRT++
526382
1447842
388027
353373
363757
529137
2413716
351858
246048
526517
1448635
387965
355658
363352
566809
2413132
363737
244020
527131
1450387
388307
351240
363093
530413
2415414
387706
245648
--STOP--
++STRT++
527023
1488608
398811
355519
364704
585023
2454965
372300
246771
526542
1450208
429832
356926
363092
530987
2453636
354347
224520
526290
1448810
387404
355716
363467
529864
2472055
355917
268783
--STOP--
++STRT++
527434
1448926
387973
355817
363970
530367
2410617
356004
268516
526382
1449789
388519
355621
363713
530597
2415832
373421
267636
526766
1448985
387473
358724
364054
525386
2416069
362427
222690
--STOP--
++STRT++
526156
1448658
387955
356895
363788
526988
2414599
353220
249404
526872
1448622
388475
354954
364374
524977
2411111
375541
244130
526245
1449574
387173
358203
363778
526514
2414899
363612
223497
--STOP--
++STRT++
527135
1491535
388715
430975
414078
524621
2469374
362596
250816
527733
1449703
387344
356566
364356
558115
2453463
361497
245764
526615
1448489
388028
355125
363172
603709
2461791
372882
224600
--STOP--
++STRT++
527037
1449310
387576
356874
364516
525358
2411489
360438
221285
526040
1448348
388279
357117
363827
529378
2416455
361827
268717
595532
1449653
388001
351971
363667
526572
2412688
374168
283766
--STOP--
++STRT++
565722
1486756
428443
355932
364058
527682
2454317
377786
269039
526903
1513478
388079
391392
363078
525074
2448309
389331
265651
564241
1492794
458296
354007
363302
529970
2448849
374108
244812
--STOP--
++STRT++
526307
1449857
387529
354723
364768
525913
2414993
355038
248348
526603
1448477
388515
356099
363046
525551
2412887
363504
258941
527264
1449772
387538
357999
363003
530527
2413406
353899
221570
--STOP--
++STRT++
527844
1483892
387838
356426
363776
525900
2415807
361050
221835
526862
1483301
387092
357110
362680
524624
2415076
362334
247608
526289
1494032
387866
353211
363862
529756
2415062
372495
223468
--STOP--
++STRT++
526883
1449516
387439
355477
363637
525789
2423933
362563
246370
526242
1449594
388471
355295
364184
528987
2412783
386395
221680
526186
1448864
388140
353120
362549
524929
2442937
354870
226121
--STOP--
++STRT++
526375
1450798
387388
355709
362680
531737
2487480
374249
221692
526726
1450446
387585
356986
363769
526156
2468270
354085
259903
526806
1450318
387734
354386
443363
526203
2447343
353910
275296
--STOP--
++STRT++
526177
1449708
388556
354552
362415
525328
2412620
353083
244914
526280
1450534
387157
354648
364051
530436
2457275
372742
241510
526348
1449677
387174
353549
362672
555890
2492023
362873
249332
--STOP--
++STRT++
526560
1448199
387260
352834
401956
529081
2413512
359962
245570
528466
1449374
387605
356381
363436
526198
2415769
354372
245689
526417
1450038
387149
357066
363537
530746
2415334
418066
293503
--STOP--
++STRT++
527567
1488996
388763
397702
364213
531619
2446459
374168
241933
527277
1450164
387352
356527
404882
531598
2451643
359260
286641
527292
1451714
388230
353912
403947
525088
2458974
361426
267270
--STOP--
++STRT++
527599
1449900
387892
353072
363486
526523
2414320
361254
219777
526311
1447283
387620
354869
363188
523788
2413407
372507
226197
526652
1449288
387595
352501
362610
526260
2411635
359213
247185
--STOP--
++STRT++
526765
1524065
389926
400816
404023
529864
2461546
375145
247705
527004
1448676
388229
356233
363377
556122
2455995
355319
239643
526162
1449335
388492
356117
362705
529880
2462586
354261
248060
--STOP--
++STRT++
526865
1448655
387407
355755
363319
528266
2412370
362865
262551
526946
1449604
387361
354508
364490
527914
2415859
361168
223135
527319
1449710
387984
357478
363956
531798
2415736
361183
244770
--STOP--
++STRT++
526747
1489276
462153
356656
363511
530544
2455696
373541
242565
526313
1451099
426948
393742
395439
530627
2481815
362601
298985
526283
1450093
388459
357906
363652
529890
2458347
373675
249948
--STOP--
++STRT++
526928
1448838
388399
355324
363553
525531
2455287
358968
313492
528693
1482141
387914
400495
364236
531045
2446607
376767
224027
615388
1516617
387137
355390
363456
525710
2412391
362225
265921
--STOP--
++STRT++
527916
1488048
388841
357127
364617
590202
2453266
373792
244552
526156
1450789
388320
358453
364280
530616
2452272
370593
242867
527417
1449533
387211
357553
363958
526591
2413428
357929
247517
--STOP--
++STRT++
526652
1450083
387600
355481
363522
526305
2412987
353783
282682
526931
1449534
388289
355427
363569
526481
2414670
361097
241452
526368
1489407
387649
351658
364042
525592
2411762
352756
268207
--STOP--
++STRT++
526864
1450166
387204
356531
362524
529089
2413968
353883
223628
527077
1449355
387534
356647
362434
526419
2411988
361456
227937
526400
1449316
388273
355163
362947
530844
2411381
374408
224864
--STOP--
++STRT++
527082
1450432
388192
355844
363147
527312
2413356
355766
248165
526659
1450401
388278
354380
364222
524375
2416069
372324
266802
526213
1448722
388174
355044
363276
531223
2413922
384277
224057
--STOP--
++STRT++
526335
1449745
387925
356966
363400
529012
2530476
365708
245934
585358
1492169
420992
356696
362500
530029
2441649
362878
244840
527019
1496385
387683
354995
363559
531595
2412634
361160
241423
--STOP--
++STRT++
526933
1488347
464583
358471
363479
529730
2471730
361307
245284
526883
1450237
387699
355789
435719
524616
2445648
373856
264824
533852
1529739
388483
357208
362931
524873
2448730
373457
266064
--STOP--
++STRT++
527612
1448717
387845
355106
362711
525725
2411257
361551
246038
527094
1448635
388832
355672
364500
527072
2413067
375396
269821
536957
1447955
387629
356516
363526
524309
2411344
360757
221356
--STOP--
++STRT++
526282
1448476
387760
354772
362976
525753
2412734
372251
224307
526400
1448805
388412
354063
362787
531628
2415638
374989
223592
526397
1450249
388434
352601
363697
570855
2412816
365421
225989
--STOP--
++STRT++
527465
1449445
387519
354233
363033
529403
2414740
363253
272528
532442
1450212
388189
356203
363601
527049
2415608
370727
279964
527184
1518775
425780
352854
364239
526295
2450113
399854
244041
--STOP--
++STRT++
527295
1449512
387587
354844
364149
526227
2411660
372359
242880
526661
1448573
388618
354704
362480
526561
2411437
362087
245959
527150
1448961
387869
356061
363058
526460
2415169
361354
222125
--STOP--
++STRT++
527271
1497828
463502
355932
363637
527348
2463517
375165
244442
527074
1450146
428341
355139
405119
525611
2456156
362631
325000
536568
1522127
388238
357687
363834
524443
2414684
361657
244499
--STOP--
++STRT++
526279
1449279
388021
356779
362546
526903
2411645
364193
223656
526566
1482012
387582
355117
362978
524944
2415269
383329
248798
527584
1491999
387017
355613
364061
524671
2413380
364417
258203
--STOP--
++STRT++
526469
1490837
388198
357443
442518
607458
2463590
384368
224702
526858
1448373
387774
356818
364312
526064
2446827
385314
224382
526305
1449407
387480
355497
363597
559984
2462474
354959
270535
--STOP--
++STRT++
526852
1448711
387663
355503
363910
524462
2459374
436744
266731
612116
1482391
388702
354627
363739
527732
2463399
354248
267523
563778
1490613
388233
354847
362892
529947
2414796
396046
281885
--STOP--
++STRT++
526438
1448682
388721
356777
363635
524882
2413971
361735
242370
526287
1449620
388470
350403
364534
525304
2455919
354852
224710
526942
1517779
387707
355210
364470
530215
2412589
361873
264601
--STOP--
++STRT++
527593
1451133
387628
354234
363710
528268
2411784
374147
224509
526885
1450314
388047
355527
365048
525933
2451190
363666
275966
526324
1450345
387724
354686
402333
530200
2454306
377946
295415
--STOP--
++STRT++
526683
1450883
388574
353604
363036
524847
2411962
352791
227017
526195
1448810
388319
355036
363094
530266
2415001
354766
264623
536269
1449051
387274
354270
363458
529029
2454516
362389
242063
--STOP--
++STRT++
569834
1490620
464482
432567
363658
523666
2451941
360844
245926
526420
1449320
387768
352016
364499
526291
2455939
362980
306787
526675
1527171
388247
427257
404090
526126
2463486
363581
272058
--STOP--
++STRT++
527686
1449550
388357
355451
363334
531850
2413242
373031
269481
527816
1448197
387410
356020
362763
532474
2411538
355168
293996
526786
1496049
387421
356590
363026
526595
2415971
362480
268861
--STOP--
++STRT++
568045
1489966
388478
356872
362843
529378
2493091
362522
270225
526989
1449060
387385
353792
404569
529912
2453963
374182
261956
526768
1449525
387676
356191
404932
530791
2453379
372486
267379
--STOP--
++STRT++
526315
1449563
387244
358687
362933
530978
2411384
363714
281235
528286
1449666
387982
353267
363203
526634
2414172
361451
243124
526328
1447834
387583
355042
363612
529201
2415019
370894
224521
--STOP--
++STRT++
526994
1508483
387099
431356
362861
527381
2486409
366597
285326
526246
1449849
388174
353739
392753
530965
2443639
373489
271722
527335
1450942
387923
351887
363596
531478
2450544
376674
245570
--STOP--
++STRT++
526905
1449423
387520
357127
363997
529114
2414995
353757
249280
531804
1449665
387632
352566
363706
525677
2415718
362387
293227
527115
1448764
388163
356074
363832
558505
2453485
354648
281592
--STOP--
++STRT++
527319
1447804
388618
357150
364292
530298
2415501
355495
226832
526732
1449680
387456
354164
362826
528101
2414014
362512
281477
527205
1449095
387827
357854
363046
529500
2413540
354551
227668
--STOP--
++STRT++
526984
1489539
387731
437432
364028
527066
2445480
376816
225543
526285
1484662
387546
393019
363363
525892
2447176
363091
223608
526186
1482792
387622
351770
362892
525516
2413626
362798
243727
--STOP--
++STRT++
526998
1449242
387510
355556
364207
528376
2415628
354978
267849
526430
1450140
387372
355488
363091
529849
2413894
363737
244895
561038
1479909
420089
355198
364536
529858
2412828
355509
244678
--STOP--
++STRT++
527897
1447672
388164
356061
362999
525603
2413286
374159
223614
526263
1448783
388493
352394
363760
524515
2414962
372415
281339
527167
1451685
388638
357194
363494
531464
2411099
352136
221564
--STOP--
++STRT++
527609
1526056
387880
406509
364618
530750
2459609
356261
248724
526274
1451493
387437
355867
363062
530457
2453212
355777
224989
526258
1450468
387688
353859
406085
531726
2458014
356316
305700
--STOP--
++STRT++
566598
1524656
389184
357811
363559
526357
2445472
377864
271004
526783
1527568
388496
386951
363598
526053
2453951
367376
224090
567718
1526198
388327
383448
363705
530123
2458331
387710
266301
--STOP--
++STRT++
526844
1450866
387437
352409
361730
525454
2413187
351571
222405
526447
1449594
388551
355642
363823
527506
2452096
363613
286037
546109
1449340
387776
356956
363608
526574
2413834
373332
245807
--STOP--
++STRT++
526347
1448689
387288
356618
362934
530160
2411719
365340
240485
526302
1450410
388318
356578
363349
525944
2414507
355793
264930
527377
1450560
387829
355598
362683
528618
2412360
361511
247606
--STOP--
++STRT++
527789
1449462
387851
356199
363237
523632
2413844
354134
253557
526449
1449519
387502
355309
363766
530304
2410676
372382
247019
526856
1449161
388374
351313
363546
525906
2411137
373919
244272
--STOP--
++STRT++
526500
1526442
388438
356258
363157
529960
2484593
367624
244468
527443
1449374
387540
354749
363463
569340
2459602
373889
226311
527267
1448565
387406
358858
362908
531519
2458850
361051
244693
--STOP--
++STRT++
526993
1449710
387439
353995
363915
524139
2413746
360758
220897
526988
1449505
387417
353956
362951
527866
2414717
373484
223865
526931
1449249
387512
357667
363725
529024
2413035
364344
280431
--STOP--
++STRT++
527146
1449064
387577
353845
364310
529995
2416688
353750
243099
527480
1449763
387860
357247
363194
527307
2411430
376994
266627
526086
1449025
387734
356047
363545
532140
2415916
361961
228904
--STOP--
++STRT++
526854
1489753
387455
392799
364238
525535
2457333
371423
223357
526316
1486112
387461
356238
364756
530147
2451542
360852
296200
527081
1520876
428050
355045
363029
530434
2414331
362663
269453
--STOP--
++STRT++
526605
1449865
388129
354277
363122
531543
2415134
362153
218916
526146
1448528
387226
351851
363535
529708
2411331
373401
282223
526444
1449907
388397
356818
362976
526733
2415156
362556
246367
--STOP--
++STRT++
527664
1449855
388450
353101
362751
572253
2491561
379354
292595
526366
1449977
388011
354339
363070
558255
2463696
361485
245049
526426
1449445
387187
353644
364198
529432
2416690
366684
245789
--STOP--
++STRT++
526458
1450012
388254
357613
362199
531066
2414639
363603
244436
526820
1450300
387535
355533
363258
525331
2414259
354126
223995
527252
1480181
388740
419875
362547
526961
2455555
360330
265081
--STOP--
++STRT++
526936
1449447
387708
356066
396951
525127
2411207
363567
243808
526352
1450513
388289
354493
363705
527572
2412769
363180
224379
526440
1449279
387964
353962
362543
532773
2412565
354245
222659
--STOP--
++STRT++
526290
1450359
387368
356485
363358
524098
2411479
384629
245029
526376
1503693
387621
351679
363540
529676
2413677
362500
226592
526411
1448589
387404
350785
363409
529944
2415533
360626
223109
--STOP--
++STRT++
526325
1449852
387458
354398
363526
601119
2488301
372841
264896
526336
1484017
387367
353757
362386
526875
2411299
354155
243387
526382
1520373
429211
351951
362529
526831
2451439
414088
259182
--STOP--
++STRT++
527617
1449017
387153
357064
363530
525164
2414260
362998
282872
527078
1449130
386855
355159
363523
525656
2412658
354447
223825
533721
1450527
388226
359074
364381
527043
2411452
398348
247183
--STOP--
++STRT++
526566
1488479
389364
437220
364144
524439
2491567
361407
266454
526904
1450529
387549
358706
434319
531860
2453249
354169
280883
526208
1529407
387836
400262
364331
524373
2489444
360823
245332
--STOP--
++STRT++
527020
1449877
388279
355595
363657
526108
2413001
354488
263197
526292
1450344
388073
355664
362771
524861
2412395
360657
245255
526258
1449282
388529
354685
362805
524911
2454841
372153
243384
--STOP--
++STRT++
526834
1448896
387680
352960
363209
532372
2412113
361309
224472
527170
1449651
387614
354209
364066
530453
2413585
373690
225217
527652
1448804
388568
355944
364475
527328
2449291
385888
247739
--STOP--
++STRT++
526091
1449024
387518
359628
363343
530690
2411607
360560
223413
526296
1450125
387763
356322
363951
525624
2414752
373739
246691
526534
1450577
388654
354213
363277
525540
2412920
360832
226570
--STOP--
++STRT++
527320
1448398
388381
352804
364084
523890
2487227
374386
244358
526765
1449119
387794
355066
364600
526863
2412453
361787
244069
526468
1517257
388229
354024
362364
525048
2413329
361547
248660
--STOP--
++STRT++
526281
1449206
387418
352801
363383
526028
2414395
354896
247343
526622
1449258
387429
351528
363308
531744
2438796
369858
245561
526408
1481767
388453
356605
363898
530138
2411080
374046
241727
--STOP--
++STRT++
526886
1448632
387869
351694
363609
525987
2410633
371763
241686
527388
1479687
387540
356786
363571
526827
2413849
372998
284803
526816
1449603
387374
354778
363691
527773
2414011
360091
221720
--STOP--
++STRT++
526274
1449035
388075
352167
363505
529950
2411056
363448
225605
526229
1449955
387459
355199
362897
530196
2415413
361304
282374
526888
1450021
387975
354079
363875
531551
2412228
353935
267987
--STOP--
++STRT++
526777
1451387
387338
354749
365293
606480
2465950
385742
248068
526280
1448956
387507
352718
362981
557486
2453886
375479
248759
526731
1450946
387272
358758
362349
523932
2458579
362980
223549
--STOP--
++STRT++
526248
1450120
388453
356404
363711
530907
2412450
373919
279962
526953
1449597
388176
353863
363179
532053
2413690
373370
247278
526315
1448384
387559
355112
362949
525906
2412016
382824
246876
--STOP--
++STRT++
574854
1449691
386880
355399
362336
564535
2413548
365684
270069
527370
1482771
387311
352584
363358
526992
2414400
352449
244742
527203
1449085
386883
353429
364250
530226
2412224
361256
264292
--STOP--
++STRT++
526798
1488057
388187
433173
363123
529294
2443648
363558
264693
526422
1493500
386946
397609
363861
530320
2441486
400952
244870
526874
1485751
387882
351978
362367
530314
2450551
364787
242996
--STOP--
++STRT++
526936
1449011
388262
356823
363415
531208
2425209
372290
242955
526308
1448448
388087
351921
362587
529882
2414368
373198
247186
527068
1449150
387774
354358
363356
530342
2411896
364105
244093
--STOP--
++STRT++
566219
1487922
484409
353279
364294
524767
2478874
363973
333916
526422
1484502
387778
355970
364180
524431
2437679
402504
226254
526915
1449860
388683
355732
362502
524040
2414604
370753
247399
--STOP--
++STRT++
527558
1449450
388129
357013
363093
531069
2414152
352310
267247
526896
1449090
386847
352956
364350
530322
2411998
374420
265024
526899
1449019
386990
354918
363095
529371
2415674
363258
268134
--STOP--
++STRT++
527688
1450256
388053
356594
364091
531170
2412157
360698
265899
526386
1450590
386915
353767
363712
524401
2415101
361495
259284
526426
1449334
387261
358252
363951
525320
2413134
359928
244356
--STOP--
++STRT++
567731
1487186
387052
357266
364144
525126
2484371
356056
312125
584494
1528668
388766
353888
363504
531388
2436000
363469
264412
614083
1493264
460969
355771
364312
525748
2440170
365498
259330
--STOP--
++STRT++
527369
1490154
388939
432041
362849
529350
2453524
354070
244643
526531
1449323
387660
357610
412848
531317
2454524
361927
275562
527070
1451269
386779
353411
403299
529946
2449241
358043
242443
--STOP--
++STRT++
526188
1449782
387853
354049
364486
526536
2413563
362526
267139
526408
1448329
388119
356921
363033
529658
2412555
384145
248608
526457
1450537
388328
358103
363210
527412
2411508
362157
259248
--STOP--
++STRT++
565824
1487225
429334
356581
362680
525602
2445831
366448
313304
526970
1526639
387504
399077
363970
529026
2450705
360637
245676
526466
1499254
387485
352857
363586
526171
2413047
362444
247505
--STOP--
++STRT++
526488
1450339
387065
352304
363045
532226
2488164
360828
266298
526182
1483661
387328
355363
363808
529959
2414070
373035
240738
526203
1449027
387681
350306
364241
525415
2450361
359108
247989
--STOP--
++STRT++
527382
1449439
387422
354233
363651
526129
2415859
353772
269499
526868
1449332
387605
355842
364587
530572
2437539
370339
267615
527131
1449899
388306
356987
363402
525309
2412567
352998
244369
--STOP--
++STRT++
526834
1449064
388168
352370
362703
523704
2414796
355279
268315
526372
1450133
388167
356320
363764
526750
2416084
362577
266218
526981
1449644
388061
357735
362964
524823
2415420
361998
225195
--STOP--
++STRT++
527456
1524074
387150
356623
363525
529587
2484278
365939
267086
582300
1493777
419998
354539
364466
524317
2441675
383049
267533
527065
1487245
423215
355480
362731
525810
2440531
360576
246963
--STOP--
++STRT++
526442
1449808
387244
355609
363482
526346
2413718
371219
266149
526721
1479876
387649
357412
362562
530510
2414064
353059
249065
526404
1493326
387203
353583
363093
525036
2413732
358485
246846
--STOP--
