++STRT++
356122905
748754614
26247636
23277090
25386968
38503383
1300835961
55259051
26083389
376500339
775812950
27441420
23681018
26388256
38698386
1366459139
81525157
44112969
376582851
775062985
27159269
24156973
26155828
38725792
1344964962
71354921
40138961
--STOP--
++STRT++
356461621
749047775
26272850
23284765
25288185
37872067
1300520309
54866572
25976041
377473429
776297707
27350522
24171676
26511754
38509995
1364204567
82548492
44503667
375984145
774297772
27179985
24206936
26197274
38706596
1345401024
71262583
39852570
--STOP--
++STRT++
356302711
748435392
26253237
23265078
25366809
37896421
1303493263
54681134
24953047
375630735
774607674
27564493
23699406
26433105
38240751
1364692823
79910114
43050839
376192393
774344307
27151611
24139048
26194930
38667250
1345146070
71154597
39926581
--STOP--
++STRT++
356450543
748779101
26271635
23268078
25358222
38112701
1277744506
54680756
25141293
377065240
776174221
27343771
23699802
26466736
38252239
1370691359
82022131
44891816
376773328
775411542
27073785
24207109
26255139
38357031
1345580964
70953223
39584333
--STOP--
++STRT++
356472497
749253032
26233609
23256740
25358108
38116386
1274302842
54611551
25070190
376764273
776123036
27397009
23745995
26350382
38857587
1365673137
81807446
43597914
375701876
774604045
27135833
24184523
26190239
38392778
1343504224
71493929
40481626
--STOP--
++STRT++
356232245
748674090
26282612
23299536
25321502
38106336
1269505105
54679876
25652303
377176203
776094078
27300491
23693992
26410460
38531368
1363756143
81426067
44315495
377347473
773443594
27187036
24176979
26197210
38234610
1345088754
71359505
39753248
--STOP--
++STRT++
356391963
748695208
26240140
23268688
25364542
37875003
1290340313
54418120
24711316
376911290
775080948
27842035
23725599
26356518
38320748
1363310405
81268470
43151624
376028467
774312036
27181512
24168621
26204832
38284428
1344016105
70991288
39934613
--STOP--
++STRT++
356036534
748624304
26293494
23240211
25440984
38065297
1272333137
54602352
24793410
375546082
773821671
27364629
23638145
26338599
38882194
1368779627
79820652
43181189
376414475
774540631
27154322
24247437
26225094
38236030
1345055275
71263251
39721568
--STOP--
++STRT++
356261350
748514957
26293538
23255740
25399575
38203196
1269210483
54783184
25332217
375575544
774582369
27433954
23635471
26315839
38264156
1357816478
80056844
43159186
376340787
774648801
27110977
24164581
26282752
38276354
1345364581
71133685
39713390
--STOP--
++STRT++
356156312
748778785
26272538
23255227
25378308
37999715
1265893551
54614144
25184475
375214048
773760505
27312011
23637615
26346105
38329335
1365574693
79718529
42711128
375727469
774109021
27163871
24595436
26300754
38378649
1343856517
71085694
39691992
--STOP--
++STRT++
356361681
748542661
26249307
23225085
25386083
37925413
1277019198
54984046
24888930
375410944
773837347
27263357
23573263
26328469
38309175
1358302519
79368393
42899395
376349648
774185970
27171443
24213239
26158090
38630520
1349905015
71395135
40003261
--STOP--
++STRT++
356281073
748605942
26200787
23282036
25358828
37901909
1264364697
54640212
24871678
375677992
774621098
27356341
23613984
26355421
38407406
1361527614
79670363
43018947
376620245
774588035
27124760
24187437
26126003
38225126
1344288972
71700084
39567780
--STOP--
++STRT++
356224927
748891062
26276140
23217463
25383842
37954300
1274457422
54460013
25040975
375243980
773051327
27381418
23613254
27140172
38239770
1366731315
79175473
42092618
375740970
773760189
27332176
24284904
26182808
38489217
1343449466
71433554
40022438
--STOP--
++STRT++
356310293
748686245
26281290
23299485
25497322
37972674
1266642560
54581337
25105148
375487003
774432219
27288416
23623650
26333490
38248315
1359392390
79847732
42839416
375680178
774561863
27162012
24187572
26249375
38333453
1350714531
71440217
39560070
--STOP--
++STRT++
356284469
748390227
26286715
23263667
25339036
38062718
1271914357
54610224
24923556
376043236
775657803
27315837
23676237
26316670
38786240
1363494281
80522910
42982779
376668787
774439519
27114293
24197649
26223278
38724038
1344611760
71170596
39843399
--STOP--
++STRT++
356423647
748389049
26308665
23242961
25347952
37942970
1267763709
54883151
25358668
375454357
774801326
27310306
23669445
26311517
39064214
1363326234
80790895
42712524
375682364
774490808
27252428
24153475
26217586
38142636
1350328280
71179408
40492711
--STOP--
++STRT++
356459480
748860523
26226820
23242400
25356589
38045389
1265223965
54617727
25486330
376444694
775401757
27430437
23702182
26347883
38614538
1362905989
80975771
43615572
376317166
774318173
27132429
24261740
26230735
38201810
1345195516
71205179
39627707
--STOP--
++STRT++
356367271
748463827
26267128
23261541
25342326
37947913
1271062069
54680363
24780691
376041526
774173023
27751972
23677640
26342546
38226374
1368200849
80173724
43016435
375915792
774664430
27146740
24162224
26219701
38694482
1344462041
71227419
39653971
--STOP--
++STRT++
356234378
748691578
26271296
23310649
25411398
38542228
1269431510
54635461
25174272
376107108
774465643
27327100
23689359
26457667
38273320
1367501640
80551341
43052715
376409345
774783532
27110321
24169196
26210627
38164522
1349543386
71310190
39173974
--STOP--
++STRT++
356352288
749065363
26279277
23234331
25319488
38193049
1263713231
54337304
24707889
375332385
774806347
27313257
23737850
26336830
38151286
1363966865
79913186
42923436
376240658
774403236
27162676
24199815
26215465
38210633
1350456103
71286546
39698694
--STOP--
++STRT++
356159180
748816484
26281604
23248041
25391732
37918204
1269390124
54504449
25429332
376000143
774327411
27355857
23676681
26319604
38641132
1359988980
81350308
42907807
376303757
774117513
27155264
24165270
26366446
38671976
1350149045
71225813
39788480
--STOP--
++STRT++
356434824
748753838
26303256
23248131
25347745
37943933
1270294375
54807981
25040404
375664947
774254961
27334128
23668777
26430569
38248666
1359605188
79860223
43054427
377106825
774180250
27143511
24160865
26235693
38262063
1350886247
71262605
39842375
--STOP--
++STRT++
356304644
748581759
26279129
23298412
25362391
37935306
1270760038
54384711
25089958
375731832
775268292
27268956
23687225
26361993
38357039
1368095279
80195995
43269235
375878888
774509638
27887180
24201233
26236928
38304632
1350677453
71233167
39685539
--STOP--
++STRT++
356343950
748588651
26356684
23248314
25339134
38042497
1267932096
54610842
25220913
375576173
774586157
27321021
23634280
26323624
38721942
1368587788
80508410
43464563
375461870
774223252
27153524
24166992
26211008
38892174
1349916316
71091363
39610349
--STOP--
++STRT++
356237021
748876329
26292720
23235657
25307324
37982538
1278506314
54927922
25193153
375790654
774872179
27368876
23641719
26327569
38364830
1359045145
80166838
42845672
376374396
774685084
27117216
24276401
26221416
38333293
1344466680
71612853
39812505
--STOP--
++STRT++
356211115
748820343
26295338
23229751
25361272
37858050
1265784931
54777130
24852424
375574585
773283898
27297354
23655152
26756389
38388720
1359786103
79308606
42338800
376050690
773494915
27175276
24195206
26246035
38310421
1349218083
71903380
39388559
--STOP--
++STRT++
356416904
748888862
26280893
23241722
25309613
37923269
1272183469
54424191
24465603
375397852
774353275
27480690
23624563
26407037
38266170
1367779986
79720304
42425499
376868323
774619907
27298196
24241939
26193140
38581799
1346035100
71369156
39615994
--STOP--
++STRT++
356328691
748925801
26236793
23245795
25337069
38037454
1271451768
54596864
25347729
376235766
774841498
27400424
23695323
26307959
38757499
1359239910
81153215
43150775
376095946
774345183
27596211
24165148
26197331
38831640
1345242941
71550430
39685386
--STOP--
++STRT++
356306486
748777617
26245045
23240043
25309031
37909286
1266052039
54882031
25594917
376239615
775421324
27293330
23722842
26308932
38375573
1365246871
80846940
43514818
376154823
774719255
27171294
24164421
26176050
38124083
1345327061
71577455
39526044
--STOP--
++STRT++
356264452
748849740
26254405
23242611
25340735
38013201
1280234654
54854559
25805079
376482641
775766379
27286347
23664913
26339034
38475324
1360549891
80703057
43148496
376604327
774626768
27163158
24244302
26231388
38746380
1344265049
71283038
39956704
--STOP--
++STRT++
356315541
748435915
26251136
23240926
25400771
37928955
1266557698
54970470
25268017
375524243
774218379
27291192
23732861
26310289
38835660
1360308836
80220145
42382294
376493093
774307904
27149086
24151194
26256988
38408124
1350359983
71323867
40311588
--STOP--
++STRT++
356293400
748626202
26242499
23283199
25406578
37863900
1272380294
55023626
25563637
376784022
774913513
27415595
23690385
26478177
38170987
1362132370
81248538
43570821
376738117
774486024
27171165
24271909
26175809
38961237
1351172534
71138886
39699437
--STOP--
++STRT++
356413087
748779353
26235088
23258202
25315013
37943040
1269831629
54760238
24975034
375007000
773935327
27691487
23658529
26382978
38882023
1369334943
79550873
42680433
376032094
774037115
27600490
24172769
26192190
38167543
1344227042
71286320
39546744
--STOP--
++STRT++
356170337
748849889
26255633
23238018
25354768
38165004
1269539034
54448420
25854724
375411139
775867623
27262847
23674561
26441954
38289424
1364654180
80314235
43018607
376432046
774593000
27116984
24228316
26197021
38764053
1345466632
71108219
39784237
--STOP--
++STRT++
356247062
748525411
26241771
23248357
25431688
38030263
1273596736
54929270
25197624
376497666
774856121
27506306
23659591
26344802
38288988
1359998750
80590540
43317583
376405855
774473758
27123573
24256378
26193690
38713975
1345116870
71299321
39599433
--STOP--
++STRT++
356358161
749065600
26267301
23289327
25322850
37852978
1272480326
54652045
24908641
375398563
773847976
27399374
23639796
27042731
38475992
1358042324
80319329
42455425
375673264
773890932
27107488
24150479
26236851
38800021
1343290454
71106230
39616694
--STOP--
++STRT++
356403282
748848006
26252840
23314583
25413521
37941707
1278699592
54682724
24777373
376949383
774705924
27410564
23679725
26308027
38270968
1363737053
81157611
42935648
376310723
773994866
27139556
24186258
26225900
38213087
1345270746
71067841
39630072
--STOP--
++STRT++
356326295
748825354
26299555
23252430
25323272
37934081
1278738231
54840298
25003594
375723591
774673504
27473138
23640581
26494647
38837135
1361422265
80472223
42707821
375712250
774664484
27697859
24180378
26258038
38159282
1344304214
71301784
39877639
--STOP--
++STRT++
356342630
748982020
26245763
23238484
25343783
37927268
1275529879
54849743
25697022
375374450
774836214
27295121
23663873
26512891
38556089
1359908198
80240231
43606549
376217146
774739259
27120605
24240641
26249114
38774359
1349519531
71171003
39552798
--STOP--
++STRT++
356158483
749173321
26256182
23258010
25463079
37880216
1266594474
54831063
24599151
376194143
773834425
27540407
23645768
26359318
38305487
1364246334
80531968
42841167
376586567
774312830
27198154
24173331
26224024
38188826
1344407185
71196806
39557349
--STOP--
++STRT++
356308909
748966524
26254147
23235977
25360062
37916272
1272697909
54684735
25022284
375855692
774160690
27366737
23617035
26775744
38613721
1359852023
79923300
43235817
375667526
774439134
27196768
24193838
26174382
38155641
1350465752
71747990
39390585
--STOP--
++STRT++
356428081
748705700
26248925
23252927
25335532
38133166
1281140225
54371917
24866930
375901571
774673032
27361811
23686732
26389866
38356043
1361262817
79916020
42702292
376808143
774723060
27199502
24169294
26183964
38191114
1343969401
71166168
39368770
--STOP--
++STRT++
356376063
748857182
26244460
23240432
25323805
37922552
1265008017
54626560
24857958
375768120
774155060
27338131
23648271
26281124
38627757
1361188584
80538004
42628525
375775721
773566057
27429419
24169047
26197097
38612618
1344707709
71418301
39611544
--STOP--
++STRT++
356260089
748861556
26290317
23249323
25440970
37906388
1277966193
54809862
25059534
376217711
773882132
27399884
23652361
26271088
38235519
1360901852
80379197
43170264
375999460
774451218
27114395
24154142
26210757
38131624
1345299978
71225478
39588559
--STOP--
++STRT++
356388979
748880537
26257225
23234233
25337738
37923193
1273198634
54804172
24795322
375820657
774221482
27425017
23760072
26334326
38538520
1361565662
80528704
42829584
376726647
773852253
27127797
24228658
26218111
38440250
1345320875
71573338
39715621
--STOP--
++STRT++
356099166
749089302
26284918
23227748
25352064
38181661
1264982509
54815857
24963662
376214606
774672866
27313102
23750623
26347163
38344552
1366313627
80297096
43142250
376585821
774667984
27140371
24269295
26595275
38192195
1343742541
71920945
39537340
--STOP--
++STRT++
356199538
748928656
26247951
23236544
25358176
38364388
1281453785
54476711
25000085
374964819
773612608
27405698
23606801
26417600
38679570
1368466140
79361800
42718230
376958714
774296012
27224854
24184111
26169960
38172518
1350540830
71378425
39775125
--STOP--
++STRT++
356274315
748583451
26293608
23301200
25305337
37957119
1275606011
54458891
25116595
376368362
774749602
27355395
23662267
26347361
38315963
1362155716
80232056
43310471
375648449
774494196
27113005
24158395
26214147
38498198
1345033499
71504071
39687660
--STOP--
++STRT++
356388677
748740657
26292764
23255967
25386349
37995997
1268260676
54548365
24897351
374738619
774342827
27214931
23554283
26359673
38111644
1366006201
78999957
42464801
375792610
774409330
27104365
24181462
26217612
38239828
1351040989
71449814
39532800
--STOP--
++STRT++
356088771
748813245
26252794
23233914
25341425
37912339
1269775629
54508807
25460748
375189795
774579668
27333557
23569994
26350730
38171420
1367361808
79143381
42897174
376466624
774056244
27208483
24257111
26240471
38249781
1343384169
71488018
39712736
--STOP--
++STRT++
356265615
748924055
26247483
23252635
25379986
37944278
1277613650
54543869
24985661
376170451
773960673
27346857
23796732
26402686
38811971
1361150986
80400122
43002432
376467920
772793798
27191319
24198735
26153214
38830542
1344111736
72145234
39581693
--STOP--
++STRT++
356262193
748836180
26249974
23260790
25373704
37980444
1267859602
54527403
24517337
376411732
774482491
27381631
23672503
26381894
38705813
1360449874
80302489
43149994
376984077
774240163
27107377
24141038
26197382
38728045
1345208414
71472503
39684434
--STOP--
++STRT++
356332994
748753906
26285827
23250424
25312392
37872221
1266968767
54789984
25087662
375312788
774666258
27315353
23646138
26380920
38766208
1359383655
79941011
42969799
376521125
774931897
27102861
24188439
26195971
38245925
1344709942
71769602
39587894
--STOP--
++STRT++
356408640
748953446
26273589
23241566
25318722
37882710
1277392228
54822999
25759843
377780540
774251181
27222919
23625234
26390878
39033458
1360407886
79975071
42785577
375712086
774642953
27200737
24136399
26258607
38774117
1343887948
71293681
37747677
--STOP--
++STRT++
356220060
748969558
26221261
23199465
25286286
37939191
1268350869
54802227
24962586
376433453
776696638
27444083
23794661
26337994
38436667
1366848654
80884876
43652347
377263243
774098557
27144486
24150639
26211901
38710547
1349922696
71116454
39811962
--STOP--
++STRT++
356277300
748682338
26267441
23239765
25453853
37885674
1269987802
54824779
26015648
375203255
774777692
27251852
24196647
26413772
38144126
1359753185
78827495
42273641
376579757
773313641
27109057
24184183
26247085
38682945
1351666459
71088546
39534406
--STOP--
++STRT++
356400340
748560338
26259263
23252299
25329486
37942216
1266706069
54505581
24846636
376081218
774629203
27373672
23673120
26337764
38304836
1363974300
81342521
44227716
376619422
774550619
27262368
24177514
26236717
38841311
1344341597
71498831
39567477
--STOP--
++STRT++
356396819
748846300
26245347
23261998
25395849
37921435
1269123564
54747687
25089894
375968062
774659933
27357397
23644727
26354127
38258897
1360788276
80120145
42847002
376339343
774390103
27079542
24153378
26246494
38140096
1344766644
71489944
39286678
--STOP--
++STRT++
356141123
749054187
26286343
23272886
25361386
37881589
1269873021
54792143
25083593
375542930
773703458
27338360
23634650
26259558
38274455
1359539147
79825445
42663891
376549110
774395432
27181522
24158512
26195482
38123415
1345085522
71266606
39496110
--STOP--
++STRT++
356496787
748750803
26252161
23232048
25348182
37931254
1267759790
54668644
24898841
375840796
775055797
27425414
23697492
26360340
38309696
1358760952
80243563
42888390
376565661
774089986
27186595
24204039
26425314
38583256
1344655121
71195014
39381983
--STOP--
++STRT++
356436614
748615416
26332655
23273814
25384470
37906044
1268155094
54798119
25167862
375288719
773694324
27363074
23602826
26325712
38922696
1360366535
79754644
42626793
375783255
774543712
27141677
24181708
26159407
38781530
1343295581
71780430
39887230
--STOP--
++STRT++
356176835
748701676
26242596
23239453
25379221
38328689
1276670456
54543374
25253825
375558239
774765242
27355386
23860487
26371713
38206087
1362031229
79947718
43338314
376591157
773952638
27155795
24162887
26234272
38686263
1350762070
71532885
39762460
--STOP--
++STRT++
356313805
748728132
26236771
23245396
25427536
37908096
1268796030
54679778
25232018
375157598
774811752
27211359
23555511
26292688
38308555
1364185646
79090153
43032711
375772036
774739633
27252667
24162641
26168649
38612041
1344329185
71198526
39750203
--STOP--
++STRT++
356422493
748757043
26265906
23269067
25373123
37905906
1272650988
54758115
24731177
375510362
774029477
27282573
23615270
26314673
38299369
1360426240
79600666
42858471
376309617
774723612
27196750
24176285
26207719
38135858
1345376638
71388714
39750638
--STOP--
++STRT++
356317087
748797688
26286566
23213820
25353919
37875235
1263212181
54852262
25390159
375494041
775186545
27324350
23660592
26343033
38449265
1359752980
80168056
42980620
376544078
774063995
27193167
24144916
26152617
38443905
1345514047
71631230
39641871
--STOP--
++STRT++
356286558
748822520
26240328
23291494
25389979
37911588
1267031849
54502275
24752945
375700605
773367495
27313651
23736067
26354228
38248577
1359803529
79462883
43040263
377500844
774097735
27142086
24186222
26333725
38845246
1350590280
70993849
39448486
--STOP--
++STRT++
356265852
748950353
26319256
23236274
25343527
37867896
1273366250
54652027
25829383
375056036
773075511
27354196
23619798
26357854
38316001
1357912541
78950665
43121445
376325912
774320564
27084743
24159783
26519193
38287765
1343753229
71320249
39979657
--STOP--
++STRT++
356297248
748934773
26322618
23233584
25389363
38128320
1273264651
54678806
25572451
374365174
773865003
27233145
23597070
26325587
38323598
1358592097
78750451
42159295
377228303
773708418
27148070
24201073
26210152
38168338
1344100219
70914232
40072293
--STOP--
++STRT++
356341513
748814735
26248940
23242011
25363885
37948058
1269579646
54722522
24831279
375455029
774233766
27309479
23622895
26287207
38528441
1359550242
80033944
42785368
375736450
775095474
27142875
24139164
26197075
38265060
1343945359
71226860
39820978
--STOP--
++STRT++
356343259
748881172
26227305
23227592
25367628
37899172
1270076645
54596453
25661509
375201550
774263425
27263429
23652068
26280148
38532561
1361750126
79526417
42947875
376175909
774726989
27320075
24157179
26184352
38263311
1344235332
71215014
39476754
--STOP--
++STRT++
356344022
748729741
26270947
23339786
25384657
37957309
1270893623
54694183
25192673
375986574
774089407
27459610
23642477
26307186
38745582
1360872771
80267132
43087158
376767949
774292757
27095574
24154546
26181495
38351689
1344594962
71130684
39558596
--STOP--
++STRT++
356206790
748739803
26241728
23268420
25353139
37926376
1269968149
54863198
24784948
376433073
774558095
27433319
23681044
26787505
38126862
1360468118
80639247
43025899
376388480
773930884
27173087
24175701
26190334
38167977
1344367667
71142791
39708222
--STOP--
++STRT++
356192182
748774048
26292926
23224813
25310177
37869042
1266856677
54709056
25113797
376061434
775505788
27326078
23665023
26366380
38751572
1360082139
80692492
43386675
376405551
774615454
27176024
24154029
26207082
38579574
1350186973
71178901
40067859
--STOP--
++STRT++
356255395
749008831
26265708
23248314
25339428
38056729
1266460176
54901311
24875048
375478445
775884567
27324898
23661957
26314229
38387166
1360654484
80358333
42889891
376764394
773408634
27252676
24191946
26180651
38201007
1345341943
71415432
39529469
--STOP--
++STRT++
356496660
748894971
26312643
23242756
25349704
37916739
1269643670
54851092
25201751
375945725
774738024
27352692
23678245
26276091
38262854
1358529471
80378960
43081494
376009954
774117845
27214662
24220806
26567786
38385825
1343387376
71979466
39546313
--STOP--
++STRT++
356051562
749027653
26289633
23245103
25343365
38107811
1269749389
54830287
24894123
375944439
775035505
27402819
23712942
26405337
38291165
1364765650
81082474
43532811
376817096
773775731
27114167
24255285
26233620
38269505
1345780036
71573799
39796966
--STOP--
++STRT++
356312916
748830459
26286194
23251968
25411905
38000675
1267742425
54450723
25084394
376545284
775669166
27256711
23677263
26313979
38841958
1361379030
80853495
42793589
375948243
773032809
27662528
24184855
26168619
38208902
1343757980
71177142
39314324
--STOP--
++STRT++
356381901
748967950
26258975
23241136
25377943
37910422
1266974812
54933463
25662620
374914290
774653491
27311543
23836704
26382508
38623502
1365814646
79509632
42790799
376204828
774653290
27083634
24163185
26142925
38746151
1344125529
71400417
39605247
--STOP--
++STRT++
356318982
748769846
26254165
23240330
25384460
38056181
1266581756
54579068
25064026
375577625
774272275
27387079
23638682
26301635
38338092
1360447196
79933285
42817806
376490407
774594745
27156612
24198704
26193231
38373363
1350859656
71143551
39348285
--STOP--
++STRT++
356324307
748723034
26221579
23296309
25338938
37905092
1271443486
54916671
25045369
374781815
773411073
27242363
23587520
26359392
38276654
1358260124
78853838
42686332
375992315
774705800
27193082
24154371
26152700
38247156
1344392063
70881461
39651549
--STOP--
++STRT++
356441709
748894631
26281057
23286759
25327343
37982900
1271893065
55226287
25033539
375170134
774097411
27348144
23832616
26394248
38716197
1360377971
79282885
43067217
376770501
774336559
27201367
24239154
26224101
38590918
1344595375
71351650
39638160
--STOP--
++STRT++
356363765
748655915
26267937
23260954
25329446
38243297
1271786152
54876181
25621241
375060328
773677782
27287759
23720091
26316133
38208042
1366523973
79582460
43270828
375698399
774064392
27099164
24155281
26746507
38281091
1344660452
71911837
39618775
--STOP--
++STRT++
356272089
748275167
26291277
23237635
25345172
37930490
1269921091
54989292
25344405
374982851
774599183
27295835
23575040
26322650
38174486
1358302011
78806709
42280209
376723033
775077218
27109849
24146822
26148840
38235431
1343636973
71195525
39452577
--STOP--
++STRT++
356182250
748824039
26310069
23382346
25357156
37904318
1268525813
54405709
25132918
375747372
774460554
27468316
23638368
26315830
38304804
1362460740
80442839
43475873
375774941
774311428
27536759
24185704
26249074
38613809
1350086899
71347956
39964818
--STOP--
++STRT++
356376791
748613927
26298368
23251161
25345720
38011451
1267476164
54763074
25285311
375937723
775792262
27429470
23637578
26432909
38231570
1362430878
81070158
42996583
375797077
773755993
27277828
24264971
26150446
38833496
1344494486
71104300
39623071
--STOP--
++STRT++
356312665
748650180
26226475
23250165
25427044
37970237
1266130666
54594278
25555731
376429969
775404406
27343097
23677557
26316381
38225472
1361077495
80761873
43106488
376952476
774127067
27169731
24164413
26162499
38420864
1345106402
71417058
39462669
--STOP--
++STRT++
356378566
748779428
26254383
23300475
25350299
37867457
1267825266
55053768
25386119
376111060
775448385
27258904
23696817
27046326
38443441
1367969739
81087355
43046333
375641629
774319236
27203322
24188405
26636431
38315036
1348699307
71776731
39982643
--STOP--
++STRT++
356226847
748927402
26226711
23285084
25433353
37919290
1273538728
54580228
25673162
376491586
776486658
27464476
23690574
26271344
38413476
1361887326
80979144
43024469
376660605
775074007
27119291
24232216
26238038
38185563
1345250908
71173108
39732049
--STOP--
++STRT++
356026697
748997130
26251725
23201879
25296013
38120719
1270830415
54630081
24825147
376623984
774778518
27434714
23682765
26320585
38349486
1363312811
80751338
42838325
375657369
774821663
27124852
24188348
26233564
38219639
1344658965
71435291
39298221
--STOP--
++STRT++
356350588
748848060
26243715
23253652
25357812
38040963
1277006606
54431362
24730911
376196187
774132082
27421618
23681855
26398791
38798195
1364604495
80497050
43303753
376463234
774486060
27203390
24293177
26237097
38680427
1343774289
71170693
39349193
--STOP--
++STRT++
356267079
748589206
26234400
23231377
25365760
37899084
1272905946
54651277
25309820
376305140
774578469
27255518
23698806
26351727
38623482
1360167019
80485927
43411715
376786731
774602012
27151329
24163624
26151922
38685137
1350517996
71344996
39357947
--STOP--
++STRT++
356237482
748821511
26239641
23242880
25355450
37896621
1270671785
54527351
25270858
375406029
773981345
27299007
23634178
26251162
38449539
1359141118
79606288
42774788
375934172
772980830
27292134
24652204
26241038
38206736
1342121444
71010921
39139549
--STOP--
++STRT++
356264855
748821145
26256154
23274762
25364941
37883860
1268354052
54933246
24706006
375106361
772731298
27291225
23642600
26332296
38642816
1359689905
79369707
42522277
376434104
774199227
27148393
24233288
26204590
38822435
1350252889
70906807
39328943
--STOP--
++STRT++
356318162
748902140
26263029
23219771
25400107
37962558
1271180636
54468021
24765300
377078077
775146750
27327866
23772466
26448628
38761820
1360024627
80755155
43408444
376613957
774686559
27115318
24156065
26189051
38102972
1344023808
71177449
39884591
--STOP--
++STRT++
356298732
748897353
26269889
23230938
25385179
38107908
1271942103
54640795
24957739
374547193
773403015
27489519
23603830
26419750
38683964
1356536402
79205480
42689909
375987522
774245518
27120792
24231342
26177854
38175275
1345558207
71195315
39762059
--STOP--
++STRT++
356096324
748670806
26246943
23246525
25401630
38009469
1272707817
54569110
24998549
375015347
774063089
27312934
23639565
26352918
38327614
1367397152
79266768
42807623
376881684
774372427
27154076
24177303
26235514
38279951
1351455962
71288920
39687982
--STOP--
++STRT++
356303392
749100609
26232462
23223465
25361507
38267313
1269420426
54610493
24846482
375012992
773723779
27304386
23658933
26353437
38347775
1359340676
79239339
42725710
375638715
774576978
27120317
24681754
26278997
38628454
1345549806
71238975
39709710
--STOP--
++STRT++
356284151
748829207
26310593
23210302
25321836
38355404
1267512830
54554827
24960436
375677794
773672219
27316145
23639227
26561823
38653117
1359092924
79390263
42723418
377191879
774521077
27204641
24202941
26229446
38622890
1345988642
71370804
39914203
--STOP--
++STRT++
356154675
748927742
26290993
23226567
25336424
37822370
1266446325
54846275
25094206
375662765
775254443
27256495
23655143
26478584
38242829
1367036487
80335895
42863205
376548989
774927385
27240644
24171895
26270694
38184528
1344588313
71251739
39925834
--STOP--
++STRT++
356202917
748913899
26258115
23229693
25354567
37974156
1271298333
54612537
25183220
375079543
774742304
27405825
23743997
26284577
38512536
1361416649
80128765
43340641
375956248
774277482
27312367
24313626
26208517
38166929
1349783057
71198753
39669612
--STOP--
++STRT++
356296655
748760389
26291902
23214345
25451786
37914224
1267279930
54457142
25104636
375413705
773848912
27300881
23600623
26373382
38906209
1358652073
79478033
42767332
376854656
774206782
27103871
24154226
26158265
38320799
1343815621
71177264
39544608
--STOP--
++STRT++
356274750
748579462
26362583
23273158
25354748
37915762
1271653280
54707944
25052448
375611163
773017343
27344597
23644573
26294849
38738749
1363974816
79457631
42686233
376003324
774005873
27240438
24187044
26122577
38703186
1344127144
72048024
40380440
--STOP--
++STRT++
356409667
748574156
26261358
23275473
25337787
38064714
1266528821
54749113
25250115
375801839
774960530
27280720
23699469
26308635
38579027
1362505258
80499075
43385841
377011495
774585373
27200554
24172221
26224715
38171115
1349805196
71353115
39507873
--STOP--
++STRT++
355605388
749059395
26294708
23239636
25347918
37883619
1280291821
54647447
25377756
375753215
775082543
27464195
23703201
26427549
38777788
1364144436
80747356
42898431
376135020
774752715
27703246
24173116
26229106
38214155
1349748189
71187960
39431423
--STOP--
++STRT++
356592892
748309959
26274621
23225647
25357725
37947940
1274408177
54499341
25042959
375386597
773614652
27361181
23797830
26504370
38453860
1366934787
79478629
43079616
376247269
774316824
27100048
24144280
26167339
38120429
1345173165
71450174
40206078
--STOP--
++STRT++
356408175
748874047
26282978
23240643
25342561
38061390
1272620942
54674916
24944834
375779207
774371331
27267047
23631308
26358658
38359979
1360761373
79764449
43044318
376721436
774488417
27104714
24163335
26222648
38368619
1344065063
71331890
39641991
--STOP--
++STRT++
356268520
747978129
26266588
23233763
25379020
38198397
1274586260
54442958
25262187
375790376
773132576
27267595
23661373
26392060
38964069
1359305770
80350714
42473159
375959192
774424408
27155174
24238102
26220622
38237069
1343865390
71333259
40275358
--STOP--
++STRT++
356268626
749004350
26239470
23196139
25309648
37992098
1269879543
54555996
25732495
375265935
775110951
27262484
23624555
26319693
38220572
1367384189
79838249
42224919
376589005
774565971
27288070
24169452
26251455
38581667
1350152145
71117765
39573474
--STOP--
++STRT++
356279578
748592462
26252610
23299464
25329979
37928574
1269249958
54299411
25136109
375757905
774125411
27311427
24178531
26355656
38299890
1362826304
80012818
42885968
376019765
773281193
27278929
24620629
26192567
38281533
1349060414
71198776
40039966
--STOP--
++STRT++
356302667
748884494
26300306
23235463
25451840
37877926
1269365177
54924672
25496667
376190378
775579641
27329755
23669142
26261257
38886954
1364501567
80776663
43183568
376686753
774589221
27178388
24241695
26188789
38268789
1343943478
71158362
39623236
--STOP--
++STRT++
355960676
748534986
26227769
23252609
25304868
37906412
1263971736
54919582
25008772
375111428
773879325
27370278
23576368
26384091
38740005
1367237547
79300856
43053002
375812958
774352396
27084049
24168896
26152512
38402447
1343897666
71265384
39016580
--STOP--
++STRT++
356241345
748817662
26283868
23238070
25401250
38226325
1275075503
54608278
25004428
376379187
774330806
27288959
23779689
27039327
38397404
1362313928
80566690
43350814
375525529
774236262
27104524
24201191
26349259
38148906
1343771669
71722548
39617453
--STOP--
++STRT++
356108666
748909680
26279916
23242239
25347853
37994480
1272613874
54619701
25280919
375717183
774491742
27479133
23763075
26398497
38285749
1362387284
80118239
43306419
376755740
774299593
27191485
24147205
26169866
38646792
1350566990
71165351
39711661
--STOP--
++STRT++
356227593
748726184
26237151
23254207
25456794
38012431
1265391462
54754287
24819086
375077761
775030712
27224312
23632588
26350538
38255995
1357878060
79714781
42643699
375835940
773486067
27248950
24174057
26205781
38625019
1349604479
71177598
39587545
--STOP--
++STRT++
356298606
748858089
26237841
23310810
25352328
38078338
1273467506
54793478
24778906
375038490
773296054
27522381
23802784
26338320
38254641
1357224918
78951459
42409171
375976941
774148404
27309162
24248356
26199020
38206241
1343935464
71379777
39540768
--STOP--
++STRT++
356286884
748625705
26246844
23220244
25430742
38012475
1267543284
54636304
24828669
375268289
773557871
27298934
23674734
26467886
38407369
1359383658
79161600
42778669
376553841
774331351
27090388
24217798
26183745
38455668
1343568027
71263985
40081308
--STOP--
++STRT++
356211133
748752784
26275839
23264850
25346272
37946425
1273479916
54625622
24915843
375896273
774565775
27448114
24090576
26452122
38330285
1367829496
80553569
43155628
375912775
774012826
27221421
24168852
26216375
38767078
1344178263
71302458
39571394
--STOP--
++STRT++
356269792
748469886
26232534
23219950
25368941
37967789
1278544410
54761780
25435685
376068553
776187645
27411051
23774900
26318935
38657321
1362966264
80453248
42831684
376361701
774659383
27108824
24149820
26203580
38725817
1351047360
71109828
39857044
--STOP--
++STRT++
356384311
749001347
26294271
23238982
25328216
37945331
1274806001
54711980
25123478
375747843
775354700
27429611
23646896
26330145
38314028
1366709966
80435382
42916063
376454623
774548346
27233543
24290593
26244957
38677211
1350116531
71318156
39980175
--STOP--
++STRT++
356413947
748874283
26288794
23295105
25405649
38090312
1268179897
54877788
25016586
376738268
774241761
27351672
23668492
26274149
38477596
1360652053
80925846
43484853
376497069
775149728
27137272
24181849
26270601
38708390
1343442518
71404058
39235044
--STOP--
++STRT++
356357303
748880840
26238440
23257092
25298768
37880518
1272148857
54930330
24893375
376498731
775825767
27323861
23682151
26383474
38330037
1365794151
81337572
43358022
376284237
774031273
27136078
24150136
26220852
38174829
1350325070
71517090
39785131
--STOP--
++STRT++
356274820
748654412
26315945
23247298
25385273
37915723
1270911401
54682869
25379826
375406415
774786791
27268964
23712096
26355649
38176031
1361318090
79945646
43068978
376945773
774162166
27195197
24145627
26199465
38131719
1351104859
71380685
39590935
--STOP--
++STRT++
356176143
748961271
26255178
23253200
25289832
37922342
1266179315
54518762
24893090
375964118
773349878
27452447
23773672
26395393
38751626
1369907694
80885894
43675741
376443203
774374539
27131065
24257418
26437632
38687438
1344310989
71414448
39556397
--STOP--
++STRT++
356304534
748769114
26226940
23278247
25379007
37935680
1269608849
54542457
25497032
375808302
775539235
27241397
23663580
26290461
38806868
1366188543
80254636
42783288
376932197
774122631
27152532
24145476
26234700
38436930
1345130916
71062548
39608148
--STOP--
++STRT++
356536835
748557596
26276130
23216877
25401522
38146085
1275575637
54339562
25147853
375437038
774134936
27330679
23632948
27141676
38357748
1360042577
80144108
42052585
376585895
774384391
27193902
24167465
26272262
38541181
1344156923
71367017
39725550
--STOP--
++STRT++
356325895
748740196
26304653
23251076
25361684
38228056
1272826564
55006184
25221435
376121789
774982644
27297667
23681125
26305198
38833350
1360172971
80678522
43122696
376640171
774155129
27096712
24175740
26212799
38490399
1344288932
71318516
39139888
--STOP--
++STRT++
356293919
748995378
26254708
23186444
25344101
38076791
1272929927
54711356
25077780
375980273
774158707
27716134
23648554
26381854
38230893
1359186879
80510520
43155499
375695739
774439747
27163141
24148702
26173894
38145650
1350785724
71286047
39731517
--STOP--
++STRT++
356461073
748798122
26240120
23209864
25337560
38049988
1267231653
54690029
25034175
375574660
773283825
27284515
23684242
26517189
38350945
1359422218
78974149
42439013
376493620
774378451
27157653
24189957
26149133
38258165
1345393785
71130053
39777741
--STOP--
