++STRT++
32621977
92119989
6453072
5822814
6184155
9318191
153370022
9284567
5474148
32743622
92338584
6450471
5795585
6133155
9309844
153137327
9303480
5765830
32696305
92085720
6447108
5806178
6156836
9326714
153291702
9156024
5527836
--STOP--
++STRT++
32665431
92400337
6430647
5803555
6161560
9356311
153235689
9357221
5553636
32967120
92165552
6450135
5788373
6152770
9345685
153196292
9165385
5620074
32689745
92548160
6451648
5820602
6145950
9326835
153023738
9502232
5664665
--STOP--
++STRT++
32561832
92038815
6455535
5817186
6156594
9395713
153402850
9693428
5479080
32806476
92533510
6470572
5753507
6150416
9347206
153034402
9562656
5496028
32856901
92167793
6451332
5813179
6135005
9460020
153420344
9268262
5592979
--STOP--
++STRT++
32733477
92581266
6464958
5881511
6166606
9381108
153582410
9098209
5372118
32936521
92429678
6450897
5750421
6159169
9432387
153056911
8960834
5362980
32643725
92287670
6445731
5811235
6150282
9447620
153253011
8787001
5358301
--STOP--
++STRT++
32984979
92237576
6467122
5830173
6136462
9414089
153260883
9100564
5448148
32643890
92135939
6497186
5777410
6161946
9328334
153230599
9146371
5492852
32587112
92151126
6433089
5788622
6160435
9383415
153152850
9233013
5561612
--STOP--
++STRT++
32569068
92170243
6449975
5765452
6188823
9365853
153257888
9092456
5376401
33357176
92230447
6446559
5786211
6134414
9499655
153174793
9000925
5543362
32704868
92053623
6490954
5791138
6136580
9334582
153209448
9112478
5394308
--STOP--
++STRT++
32728417
92474070
6432821
5814426
6170693
9308230
153326375
9193586
5602586
32667068
92454977
6445606
5806054
6210905
9350254
153120744
9250905
5566061
33143874
92136903
6448043
5805596
6159575
9317780
153099419
8971677
5430477
--STOP--
++STRT++
32626036
92268563
6450399
5814081
6127371
9324968
153248852
8961418
5510670
32588015
92346252
6429980
5795426
6177346
9447903
153121735
9258782
5580201
32626226
92136500
6454342
5774277
6172966
9390469
153103656
9697869
5947342
--STOP--
++STRT++
33044786
92257955
6431173
5817921
6197622
9390036
153200320
8876618
5511656
32718047
92118881
6427733
5757063
6168711
9503852
153263532
8909215
5386766
32650770
92155929
6460734
5808795
6214172
9310091
153239315
8928327
5503539
--STOP--
++STRT++
32915637
92167313
6460400
5819043
6130224
9312623
153278107
9076504
5473939
32624160
92114437
6444184
5814396
6137081
9430840
153181464
9078335
5501026
32646597
92260063
6442180
5796938
6160687
9372830
153020474
9261760
5517905
--STOP--
++STRT++
32710705
92219178
6450671
5821491
6177419
9419719
153259150
9200373
5433710
32690826
92537671
6457245
5813159
6162828
9347874
153242520
9058967
5427327
32909907
92272627
6451249
5808656
6162274
9354352
153443502
8885444
5390844
--STOP--
++STRT++
32883438
92508562
6461057
5823967
6183836
9372731
153255403
9353965
5532836
32951222
92154756
6443963
5785204
6160166
9434981
153171779
9248430
5584246
32598546
92165528
6492849
5823240
6157070
9399934
154297077
9272474
5515631
--STOP--
++STRT++
33373677
92571685
6453751
5814563
6156374
9446025
153243290
9261335
5464594
33508466
92320983
6456214
5827818
6145962
9456352
153036019
9037246
5410404
32566238
92171211
6452781
5791384
6156819
9298663
153209504
9434219
5808739
--STOP--
++STRT++
32844488
92478601
6460313
5819184
6177965
9324381
153230275
9116979
5536305
32619798
92307541
6451822
5806992
6146058
9330710
153233623
9142694
5495838
32686977
92101262
6450442
5787850
6133312
9329309
153126633
9465450
5643686
--STOP--
++STRT++
32909930
92285855
6462462
5808897
6178067
9477037
153712377
9138895
5583861
32783429
92287429
6447209
5806747
6162656
9372343
153294437
9117176
5526788
32639235
92101622
6451528
5859087
6144756
9311227
153108932
9227881
5584087
--STOP--
++STRT++
32995453
92393470
6434333
5863007
6167655
9443351
153904529
8989639
5510191
32591692
92129962
6442970
5806098
6166710
9345478
153886681
9035480
5519378
32597969
92087973
6448139
5793156
6159201
9378776
153223603
9057808
5500407
--STOP--
++STRT++
32662894
92181370
6450804
5772021
6159537
9422568
153344751
9063952
5486899
32629476
92195036
6464532
5753844
6151332
9445227
153035876
9270425
5397232
32679570
92215389
6446603
5809660
6169605
9366207
153098636
9103777
5425846
--STOP--
++STRT++
33008532
92469468
6448503
5815687
6189836
9503305
153308786
9272071
5523772
32567297
92523268
6446494
5799668
6137335
9464865
153443098
8968291
5522128
32720167
92472198
6444529
5800291
6144306
9372148
153420707
9288529
5559273
--STOP--
++STRT++
32969460
92191433
6474535
5761770
6208950
9442729
153522341
9059040
5516879
32616596
92383125
6460409
5757640
6149799
9347802
153407460
8799150
5355596
33026880
92320384
6456782
5791396
6158538
9343678
153208906
9131950
5523558
--STOP--
++STRT++
32939523
92292517
6453346
5816979
6183736
9399850
153586121
9270868
5541769
32638508
92344714
6455716
5797557
6146568
9332059
153268128
9279197
5528074
32799719
92187062
6448158
5833510
6156439
9314509
153165864
9447314
5548636
--STOP--
++STRT++
32699970
92152906
6448912
5813306
6135494
9492530
153367961
8923171
5539032
32809101
92386857
6443201
5801532
6173360
9339826
153214839
9027881
5530390
32625033
92129735
6461313
5849818
6130917
9313402
153185646
9151685
5554270
--STOP--
++STRT++
32621996
92234636
6431861
5796321
6165482
9491218
153319021
9370201
5661501
32650179
92144367
6430513
5759140
6154236
9372358
153224344
9539179
5543994
32826303
92226289
6466966
5767568
6157489
9311369
153053039
9352216
5493266
--STOP--
++STRT++
33022185
92278950
6461106
5815470
6182033
9384027
153165913
9220937
5478741
33068531
92305130
6457134
5796387
6130011
9379302
152986180
8993258
5420674
32816216
92016295
6443224
5811655
6126368
9412618
153120360
9091029
5488907
--STOP--
++STRT++
33029039
92249333
6455223
5809294
6179071
9408864
153497190
9358794
5559846
32649970
92119299
6450311
5808192
6155694
9310427
153185918
9595623
5521566
32633400
92117769
6450106
5781061
6156896
9310105
153060515
9341613
5581793
--STOP--
++STRT++
32589460
92109923
6472956
5844849
6148421
9343526
153225498
9042502
5400867
33127947
92228708
6493089
5811281
6147016
9338673
153230954
9073560
5517187
32658683
92203328
6446887
5798219
6150818
9344958
153249226
9392754
5552477
--STOP--
++STRT++
32662509
92344948
6470763
5817015
6156238
9303854
153184976
9396741
5479090
32578680
92068112
6457045
5794085
6177850
9459470
153254488
9069058
5468067
32610799
92284814
6449375
5794367
6135583
9523619
153162590
8943058
5522530
--STOP--
++STRT++
32625520
92222904
6448441
5814844
6135844
9339832
153639272
9268702
5529775
32617768
92601727
6449408
5805929
6141973
9317290
153240415
8911734
5426599
32634777
92009615
6445103
5785039
6158264
9409255
153238785
8870119
5448667
--STOP--
++STRT++
33137335
92269266
6458930
5764695
6163603
9380664
153200742
9159547
5528247
32672910
92184020
6429347
5792719
6208626
9495839
153175528
9227652
5532149
33169906
92292105
6461632
5812414
6168100
9354166
153362674
9234743
5546947
--STOP--
++STRT++
32626382
92420943
6434786
5826215
6178662
9470261
153242267
9455363
5665383
32707682
92286268
6432818
5810522
6170141
9470390
153336050
9198137
5481089
32584169
92188210
6430418
5803444
6166829
9372328
153155045
8965988
5394121
--STOP--
++STRT++
32607751
92194640
6471800
5813020
6185383
9417417
153217310
9210194
5371589
32921961
92191402
6446887
5787936
6145422
9337140
153178764
9252590
5571050
32658432
92122607
6462370
5814213
6134146
9477995
153245260
9280030
5550287
--STOP--
++STRT++
32670878
92221455
6449598
5803243
6157927
9505445
153351241
9289443
5522876
32617511
92060942
6448923
5804608
6131234
9370612
153215884
9137862
5587093
32626767
92101468
6446976
5796448
6155473
9312716
153192739
9145086
5539316
--STOP--
++STRT++
32986876
92281346
6433111
5764402
6177717
9384273
153159792
9388536
5515408
32834046
92180867
6464229
5758689
6156054
9353951
153147524
9549104
5560370
32662961
92124195
6451594
5801745
6142087
9318051
153319772
9061336
5590244
--STOP--
++STRT++
33114127
92438990
6464233
5761151
6173581
9432706
153348509
9855534
5562078
32740224
92261810
6432749
5744604
6203503
9404427
153109576
9392918
5621127
32715041
92228815
6433142
5763797
6166330
9375080
153114027
9468054
5461530
--STOP--
++STRT++
32833218
92389725
6476060
5885669
6158409
9357903
153223232
9250986
5578431
32602360
92260651
6461970
5805600
6144568
9305520
153184528
9107330
5600854
32598804
92162114
6452631
5800401
6170223
9340473
153116807
9218362
5534114
--STOP--
++STRT++
32701485
92029903
6474898
5848884
6158152
9386970
153345509
9398741
5487887
32644925
92585268
6457450
5791919
6165649
9325725
153509131
9249484
5417618
32616929
92016791
6460414
5836733
6154913
9443011
153134262
8934627
5473895
--STOP--
++STRT++
32902267
92462544
6450666
5829057
6178725
9321510
153216380
9249088
5459092
32627354
92346031
6458044
5798872
6139290
9311184
153223540
8939534
5430133
32613317
92040840
6428420
5800468
6152769
9376696
153528278
8743621
5436069
--STOP--
++STRT++
32728434
92185936
6462848
5817349
6179890
9370656
153282420
9195104
5417916
32966799
92159013
6458750
5796775
6203056
9389479
153068974
9366949
5389448
32671690
92329465
6443477
5813583
6156212
9320426
153103736
9110367
5456975
--STOP--
++STRT++
32914555
92214327
6449123
5808124
6131929
9418181
153241576
9359906
5500761
32596808
92152715
6451291
5794764
6133359
9406170
153135547
8793683
5432108
32624465
92106352
6450765
5816208
6132695
9318497
153811544
9062734
5486569
--STOP--
++STRT++
33205096
92068901
6467188
5765519
6186692
9422604
153262885
9319031
5570337
32791136
92389892
6429163
5758215
6199245
9314437
153190005
9269174
5464549
32996022
92290181
6456454
5768469
6159485
9368539
153096736
9286658
5487657
--STOP--
++STRT++
32674528
92163824
6455045
5763524
6169195
9406504
153303657
9157698
5630287
33242851
92262093
6431173
5789741
6152819
9370046
153153068
9036221
5393751
33101041
92214646
6430493
5786921
6154258
9394167
153143225
9051734
5445313
--STOP--
++STRT++
32655794
92367692
6459085
5768780
6178025
9435127
153229571
8995883
5448531
32649449
92285903
6449502
5779395
6134904
9426198
153030270
8975034
5452618
32741028
92253232
6445152
5812092
6136623
9351869
153215178
8881183
5466276
--STOP--
++STRT++
32802183
92291360
6431429
5755205
6164185
9349844
153301025
9185919
5512369
32613435
92331571
6430467
5772478
6202923
9339224
153461909
8932160
5411386
32703041
92173765
6461064
5806217
6162478
9323090
153208416
9002570
5418401
--STOP--
++STRT++
32632109
92148809
6488603
5808708
6135058
9504218
153237567
9034645
5493490
32693432
92067440
6445108
5809555
6139227
9372905
153262903
8846300
5434527
32662275
92070558
6443267
5799508
6155798
9454563
153278862
8965302
5486013
--STOP--
++STRT++
32587094
92226863
6450720
5809709
6141077
9348955
153358898
9094662
5535824
32708798
92080676
6457361
5844150
6136154
9438729
153114647
8827224
5423698
32682822
92460856
6448279
5803356
6157202
9456317
153262349
8906395
5448926
--STOP--
++STRT++
32926832
92265816
6457190
5766436
6179336
9415382
153229914
9110637
5408780
32548115
92193524
6450858
5791008
6145286
9455928
153157057
8884047
5505076
32638625
92110505
6442260
5805866
6163495
9334612
153103598
9201364
5460438
--STOP--
++STRT++
32692628
92344965
6445794
5816327
6211990
9499920
153238824
9135271
5551796
33002939
92214703
6504575
5784037
6144417
9433846
153203594
9171776
5452454
32604326
92050200
6457207
5790828
6134749
9352094
153226689
9085291
5454473
--STOP--
++STRT++
32610244
92273277
6452600
5834627
6131669
9409801
153274812
9497149
5707378
32620208
92132449
6455887
5790246
6166995
9388193
153202925
9303718
5558322
32910943
92088424
6434015
5792710
6148736
9476566
153236213
9363440
5598423
--STOP--
++STRT++
32590740
92282359
6464413
5811503
6161224
9354448
153227561
9360123
5622998
33134299
92109167
6458021
5797878
6164384
9396806
153151788
9146698
5446723
32633870
92233907
6453536
5801590
6160818
9326092
153233630
9084546
5490192
--STOP--
++STRT++
32654292
92178278
6429797
5815588
6176577
9339215
153324483
9311228
5565220
32743106
92451042
6446088
5800304
6156103
9373257
153119439
9436591
5640590
32577327
92164200
6446269
5794350
6215623
9318354
153208591
9203254
5561744
--STOP--
++STRT++
32974255
92212039
6463531
5759154
6162852
9357501
153235562
9163100
5545713
32696223
92326756
6455719
5794899
6164469
9446467
153120991
9298733
5505315
32715467
92218838
6448036
5815153
6138097
9309361
153074772
9324261
5579042
--STOP--
++STRT++
32831144
92202627
6451816
5868776
6187604
9366608
153276951
9315439
5434461
32905759
92334854
6455651
5796126
6154004
9407867
153064791
9081498
5470193
32716486
92310696
6447298
5790567
6156938
9315536
153250192
9225283
5539718
--STOP--
++STRT++
32619031
92220649
6451012
5831412
6146776
9337623
153538030
9310135
5412477
32845695
92397990
6442469
5779322
6133773
9367112
153195384
9296604
5565077
32648517
92142045
6441822
5782138
6160454
9385612
153063977
9201284
5534517
--STOP--
++STRT++
33242526
92273180
6453519
5810855
6132096
9394606
153585257
9469541
5571712
32599121
92323014
6459190
5805291
6163895
9296058
153239320
9418449
5642442
32598588
92027271
6494306
5799156
6134155
9289781
153204803
9330878
5590815
--STOP--
++STRT++
32937236
92464374
6431907
5811513
6158346
9464736
153332333
9480452
5615976
32642380
92115829
6429873
5761409
6178945
9351681
153234298
9201717
5470379
32577607
92137649
6450047
5812662
6130235
9327828
153563875
9190559
5531029
--STOP--
++STRT++
32619983
92332531
6451121
5809343
6183079
9320840
154266771
9459602
5448346
32712006
92144815
6465649
5809045
6155006
9426131
153634844
9333777
5508115
32813138
92531059
6457380
5809018
6160219
9347060
153230845
9424822
5552403
--STOP--
++STRT++
32689763
92169004
6458674
5773718
6163801
9397192
153248832
9323765
5507713
33392899
92207232
6467549
5759778
6165835
9383537
153147415
9196035
5460860
32721692
92167100
6458540
5819322
6164493
9325457
153198258
9523874
5686525
--STOP--
++STRT++
32813622
92277539
6465955
5798286
6161315
9534435
153335579
9109324
5504866
32632250
92119480
6445462
5799549
6165603
9358381
153147689
9200533
5522511
32541120
92100728
6449917
5800411
6127264
9492285
153191800
9297314
5549912
--STOP--
++STRT++
32888583
92333346
6465983
5759991
6175856
9357642
153235019
9143880
5442768
32627515
92378789
6433788
5791135
6172808
9480896
153235482
8988672
5433147
32577427
92131192
6448811
5848133
6129852
9391984
153244866
9302925
5580159
--STOP--
++STRT++
33176723
92211548
6456854
5759972
6158909
9374369
153368763
9245439
5527336
32556107
92203331
6459482
5804265
6160287
9382865
153066527
9303213
5565208
32576538
92304947
6452179
5795755
6144344
9308320
153331813
9478991
5576279
--STOP--
++STRT++
32669914
92146632
6460919
5767030
6159291
9369081
154032111
8972389
5498965
32784272
92358535
6429095
5753478
6158197
9455300
153164692
9175678
5555318
33303243
92216421
6470215
5808833
6175259
9328631
153269290
9158286
5547131
--STOP--
++STRT++
32672048
92194588
6455127
5844587
6153437
9416574
153245139
9052428
5477226
32717522
92115687
6456211
5809900
6164056
9323382
153077180
8997800
5510938
33159854
92453799
6452042
5796090
6138832
9292125
153141927
9026835
5494099
--STOP--
++STRT++
33243818
92180383
6491574
5835978
6164315
9429950
153895327
9062931
5419056
32556291
92147341
6459950
5802150
6160250
9327667
153197905
9197364
5565962
32840516
92210769
6452456
5806582
6149504
9433065
153010462
8998997
5455977
--STOP--
++STRT++
32971764
92728682
6474101
5835927
6164321
9389159
153267326
9232552
5463689
32821601
92192200
6453302
5798556
6150007
9433527
153041996
9149702
5484718
32605390
92049331
6453423
5796349
6139299
9315119
153192081
9283434
5474250
--STOP--
++STRT++
32971535
92185491
6449075
5839761
6166123
9429362
153235791
9523287
5586497
32607491
92237717
6445971
5781809
6153232
9314077
153139289
9071569
5465469
32762594
92205999
6429810
5765430
6145263
9385411
153258084
9171497
5581758
--STOP--
++STRT++
32898228
92253283
6503509
5762948
6150989
9403319
153227493
9343051
5561079
32774952
92640969
6445509
5794603
6132276
9323564
153373544
9259581
5524000
32725478
92178626
6447412
5794169
6137815
9335845
153139228
9052827
5482909
--STOP--
++STRT++
32645233
92226748
6431888
5803666
6173151
9382811
153346905
9248200
5599197
32642050
92228402
6426933
5803759
6158153
9334601
153195351
9207004
5498364
32937198
92181367
6432823
5773701
6165237
9372184
153186849
9382409
5538399
--STOP--
++STRT++
32668694
92141096
6453917
5836430
6188696
9373446
153190306
9244962
5481209
33197468
92069186
6446151
5780278
6158222
9348313
153094108
9087557
5603315
32567441
92143692
6471433
5799766
6149319
9451699
153446847
8785768
5441554
--STOP--
++STRT++
32681245
92256533
6432687
5811134
6168397
9457175
153283414
9216330
5540925
32992864
92216959
6445302
5803834
6135387
9385781
153186891
9297992
5511006
32588231
92114515
6449661
5805453
6154560
9377265
153131255
9108049
5467609
--STOP--
++STRT++
32589046
92150143
6453350
5828738
6201405
9430543
153492849
9075701
5404927
32580025
92176363
6451315
5796009
6136373
9281453
153218686
8922735
5467493
32540528
92187512
6444990
5794165
6136870
9344328
153132462
8917937
5457993
--STOP--
++STRT++
32620624
92257662
6460078
5762165
6178469
9440027
153226128
9475801
5553035
32784765
92270579
6434326
5761340
6164482
9459346
153098396
9447839
5554622
33110127
92252813
6448535
5797713
6128374
9488417
153184348
9396850
5583202
--STOP--
++STRT++
32792332
91999838
6453884
5798667
6129727
9545952
153238530
9182982
5546885
32912348
92319086
6430842
5789454
6169744
9391587
153375207
9010383
5422885
32560091
92068597
6449675
5768286
6156985
9372254
153161613
9101768
5405430
--STOP--
++STRT++
32917579
92189784
6450436
5807487
6142751
9435772
153199870
8975192
5494412
32788182
92362196
6467819
5813944
6159164
9284624
153174525
8922033
5410602
32891278
92285845
6501281
5801656
6154635
9365464
153328642
9066086
5501902
--STOP--
++STRT++
33241949
92304533
6447643
5803031
6135389
9323584
153607647
9244109
5624831
32807154
92202376
6431737
5795148
6168181
9322030
153486706
8999395
5452325
32566257
92237278
6457748
5813534
6136578
9379626
153390738
8933669
5438599
--STOP--
++STRT++
33396389
92259260
6461629
5818129
6132183
9478787
153205107
8890614
5480976
32593263
92429326
6448686
5805656
6125841
9341149
153148062
9016836
5492969
32630012
92136191
6517101
5795610
6170702
9316456
153441119
9057770
5422063
--STOP--
++STRT++
32647281
92246354
6431232
5805452
6166193
9326869
153297832
8969152
5484516
32590528
92152822
6459794
5810319
6168615
9295487
153241008
8748291
5367372
32583463
92093207
6493690
5797938
6197781
9336021
153126235
8946197
5432708
--STOP--
++STRT++
32703294
92342374
6449425
5810096
6165574
9370178
153272798
9268337
5562414
32639039
92270654
6449772
5785147
6153222
9381298
153562102
9187114
5587899
32966103
92303905
6459372
5805916
6158156
9322167
153255834
9087416
5474031
--STOP--
++STRT++
32652977
92234493
6455288
5773350
6165669
9336340
153448091
9115333
5441061
32596065
92144893
6448707
5782802
6173069
9384932
153134603
9625062
5435650
32898453
92180252
6449789
5809243
6140442
9453105
153192699
9170782
5578955
--STOP--
++STRT++
32661946
92307573
6456526
5769557
6186966
9359746
153298119
9593829
5418228
32844387
92413001
6457997
5791871
6131390
9316870
153174762
9446213
5511901
32656991
92162976
6452201
5811358
6166177
9306886
153170500
9229269
5417617
--STOP--
++STRT++
32904986
92136594
6452573
5810691
6158382
9396693
153253214
9380052
5614719
32805863
92323585
6446325
5785190
6161082
9362016
153266740
9236289
5552061
32646776
92077015
6448307
5815607
6137039
9342682
153128088
9047464
5469816
--STOP--
++STRT++
32647971
91983073
6456667
5824395
6179500
9321192
153265141
9393306
5440910
32669710
92184229
6457711
5792040
6147647
9326483
153219976
9300757
5602076
32628507
92113591
6447714
5802480
6152864
9330759
153069315
9018791
5518226
--STOP--
++STRT++
32778918
92065200
6460918
5810478
6147930
9365588
153214296
9693939
5481624
32679011
92118127
6450651
5766307
6156574
9330778
153279822
9449019
5475873
32553067
92376322
6446859
5797847
6151894
9312289
153095651
9419278
5526360
--STOP--
++STRT++
33001028
92414145
6460123
5824298
6175644
9410507
153209318
9466774
5556531
32645105
92371974
6456669
5794402
6147702
9389552
153415950
9359731
5570451
32601906
92270566
6494554
5816752
6151625
9294150
153114531
9230902
5508810
--STOP--
++STRT++
32671134
92172149
6459724
5766725
6191537
9393776
153287634
9217349
5563562
32576841
92142976
6463845
5767533
6156116
9362136
153210741
9054689
5468181
32548776
92212938
6466530
5814617
6163345
9295791
153195452
9000363
5472273
--STOP--
++STRT++
32686107
92387308
6459961
5771385
6164199
9424779
153168566
9237716
5591045
32922793
92206858
6462631
5762549
6151021
9342962
153128499
9052057
5421026
32556885
92097759
6449328
5814326
6132223
9344639
153175929
8892735
5482948
--STOP--
++STRT++
32960752
92556128
6456115
5819497
6176194
9345355
153536166
9356403
5530605
33201278
92112526
6450439
5801801
6149874
9294352
153179763
9231858
5583641
32632637
92259107
6448492
5812081
6131281
9411456
153259967
9414104
5592964
--STOP--
++STRT++
32702080
92378401
6430458
5815691
6163358
9458186
153371108
9028537
5463595
32549506
92266290
6434717
5784135
6162935
9403370
153227592
8944887
5441056
32605931
92156150
6454203
5772385
6160967
9351234
153124442
9066045
5455194
--STOP--
++STRT++
32983414
92272184
6429005
5805564
6172119
9356410
153356694
9450098
5564798
32609884
92472810
6427694
5789475
6156343
9345992
153154764
9208166
5456179
32614238
92545964
6492199
5802332
6169157
9462675
153155464
9006641
5367256
--STOP--
++STRT++
32724089
92456997
6430684
5764439
6163979
9389138
153245348
8979876
5531386
32704052
92318226
6463069
5759313
6163803
9441235
153176184
9159862
5527874
32615892
92090924
6447971
5792042
6154284
9361308
153219205
9296222
5568828
--STOP--
++STRT++
32665227
92259487
6460302
5765867
6161486
9362286
153257244
9281943
5595058
32529981
92297202
6462424
5764850
6218045
9320831
153763972
9464944
5600662
32806634
92214772
6449046
5766385
6156999
9373860
153048900
8975428
5501983
--STOP--
++STRT++
32721068
92367767
6430175
5818861
6164158
9367848
153272234
9224671
5538412
32858246
92167815
6442261
5793233
6156063
9418419
153186882
9048977
5490264
32613609
92522554
6432206
5790759
6152630
9324490
153162012
9006748
5457361
--STOP--
++STRT++
32946368
92226344
6448467
5830689
6130555
9297448
153167244
9069260
5616282
33173815
92214651
6459101
5812830
6123481
9310427
153172246
9259088
5508557
32643324
92139336
6448138
5797507
6141490
9445059
153335965
9002021
5484581
--STOP--
++STRT++
32649185
92225148
6458319
5769340
6156164
9349776
153434685
9421701
5562453
32737985
92542936
6429092
5763179
6148634
9457461
153252837
9176822
5506446
32586163
92068916
6467815
5763852
6156775
9355853
153347372
8899517
5439919
--STOP--
++STRT++
32686819
92364458
6430868
5761635
6175968
9323368
153297475
8882195
5479408
32568759
92075715
6464731
5762534
6153341
9331504
153199066
8870405
5393689
32571506
92040606
6448259
5818302
6132090
9319016
153469959
8897715
5493190
--STOP--
++STRT++
33058856
92212298
6452439
5834723
6165113
9321367
153220974
9099018
5527261
32658651
92456655
6433742
5788650
6168945
9322641
153168436
9023558
5474698
32731809
92110821
6461059
5817432
6169531
9358538
153500858
9133081
5482805
--STOP--
++STRT++
32787173
92357717
6461184
5766114
6150709
9404529
153554962
9376599
5554169
32946066
92329021
6434942
5801313
6161252
9350598
153196187
8951141
5398890
32770652
92247854
6452590
5810139
6167584
9370610
153138738
8875195
5438973
--STOP--
++STRT++
32812336
92842171
6460228
5811594
6134140
9387655
154309709
9234871
5520838
32752779
92219566
6457799
5829878
6138581
9327453
153162763
9006824
5451303
32803205
92022542
6459783
5789881
6185686
9368333
153190884
9099183
5530572
--STOP--
++STRT++
32683956
92688091
6464777
5814744
6128812
9310400
153515762
9391975
5583497
32728071
92503374
6431567
5791129
6161022
9466590
153205396
9192597
5486162
32701182
92125110
6449468
5805760
6136754
9426823
153231438
8975695
5486607
--STOP--
++STRT++
32792629
92499844
6472810
5763890
6154497
9336226
153229474
9395489
5458134
32738016
92208965
6458478
5796152
6145760
9447212
153220734
9228360
5413351
33099165
92063489
6446806
5798266
6149174
9433297
153156719
9127250
5435944
--STOP--
++STRT++
32829476
92295225
6464069
5764682
6170765
9388933
153339794
9467030
5491155
32540379
92158563
6429420
5753444
6160439
9431828
153176387
9191154
5589260
32595746
92225690
6431380
5773194
6144260
9373019
153107921
9280717
5537636
--STOP--
++STRT++
32665956
92245668
6451636
5820410
6164520
9369714
153308433
9606958
5557918
32872299
92123282
6446620
5791679
6160112
9350281
153457710
9275374
5547247
32593781
92069813
6449850
5801133
6141680
9463552
153100057
9073750
5503058
--STOP--
++STRT++
32905098
92248030
6432510
5811645
6166278
9348316
153360219
9195253
5546298
32631332
92250640
6458938
5798590
6132033
9292469
153217225
9427516
5580479
32643362
92211100
6448083
5802077
6158380
9416574
153277487
9185061
5505607
--STOP--
++STRT++
32741679
92159038
6454163
5809396
6138790
9386936
153182954
9140711
5665563
32850038
92032410
6445346
5815884
6129982
9458997
153204167
9045025
5518534
32925874
92163879
6449898
5786943
6162758
9312194
153302260
9250064
5553153
--STOP--
++STRT++
32626397
92199300
6469928
5810075
6169157
9348946
153168509
9582905
5656491
33088160
92131999
6445272
5806055
6168582
9396677
153686323
9365585
5664222
32847918
92834754
6458720
5803982
6152592
9395696
153381598
8941936
5397081
--STOP--
++STRT++
32715472
92170027
6455471
5819205
6180317
9418398
153098295
9197765
5344057
33237994
92465959
6457043
5795423
6146127
9355675
153244612
9310428
5694110
32918442
92652361
6447622
5855127
6150077
9410808
153330148
9194223
5461485
--STOP--
++STRT++
32643035
92275141
6463464
5763527
6162201
9420249
153547948
9237144
5483981
32622854
92147239
6428010
5756985
6159587
9392711
154181053
9066059
5452477
32580863
92229405
6450917
5808454
6164534
9329696
153283678
9344655
5549480
--STOP--
++STRT++
32676232
92157300
6452739
5833584
6193960
9406808
153182602
9098382
5465762
32863565
92211629
6457895
5801893
6159227
9385974
153054323
8938234
5561013
33067015
92367260
6451472
5804372
6134741
9377093
153228986
8923443
5424038
--STOP--
++STRT++
32704455
92082715
6458059
5800764
6134493
9507731
153191554
9188875
5558237
32777777
92062045
6463663
5810797
6164363
9446561
153144980
9126130
5540512
32590182
92417937
6501442
5808795
6156540
9414181
153184983
9229508
5444014
--STOP--
++STRT++
32663336
92171640
6455599
5818309
6177098
9403674
153306599
9116839
5349174
32828178
92150971
6451723
5806989
6167502
9337128
153129056
9264076
5503114
32564758
92213631
6499776
5761817
6157702
9312736
153236948
9073311
5473411
--STOP--
++STRT++
33205827
92314737
6428028
5821501
6163421
9350833
153303449
9266478
5504288
32764407
92202743
6431721
5794980
6158452
9323703
153683838
9054698
5416874
32568554
92077420
6431572
5813788
6147718
9423090
153309994
8999567
5424812
--STOP--
++STRT++
32876972
92196629
6432827
5814175
6174694
9394654
153275362
8955109
5503749
32724554
92207491
6429795
5753739
6154744
9416410
153074097
8902191
5445718
33170689
92363378
6452248
5772897
6157089
9353354
153135637
8828854
5380230
--STOP--
++STRT++
32798222
92396150
6450641
5815335
6179580
9376187
153296169
9089020
5406694
32760214
92246670
6455357
5817627
6171630
9364058
152969592
8955973
5499309
33133529
92205810
6448766
5793541
6147493
9378977
153321212
8869327
5447910
--STOP--
++STRT++
32642441
92425147
6469541
5768037
6160220
9427547
153211815
9180698
5526540
32903111
92240832
6448775
5802798
6140215
9345692
153898881
9070309
5543185
32572667
92021806
6447690
5793024
6165016
9304161
153218162
9360108
5540679
--STOP--
++STRT++
32803910
92372703
6452076
5838102
6157126
9291947
153598324
9276898
5483336
32644715
92154283
6497511
5813558
6149724
9305881
153240288
9232938
5543510
32903965
92251698
6450657
5808269
6150514
9438314
153046707
9252709
5415172
--STOP--
++STRT++
32727407
92066285
6465400
5819211
6176707
9319877
153580389
9282522
5430493
32776472
92056023
6462574
5787342
6145530
9447320
153155993
9368836
5530787
32586332
92134181
6452759
5790770
6138121
9431388
153198417
9115736
5578511
--STOP--
++STRT++
32719935
92212875
6451659
5820364
6180245
9343969
153196255
9414442
5502668
32763231
92352587
6460503
5818455
6165160
9440909
153076961
9095304
5513585
32782665
92095050
6446643
5788089
6132807
9411006
153135182
9248240
5497220
--STOP--
++STRT++
33447200
92293973
6451595
5817393
6168957
9353753
153334237
9351487
5558537
32560111
92107793
6450388
5790062
6175402
9348454
153123663
9268033
5577892
32829391
92492323
6452714
5827003
6130192
9297005
153091190
9337178
5565302
--STOP--
++STRT++
32584082
92549081
6449904
5812629
6167644
9359596
153622363
9420230
5511240
32764824
92298981
6431519
5824968
6161257
9350117
153112256
9279346
5634184
32731301
92182638
6430806
5809073
6160435
9353006
153190006
9076289
5477247
--STOP--
++STRT++
33166639
92216747
6451298
5811201
6135729
9364262
153962613
9561663
5480943
32665552
92099417
6457125
5814272
6138391
9512286
153110226
9495690
5541039
32576184
92131198
6448453
5786055
6158551
9462551
153157901
9234520
5602372
--STOP--
++STRT++
32670354
92257190
6461830
5810727
6166171
9456491
153294724
9110238
5536881
32833856
92251308
6446379
5787288
6162151
9441112
153110983
9163161
5464038
32522710
92196167
6448814
5775520
6148451
9420788
153234254
9259656
5480171
--STOP--
++STRT++
32750659
92220721
6452946
5770994
6156918
9357409
154160564
9025226
5458830
32741300
92167853
6469938
5762788
6155521
9335750
153048845
8985715
5413462
32560403
92194661
6444256
5803581
6160308
9292924
153402855
9053877
5510817
--STOP--
++STRT++
32677210
92195286
6428148
5821439
6174235
9436893
153295625
9106899
5470570
32752832
92290435
6427908
5783653
6167725
9338034
153451369
9540408
5585290
32578269
92286654
6431222
5788746
6170234
9371145
153197987
9594220
5659830
--STOP--
++STRT++
32688383
92396864
6431347
5804494
6162388
9401467
153332372
9393640
5594972
32779164
92110580
6429946
5749709
6179981
9368614
153115451
9054379
5437125
32568612
92253915
6450073
5769200
6160844
9344331
153404039
8957520
5504912
--STOP--
++STRT++
33071647
92203562
6451346
5806309
6133763
9369182
153350325
9162793
5556310
32986287
92589015
6430790
5814239
6164176
9315781
153237720
8814772
5422378
32568989
92117594
6444151
5759059
6164642
9418794
153248735
8921059
5380380
--STOP--
++STRT++
33272460
92127193
6461178
5813836
6157248
9335076
153226766
9045811
5457060
32521331
92134578
6456698
5800879
6137501
9327689
153380288
9152709
5560299
32732379
92169455
6447958
5816275
6161686
9362796
153153948
9032248
5515358
--STOP--
++STRT++
32666335
92173300
6453587
5763305
6162099
9403829
154267052
9574498
5598540
32584102
92276204
6433604
5765325
6165961
9336665
153096303
9328903
5572527
32634837
92180974
6448271
5820784
6165700
9307408
153214242
9236766
5586481
--STOP--
++STRT++
32843579
92338839
6428553
5766214
6164875
9410720
153286671
9215950
5612160
32606062
92480936
6428794
5799816
6155891
9352313
153178413
9162410
5529386
33134650
92194362
6459304
5811141
6155746
9427742
153253282
9025347
5478088
--STOP--
++STRT++
32717123
92363355
6430477
5765916
6250325
9439978
153362581
9618006
5713071
32899608
92200185
6431731
5808926
6173361
9436628
153394942
9733563
5664394
32641574
92205049
6432414
5800267
6148129
9350080
153313840
9091881
5510826
--STOP--
++STRT++
32775130
92074727
6460139
5804654
6135960
9321935
153285892
9050773
5446083
32630296
92333322
6443725
5794817
6142381
9382871
153168635
9045122
5481070
32577244
92220434
6452861
5863359
6133033
9319798
153269825
9142227
5539344
--STOP--
