++STRT++
244632
368558
87586
77846
87368
71773
552975
86761
77798
244629
368539
87573
77845
87427
69927
547357
86701
77810
244680
370732
87686
77848
87372
69939
545218
86637
77849
244662
375536
89943
77844
87450
69923
545242
86751
77899
244839
368600
87640
77846
87380
70042
545149
86739
77786
244691
368612
87579
77849
87532
70072
545215
86612
77882
244696
368505
87657
77848
87495
70073
545119
86802
77832
244713
368513
87644
77848
87417
69961
551478
86797
77899
244819
368555
87738
77848
87403
69957
547339
86783
77966
244871
368564
87666
77845
87429
70058
545229
86721
77901
244676
368541
87692
77846
87505
70070
545085
86778
77852
244592
368594
87626
77848
87501
70057
545201
86814
77827
--STOP--
++STRT++
244682
370541
87598
77848
87492
69974
546711
94107
77840
244684
368573
87647
77848
87478
71338
547339
86668
77871
244902
368615
87646
77847
87551
71614
547404
86571
77843
244698
368624
87610
77849
89193
70086
546740
86823
77874
244711
369359
87631
77846
87582
70078
546220
86836
77824
244681
368543
87670
77847
87408
70038
545092
86726
77882
244630
368633
87692
77847
87503
70031
545103
86772
77929
244754
368594
87633
77848
87459
69960
545250
86807
77866
244799
368465
87633
77846
87475
70063
547294
88187
77860
244842
368504
87655
77846
87452
70038
545154
86789
77897
245398
370928
87657
77848
87424
70068
545205
86774
77905
244621
376003
87613
85160
87500
69937
547362
86778
77847
--STOP--
++STRT++
244696
368463
87687
77848
87554
69933
545113
86613
77781
244703
368639
87581
77848
87510
70045
545183
86826
77866
244682
368496
87587
77847
87482
70014
545118
86548
77854
247163
376644
87602
77848
87495
69922
547747
86812
77938
244718
371323
87643
77844
87405
69956
547064
86624
77862
244872
375920
87709
77844
87421
69938
547817
88489
77969
247379
368689
87617
77847
87458
69947
545149
86737
77910
244707
368675
87635
77848
87410
70061
545226
86754
77778
244700
368605
87607
77848
87416
69960
545231
86784
77825
244615
368614
87624
77848
87438
69973
552301
86793
77835
244881
368641
87632
77847
87375
69949
545152
86743
77913
244713
368503
87665
77848
87450
69951
545748
86838
77858
--STOP--
++STRT++
244761
370648
87587
84957
87446
69923
546876
86795
79852
244683
370360
87667
77847
87428
70061
545261
86849
77831
244706
368626
87643
77847
87488
69939
545241
86748
77967
245053
368655
87638
77849
87414
78722
547035
86792
77905
244665
368569
87682
77847
87412
69935
545141
86695
77843
244658
368569
87746
77847
87424
70048
545237
86631
77858
244712
375900
89955
77846
87425
70079
547346
93841
77958
247268
375633
87699
77848
87417
69940
545133
86825
77770
244669
375953
89901
77848
87454
72855
547591
86708
77962
244923
368612
87617
77847
87483
70061
545194
86738
77824
244692
368466
87564
77849
87510
70042
545252
86757
77914
244687
368470
87633
77848
87418
70052
545232
86837
77820
--STOP--
++STRT++
246959
370890
90021
77848
87428
69943
547122
86803
77970
244861
368668
87607
77846
87431
70071
545104
86745
77964
244670
368588
87600
77847
87519
69940
545233
86637
77953
244640
368579
87657
77848
87442
69931
545127
86716
77979
244794
368601
87637
77846
87459
73611
547206
86726
77899
244726
368566
87698
77848
87422
70055
545136
86658
77854
244671
368540
87563
77845
87424
69960
548894
86747
77969
244635
376318
87633
77849
87516
70050
545190
86858
77861
244701
368498
87593
77848
87469
70078
548014
86689
77910
244624
368593
87571
77848
87530
69947
545230
89768
77858
244684
368660
87615
77847
91180
70050
547818
86860
80240
244697
368556
87644
77846
87540
70066
545215
86737
77928
--STOP--
++STRT++
244723
368631
87654
77846
87460
70046
545112
86542
77876
244867
368519
87634
77848
87439
70066
545220
86619
77888
244639
368552
87636
77848
87486
69926
545272
86644
77883
247266
376543
87655
77848
87461
69939
547298
86654
77824
244855
368483
87608
77846
87512
70055
548384
86567
77839
244904
368580
87620
77848
87464
70086
545209
86717
77836
244870
368546
87700
77845
87508
69940
545129
86724
77833
244652
368477
87617
77847
87407
70091
546306
86732
77908
244587
368475
87649
77847
87523
69928
547039
89059
77929
244607
368592
87636
77848
87448
69931
547759
95260
77847
244700
368685
87587
77847
87464
70056
545234
86847
77814
244832
368559
87635
77845
87448
69956
545110
86506
77828
--STOP--
++STRT++
244628
368666
87621
77846
87399
72302
552169
86671
77885
244648
368464
87564
77848
87465
71795
546821
86748
77919
244698
368654
87602
77847
87531
72565
547438
86748
77819
244707
368558
87637
77847
87549
71591
547473
86628
77964
244722
368595
87643
77848
87582
69940
545112
86764
77815
244911
375567
87616
77848
87382
69964
545153
86761
77849
244731
368632
87630
77847
87445
69942
545109
86666
77901
244660
370843
87611
77846
87439
70045
546742
86817
77839
244725
375343
87673
77847
87467
72583
547402
86684
77843
244884
368572
87588
77846
87493
70054
547361
86756
80502
244724
368636
87600
77845
87409
72567
547564
86825
77799
244610
368629
87615
77846
87474
69920
545275
86892
77919
--STOP--
++STRT++
244697
368575
87625
77846
87395
72806
552724
86738
77962
244684
376103
87660
77844
87464
69927
545258
86614
77894
244614
368587
87637
77847
87464
70057
545255
86553
77819
244694
368589
87662
77848
87467
69955
545255
86761
77931
245029
368552
87627
77848
87473
69946
545219
86800
77939
244715
368626
87623
77847
87432
70065
545109
86841
77834
244695
368654
87640
77848
87470
69964
545155
86690
77800
244675
368547
87614
77848
87498
70083
545133
86728
77842
244759
368560
87624
77848
87413
69935
547023
86752
77858
244640
368587
87665
77848
87515
70051
545231
86683
77863
244609
368545
87589
77848
87537
70056
545282
86779
77930
244662
368615
87605
77846
87507
70055
545105
86750
77879
--STOP--
++STRT++
244708
368450
87596
77848
87488
72693
552759
86808
77918
244621
368540
87653
77847
87518
71961
547291
86649
77972
244647
370780
87667
77846
87462
70069
545128
86782
77839
244691
368603
87572
77845
87420
70082
545124
86722
77932
244697
368502
87605
77845
87495
69937
547255
86753
77862
244684
368602
87656
77846
87376
69973
545255
86740
77831
244698
368646
87647
77846
87424
70046
545150
86695
77892
244756
370428
87657
77849
87434
69932
545222
86692
77813
244681
371148
87695
80462
87427
69946
547337
86775
77878
244710
368548
87680
77848
87468
69931
545220
86787
77916
244681
368597
87660
77847
87425
70058
547610
86656
77839
244697
368602
87607
77848
87491
69952
545261
86686
77931
--STOP--
++STRT++
246666
370428
87682
77846
87513
70045
547629
86822
77934
246957
375707
87582
77848
87437
70074
547494
88415
77915
246849
368558
87645
77847
87477
69917
545256
86635
77868
244875
368519
87657
77848
87460
69934
545140
86822
77800
244714
368605
87590
77848
87487
69967
545239
86663
77838
246684
375511
87564
85220
87468
70042
547463
86775
77849
244729
368533
87608
77846
87500
71454
546718
86580
77858
244591
368482
87596
77847
87468
70064
545115
86770
77829
244679
368642
87610
77847
87420
71665
545102
86811
77918
244711
370044
89027
77845
87481
69970
546997
86841
77835
244749
368614
87644
77848
87458
69969
545137
86802
77855
244720
368501
87600
77848
87480
70056
545195
86784
77814
--STOP--
++STRT++
244880
368577
87634
77849
87472
69949
545099
86766
77910
244923
368470
87654
77848
87463
69950
545101
86820
77877
244673
368629
87616
77847
87437
69931
545222
86775
77938
244692
368586
87623
77848
87423
71457
547507
86650
77914
244698
368552
87626
77846
87467
70057
547185
86809
77885
244832
368571
87704
77848
87598
71405
547363
86696
77817
244716
368616
87645
77849
87438
69951
545233
86695
77896
244734
368588
87595
77848
87405
70063
545209
86811
77959
244719
368507
87626
77848
87454
69944
547276
93636
77799
244652
368607
87639
77844
87468
70034
545101
86724
77850
244714
370924
89257
77848
87488
70048
547401
86795
80142
244734
368599
87597
77847
87459
70048
545224
86693
77795
--STOP--
++STRT++
244846
368623
87626
77847
87357
69966
545238
86867
77933
244892
368647
87640
77844
87460
69946
545232
86742
77908
244720
368558
87643
77848
87458
69974
545114
86758
77911
244601
368618
87586
77847
87458
70092
545134
86764
77958
244704
370173
87624
77847
87486
69926
546694
86785
77838
244651
370067
87598
77848
87501
69942
545223
86707
77969
244901
368613
87640
77846
87463
70047
545150
86645
77879
248946
368571
87586
77847
87472
69932
545122
86792
77857
244671
368528
87617
77848
87420
69925
548346
89363
77914
244872
375549
87680
77843
87429
70063
545108
86715
77888
244855
368546
87651
77845
87485
70057
545090
86717
77856
244697
375831
89941
77845
87447
70047
547353
88185
77886
--STOP--
++STRT++
244861
370985
87691
77848
90264
69987
552708
86797
77811
244694
371918
87674
85397
87482
69946
547951
86735
77843
244909
368558
87619
77844
87508
70056
545186
86685
77815
244692
368568
87613
77848
87508
70009
545190
86727
77765
244683
368644
87628
77845
87486
70068
545228
86672
77935
244885
368559
87622
77849
87500
70055
545085
86780
77943
244696
368545
87693
77848
87408
70072
545153
88892
77935
244675
368518
87615
77848
87497
69941
545110
86782
77866
244617
368571
87673
77848
87391
70053
545242
86747
77863
244678
368557
87613
77846
87504
69932
545129
86774
77908
246793
376049
87680
77848
87415
70074
547915
86679
77829
244685
368572
87591
77848
87432
70083
545259
86756
77857
--STOP--
++STRT++
244690
368545
87593
77846
87466
69947
545199
86694
77902
244709
368632
87570
77848
87491
70068
545143
86757
77878
244864
368554
87614
78241
87426
69943
545264
86768
77926
244884
368595
87571
77848
87509
70051
545284
86686
77876
244681
368620
87632
77848
87398
70078
545117
86761
77816
244672
368663
87616
77847
89117
69943
545138
86781
77937
244660
368571
87606
77848
87623
69923
545087
86651
77850
244740
368560
87637
77847
87398
69960
545251
86808
77917
244648
368590
87668
77848
87529
69925
545099
86815
77845
244709
370836
87628
80089
94917
69941
547014
86836
77883
244853
368688
87612
77848
89209
69932
545214
86780
77782
244663
368542
87656
77843
87493
70056
545097
86730
77860
--STOP--
++STRT++
246673
370407
94764
77847
87514
69936
546657
86805
77836
244689
368473
87706
77847
87550
69935
545244
86758
77887
244661
368570
87668
77848
87437
69911
545210
86765
77865
244867
368577
87595
77848
87377
70052
545211
86691
77901
244700
368580
87641
77846
87471
70055
545252
86688
77919
244680
368565
87618
77847
87407
70059
545262
86816
77911
244677
370387
87663
77846
87484
70072
545126
86740
77822
244688
368507
87585
77848
87537
69967
545168
86882
77904
244652
368559
87562
77847
87450
70052
545113
86826
77915
244708
368598
87711
77849
87475
69938
545124
86752
77917
245279
368586
87604
77844
87449
69949
545118
86784
77897
244661
368641
87565
77847
87424
70036
545163
86727
77890
--STOP--
++STRT++
244716
370546
87640
77848
94440
69926
547689
86575
77860
244689
368622
87626
77847
89812
69975
547596
86584
77890
244676
368627
87598
77847
87502
70066
546825
86723
77902
244873
368541
87661
77848
87369
69965
545138
86682
77926
244696
368582
87592
77848
87428
69959
545083
86654
77912
244659
368576
87621
77847
87462
69930
545216
86760
77933
244671
368617
87684
77846
87419
69976
545221
86733
77870
244676
368619
87647
77846
87448
70031
545227
86713
77838
244669
368536
87623
77847
87521
69936
546885
86791
79194
244883
368521
87629
77847
87558
69950
545121
86763
77911
244647
375844
89868
77846
87516
69933
547583
86785
77883
244683
376208
87686
77847
87438
69929
547615
86690
77824
--STOP--
++STRT++
244890
368490
87673
77845
87460
69928
545119
86662
77807
244661
368536
87634
77848
87489
69938
545237
86800
77943
244656
368623
87613
77847
87538
70071
545157
86765
77947
244965
368588
87650
77848
87454
69931
545241
86674
77849
244743
368647
87643
77848
87390
69928
545150
86814
77849
244804
368532
87624
77848
87387
70061
545100
86740
77898
244686
368511
87535
77848
87517
70073
545129
86729
77917
244688
368475
87656
77846
87502
69946
546664
86719
77848
244678
368527
87600
77846
87505
70020
545242
86571
77883
244670
368555
87634
77847
87530
70054
545105
86679
77813
244665
371406
87662
77848
87437
69944
547469
86667
77826
244672
368615
87691
77848
87491
69935
545230
86617
77893
--STOP--
++STRT++
244696
376054
87636
77848
87434
70053
547098
86680
77840
244635
376096
87674
77846
87498
70059
545130
86623
77871
244683
371417
87617
77848
87426
70058
547691
86783
77893
244720
368580
87659
77848
87433
69933
545282
86819
77844
244719
376242
87592
77847
87504
69941
547894
89832
77791
244699
371576
87647
80499
87525
69980
547309
86619
77962
244853
371809
87625
77848
95014
70057
547266
86756
77799
244594
368619
87599
77845
87448
73747
547173
86697
77818
244732
368510
87657
77846
87423
69948
545216
86716
77844
244779
371169
87688
77848
87479
70080
547201
86674
77865
244652
368599
87544
77847
87535
69949
545133
86738
77923
244683
368543
87621
77848
87495
70050
545104
86826
77829
--STOP--
++STRT++
244720
368573
87604
77846
87445
69941
545230
86608
77868
244889
368542
87548
77845
87457
70016
545235
86848
77819
244842
368616
87568
77848
87457
69942
545121
86510
77789
244888
372051
90199
86312
87440
69940
547777
86551
77920
244876
368653
87591
77849
87344
69943
545134
86760
77842
244867
375936
87675
77848
87501
69941
545250
86800
77850
244719
371441
87554
77846
87513
69982
545257
86785
77859
244823
371793
87660
77847
87392
70079
545140
86743
77930
244785
368493
87641
77847
87432
70071
545119
86748
77851
244679
368486
87619
77845
87422
70064
547775
86752
77893
245012
368593
87678
77847
87341
70093
545152
86716
77818
244691
368578
87609
77845
87437
69981
545099
86752
77885
--STOP--
++STRT++
244610
376719
87611
77847
87432
70058
545251
86674
77846
244703
371010
87716
77848
87419
69951
545148
86789
77759
244702
368643
87564
77846
87494
69934
545169
86769
77894
244868
368565
87627
77849
87465
70069
547744
86781
77834
244872
368595
87608
77847
87563
69964
545149
86702
77901
244850
376106
87633
77848
87465
69971
545156
86760
77810
244675
368616
87652
77847
87505
69934
545138
86810
77892
245051
368638
87577
77848
87432
72489
548327
86702
77889
244846
368565
87574
77845
87508
70054
545148
86756
77841
244838
368572
87686
77848
87421
69933
545095
86763
77831
252187
373016
87643
85236
87504
69939
548017
86663
77894
244706
368522
87661
77849
87419
77640
547793
86701
77878
--STOP--
++STRT++
244634
368536
87595
77846
87476
69948
545085
86753
77943
244700
368568
87634
77848
87443
70070
545114
86785
77935
244702
368550
87614
77848
87462
69962
545239
86788
77834
244714
368551
87663
77849
87445
69947
545140
86808
77837
244699
368581
87606
77847
87518
70068
545263
86755
77801
244681
368517
87606
77846
87401
70065
545237
86720
77932
244704
368583
87629
77847
87423
70097
545087
86510
77896
244675
368563
87626
77844
87462
69943
545096
86752
77947
244698
371340
89410
77844
87461
69946
546998
86792
84908
244686
368554
87623
77849
87555
70089
545081
86679
77914
244740
368621
87644
77848
87462
70082
545105
86830
77908
244851
368578
87661
77846
87476
70073
545273
86717
77912
--STOP--
++STRT++
244876
368561
87588
77847
87416
70040
545215
86702
77916
244857
368546
87602
77849
87460
69951
545253
86818
77836
244654
368501
87604
77849
87432
69939
545093
86745
77814
244691
368623
87641
77849
87397
69955
545219
86794
77955
244685
368591
87618
77849
87474
69943
545124
86802
77820
244675
370809
87591
77849
87518
69937
547661
86762
77970
244871
376579
90315
77845
87549
70047
545215
86654
77887
244865
370538
87598
77844
87488
70100
545164
86855
77852
244711
368575
87590
77844
87485
70059
545244
86583
77881
244656
368552
87720
77845
87432
70073
545242
89412
77907
244614
368700
87698
77847
87440
69937
545114
86855
77868
244880
368547
87573
77848
87441
69937
546956
86673
77844
--STOP--
++STRT++
244890
368496
87564
77846
87469
70045
552704
86828
77809
244706
376156
87615
77849
87456
69916
545151
86736
77828
244696
368553
87617
77848
87448
70069
545237
86816
77919
244678
368556
87641
77847
87389
69927
545226
86756
77824
244707
368652
87646
77847
87488
70062
547323
86737
77826
244814
368518
87620
77845
87386
69971
547067
86748
77942
244727
368574
87626
77848
87439
70100
545233
86756
77864
244671
368688
87628
77848
87451
69938
545263
86583
77822
244887
368590
87658
77845
87527
70001
545143
86821
77908
244646
368520
87646
77846
87463
70056
547038
86672
79686
244698
368587
87682
77849
87447
72001
549037
86753
77850
244681
368562
87582
77848
87508
71741
547844
86643
77921
--STOP--
++STRT++
244667
368587
87584
77848
87479
70043
545081
86791
77966
244652
368485
87660
77849
87389
69956
545132
86823
77930
244848
368533
87602
77848
87447
69960
545216
86792
77837
244667
370751
95190
77847
87437
70039
547030
89350
77875
244700
368635
87667
77848
87433
69953
545171
86845
77840
244686
368533
87637
77848
87405
70090
545103
86754
77900
244629
368467
87647
77844
87448
70045
545229
86825
77918
244641
368588
87618
77848
87535
69992
545229
86776
77852
244646
376552
90303
81916
87430
70006
548050
86833
77831
244841
368582
87606
77846
87582
69926
545124
86799
77897
244687
368491
87651
77849
87470
70062
545238
86752
77861
244883
370722
87571
77847
87472
70049
545135
86755
77839
--STOP--
++STRT++
244707
368580
87702
77848
87428
69961
545228
86812
77821
244714
368615
87611
77848
87461
69945
545278
86657
77852
244808
368603
87613
77848
87452
71489
545234
86688
77912
244707
368580
87637
77848
87406
70056
545127
86857
77884
244601
368612
87665
77848
87524
70003
545129
86684
77899
244791
370245
87596
77847
87464
69958
545212
86791
77841
244810
368561
87658
77846
87488
69966
545263
86746
77840
244942
368644
87631
77848
87517
69950
545266
86714
77853
244687
368605
87636
77847
87371
69921
545161
86768
77859
244691
368598
87615
77845
87451
69971
548019
86776
77846
244875
368574
87661
77844
87472
70055
545228
86787
77840
244742
370776
87630
77845
87466
70072
545145
86818
77925
--STOP--
++STRT++
244645
368639
87639
77847
87424
70061
545189
86784
77898
244893
368621
87664
77848
87440
69932
545237
86733
77928
244732
368573
87712
77847
87445
70085
545206
86747
77845
244768
368549
87686
77849
87378
70037
545244
86748
77926
246655
371245
89882
77847
87446
70072
547073
89189
77899
244713
368597
87616
77847
87532
70033
545199
86674
77842
244649
368630
87585
77846
87474
69950
545097
86744
77806
244807
368547
87686
77848
87451
70099
545152
86691
77927
244669
369297
87625
77848
87370
70058
545125
86797
77852
244691
368611
87650
77848
87449
70071
545101
86767
79626
244677
368575
87712
77848
87505
70067
545213
86749
77920
247669
368527
87675
77848
87476
70066
545265
86757
77794
--STOP--
++STRT++
244883
368582
87612
77845
87417
70075
545094
86807
77855
244716
368512
87609
77847
87432
69941
545250
86754
77822
244843
368510
87685
77846
87461
69966
545240
86692
77828
244719
368551
87720
77846
87429
70052
545106
86484
77846
244626
369427
87607
77847
87337
71688
546811
86732
77972
244613
368531
87679
77845
87473
69959
545129
86744
77892
244885
368546
87636
77848
87470
70060
545224
86630
77918
244623
368604
87620
77846
87500
69980
545263
86688
77896
244851
368563
87687
77848
87503
70056
545087
86800
77807
244787
368581
87662
77844
87553
71829
545208
88786
77827
244699
368635
87639
77844
87500
69934
545097
86825
77849
244646
368499
87681
77848
87492
70053
545217
86761
77848
--STOP--
++STRT++
244730
368618
87555
77847
87439
69948
545224
86781
77892
244856
368625
87702
77845
87536
70049
545111
86808
77913
244882
368583
87597
77845
87520
69945
545081
86793
77813
249516
368532
87661
77848
87472
69967
545147
86791
77805
244876
376284
90514
77848
87374
70081
547717
86635
77864
244639
368646
87634
77849
87462
70078
545227
86772
77923
244633
368586
87619
77846
87329
70059
545238
86779
77825
244596
375057
87619
77848
87518
69932
545110
86662
77936
244644
368583
87641
77843
87422
69949
548025
86623
77954
244874
368572
87618
77846
87492
69932
545121
86738
77921
245492
368593
87631
77846
87476
69936
545199
87834
77845
244723
368569
87623
77847
87382
69949
545231
86809
77832
--STOP--
++STRT++
244771
368486
87626
77848
87434
69951
545077
86729
77850
244710
368544
87703
77847
87440
70075
545132
86770
77832
244717
368541
87699
77848
87413
70071
545137
86791
77874
244693
370163
87615
77847
87473
69948
545137
86807
77902
244697
370927
94746
80106
87496
69928
546990
86728
77915
244836
368584
87603
77845
87372
69926
547352
86652
81128
244702
368656
87614
77849
87424
69964
545114
86692
77856
244682
368490
87672
77846
87468
70062
545204
86744
77907
244721
368618
87605
77844
87433
70019
547488
86534
77844
244713
368617
87607
77847
87459
69952
545160
86663
77871
244610
368556
87656
77848
87511
70079
548782
86772
77819
244676
368617
87681
77846
87523
70049
545276
86705
77873
--STOP--
++STRT++
244691
370606
87639
77848
87545
70061
552319
88535
77808
251836
370392
87567
77848
87424
70050
545218
86720
77884
244910
368619
87661
77846
87563
69983
545225
86830
77847
245070
368629
87591
77848
87529
69957
545235
86797
77840
249857
368496
87701
77848
87467
70059
545142
86807
77915
244697
368628
87636
77849
87471
70051
545131
86828
77846
244707
375454
87555
80083
87507
69948
552295
86770
77907
251645
370814
89404
77848
87418
69986
547951
88423
77885
244842
370956
87558
80514
94432
69942
546811
86832
77941
244704
368590
87584
77848
87435
70051
545253
86489
77852
245360
368606
87626
77848
87475
70036
545238
86670
77899
244674
368502
87638
77845
87460
69941
545260
86704
77840
--STOP--
++STRT++
244727
372589
87591
77847
94853
70048
548078
86827
77899
244880
376265
87696
86094
87451
70048
547887
86757
77862
252502
371240
87678
77848
87486
70051
547028
88446
77806
244877
368557
87631
77846
87451
70049
545117
86697
77902
244649
368604
87648
77845
87476
70054
545193
86737
77849
244715
368628
87569
77849
87423
69921
545249
86788
77821
244854
368687
87654
77845
87402
70040
545284
86753
77934
244895
368620
87601
77848
87424
69942
545249
86639
77811
244910
368513
87652
77846
87522
69943
547712
86830
80283
245033
368468
87570
77849
87437
70069
545133
86668
77854
244690
370509
87680
77849
87483
70069
545219
86798
77913
244649
371313
87598
77847
87354
69942
545219
86818
77854
--STOP--
++STRT++
244689
368512
87625
77847
87486
70091
545127
86769
77864
244696
375958
87696
77847
87484
69976
545157
86744
77809
244650
368427
87679
77845
87488
69971
545107
86645
77785
244654
368578
87601
77845
87396
69964
545224
86718
77898
244673
368522
87670
77849
87495
70062
545225
86797
77940
244692
368591
87606
77849
87458
69936
545228
86763
77909
244858
368562
87700
77845
87546
69958
545119
86858
77840
244649
368629
87657
77848
87454
69927
545249
86650
77904
244738
368566
90467
77843
87466
70088
547753
86632
80272
244668
368498
87623
77848
87420
69942
545116
86823
77842
252450
373917
87617
77848
87520
70058
553032
86792
77826
244691
368604
87666
77847
87422
70066
545152
86752
77765
--STOP--
++STRT++
244898
368487
87629
77846
87501
69964
545106
86751
77811
244666
368646
87568
77845
87619
70042
545259
86804
77755
244908
368607
87631
77844
87444
70076
545229
86729
77784
244766
368575
87630
77847
87459
70076
545254
86818
77842
244868
368641
87662
77847
87486
69959
545135
86623
77901
244700
368727
87620
77848
87435
69939
545101
86740
77853
244666
368565
87624
77847
87433
69930
545119
86748
77925
244727
368455
87628
77845
87466
70051
545225
86781
77841
244679
368577
87663
77847
87463
69941
547235
88606
77910
244648
368675
87668
77848
87437
69939
545109
86743
77804
246538
371473
87647
77848
87357
69927
547086
88436
77846
247453
376406
87623
77847
87515
72980
548016
86762
77893
--STOP--
++STRT++
244904
368636
87614
77846
87433
69990
545088
86704
77885
244630
368571
87606
77845
87408
70055
545114
86589
77860
244724
368473
87602
77846
87462
69958
545105
86830
77886
244723
368454
87645
77848
87391
70079
545209
86712
77840
244882
368573
87662
77847
87507
70050
545210
86783
77965
244633
368652
87612
77848
87516
69934
545227
86819
77906
244636
368571
87649
77848
87494
69927
547923
86634
77788
244712
368648
87622
77847
87424
70057
545245
86815
77910
244703
368537
87629
77847
87383
70074
545149
86810
77841
244713
368652
87689
77848
87416
69931
545088
86650
77902
245046
376034
87685
79232
87454
70059
546742
86837
77903
244731
368582
87609
77847
87546
69929
545140
86696
77867
--STOP--
++STRT++
244690
368619
87593
77846
87391
69953
545084
86793
77965
244806
368651
87583
77846
87515
69946
546908
86788
77903
244630
368515
87588
77849
87428
69946
545105
86821
77937
244896
368619
87575
77846
87460
70042
545088
86803
77847
244663
368603
87699
77848
87488
70048
546915
86762
77860
244668
368485
87661
77848
87477
69938
545141
86695
77841
244698
370917
87638
77848
87479
69933
548020
88268
77879
246929
370273
94543
77846
87557
70066
546664
88716
77793
244710
368597
87622
77848
87423
70076
545103
86771
77850
244674
368642
87609
77849
87548
69957
547461
86768
77921
244612
368587
87599
77847
87471
69971
545129
86651
77810
244888
368615
87662
77846
87460
69942
547047
86822
77818
--STOP--
++STRT++
244839
368652
87632
77848
87484
69934
545159
86644
77966
244694
368520
87631
77847
87521
70059
545097
86662
77812
245026
368537
87661
77848
87439
69945
546663
86706
77857
244870
368690
87601
77848
87487
69949
545207
86812
77827
244902
368607
87635
77847
87432
69946
545249
86743
77816
244677
368529
87650
77847
87386
69976
545289
86722
77958
244702
368613
87595
77846
87393
70050
545247
86613
77852
246317
369916
89053
77848
87533
69979
546990
89011
77817
246387
370459
87599
77847
88961
70059
548138
86679
77921
244859
368475
87626
77848
87607
69937
547229
88191
77912
244682
368653
87601
77848
89666
69938
547893
86711
77900
244693
368600
87567
77849
87476
72207
546930
86684
77818
--STOP--
++STRT++
244716
368541
87633
77848
87485
69923
545103
86764
77914
244616
368664
87674
77848
87443
69912
545206
86676
77824
244653
368552
87605
77848
87476
71984
546596
86602
77805
244711
368615
87580
77849
90735
69933
547356
86719
79904
244825
368525
87620
77844
87417
69942
545154
86853
77850
244701
368599
87632
77848
87409
69945
545126
86745
77928
244659
368549
87712
77847
87473
69961
545103
86630
77833
244731
368523
87679
77848
87441
70052
545252
86596
77817
244715
368589
87593
77846
87408
69953
545227
86667
77915
244910
368692
87661
77846
87407
70060
547217
86744
77896
244683
368600
87594
77846
87482
69927
546738
86743
77946
244736
368481
87643
77847
87472
70059
545252
86809
77882
--STOP--
++STRT++
245017
368567
87671
77847
87529
69967
545195
86681
77792
244691
368565
87636
77848
87480
70052
545152
86808
77870
244854
370586
87611
77844
87442
69933
548991
86652
77929
244882
368536
87563
77847
87468
69989
546924
86811
77897
244689
368612
87552
77844
87441
69975
545274
86711
77801
244671
368561
87600
77848
87484
70068
545232
86768
77825
244833
368603
87610
77847
87600
69942
545119
86571
77938
244659
368637
87615
77848
87446
69922
545127
86743
77826
244830
368655
87638
77845
87465
70101
547627
86787
77904
244710
368543
87596
77848
87458
69986
545216
86825
77907
244755
368567
87639
77849
87435
71473
545135
86642
77937
244847
368643
87639
77847
87483
69952
545212
86685
77889
--STOP--
++STRT++
244867
370461
87598
79643
87481
69973
552444
86816
80220
252009
375879
87622
77848
87445
70063
545234
86727
77788
244894
371051
87593
77848
87385
69929
545109
86812
77831
244708
370618
94508
77848
87457
70059
547044
86656
77847
244952
368569
87645
77845
87527
70041
545224
86815
77968
244742
368483
87595
77847
87466
70044
547351
86691
77968
244721
368658
87653
77845
87496
70101
547939
86802
77834
244641
368604
87645
77848
87488
69964
545245
86788
77826
244667
368595
87670
77848
87338
70068
545096
86809
77924
244640
368550
87573
77848
87329
69955
547373
86751
77886
244895
368647
87683
77847
87409
69940
545081
86636
77915
244685
368477
87623
77848
87487
70102
545225
86725
77847
--STOP--
++STRT++
244682
368635
87610
77848
87435
69996
545129
86791
77837
244681
368624
87650
77848
87481
70056
545102
86798
77972
244870
368501
87602
77846
87517
70040
545121
86757
77780
244685
368511
87613
77847
87446
70041
545128
86538
77900
244656
368642
87685
77845
87472
70066
545240
86789
77901
244671
368538
87634
77844
87519
69942
545227
86811
77845
244721
368519
87681
77848
87440
70055
545245
86806
77909
244735
368615
87640
77847
87463
69942
545128
86741
77795
244687
368564
87643
77846
87461
70094
546713
88978
77827
244860
368572
87620
77846
87458
70065
545096
86819
77907
244694
368611
87649
77847
87512
70059
545121
86586
77837
244638
368698
87589
77848
87459
69947
547324
86783
77847
--STOP--
++STRT++
244821
368637
87627
78249
87472
70048
545614
86788
77950
244705
368546
87641
77846
87418
70059
545244
86833
77879
244676
368564
87624
77846
87474
70083
545269
86766
77915
244983
368663
87682
77847
87434
70061
545246
86744
77845
244868
368611
87594
77848
87474
70053
545119
86661
77800
244912
368622
87631
77849
87551
69956
545195
86769
77843
244891
375981
87595
77846
87494
69971
547301
86718
77917
244663
375851
89853
77846
87421
70076
547327
86726
77890
244859
368612
87624
77848
87421
70069
545105
86820
77926
244876
368615
87631
77847
87444
69927
545116
86724
77910
244694
370151
87623
77845
87494
70064
545154
86767
77846
244859
368626
87666
77848
87471
69944
545143
86630
77914
--STOP--
++STRT++
244882
370552
87558
77848
87462
70077
545244
86815
77923
244680
368514
87659
77846
87445
71435
547344
86719
77894
244756
368620
87721
77847
87508
71693
547514
86597
77861
244719
368497
87670
77848
87422
69943
545152
86541
77851
244722
368592
87612
77845
87814
69946
545137
86798
77840
244684
368623
87572
77846
87417
70058
545214
86811
77920
244726
368534
87669
77848
87408
69948
545111
86781
77873
244899
368471
87679
77845
87454
70087
545089
86698
77843
244689
368602
87613
77848
87486
70068
545214
86554
77878
244684
368558
87592
77847
87499
69931
546657
86791
77913
244701
368676
87620
77843
87460
72609
547920
86699
77917
245100
368602
87630
77848
87470
69929
545123
86751
77777
--STOP--
++STRT++
244715
368620
87671
77846
87446
69939
545195
86633
77848
244771
368640
87685
77848
87351
69931
545141
86699
77929
244683
368537
87598
77846
87468
70050
545245
86662
77825
244883
368467
87631
77848
87494
70081
545263
86774
77771
247426
376309
87618
77847
87475
70075
547950
86781
80543
244686
368511
87674
77847
87403
69951
545658
86718
77968
244697
368642
87633
77847
87476
69977
545117
86802
77873
244732
368497
87694
77844
87508
70053
545234
86590
77892
244688
368555
87667
79315
87490
70085
545193
86799
77939
244880
370675
95080
77847
96681
70061
547321
86711
77825
244859
368518
87611
77847
87396
69950
545207
86756
77924
244691
368551
87600
77847
87483
71605
545261
86662
77858
--STOP--
++STRT++
244720
368526
87623
77848
94491
69948
547639
86741
77856
244924
375787
87624
85074
87436
69934
547484
86787
77899
244656
376283
87636
77848
87416
69948
547639
86755
81170
245042
368535
87678
77849
87449
70054
545148
86756
77901
244703
368575
87602
77848
87326
70045
545293
86764
77800
244722
368582
87624
77847
87577
69939
545288
86743
77914
244724
368619
87571
77848
87431
69968
545223
86753
77921
244691
368630
87672
77844
87373
70052
545280
86692
77800
244708
368564
87579
77849
87408
70037
545094
86718
77894
245011
368550
87631
77844
87403
69952
545244
86720
77908
244642
368499
87598
77847
87474
70065
545209
86760
77861
244728
368553
87631
77845
87551
69982
545216
86685
77923
--STOP--
++STRT++
244642
368535
87662
77848
87470
72670
552914
86731
77882
244694
368538
87642
77847
87529
70063
547262
86842
77971
244635
368662
87624
77847
87489
69928
547877
86745
77887
244705
368483
87542
77846
87493
70067
545223
86807
77918
244670
368569
87675
77846
87466
70075
545216
86817
77826
244646
368558
87666
77846
87408
70040
545228
86728
77834
244896
368512
87655
77849
87442
70067
545215
86552
77907
244851
368639
87591
77845
87390
71553
545119
86770
77899
244646
368563
87678
77846
87502
69965
549058
86754
77909
244851
368600
87628
77849
87432
69939
545146
86609
77961
247257
376126
87605
77847
87427
70074
547867
86728
77847
244614
376178
87666
85459
87375
69955
547836
86671
77839
--STOP--
++STRT++
244900
368618
87647
77847
87572
70052
545118
86684
77863
244619
368559
87636
77848
87441
69943
545112
86793
77907
244864
368456
87623
77846
87394
70071
545293
86744
77819
244876
368670
87633
77847
87615
70072
545200
86755
77862
244865
370305
87613
77848
87451
69936
545222
86653
77808
244707
370956
87604
77848
87375
69980
546560
88995
77902
246406
375846
87606
77847
87517
70061
545093
86794
77832
244679
370413
87655
77847
87541
69957
546643
86624
77857
244724
370749
94679
80099
87432
69951
546649
86806
77898
244680
368622
87620
77847
87479
69943
545244
86636
77899
244699
375926
87629
77847
87412
72297
547023
86596
77925
244613
370413
87673
77848
87505
70046
545131
86676
77933
--STOP--
++STRT++
244724
368631
87658
77846
87410
69974
545259
86802
77918
244698
368611
87614
77848
87513
70038
545155
86702
77924
244743
368490
87579
77845
87445
70053
546030
86822
77934
244862
368521
87657
77846
87511
72178
546965
86840
77952
245064
368521
87624
77848
87493
72996
552521
86832
77816
244878
368593
87694
77843
87378
69941
545199
86775
77933
244606
368497
87607
77845
87371
69914
545149
86784
77901
244702
368574
87621
77847
87450
70057
545208
86668
77959
244902
368628
87595
77848
87399
70083
546761
89931
77974
244789
368496
87647
77846
87514
69929
545126
86724
77890
245496
371256
87641
77846
87492
69936
547371
88354
77856
246990
375408
87567
85230
87443
69925
547310
86816
79890
--STOP--
++STRT++
244705
368622
87644
77847
87513
69963
545201
86615
77827
244741
368536
87647
77848
87528
70046
545156
86694
77941
244743
368420
87676
77845
87458
70092
545204
88594
77909
244657
368546
87664
77845
87412
70048
545227
86690
77895
244724
368648
87647
77846
89790
69941
547540
86635
77837
244859
368524
87580
77848
87481
69945
547588
86753
77969
244859
368570
87597
77848
89891
69943
548400
86630
79954
244857
375913
90041
77848
87516
70061
545252
86679
77901
244674
371090
89386
77845
87454
70087
547500
86583
77838
244725
368485
87657
77848
87453
69942
545143
86760
77851
246799
375843
87616
77847
87464
69946
547595
86579
77851
246900
376329
87616
77844
89119
69986
546619
86581
77941
--STOP--
++STRT++
244696
370561
87630
77846
87460
70091
545123
86823
77907
244719
368650
87659
77845
87494
70059
545239
86788
77910
244666
368669
87648
77848
88899
69974
546830
86579
77831
252270
370178
88990
77848
87465
69931
546610
86650
77812
244849
368630
87608
77848
87383
72257
546639
86848
77807
244713
368612
87580
77846
87449
69950
547351
86735
77860
244632
368687
87701
77849
87395
70079
545263
86773
77905
244733
368553
87581
77847
87465
69953
545230
86740
77859
244669
375604
89858
77846
87501
70068
549334
86772
77842
244670
368547
87679
77847
87477
70052
545231
86683
77923
244742
368554
87631
77847
87526
70078
545241
86771
77809
244666
368633
87577
77848
87463
69948
545254
86691
77968
--STOP--
++STRT++
244657
368537
87599
77848
87487
69959
546718
86808
77885
244697
368556
87687
77848
87446
70063
545093
86695
77853
244721
368538
87678
77847
87461
70038
545097
86738
77850
244660
371769
87552
77849
87490
69916
545224
86838
77896
244853
371422
87583
77845
90301
69958
547510
86702
77963
244718
368617
87640
77848
87474
71615
547544
86811
77794
245100
368632
87582
77848
87445
72693
547394
86668
77772
244695
370914
87610
77846
94792
69932
546617
86759
79257
244997
368617
87627
77846
87439
69941
545110
86803
77912
244690
368509
87671
77849
87307
69964
546604
88055
77927
244725
368675
87666
77848
87535
72323
547855
86759
77835
244887
368535
87675
77848
87493
69924
545217
86776
77869
--STOP--
++STRT++
244703
368476
87643
77848
87456
70050
546873
86733
79505
244648
368579
87650
77847
87448
70108
545230
86703
77831
244702
368575
87583
77846
87463
69944
545113
86745
77931
244671
368641
87653
77847
87472
70062
545127
86776
77923
244711
368597
87689
77846
87429
69954
545209
86817
77938
244672
368581
87629
77848
87554
69981
545249
86835
77912
244660
368558
87596
77848
87481
69942
545203
86735
77907
244878
368567
87633
77847
87429
70059
545222
86845
77815
244667
368623
87590
77848
87497
70051
547232
86643
77915
244725
368535
87629
77846
87430
69952
545218
86628
77804
244646
371218
87653
77847
87387
69930
545217
86686
77857
246761
370192
87681
80100
87474
69940
547028
86661
77920
--STOP--
++STRT++
244650
368562
87583
77847
87440
69963
545070
86698
77878
244878
368579
87606
77848
87491
69930
545231
86730
77915
244838
368573
87666
77846
87524
70060
545131
86746
77935
244676
368624
87600
77848
87498
69929
545226
86828
77843
244741
368568
87638
77847
87495
69942
545238
86777
77837
244861
371400
87588
77847
87473
69923
545104
86694
77845
245055
368627
87616
77846
87528
69946
545207
86743
77847
244743
368584
87598
77846
87430
70098
545171
86776
77826
244688
368610
87634
77847
87416
70073
545129
86755
77838
244640
371277
95389
77846
87532
69936
547306
86677
77824
244662
368542
87642
77849
87473
70079
547041
86677
77813
244872
368625
87676
77847
87445
70092
545244
86634
77902
--STOP--
++STRT++
245061
368558
87630
77848
87549
70072
545216
86817
77823
244728
368634
87635
77848
87441
69940
545265
86803
77958
244736
377027
87604
77847
87520
70070
545105
86736
77954
244665
368452
87597
77846
87507
69933
545114
86649
77924
244895
368461
87635
77847
87455
70077
545245
86800
77847
244637
368514
87598
77848
87457
70059
545114
86613
77917
244674
368510
87554
77849
87335
70073
545097
86696
77819
244717
368610
87597
77847
87410
69957
545225
86723
77966
244703
368577
87745
77848
87386
69971
545216
86562
77805
244686
375994
87640
77848
87463
72014
547760
86667
77920
244807
368611
87612
77848
87482
69967
545076
86828
77904
244700
368622
87607
77844
87519
70081
545135
86682
77920
--STOP--
++STRT++
244876
368595
87629
77848
87473
70038
552782
86693
77888
244700
368579
87619
77847
87463
69953
547283
86778
77810
244693
368635
87665
77846
87475
72982
547913
86828
77918
244875
368664
87630
77848
87506
70066
545120
86591
77857
244843
368587
87654
77848
87472
69937
545116
86714
77938
244686
368637
87635
77844
87397
69954
545235
86710
77920
244711
368493
87702
77848
87481
69943
545091
86727
77838
244960
368524
87713
77848
87591
69960
545166
86653
77925
244786
368587
87627
77847
87581
70066
547402
86818
77821
244892
368482
87690
77847
87516
69945
545224
86753
77783
252264
370662
87553
77846
87446
69960
547426
86741
77968
244701
368541
87624
77848
87567
77542
548094
86775
77890
--STOP--
++STRT++
244726
368593
87608
77849
87411
69956
553137
86633
77894
244664
376149
87560
77848
87496
70086
545304
86715
77865
244886
376437
90349
77847
87418
70055
545121
86786
77964
244872
368457
87677
77847
87468
69933
545128
86804
77855
244875
368563
87616
77847
87400
69923
545142
86679
77902
244649
368506
87671
77846
87530
69926
545161
86658
77900
244881
368502
87646
77848
87561
70069
545124
86769
77826
244706
370452
87653
77845
87461
70062
545154
86659
77896
244683
368615
87680
85186
87479
70075
547838
86719
77907
244687
368577
87556
77848
87519
70033
545117
86690
77804
244847
375964
87654
79895
87434
69951
547051
86544
77891
250319
370988
87563
77847
87541
70076
547048
86739
77813
--STOP--
++STRT++
244713
368631
87629
77849
87492
69966
545142
86751
77888
244692
368503
87608
77848
87355
69942
546920
86755
77927
244691
368600
87605
77845
87479
69977
545148
86692
77837
244693
368638
87640
77848
87429
69932
545110
86783
77877
244749
368564
87669
77848
87434
69991
545266
86595
77963
244691
368488
87638
77848
87502
69951
545274
86729
77813
244715
368542
87659
77848
87472
70041
547189
86711
77888
244856
368492
87600
77845
87344
69978
545127
86773
77888
244705
368581
87602
77848
87534
69929
547346
86653
77876
244747
368579
87617
77846
87380
69955
545197
86719
77816
244675
370080
87651
77846
87478
70086
545099
86546
77842
244885
368605
87663
77846
87476
70053
545116
86716
77792
--STOP--
++STRT++
244821
368603
87556
77847
87439
76975
551967
86805
77876
244752
368546
87671
77848
89796
69974
547579
86761
80995
244828
368606
87607
85054
87431
69991
547581
86706
77919
247046
375844
87620
85184
87410
69943
547349
88203
77975
247171
376353
87644
77847
87420
69948
548392
86640
77867
244884
368518
87616
77848
87484
69942
545244
86770
77794
244657
368597
87618
77847
87475
69976
545095
86761
77863
244693
368505
87579
77845
87446
69931
545114
86615
77774
244646
368580
87573
77848
87477
70052
545100
86792
77921
244725
370530
89778
77847
87462
69973
547411
86615
77828
244677
368609
87652
77848
87556
71458
547286
86687
77914
244844
368445
87685
77849
87467
69924
545226
86642
77953
--STOP--
++STRT++
244642
368630
87601
77848
87446
69947
545127
86714
77903
244851
368595
87659
77848
87390
69957
545210
86769
77886
244709
368628
87595
77845
87487
70018
545108
86763
77843
244898
368483
87616
77847
87445
72409
548426
86762
77771
244660
368643
87576
77847
87493
71730
547682
86610
77904
244796
370216
87634
77847
87484
69930
545247
86725
77920
244723
368621
87608
77848
87436
69967
545112
86760
77923
244674
368598
87588
77849
87431
69942
545106
86785
77945
244680
370223
87606
77846
87528
70055
545112
86737
77870
244617
368543
87617
77848
87450
69947
545222
86686
77855
244654
368647
87610
77846
87411
69963
545240
86766
77895
244689
368635
87599
77847
87419
70065
545245
86790
77897
--STOP--
++STRT++
244630
368570
87619
77849
87414
69959
545210
86754
77975
244719
368514
87648
77848
87519
69945
545106
88345
77906
244694
368632
87624
77848
87467
70049
545216
86796
77752
244684
368555
87593
77848
87418
70056
545107
86700
77834
244690
371191
87570
77848
87483
70070
545096
86786
77849
244698
368480
87685
77848
87612
69965
545242
86771
77774
244602
368550
87591
77848
87514
69972
545138
86848
77965
244659
371762
87684
77847
87454
69938
545247
86828
77894
244715
376003
87656
77845
87432
70088
548102
86805
77912
244815
368638
87623
77848
87512
69944
545105
86664
77928
244870
368557
87704
77848
87454
70047
545225
86848
77812
244706
368614
87602
77846
87450
69948
546977
86749
77816
--STOP--
++STRT++
246442
370404
95355
77848
87559
69975
546738
86705
77789
244718
375661
87586
77847
87426
69999
545116
86749
77899
244722
368681
87675
77846
87502
69921
545119
86813
77813
244880
368566
87667
77846
87497
70034
545110
86571
77863
244881
368570
87673
77849
87469
69928
545235
86562
77896
244635
368595
87604
77845
87487
69936
545119
86781
77897
244698
368534
87652
77848
87513
70093
545229
86836
77935
244838
368554
87600
77849
87422
70064
545238
86631
77914
244672
368567
87627
77848
87449
69936
546635
88982
77902
244680
368575
87659
77849
87428
69941
545257
86742
77849
244866
368598
87644
77849
87467
69939
545098
86755
77917
246845
375850
87654
85069
87425
70068
547586
86785
80139
--STOP--
++STRT++
244807
368591
87648
77848
87438
69966
545296
86569
77927
244704
368563
87651
77847
87388
69934
545272
86610
77832
244852
368611
87577
77844
87516
70069
545096
86667
77916
244631
368655
87669
77847
87407
69955
545235
86799
77839
244834
372043
87619
79487
87443
69934
546690
86803
77810
246804
370047
89019
77848
87385
70094
545110
86677
77880
244744
368620
87646
77848
87415
69927
546922
86703
77866
244906
370030
87605
77848
87510
70081
545196
86747
77921
244658
371251
87596
80074
87400
70071
546813
86830
77866
244689
368530
87625
77847
87477
69955
545149
86801
77928
244734
373877
87629
77846
89087
69931
548603
86724
77952
244715
368619
87667
77847
87469
69932
545117
86822
77931
--STOP--
++STRT++
244853
368477
87590
77848
87392
69938
545163
86499
77796
244902
371520
87578
77847
87480
69922
545130
86725
77839
244661
368472
87603
77847
87452
70055
545271
86755
77964
244893
368523
87635
77846
87444
71748
547706
86613
77908
244644
368589
87612
77845
87477
70073
547756
86793
77905
244713
368600
87609
77845
87470
69932
545092
86773
77909
244649
368657
87581
77848
87466
70064
545145
86718
77864
244730
368483
87599
77848
87464
70064
545280
86705
77774
244726
368490
87640
77846
87442
69951
547616
94122
80249
244805
368590
87654
77847
87479
69974
545161
86813
77874
246601
372066
87669
77848
87457
69966
552618
86830
86429
244873
368494
87596
77846
87389
78320
548028
86777
77852
--STOP--
++STRT++
244877
368498
87602
77847
87433
70052
545135
86710
77855
244902
368635
87631
77848
87462
70071
545139
86596
77829
244889
368580
87599
77848
87564
69940
545112
86822
77924
244846
368502
87582
77849
87465
70067
545220
86606
77910
244850
368547
87638
77848
87429
70065
547241
93946
77982
244645
375965
87671
85055
87504
70063
547423
86745
77906
244844
368555
87578
77847
87497
70052
545247
86674
77933
244706
368549
87629
77846
87419
69954
545130
86842
77878
244734
368571
87582
77849
87497
69931
545112
86761
77906
244664
368522
87675
77844
87460
69926
547353
86619
77898
244888
368602
87616
77846
87431
72156
546914
86767
77826
244857
368636
87649
77846
87458
69924
545127
86853
77932
--STOP--
++STRT++
244995
368529
87594
77848
87480
69953
545126
86739
77841
244722
368659
87626
77848
87450
70069
546960
86753
77945
244683
368490
87671
77847
87471
70061
545251
86726
77903
244725
368584
87699
77848
87448
69965
545116
86794
77882
244622
368582
87580
77847
87489
70061
545230
86784
77925
244868
368596
87580
77847
87376
70079
545212
86639
77921
244719
371414
87630
77848
87575
70073
545276
86832
77837
244685
371386
87650
77848
87449
69936
545215
86725
77813
244681
377011
94754
77848
87421
69941
547013
86812
77854
244672
368497
87680
77847
87421
69976
545113
86684
77852
246833
370695
87655
77846
87420
69937
546952
88703
77956
244861
368651
87648
77845
87365
71530
545256
86748
77783
--STOP--
++STRT++
244705
368634
87606
77848
87436
69944
545153
86755
77857
244700
368590
87647
77845
87434
69919
545189
86698
77814
244900
368622
87631
77847
87404
70072
547052
86765
77817
244706
368526
87625
77848
87523
69952
547189
86757
77878
244659
368519
87630
77848
87478
70046
545131
86599
77836
244660
368577
87591
77848
87449
69927
545119
86722
77851
244688
370795
87598
77848
87438
69986
547036
86827
77916
244889
371218
87634
77848
87384
70069
545252
86682
77960
244689
371115
94935
80479
87481
69948
547313
86594
77914
244852
368517
87585
77846
87513
70046
547680
93927
77829
244867
368540
87647
77848
87435
72627
547333
86492
77926
244674
368590
87638
77846
87541
70051
545155
86696
77849
--STOP--
++STRT++
244626
368640
87606
77846
87603
70069
545246
86733
77811
244722
368566
87644
77847
87431
70077
547129
86729
77848
244868
376231
87677
77845
87470
70051
545103
86806
77861
244731
371274
87710
77849
87473
69928
545235
86716
77855
244681
371395
89761
77846
87470
70041
547184
89360
77931
244704
375910
87578
77848
90084
70062
547819
86683
80289
244817
368564
87648
77847
87475
70058
545210
86755
77879
244709
368585
87619
77849
87532
69951
545227
86811
77925
244876
368538
87645
77847
87394
70062
545253
86802
77914
244724
368649
87690
77848
87421
70069
547125
89904
85292
244726
368577
87631
77848
87451
70063
546913
86651
77907
244864
368553
87644
77848
87334
70077
545238
86763
77809
--STOP--
++STRT++
244651
368587
87685
77847
87453
69948
552384
86825
77909
244728
368538
87648
77848
87405
71704
547055
86805
77824
244689
368604
87630
77848
87429
69953
547583
86818
77965
244699
368538
87668
77849
87516
69935
545231
86650
77931
244649
368602
87663
77847
87483
69951
547202
86653
77913
244707
368638
87683
77847
87435
69975
545145
86737
77848
244803
368624
87629
77848
87479
69927
546789
86686
77837
244687
368567
87666
77847
87480
70035
545118
86736
77781
244649
368569
87650
77846
87455
69945
547388
86728
77966
244834
368673
87621
77845
87380
69941
545142
86625
77907
244718
368557
87647
77847
87453
70087
545234
86778
77956
244717
368586
87611
77845
87472
69959
545188
86670
77876
--STOP--
++STRT++
244872
370528
87653
77848
94549
69950
552238
86741
77942
244690
375788
87681
77847
87437
69922
545141
86781
77950
244868
368621
87623
77848
87411
70071
547404
86823
77873
244672
368592
87556
77848
87548
71408
547313
86742
77910
244661
368472
87614
77849
87449
70073
545131
86755
77890
244599
368544
87619
77847
87532
69947
545102
86829
77899
244684
368490
87686
77848
87455
70059
545206
86812
77833
244675
368611
87584
77849
87494
69953
545115
86735
77920
244860
375717
90373
77848
87497
69977
547657
86749
77931
244572
368616
87575
77848
87424
70065
546970
86727
77886
245269
368568
88543
77848
87447
69932
545100
86763
77912
244647
368493
87624
77844
87364
69966
545252
86735
77923
--STOP--
++STRT++
244877
370565
87675
77848
87493
69948
547663
86807
77820
244744
375737
87594
77848
89877
69946
547634
86690
77905
244636
368726
87623
77848
89748
70070
547524
86566
81111
244717
368603
87631
77848
87472
69940
545201
86679
77890
244725
368602
87652
77847
87397
70063
545104
86753
77801
245088
368630
87601
77848
87571
69953
545119
86783
77933
247207
368542
87651
77845
87394
70060
545174
86627
77855
244835
368553
87597
77847
87439
70030
545222
86797
77857
244674
368582
87650
77847
87453
70047
545130
86827
77858
244877
368574
87644
77847
87444
70060
545208
86667
77858
244711
368568
87663
77846
87450
69950
545132
86745
77854
244691
375993
87579
85279
87447
70061
547310
86837
81160
--STOP--
++STRT++
244697
370538
87663
84898
87441
69944
547635
86780
77900
247120
376014
89958
77848
87537
71652
545090
86776
77809
244831
368514
87637
77844
87442
69955
545205
86707
77846
244679
368596
87659
77844
87426
70043
545248
86686
77877
244835
368539
87639
77847
87486
69951
545145
86823
77964
244865
368546
87605
77846
87535
72107
547922
86804
77889
244867
368637
87677
77846
87495
69973
547414
86812
79889
244824
368585
87681
77845
87476
70056
545212
86760
77927
244707
368582
87621
77846
87460
69942
546585
86714
77852
246515
370087
87642
77848
87497
71358
546605
86726
77811
244704
368536
87644
77848
87520
69939
545088
86733
77895
244645
368642
87684
77846
87457
70071
547221
86716
77945
--STOP--
++STRT++
244872
368486
87610
77849
87450
69939
545107
86719
77825
244653
368615
87624
77846
87506
70050
545102
86833
77787
244736
376751
87588
77848
87372
70042
545215
86479
77827
244722
368623
87614
77848
87496
70070
545107
86826
77924
244834
368591
87646
77849
91048
69935
545223
86598
77977
244690
368622
87616
77846
87415
70072
545192
86734
77960
244709
368635
87664
77846
87385
69941
545222
86640
77925
244698
368577
87703
77849
87547
70078
546107
86654
77904
244710
368532
87679
77845
87489
70054
545127
86588
77850
244903
368586
87656
77845
87407
70056
545210
86743
77851
244870
368498
87635
77846
87454
70062
545305
86766
77871
244855
371412
87694
77848
87428
70056
547197
86735
77839
--STOP--
++STRT++
245034
368521
87653
77844
87342
70051
545223
86682
77966
244683
375644
87640
77847
87441
69952
545241
86753
77859
244691
375989
89997
77848
87469
69941
548930
86650
77827
244661
370381
87648
77849
87466
69947
546749
88317
77799
246572
370109
89012
77848
87464
69946
545230
86711
77806
244909
370052
90688
77847
87455
70048
547268
88448
77860
244727
368626
87585
77848
87515
70099
545111
86828
77964
244865
368594
87651
77848
87520
71991
546798
86774
77820
244644
368620
87637
77847
87490
71564
545214
86633
77900
244719
368657
87663
77849
87531
69927
547446
86796
77862
244883
368568
87662
77844
87379
69946
545206
86747
77913
244653
368501
87660
77848
87411
69928
545100
86793
77895
--STOP--
++STRT++
244722
370818
87677
77848
87416
69971
547067
86810
77824
244640
371188
87630
77848
87506
69941
545086
86768
77830
244665
368584
87629
77846
87506
69926
545265
86838
77964
244765
368539
87626
77847
87360
70043
545247
86745
77848
244715
368575
87588
77846
87429
70050
545263
86795
77909
244688
368627
87622
77848
87520
70080
545282
86812
77893
244693
368560
87672
77846
87459
70059
545210
86784
77981
244683
368520
87655
77846
87487
70041
545117
86800
77859
244701
368536
87640
77847
87390
70053
545142
86798
77831
244663
368623
87642
77846
87501
70056
545104
86820
77937
244855
368595
90672
77847
87482
70060
545224
86799
77852
249322
368522
87662
77848
87441
70060
545106
86752
77838
--STOP--
++STRT++
244646
368556
87651
77847
87414
70048
545219
86700
77840
244874
370540
87630
77849
87401
69969
547248
86790
77899
244710
368575
87611
77848
89145
69944
546972
86752
77928
244683
370547
87643
77848
87503
70065
547116
86795
77914
246759
371250
87679
77846
87489
69992
545221
86807
77850
246826
376976
87685
77847
87388
70040
547088
86822
77841
244710
371667
87604
77848
87362
69931
545218
86821
77942
244626
368475
87610
77845
87433
70080
545259
86663
77869
244664
368592
87584
77848
87480
69971
545219
86709
77844
244857
368532
87645
77846
87428
69949
545223
86688
77847
244644
371766
87615
77847
87512
69948
545268
86676
77847
244714
370886
87670
77847
87445
69955
547028
89252
77915
--STOP--
++STRT++
244730
368561
89432
77844
87499
69974
552858
86627
77865
244655
368605
87635
77846
89611
69926
547437
86758
81114
244723
375965
87606
77848
90198
70080
548060
86777
77820
244685
368603
87544
77847
87469
69968
545128
86782
77815
244610
368524
87633
77848
87466
69966
545223
86784
77862
244830
368599
87635
77847
87513
70074
545208
86625
77858
244683
368610
87624
77848
87538
69938
545215
86679
77939
244724
368536
87698
77848
87467
69944
547007
86733
77851
244693
371389
87623
77847
95296
72604
547344
86809
77839
244712
368673
87649
77848
87524
69930
545231
86681
77909
244746
368637
87690
77849
87445
69974
545242
86756
77842
246716
375938
89729
77847
87492
70071
548615
94009
80408
--STOP--
++STRT++
244672
368617
87625
77847
87559
70063
553458
86756
77833
244607
376105
87583
77846
87443
70056
545255
86756
77927
244834
368602
87633
77846
87448
70020
545081
86759
77960
244702
368548
87652
77847
87461
70043
545216
86833
77930
244696
368540
87598
77846
87424
69969
545200
86814
77848
244692
368524
87638
77847
87509
69936
545266
86829
77915
244717
368594
87651
77845
87491
69941
545266
86838
77804
244701
368525
87677
77846
87429
69946
545186
86812
77793
244867
368569
87666
77847
87536
69951
547059
86807
77850
245085
368532
87599
77846
87418
69938
545129
86700
77841
246780
371348
87635
77847
87446
70048
547116
88508
77903
247422
376569
87673
77848
90100
70058
547672
86758
77874
--STOP--
++STRT++
244797
368588
87683
77848
87413
69932
545137
86803
77942
244714
368593
87612
77845
87468
71732
546929
86859
77829
244663
368593
87641
77848
89649
70082
547418
86608
79907
244715
368571
87609
77848
87497
69932
547463
86480
77898
244715
368665
87647
77847
94701
69939
547879
86719
77923
244884
368550
87688
77846
87438
69944
545231
86757
77924
244865
368568
87619
77846
87391
72004
548040
86804
77873
244855
368560
87577
77847
87475
70022
547300
86754
79966
244728
368596
87574
77844
87454
70069
545200
86695
77793
244997
370438
87601
77847
87459
69939
546747
86792
77855
244843
368523
87609
77848
87432
70035
547300
86701
77867
244717
368572
87679
77846
87515
69949
545083
86767
77887
--STOP--
++STRT++
244668
368550
87640
77847
95054
69970
552746
86796
77924
244664
376550
87623
79889
87510
69938
547343
88509
77915
244723
370404
89484
77847
87565
69932
545132
86841
77958
244689
368643
87615
77847
87444
69939
545147
86760
77827
244700
371698
89508
77849
87533
69938
547034
86555
77766
252166
371172
87637
77848
87577
69963
548578
86772
77814
244734
371123
90804
77849
87561
69952
545137
86836
77889
244668
371895
87713
77848
87448
69974
545158
86575
77887
244596
375829
90095
77846
87478
70089
547913
86705
77891
244696
368555
87597
77848
87386
69940
552398
89837
77852
244818
368593
87606
77848
87453
72089
547854
86625
77845
244719
368561
87690
77848
87563
71889
546954
86724
77882
--STOP--
++STRT++
244737
368683
87645
77847
87512
70065
545125
86840
77878
244710
368597
87654
77845
87561
69939
545217
86677
77901
244872
371987
87682
77846
87486
69969
545240
86712
77944
244887
375600
87613
77847
87389
70051
545233
86598
77866
244894
368713
87624
77848
87480
69946
545245
86629
77963
244738
371115
87581
77847
87453
69951
545136
86641
77923
244863
368586
87679
77848
87457
70058
545260
86628
77908
244631
368572
87617
77848
87435
70089
545213
86757
77862
244688
368485
87609
77848
87514
69936
545156
86740
77775
244693
368595
87667
77849
87445
69920
545256
86740
77926
249767
371429
89417
77849
87375
70051
546703
88659
77832
244688
368522
87551
77847
87443
70050
547262
86785
77859
--STOP--
++STRT++
244857
368616
87609
77848
87427
69942
545131
86813
77874
244883
368557
87669
77848
87514
70080
545242
86707
77964
244862
368547
87551
77849
87496
69940
545132
86826
77903
244668
368548
87669
77846
87506
69942
545141
86752
77810
244765
368667
87614
77849
87440
69962
545145
86643
77898
244692
368656
87569
77849
87476
69932
545145
86747
77829
244632
371042
89795
77849
87466
69970
547846
88868
77926
244688
375544
89324
77847
87505
69963
548216
86803
77899
244678
368638
87668
77848
87463
69931
545110
86730
77872
244669
368683
87572
77849
87460
69957
546985
88594
77787
244690
368522
87610
77845
87423
70056
545104
86706
77900
244673
368536
87654
77846
87507
70010
545224
86849
77923
--STOP--
++STRT++
244696
368569
87577
77848
87400
69938
545138
86666
77844
244687
368520
87616
77848
87488
69970
545259
86801
77885
244880
375739
87579
77847
87388
69960
545111
86784
77913
244892
368493
87672
77848
87478
69966
545234
86837
77903
244694
368500
87687
77848
87400
70080
545199
86690
77849
244978
370296
87572
77846
87339
70061
545221
88204
77838
244908
368585
87625
77847
87541
70073
545166
86822
77910
244756
368558
87648
77847
87424
69946
545117
88299
77968
244678
371631
87580
79495
87449
69944
546627
86733
77914
244658
368588
87636
77848
87469
69955
545209
86596
77825
244652
368579
87636
77848
87447
69931
545105
86704
77942
244688
368601
87645
77849
87393
70065
545210
86717
77835
--STOP--
++STRT++
244706
368640
87611
77847
87445
70042
545153
86633
77809
244712
368561
87620
77846
87505
69935
548403
86692
77957
244700
368603
87687
77848
87446
70061
545255
86700
77889
244882
374448
90030
77848
87515
70060
545106
86755
77803
244717
370440
87645
77848
87508
69932
545245
86650
77896
244696
371117
87584
77847
87435
70056
545109
86812
77936
244850
368647
87564
77848
87371
70067
545237
86561
77862
244761
368568
87639
77848
87455
69932
545145
86753
77824
244893
368620
87597
77847
87495
69947
545244
86792
77855
246562
375747
87662
77846
87448
76917
547464
86856
77826
244685
368578
87682
77847
87525
70098
546302
86789
77910
244677
368593
87676
77848
87497
69960
545097
86759
77897
--STOP--
++STRT++
244827
368567
87608
77847
87461
69948
545111
86673
77845
244905
368580
87647
77848
87495
69946
545132
86776
77838
244641
368645
87628
77845
87595
70011
545108
86753
77953
244703
368617
87624
77847
87446
69933
545107
86751
77935
244661
368627
87713
77847
87436
69954
545086
86777
77863
244879
368509
87609
77848
87509
69920
545155
86787
77873
244697
368601
87620
77848
87449
70021
545093
86626
77906
244652
368662
87640
77846
87362
69937
545242
86791
77894
244826
368541
87710
77847
87471
76682
546714
88837
77910
244660
368508
87590
77847
87468
69940
545221
86703
77862
244704
368616
87623
77848
87465
70069
545147
86826
77826
251992
370195
89256
77849
87476
70053
546555
88306
77925
--STOP--
++STRT++
244831
368657
87656
77846
87465
70059
545115
86812
77904
244682
368589
87675
77846
87403
69919
546763
86765
77864
244907
368554
87608
77847
87465
69933
545107
86806
77922
244899
368623
87643
77848
87487
69926
545093
86813
77930
244669
368473
87610
77848
87465
69955
546879
86725
77777
244646
368620
87605
77847
87412
70063
545189
86821
77856
244654
370394
87648
77848
87478
70094
545222
86737
77968
244680
375493
90002
77848
87513
69945
547359
88478
77824
247012
375437
87586
77847
87470
69965
548506
86810
77913
244736
368548
87624
77843
87554
70070
545107
86689
77899
244749
368568
87639
77845
87406
70053
545154
86778
77840
244687
368621
87628
77845
87585
69939
545217
86751
77939
--STOP--
++STRT++
244665
368540
87632
77846
87534
69933
545229
86693
77834
244922
368470
87623
77847
87437
69945
545137
86701
77905
244694
368567
87607
77847
87439
70078
545108
86598
77832
244677
370731
87611
77848
87502
70063
545214
86784
77833
244856
370349
87655
77848
87541
70005
545234
86633
77897
244683
370570
87592
77848
87549
70053
545239
86738
77904
244698
368556
87578
77847
87392
69954
545119
86712
77969
245020
368516
87556
77846
87385
70049
545215
86690
77835
244613
368534
87554
77844
87451
70075
545282
86679
77898
252269
371576
87641
77848
87467
72433
547037
86716
77825
245553
369036
87653
77847
87505
69938
545105
86593
79749
247192
376500
87592
77844
87477
69944
547960
86836
80314
--STOP--
++STRT++
244723
368579
87652
77848
87520
69934
545108
86742
77834
244808
368540
87594
77845
87499
70014
545246
86744
77847
244764
368612
87615
77848
87449
70068
545225
86754
77911
244695
368567
87703
77846
87431
69932
545222
86750
77828
247116
368532
87698
77848
87545
69970
545234
86743
77810
244689
368564
87644
77848
87358
70062
545201
86787
77902
244687
368655
87682
77847
87478
70059
545241
86740
77819
244870
368630
87618
77847
87553
69948
545100
86788
77933
244692
375668
89990
79630
87459
69963
547690
86818
77902
244840
368485
87647
77849
87491
70095
545137
86848
77876
246769
371989
95214
77847
87453
69954
552441
86634
85857
244679
368606
87598
77843
87456
69938
547415
86696
77899
--STOP--
++STRT++
244691
370513
87595
77848
87501
69924
546674
93786
77943
246971
375494
90022
77848
87574
70076
548075
88343
77894
244722
375955
89388
77846
87446
70079
545239
86755
77966
244801
368572
87689
77848
87468
70066
545278
86781
77820
244636
369006
87597
77848
87478
70074
545239
86752
77842
244655
368584
87672
77845
87425
69943
545222
86664
77867
244687
368579
87647
77847
87416
69935
545126
86567
77910
244862
368564
87695
77848
87378
72018
548067
86837
77934
244635
368650
87616
77846
87515
69987
545191
86575
77846
244852
368598
87625
77846
87487
69927
545127
86726
77895
247025
370331
94758
80098
87455
69920
546604
86796
79281
244625
368634
87593
77848
87419
71986
546530
86818
77815
--STOP--
++STRT++
244714
368608
87684
77843
87466
70074
545121
86699
77924
244714
368528
87652
77847
87363
70058
545111
86739
77835
244701
368568
87698
77846
87532
69927
545110
86802
77787
244668
368654
87661
77848
87452
70047
545214
86812
77848
244878
368650
87657
77847
87460
70073
545094
86653
77914
244706
368649
89391
77848
87453
70050
545185
86733
77847
244861
368609
87585
77845
87476
70064
547332
86755
77834
244724
368564
87602
77848
87438
70075
545237
86567
77822
244697
368541
87626
77847
87495
70093
545135
86777
77838
244794
368523
87599
77848
87341
69948
545274
86754
77847
244661
368623
87618
77848
87493
70061
545139
86704
77848
244731
368502
87616
77847
87523
70060
545143
86775
77898
--STOP--
++STRT++
247304
370846
87683
85198
87491
69963
547968
86819
77919
247467
375994
87627
85089
87500
70059
548013
86765
77897
244728
368598
87597
77848
87481
70064
545119
86759
77826
244695
368605
87609
77848
87399
70060
545196
86664
77891
244693
376471
87671
77848
87458
70052
547839
86715
80964
244740
368595
87670
77848
87535
69971
547932
86826
77840
244658
368554
87679
77848
87546
72580
547198
86814
77840
244723
368639
87690
77848
87462
69951
545125
86522
77898
244745
368593
87580
77847
87431
69950
545187
89779
77833
244698
368592
87620
77848
87480
69997
545236
86803
77800
244698
368478
87665
79412
87450
70063
545216
86821
77840
247117
376732
87628
77848
90217
70043
550575
86721
77823
--STOP--
++STRT++
244892
368551
87636
77845
87433
69949
545091
86769
77924
244863
368574
87664
77844
87406
69923
545128
86819
77924
244918
368561
87664
77848
87500
69942
545188
86839
77855
244689
368598
87625
77848
87405
70081
545208
86816
77886
244656
368613
87573
77846
87536
70065
545222
86523
77818
246971
368579
87625
77845
87431
70071
545220
86670
77912
244668
370750
87674
77848
87489
69943
547082
86782
77822
244656
370749
87607
77848
87502
69958
547061
86694
77775
244643
368621
87639
77848
87385
69930
545269
86789
77894
246538
368599
87619
77847
87433
70062
547665
86758
80288
244642
368625
87626
77846
89642
69925
547197
86539
77921
244699
368565
87640
77846
87522
69943
545097
86745
77945
--STOP--
++STRT++
247144
375997
87654
80593
87505
70045
552590
86707
77816
252114
375924
87592
85430
87418
69923
548021
86766
77911
244696
370860
87590
79901
87544
69969
548466
89018
77848
244724
376341
87669
77845
87472
70071
547964
86781
77972
244834
368633
87689
77848
87479
70056
545138
86660
77948
244704
368584
87666
77849
87441
69943
545240
86781
77933
245386
368457
87643
77846
87511
70073
545125
86681
77964
244694
368573
87659
77848
87424
69945
545085
86710
77905
249774
368569
87607
77844
87443
69950
545103
86690
77809
246810
371835
87674
77849
87455
72585
547189
86798
77962
244820
368505
87633
77847
87371
69922
545221
86812
77909
244710
368563
87702
77847
87478
69948
545236
86826
77861
--STOP--
++STRT++
247098
370891
87536
85693
87445
69931
547409
86741
77856
244828
375964
90324
77848
87509
69935
545151
86616
77892
244787
371340
89658
77847
87476
70054
547803
86667
77837
244671
368530
87669
77844
87518
69944
545103
86702
79378
244667
368583
87595
77847
87455
69971
545212
86788
77802
244705
368562
87571
77849
87461
70059
545111
86635
77882
244696
368563
87625
77848
87455
69923
545174
86810
77920
244692
368573
87650
77848
87441
69949
546819
86634
77970
244725
376076
87592
85571
87455
70070
547818
86802
77902
244734
368526
87611
77846
87471
69934
548423
86814
80540
245665
368497
87663
77846
87393
71997
548105
86765
77869
244892
368603
87612
77846
87435
70043
545128
86749
77827
--STOP--
++STRT++
244836
368580
87673
77848
87481
70044
545245
86800
77841
244760
375978
87595
77845
87427
70075
545220
86657
77925
244712
371429
87623
77846
87528
70074
547594
86563
77855
244680
371852
89685
77846
87479
70062
546955
86597
77808
244813
368467
87646
77848
87456
69947
545261
86728
77909
244712
368526
87602
77848
87383
69948
545197
86761
77856
244692
368597
87618
77848
87415
69934
545226
86700
77862
244725
368619
87554
77848
87457
69933
545224
86647
77900
244649
368614
87681
77845
87385
69927
547097
86659
77829
244778
368448
87608
77846
87544
69935
545242
86652
77834
244691
372360
87608
77849
87450
69926
545117
86755
77915
244662
371772
87544
85097
87527
69945
547971
86792
77843
--STOP--
++STRT++
244619
368573
87629
77846
87526
69949
545224
86810
77894
244836
373108
87615
77847
87584
69963
545207
86761
77854
244859
371427
95421
77848
87463
69925
546987
89328
77843
244878
368624
87651
77846
87408
69971
545213
86774
77849
244685
368559
87665
77845
87461
70051
545304
86717
77902
244699
368619
87639
77848
87434
69934
545107
86749
77768
244716
368588
87555
77848
87478
69947
545237
86695
77801
244846
368673
87725
77846
87548
70087
545147
86829
77889
244661
368615
87685
77846
87473
70040
545093
86674
77898
244659
368583
90345
77847
87479
69938
547652
86543
77887
244839
368469
87638
77849
87505
70073
545216
86833
77826
244667
368628
87666
77849
87558
69940
545228
86779
77853
--STOP--
++STRT++
244884
370486
87628
77848
87502
69952
545122
86639
77898
244690
375690
87648
77846
87315
69933
545259
86836
77969
244901
368582
87670
77848
87508
70071
545138
86772
77922
244684
368476
87667
77844
87402
69935
545112
86698
77802
244903
368631
87655
77848
87470
69935
545122
86752
77818
248991
368501
87647
77848
87489
70059
545244
86782
77930
244801
368610
87618
77848
87414
69947
545140
86792
77759
244729
368550
87576
77847
87397
69962
545118
86746
77842
244684
368613
87615
77848
87509
69939
551981
88944
77888
244808
368636
87642
77845
87440
69944
545233
86680
77838
244669
368579
87621
77849
87465
72172
546845
86681
77909
244767
368521
87622
77845
87428
72979
552390
86524
77833
--STOP--
++STRT++
244884
368628
87668
77849
87488
69936
545255
86666
77910
244737
368603
87732
77848
87475
70048
547143
86747
77835
244834
368579
87624
77847
87508
69932
545145
86733
77962
244893
368500
87644
79428
87444
70054
545155
86806
77818
244712
368519
87619
77848
87446
69947
545178
86772
77829
244635
370340
87607
77848
87537
69933
545102
86711
77839
246969
370791
87684
77846
87385
69943
546659
86807
77951
244663
368618
87709
77848
87435
70096
545219
86748
77932
244711
368598
87699
77846
87460
70063
545254
86773
77851
244696
370817
87692
77846
87422
76800
547651
86759
77798
244700
368509
87623
77846
87406
69941
545121
86775
77928
244812
370356
87611
77847
87361
69964
545222
86695
77876
--STOP--
++STRT++
244725
368634
87617
77848
87382
69974
545102
86578
77848
244879
368571
87620
77846
87515
70064
545162
86779
77807
244984
368565
87674
77848
87379
69982
545124
86830
77837
244894
368608
87628
77848
87461
69977
545128
86850
77918
244824
368605
87603
77845
87508
69937
545291
86815
77927
244707
368574
87613
77848
87512
69933
545285
86829
77923
244873
368573
87665
77847
87466
70069
545136
86736
77906
244854
368612
87706
77846
87388
69956
545235
86705
77811
244747
368541
87632
77848
87535
69925
547044
86689
79632
244831
368550
87659
77847
87479
69984
545219
86791
77795
244722
368560
87676
77845
87494
70067
547187
89521
77842
246678
370874
87598
79632
87480
69925
548782
86824
77844
--STOP--
++STRT++
244648
368665
87669
77848
87518
70044
545151
86724
77909
244690
368562
87635
77848
87489
69963
545094
86711
77928
244659
368601
87616
77848
87397
70036
545103
86671
77839
244702
368451
87647
77848
87469
69926
545102
86642
77883
244783
368575
87616
77848
87382
70067
545252
86714
77858
244691
368552
87695
77848
87394
70085
545251
86816
77830
244648
368514
87692
77845
87518
69970
545114
86762
77931
244685
368575
87655
77847
87554
69954
545098
86737
77851
244687
376318
90533
77848
87526
70077
547693
86792
77835
244674
368554
87607
77846
87396
70056
545076
86651
77838
244650
368568
87649
77847
87524
70107
545256
86779
77881
244823
368570
87629
77846
87422
70060
545119
86754
77917
--STOP--
++STRT++
244786
368562
87641
77848
87457
69942
545158
86788
77908
244667
368665
87664
77845
87526
70064
546805
86675
77934
244714
368619
87603
77847
87527
69917
545122
86674
77910
244870
368549
87695
77848
87428
69978
545171
86819
77911
244897
368567
87603
77846
87431
70057
545216
86798
77958
247173
376134
90754
77846
87448
69924
547630
86629
77884
247679
371194
87637
80509
87469
70048
547323
89482
77857
247494
376286
87587
77848
87510
70077
547673
88508
77909
244687
368545
87640
77844
87382
69939
545135
86807
77782
244852
368509
87710
77847
87340
69953
545094
86728
77893
244696
368609
87599
77846
87520
73228
549774
86792
77828
244681
368692
87629
77846
87455
69937
547157
86747
77906
--STOP--
++STRT++
246719
370325
94724
77847
87427
70050
546742
86678
77912
244703
376016
87643
77847
87404
69944
545111
86649
77944
244713
368619
87639
77846
87455
69954
545266
86795
77912
244659
368525
87689
77846
87431
70064
545116
86822
77908
244855
368609
87592
77848
87491
69945
545143
86713
77916
244675
368574
87608
77847
87454
70053
545127
86784
77936
244901
368659
87690
77848
87493
70063
547511
86660
77790
244850
368570
87663
77846
87429
70064
545227
86635
77886
244624
368589
87600
77847
87519
69920
545136
86808
77914
244728
368608
87697
77847
87400
70054
545257
86627
77822
244733
368523
87658
77847
87466
69941
545108
86611
77825
244928
368598
87635
77845
87427
70078
545232
86702
77916
--STOP--
++STRT++
247128
370827
95259
77848
87538
70043
547307
86776
77935
247384
376358
89812
77849
87485
69941
547868
88824
77899
252372
371219
94961
77848
87463
69984
545224
86693
77870
244704
370336
87620
77847
87465
69933
545216
86748
77812
245095
368689
87600
77847
87491
69957
545148
86710
77932
244688
376401
90197
77848
87419
69932
547076
86744
77817
244839
371648
89675
77846
87434
69952
547859
86839
77875
244662
371384
87672
77847
87426
70043
547226
89432
77921
247545
376288
87597
77843
87399
70058
545131
86742
77826
244681
368510
87645
77847
87376
69963
545217
86621
77906
244736
368515
87612
77848
87422
69940
547031
86705
77820
244723
368630
87628
77849
87482
70086
545135
86556
77813
--STOP--
++STRT++
244704
368444
87613
77846
87474
69947
546844
86800
77823
244683
368550
87604
77849
87502
69970
545243
86581
77975
244833
368624
87607
77845
87627
69945
545238
86787
77782
245265
368508
87661
77847
87471
69931
545251
86788
77874
244705
368566
87665
77847
87365
70057
545128
86720
77921
244695
368593
87630
77847
87478
69946
545281
86769
77831
244671
368559
87625
77848
87424
70053
545141
86742
77915
244718
368576
87638
77846
87451
69937
545145
86732
77895
244669
368519
87644
77847
87491
69920
547256
89461
77921
244860
368596
87643
77848
87431
70041
545102
86720
77831
244863
370603
87655
77846
87445
70085
545111
86838
77848
244854
368558
87634
77848
87463
70051
545112
86738
77900
--STOP--
++STRT++
244720
368531
87612
77847
87462
69934
545094
86643
77902
244841
368529
87696
77847
87481
70061
545111
86830
77832
244734
368541
87611
77845
87442
70053
545112
86838
77878
244706
368454
87640
77847
87436
69934
545163
86770
77854
244638
368667
87583
77848
87385
70056
545236
86791
77866
244891
377605
87697
77846
87447
69955
547713
86818
77794
244724
368527
87615
77848
87512
70086
545141
86839
77908
244693
368584
87571
77848
87527
70077
545133
86794
77963
244644
371363
89661
77846
87467
69942
547045
86573
77799
244854
368616
87549
77848
87525
69928
545132
86714
77895
244745
368593
87598
77847
87402
69941
545204
86792
77907
244910
368630
87615
77848
87427
69945
545114
86671
77946
--STOP--
++STRT++
245075
368562
87639
77846
87422
69964
545220
86759
77850
244895
368525
87639
77849
87556
70054
545219
86665
77892
244862
368592
87592
77848
87462
69959
545196
86756
77794
244701
368629
87632
77848
87486
70074
545219
86847
77831
244713
368622
87643
77845
87476
69940
545134
86606
77898
244900
368614
87601
77847
87498
69964
545124
86807
77884
244883
368536
87596
77848
87433
69963
553322
86725
77818
244751
368467
87659
77848
87461
69977
547565
86644
77939
244705
368556
87635
77848
87407
69935
545231
86669
77926
244693
368514
87603
77843
87446
70058
545136
86778
77886
244673
368605
87653
77848
87486
70077
545210
86828
77862
244707
368571
87623
77848
87434
70083
545228
86697
77820
--STOP--
++STRT++
244629
368512
87630
77847
87488
69941
545109
86722
77935
244745
368607
87690
77848
87506
69961
545137
86771
77889
244719
368541
87661
77849
87449
69945
545130
86587
77927
246707
371292
87580
77848
87517
69923
547016
86637
77909
244692
370704
95740
80491
87534
70059
547291
86777
77857
244634
368608
87642
77846
87461
72702
547439
86746
77813
244670
368600
87655
77846
87552
70077
545212
86838
77896
244710
368524
87570
77848
87413
70079
545206
86747
77902
244707
368526
87613
77848
87428
70042
545112
86825
77897
244726
368674
87652
77848
87455
69979
547067
86740
79643
244734
368603
87676
77848
87421
69959
545231
86702
77837
244728
368590
87666
77846
87442
70045
545232
86573
77932
--STOP--
++STRT++
244770
370931
87600
77848
87424
69943
547733
86688
77895
244686
376091
87633
77848
87446
69932
545136
86686
77903
244667
368600
87659
77848
87523
72026
548596
86804
77889
244884
368452
87644
77848
87526
69953
552940
86842
77925
244675
368578
87585
77848
87484
69954
545159
86709
77890
244684
368576
87640
77848
87423
70086
545233
86812
77916
244648
368492
87592
77848
87511
70067
545239
86737
77932
244690
368615
87650
77847
87385
70055
545155
86803
77921
244946
368612
87601
77848
87488
69950
545226
86610
77861
252085
372019
87634
77848
87434
69945
545104
86587
77834
244717
368652
87641
77844
87400
69944
545247
86858
77976
244837
371724
87625
77848
87407
69946
552543
89311
77916
--STOP--
++STRT++
244693
368625
87561
77847
87314
70069
545221
86631
77795
244858
368600
87575
77848
87494
69971
545238
86754
77820
244643
368448
87619
77847
87438
69943
545218
86834
77813
244685
369926
87585
77848
87454
70068
545117
86860
77904
244677
368458
87637
77848
87510
69974
546939
86749
77974
244652
368464
87620
77847
87474
70041
545139
86737
77868
244877
368544
87628
77846
87461
69926
545107
86848
77852
244702
368494
87594
77847
87548
70048
545230
86783
77914
244889
368544
87643
77848
87478
69952
545174
86737
77910
244634
368594
87620
77848
87445
69965
545100
94074
77857
244683
368659
87660
77848
89333
69945
546934
86801
81225
244678
368599
87634
77845
87483
70052
545114
86635
77901
--STOP--
++STRT++
247048
370679
95133
77844
87526
70070
547104
94315
77935
247429
376101
89707
77848
87504
69944
548342
88695
77928
244687
376338
87600
85625
87505
70010
547812
86749
77838
244855
368602
87634
77847
87468
70050
545228
86643
77844
244690
368635
87642
77845
87473
69913
545644
86716
77906
244894
368623
87590
77848
87336
70065
545194
86798
77850
244688
368461
87622
77849
87505
69957
545204
86823
77951
244847
368502
87623
77847
87370
70089
545094
86814
77898
244689
368486
87636
77847
87490
69950
545210
86597
77821
244733
368598
87568
77846
87434
69942
545247
86778
77825
244869
368580
87626
77846
87403
69944
545119
86743
77920
245061
370622
87610
77846
87440
69937
545127
86751
77920
--STOP--
++STRT++
245033
368569
87654
77844
87460
70069
545214
86806
77855
244666
368530
87661
77847
87531
69922
545194
86830
77849
244664
368656
87592
77847
87428
69962
545263
86753
77828
244707
368611
87611
77848
87454
69963
545084
86725
77905
244638
368570
87613
77847
87422
69930
546127
86767
77821
250775
368532
87636
77848
87473
69936
545100
86825
77835
244653
368582
87570
77846
87396
69949
545235
86795
77941
244892
368620
87624
77848
87351
69965
545194
86723
77928
244711
368540
87703
77846
87480
69963
545134
86843
77794
244671
371417
87616
77848
87418
72386
546664
86734
77895
244713
368957
87684
77846
87512
69975
545118
86767
77781
244631
376515
87648
77848
87406
70070
547236
93898
77884
--STOP--
++STRT++
244688
368592
87641
77846
87493
70078
545213
86649
77849
244646
368483
87614
77847
87474
69992
545131
86737
77813
244641
368644
87607
77849
87432
71802
545123
86812
77908
244725
368521
87551
77849
87499
69956
545091
86806
77902
244670
368527
87634
77846
87489
70048
545204
86710
77853
244841
368625
87650
77847
87516
69941
545130
86632
77807
244740
368573
87679
77848
87457
72514
547182
86754
77901
244662
368575
87612
77848
87407
70056
545123
86789
77863
244881
368598
87629
77848
87381
69929
546962
89096
77904
244657
368586
87569
77847
87392
70004
545174
86673
77945
244675
368608
87647
77849
87437
70061
545218
86687
77965
244672
376844
90212
77848
87406
69991
547971
86652
77912
--STOP--
++STRT++
244695
368617
87611
77847
87442
69937
545132
86802
77831
244752
368575
87672
77849
87474
70048
545153
86772
77911
244673
368546
87663
77846
87535
69947
545109
86761
77976
244702
368493
87627
77848
87418
69940
545215
86710
77889
244694
368631
87644
77848
87541
70069
545221
86798
77937
244885
368585
87689
77848
87496
69931
545218
86691
77820
244721
368582
87611
77845
87381
70056
545217
86701
77969
244689
377876
87643
77846
87491
69911
547581
86765
77838
247355
376768
87653
77846
90072
69940
547685
86767
79484
244621
368523
87674
77844
87339
69950
547665
93836
77904
244822
368626
89305
77848
87456
72713
547439
86696
77854
244828
368567
87619
77848
87494
70104
545272
86544
77851
--STOP--
++STRT++
244732
368644
87675
77846
87440
69930
545134
86687
77820
244906
368552
87646
77848
87487
70062
545202
86667
77818
244696
368531
87652
77847
87443
69944
545106
86779
77945
244704
368561
87668
77848
87427
70052
545162
86770
77931
244703
368525
87555
77847
87411
69938
545146
86590
77841
244688
368599
87612
77845
87484
69926
545245
86727
77905
244842
368600
87680
77846
87480
70066
545113
86639
77834
244723
368644
87653
77848
87487
70076
545146
86834
77931
244867
368506
87584
77849
87436
69934
546694
86808
77881
244682
368538
87702
77848
87522
70052
545257
86840
77961
244693
370400
87620
77848
87413
70017
545197
86824
77920
244693
368600
87728
77847
87449
69940
551840
89046
77822
--STOP--
++STRT++
244832
368634
87663
77848
87549
72704
552746
86768
77929
244904
370817
87607
77848
87425
69982
545174
86646
77930
244685
368686
87648
77847
87380
70043
545264
86712
77941
244662
368612
87626
77846
87422
70062
545236
86747
77833
244642
368507
87671
77847
87489
70068
545118
86672
77902
244669
368525
87656
77845
87335
69952
547006
86841
77884
245537
368473
87632
77845
87560
69960
545235
86775
77870
244890
368489
87645
77842
87461
70066
545227
86756
77896
244676
368529
87636
77848
87507
69987
546979
90367
77962
252164
371425
87605
77846
87500
70070
545152
86737
77917
245339
370726
87685
77848
87519
70086
547106
86821
77811
247380
370724
94858
80503
87489
69978
547441
86760
77826
--STOP--
++STRT++
244704
368573
87683
77848
87524
70069
545270
86777
77878
244877
368648
87617
77848
87422
70092
545146
86709
77869
244728
368643
87637
77848
87400
69922
545272
86647
77896
244689
368676
87674
77847
87490
69934
545132
86625
77930
244697
368595
87633
77848
87417
69945
545109
86602
77860
244844
370176
89525
77848
87429
70077
545280
86669
77903
244718
368536
87670
77848
87491
70046
545214
86751
77843
244756
368608
87662
77845
87447
69958
545217
86817
77820
244679
368462
87577
77847
87445
70053
545133
86577
77884
244802
368572
87617
77847
87428
69951
545088
86625
77850
244716
368610
87639
77849
87459
70094
547366
86694
77827
244627
368547
87646
77847
87506
70017
545259
86669
77818
--STOP--
++STRT++
244599
368456
87619
77847
87500
70048
552268
86753
77819
244677
375788
87645
77846
87459
69941
545115
86705
77917
244697
368675
87603
77848
87488
71335
547287
86595
77936
244658
376049
87606
77847
90702
70050
547405
86853
77975
244818
377032
87666
77848
89885
69950
547200
86796
77908
244720
368502
87634
77848
87590
69949
545216
86653
77806
245051
368500
87679
77848
87457
70064
546720
86760
77898
244737
368599
87600
77847
87399
70052
545251
86751
77847
244686
368564
87572
77848
87475
70042
545212
86774
77903
244641
368501
87654
77848
87495
70057
545202
86750
77920
244762
368583
87569
77847
87468
69926
546596
86697
77838
244844
368558
87639
77846
87405
70059
545103
86640
77962
--STOP--
++STRT++
244683
370548
87635
77848
87535
70070
546765
93858
77813
247152
375693
87611
77848
87456
69928
545218
86649
77843
244855
371041
87702
77844
87464
69923
547275
86769
77829
244691
371555
87614
77846
87467
70047
547254
88376
77940
247094
375727
87621
85174
89697
69996
547610
86813
77838
244687
368618
87586
77847
87443
70077
545123
86720
77793
244698
368554
87599
77849
87516
69929
545260
86854
77803
244712
368607
87642
77848
87369
70063
545273
86807
77954
244699
368563
87692
77848
87428
69938
547572
86570
81168
244679
368476
87664
77847
87508
69928
545094
86709
77957
244889
368572
87678
77848
87418
70056
545141
86815
77860
244688
368582
87603
77846
87556
70054
545250
86795
77869
--STOP--
++STRT++
244626
368624
87649
77847
87533
70063
545126
86692
77924
244686
368585
87658
77848
87466
70064
545234
86699
77860
244696
368417
87622
77844
87457
70090
545117
86677
77875
245061
368611
87669
77844
87507
70051
545229
86569
77870
244703
368525
87607
77848
87486
69934
545149
86738
77892
244764
368534
87606
77848
87516
69956
545239
86633
77851
244808
368525
87645
77846
87478
69961
545260
86753
77921
244869
368574
87640
77846
87442
69947
545224
86834
77907
244683
368607
87599
77845
87499
70038
545125
86753
77913
244716
368515
87669
77848
87483
70008
545124
86716
77864
244681
368571
87592
77847
87389
70048
547299
93697
77836
244748
375888
87702
77845
89221
70057
546766
86735
77971
--STOP--
++STRT++
244694
368686
87603
77848
87323
70018
545115
86823
77904
244668
368610
87657
79575
87395
70091
545189
86745
77893
244668
368538
87590
77849
87426
69965
547296
86749
77845
244709
368644
87671
77845
87488
70076
545200
86762
77901
244656
368529
87656
77845
87479
69937
545203
86794
77968
244653
368508
87652
77848
87396
70068
545113
86738
77843
244905
368621
87678
77846
87446
69936
545245
86824
77840
244899
368637
87626
77848
87471
69928
545128
86736
77941
244631
375440
89677
77848
87460
69932
547328
86811
79939
244680
368515
87587
77847
87443
70065
545146
86783
77838
246845
375942
87642
77847
87485
69959
547669
86837
80124
244701
368570
87633
77848
87398
69941
547470
86843
77904
--STOP--
++STRT++
244893
370535
87614
84864
87482
70086
547550
86837
85003
247157
376052
87666
77847
87469
70085
547213
88339
77827
246825
375860
90004
77848
87482
70063
547412
86636
77823
246984
370371
95326
80076
87417
69968
547325
88620
77895
244687
368540
87716
77846
89257
69979
548160
86681
80094
244661
368683
87649
77848
87541
69934
547578
86758
77803
244715
368599
87634
77847
87452
69946
545110
86802
77917
244720
368658
87588
77848
87472
70048
545225
86742
77909
244685
368563
87605
77847
87457
70032
545247
86733
77788
246705
375671
87617
77848
87492
69920
547211
88319
77916
245403
368444
87639
77848
87392
70075
545226
86768
77895
246812
375945
89908
77848
87437
69997
547514
86773
80167
--STOP--
++STRT++
244709
368580
87631
77848
87503
70072
545149
86814
77868
244632
368464
87660
77848
87535
70087
545150
86737
77853
244704
368610
87632
77847
87429
69933
545127
86817
77837
244695
368587
87617
77848
87432
70043
545202
86582
77870
244680
368518
87657
77848
87535
70050
545198
86851
77823
244844
368532
87588
77849
87340
70067
545238
86817
77795
244698
368431
87663
77847
87425
69966
545220
86736
77815
244700
368593
87620
77848
87429
70064
545120
86639
77914
244642
371413
89775
77848
87451
69973
547144
86828
77905
244814
368507
87636
77848
87471
69971
545205
86704
77857
244633
368597
87615
77845
87490
69920
545245
86636
77941
244653
368583
87677
77848
87455
70058
545097
86748
77848
--STOP--
++STRT++
244668
368585
87575
77848
87522
76898
552211
86832
77835
244852
368661
87595
77843
87461
70042
547000
86807
77808
244884
368526
87666
78244
87590
69994
545092
86814
77855
244652
368479
87612
77847
87500
69978
545257
86758
77803
244649
368669
87596
77846
87491
69931
545117
86690
77837
244689
368569
87636
77848
87539
69933
545217
86838
77827
244629
368445
87677
77846
87535
70067
545119
86758
77804
244837
368566
87644
77846
87448
69964
545229
86674
77785
246122
370013
87630
77847
87408
69932
546979
86774
77909
244649
368592
87579
77847
87427
70060
545232
86756
77897
244749
368601
87632
77848
87412
70060
545123
86722
77819
244858
368482
87618
77846
87494
69963
545121
86754
77804
--STOP--
++STRT++
244846
368595
87646
77848
87436
70059
545232
86773
77844
244885
368502
87614
77848
87429
69952
545211
86737
77792
244683
368589
87642
77848
87438
69922
545272
86721
77873
244604
371552
87644
77848
87445
69940
547261
88394
77935
244648
368540
88090
77848
87423
69940
545197
86670
77956
244811
368619
87664
77847
87469
71347
547318
86817
77850
244813
368569
87596
77847
87459
69941
547392
86503
77931
244716
368445
87673
77846
87468
69934
545205
86824
77834
244667
368544
87707
77847
87419
69978
545108
86620
77927
244652
368561
87636
77848
87422
70041
545126
86849
77856
244675
368563
87650
77848
87487
69983
545248
86784
77940
244698
368520
87694
77849
87529
69937
545087
86739
77916
--STOP--
++STRT++
244708
370518
87585
77848
87517
69970
546724
93686
77965
244859
375499
89944
77848
87384
70080
545113
86710
77827
244701
368573
87577
78935
87393
70067
545263
86803
77928
244735
368641
87640
77849
87497
69953
545241
86736
77839
244654
370779
87682
77846
87418
69928
546593
86721
77863
244674
370331
87618
77848
87487
69933
545129
86763
77863
246183
370754
89417
77847
87400
69948
545252
86758
77864
244617
368554
87607
77848
87445
69950
546647
86770
77785
244759
368988
87626
77846
87450
69971
545118
86734
77918
244705
368532
87630
77849
87478
70073
545144
86643
77905
244840
375746
87665
77846
87388
70046
545230
86749
77779
244716
368569
87618
77848
87595
70068
545243
86723
77905
--STOP--
++STRT++
244664
368573
87678
77848
87355
70064
545142
86722
77949
244652
368542
87692
77849
87422
69964
545202
86821
77822
244917
374823
87597
77844
87462
70073
545134
86822
77925
244688
368502
87566
77848
87540
69936
545260
86732
77923
244780
368613
87626
77848
87456
70086
552827
86780
77842
244711
368608
87592
77847
87472
69911
545255
86784
77925
244749
368615
87643
77848
87377
70054
548067
86734
77848
245088
369399
87712
77846
87595
70061
545221
86699
77868
244868
368579
87549
77847
87480
69953
545154
86738
77835
244687
371096
87593
83560
95039
72701
547468
86741
77844
244716
368673
87613
77846
87449
70060
545114
86809
77853
244644
368513
87654
77848
87413
70075
545225
86670
77875
--STOP--
++STRT++
244720
368552
87617
77848
87431
69925
545238
86605
77890
244853
368583
87656
77845
87505
69947
545119
86649
77833
244675
368619
87620
77848
87380
70056
545119
86772
77907
245449
368525
87649
77848
87461
69951
545102
86792
77938
244694
368575
87665
77847
87418
69929
545101
86740
77918
244852
370329
87730
77845
87377
69966
545215
86687
77913
244739
368501
87634
77844
87540
70054
545134
86727
77902
244697
368541
87656
77846
87455
70036
545117
86724
77918
250338
368619
87616
77848
87559
69946
547326
86814
79623
244651
368445
87639
77845
87487
70071
545141
86786
77820
244688
368606
87638
77849
87379
69928
545172
86711
77842
244690
368585
87618
77845
87504
69956
545232
86832
77907
--STOP--
++STRT++
244652
370949
87604
80032
87464
69977
548106
86797
85073
247787
376479
87528
77847
87433
69958
547994
86802
77847
247381
376302
87671
85591
87524
70052
548016
89749
77912
244674
368533
87661
77847
87490
69959
545135
86810
77808
244832
368517
87687
77848
87480
70052
545212
86813
77838
244654
376198
87653
77848
87487
70092
545196
86728
77852
244875
368618
87609
77847
87468
71830
547755
86781
77905
244740
368579
87662
77847
87439
71736
547835
86681
77773
244689
368658
87582
77846
87439
70069
545125
86811
77972
244837
376337
90439
77848
87467
69986
548083
86626
77825
244890
368577
87614
77846
87477
70073
545225
86502
77867
244659
368436
87684
77848
87401
69954
545107
86761
77901
--STOP--
++STRT++
244690
368602
87608
77848
87438
72685
552601
86659
77841
244720
368619
87600
77847
87476
72138
547823
86741
77973
244749
368633
87628
77846
87503
72397
548270
86736
77849
244635
368615
87622
77848
87445
69935
547838
86709
77849
244872
368561
87651
77847
87577
69930
545262
86784
77932
244711
368592
87570
77847
87536
69938
545128
86825
77902
244637
368471
87605
77846
87531
69941
545248
86744
77901
244702
370615
87723
77845
87463
69941
547105
86675
77885
247115
375961
87617
77848
87396
72129
547847
86806
77972
244641
368575
87598
77846
87442
69933
545242
86807
77883
252408
371242
87672
77848
94862
70063
547406
86726
77901
244680
368583
87606
77847
87463
71836
548992
86783
77940
--STOP--
++STRT++
244676
368567
87603
77846
87550
70062
545265
86664
77870
244863
368590
87643
77848
87461
70042
545210
86797
77911
244676
368589
87604
77847
87436
70072
545162
86591
77843
244632
368556
87603
77845
87445
70077
545204
86733
77895
244873
368581
87628
77847
87462
70060
545272
86590
77959
244880
368592
87604
77846
87502
71349
547303
86700
77817
244646
368588
87654
77848
87578
69943
547338
86712
77930
244729
368613
87589
79560
87459
70055
545243
86683
77854
244643
368593
87628
77848
87521
69939
545297
86820
77851
246948
376204
89892
77846
87493
70059
547412
86721
79886
244702
368495
87566
77848
87536
71344
547198
86818
77838
244676
368549
87627
77848
87467
69941
545233
86702
77840
--STOP--
