++STRT++
0.458727
0.964035
0.033522
0.029103
0.047726
0.032251
1.659095
0.463957
0.968453
0.033993
0.029644
0.047987
0.032629
1.687945
--STOP--
++STRT++
0.458089
0.961423
0.033618
0.029095
0.047949
0.032606
1.674662
0.465127
0.975949
0.033921
0.029834
0.048052
0.032666
1.685987
--STOP--
++STRT++
0.459563
0.964889
0.033515
0.029378
0.047726
0.032532
1.678310
0.465964
0.968754
0.034044
0.029786
0.048013
0.032841
1.688165
--STOP--
++STRT++
0.458634
0.961504
0.033916
0.029298
0.048030
0.032369
1.651195
0.464454
0.970884
0.033944
0.029652
0.047878
0.032830
1.691129
--STOP--
++STRT++
0.458737
0.960158
0.033774
0.029797
0.047712
0.032477
1.667451
0.464359
0.967959
0.034066
0.029807
0.048017
0.032932
1.693632
--STOP--
++STRT++
0.460417
0.963029
0.033544
0.029222
0.048072
0.032430
1.678700
0.464877
0.968315
0.033888
0.029907
0.048098
0.032868
1.689415
--STOP--
++STRT++
0.458558
0.962071
0.033513
0.029205
0.047935
0.032304
1.666052
0.464969
0.968074
0.034071
0.029734
0.047808
0.032676
1.690890
--STOP--
++STRT++
0.458327
0.961135
0.033490
0.029167
0.047772
0.032242
1.677076
0.465354
0.967719
0.033869
0.029686
0.048094
0.032615
1.683105
--STOP--
++STRT++
0.457781
0.961318
0.033892
0.029267
0.048005
0.032409
1.668126
0.464279
0.968185
0.033827
0.029836
0.048137
0.032626
1.697157
--STOP--
++STRT++
0.458479
0.960649
0.033569
0.029095
0.047858
0.032427
1.667578
0.464663
0.967291
0.034117
0.029825
0.047809
0.032637
1.690363
--STOP--
++STRT++
0.460450
0.964671
0.033562
0.029100
0.047921
0.032630
1.672164
0.465152
0.970271
0.033988
0.029651
0.047799
0.032585
1.682973
--STOP--
++STRT++
0.459206
0.962453
0.033580
0.029510
0.047668
0.032310
1.667306
0.463959
0.967407
0.033898
0.029640
0.048041
0.032645
1.675289
--STOP--
++STRT++
0.458049
0.961580
0.033721
0.029053
0.049041
0.032342
1.675172
0.464313
0.970379
0.033846
0.030175
0.048093
0.032569
1.694691
--STOP--
++STRT++
0.459168
0.961082
0.033526
0.029103
0.047709
0.032413
1.659241
0.464343
0.969665
0.033915
0.029637
0.048153
0.032928
1.682462
--STOP--
++STRT++
0.458121
0.959863
0.033507
0.029174
0.047732
0.032366
1.670319
0.464064
0.967775
0.033850
0.029650
0.048009
0.032627
1.682677
--STOP--
++STRT++
0.458015
0.960006
0.033730
0.029060
0.047795
0.032311
1.666398
0.465594
0.971985
0.033998
0.029698
0.048063
0.032712
1.698462
--STOP--
++STRT++
0.458866
0.962323
0.033791
0.029044
0.047781
0.032435
1.673926
0.464763
0.971491
0.033993
0.029741
0.047861
0.032725
1.681781
--STOP--
++STRT++
0.458954
0.959182
0.033569
0.029091
0.047839
0.032378
1.668988
0.464398
0.968062
0.033828
0.029686
0.047889
0.032728
1.690152
--STOP--
++STRT++
0.458648
0.960480
0.033652
0.029125
0.048016
0.032320
1.673115
0.464499
0.969623
0.033906
0.029643
0.048066
0.032731
1.685524
--STOP--
++STRT++
0.458469
0.963937
0.033577
0.029095
0.047703
0.032336
1.673260
0.464740
0.967180
0.034009
0.029638
0.047902
0.032788
1.682632
--STOP--
++STRT++
0.457745
0.962157
0.033879
0.029106
0.047721
0.032314
1.674267
0.467728
0.977557
0.033831
0.029645
0.047892
0.032574
1.686249
--STOP--
++STRT++
0.458021
0.960684
0.033491
0.029170
0.047913
0.032267
1.666193
0.464243
0.967811
0.034020
0.029642
0.048192
0.032838
1.690856
--STOP--
++STRT++
0.458154
0.960206
0.033448
0.029308
0.047777
0.032231
1.663712
0.464193
0.968344
0.033844
0.029647
0.047887
0.032668
1.680774
--STOP--
++STRT++
0.458364
0.960031
0.033587
0.029097
0.047865
0.032268
1.670778
0.465110
0.967149
0.034018
0.029835
0.047910
0.032840
1.689738
--STOP--
++STRT++
0.458191
0.960694
0.033606
0.029097
0.047949
0.032957
1.657690
0.464471
0.967009
0.033813
0.029736
0.048042
0.032587
1.664962
--STOP--
++STRT++
0.458558
0.960618
0.033542
0.029095
0.047944
0.032554
1.675810
0.465684
0.972116
0.033837
0.030673
0.047928
0.032790
1.686486
--STOP--
++STRT++
0.458384
0.962020
0.033511
0.029094
0.047732
0.032397
1.643634
0.466168
0.971288
0.034114
0.029812
0.047969
0.032588
1.683309
--STOP--
++STRT++
0.458048
0.960260
0.033638
0.029180
0.047699
0.032475
1.664279
0.465258
0.966256
0.033844
0.029768
0.048089
0.033455
1.694631
--STOP--
++STRT++
0.458040
0.960322
0.033658
0.029083
0.047763
0.032563
1.672431
0.463974
0.967575
0.033875
0.029654
0.048272
0.032612
1.684608
--STOP--
++STRT++
0.459465
0.962707
0.033550
0.029188
0.047855
0.032258
1.656882
0.466169
0.969016
0.034140
0.029675
0.048049
0.032821
1.690413
--STOP--
++STRT++
0.460136
0.961112
0.033583
0.029086
0.047821
0.032425
1.675151
0.465699
0.967336
0.033955
0.029695
0.047934
0.032638
1.693598
--STOP--
++STRT++
0.457804
0.960965
0.033501
0.029140
0.047688
0.032464
1.672223
0.464550
0.967427
0.034007
0.029881
0.048051
0.032606
1.694471
--STOP--
++STRT++
0.458381
0.970871
0.033569
0.029760
0.047927
0.032307
1.672135
0.465581
0.967731
0.033809
0.029651
0.048088
0.032832
1.692733
--STOP--
++STRT++
0.459340
0.961718
0.033759
0.029198
0.047837
0.032355
1.666547
0.465503
0.968436
0.034406
0.029635
0.048047
0.032567
1.683053
--STOP--
++STRT++
0.458120
0.960231
0.033644
0.029115
0.047859
0.032266
1.667104
0.465747
0.969866
0.034142
0.029740
0.047938
0.032590
1.679850
--STOP--
++STRT++
0.458297
0.961111
0.033565
0.029056
0.047735
0.032450
1.675616
0.465723
0.969329
0.034147
0.029650
0.048254
0.032629
1.687641
--STOP--
++STRT++
0.458560
0.959407
0.033541
0.029208
0.047810
0.032323
1.672291
0.464990
0.968055
0.033872
0.029673
0.048078
0.032661
1.685485
--STOP--
++STRT++
0.461341
0.963382
0.033668
0.029052
0.047734
0.032272
1.669560
0.467121
0.970019
0.034119
0.029644
0.048171
0.032916
1.691429
--STOP--
++STRT++
0.458078
0.964015
0.033736
0.029522
0.047923
0.032283
1.672096
0.465975
0.970497
0.033855
0.029751
0.047852
0.032627
1.693613
--STOP--
++STRT++
0.460498
0.970888
0.033551
0.029097
0.047673
0.032266
1.670643
0.466167
0.971872
0.033960
0.029638
0.047798
0.032796
1.685398
--STOP--
++STRT++
0.457239
0.959816
0.033485
0.029263
0.047850
0.032300
1.673200
0.465150
0.970794
0.033905
0.029723
0.048192
0.032741
1.688405
--STOP--
++STRT++
0.457696
0.963276
0.033567
0.029093
0.047655
0.032520
1.673237
0.465060
0.966798
0.034012
0.029739
0.047835
0.033180
1.693172
--STOP--
++STRT++
0.458544
0.962489
0.033552
0.029289
0.048897
0.032346
1.679821
0.464424
0.972363
0.033964
0.029625
0.047832
0.032938
1.679481
--STOP--
++STRT++
0.458733
0.959281
0.033490
0.029107
0.047842
0.032340
1.677219
0.464508
0.967088
0.033839
0.029719
0.049624
0.032602
1.689302
--STOP--
++STRT++
0.458262
0.960731
0.033559
0.029095
0.047750
0.032367
1.657487
0.464542
0.967950
0.033855
0.029645
0.048061
0.032629
1.692005
--STOP--
++STRT++
0.458013
0.961430
0.033565
0.029104
0.047769
0.032288
1.674461
0.464241
0.969004
0.033877
0.029745
0.048601
0.032819
1.692381
--STOP--
++STRT++
0.458285
0.960488
0.033589
0.029160
0.047727
0.032307
1.666757
0.464263
0.967924
0.033931
0.029653
0.047803
0.032802
1.681081
--STOP--
++STRT++
0.458760
0.962012
0.033604
0.029087
0.047723
0.032319
1.672976
0.464731
0.967505
0.033860
0.029780
0.048034
0.032665
1.688853
--STOP--
++STRT++
0.457828
0.960788
0.033516
0.029088
0.047730
0.032345
1.670705
0.465179
0.970080
0.033872
0.029666
0.048521
0.032683
1.698502
--STOP--
++STRT++
0.458434
0.963113
0.033498
0.029285
0.047780
0.032272
1.666023
0.464110
0.967827
0.033851
0.029658
0.047821
0.032758
1.681402
--STOP--
++STRT++
0.459122
0.961275
0.033608
0.029385
0.047851
0.032321
1.664569
0.465435
0.968903
0.034023
0.029710
0.047874
0.032933
1.692595
--STOP--
++STRT++
0.457449
0.960406
0.033608
0.029100
0.047759
0.032400
1.678164
0.465093
0.966884
0.033950
0.029659
0.048398
0.033279
1.693711
--STOP--
++STRT++
0.458429
0.961026
0.033529
0.029094
0.047756
0.032297
1.664119
0.464869
0.968833
0.033891
0.029643
0.047895
0.032825
1.692273
--STOP--
++STRT++
0.459175
0.959570
0.033550
0.029143
0.047728
0.032265
1.671579
0.464394
0.967691
0.033794
0.029646
0.047993
0.032864
1.688713
--STOP--
++STRT++
0.461452
0.962709
0.033614
0.029102
0.048848
0.032295
1.675455
0.464308
0.969008
0.033895
0.029638
0.047903
0.032689
1.687406
--STOP--
++STRT++
0.457767
0.961223
0.033662
0.029092
0.047624
0.032297
1.671340
0.466495
0.968028
0.033843
0.029635
0.047807
0.032610
1.690799
--STOP--
++STRT++
0.457876
0.960259
0.033536
0.029174
0.047794
0.032306
1.676437
0.466937
0.967295
0.033865
0.030202
0.047827
0.032660
1.686477
--STOP--
++STRT++
0.458715
0.959752
0.033724
0.029057
0.047685
0.032319
1.675448
0.463705
0.967248
0.033876
0.029653
0.048066
0.032995
1.684990
--STOP--
++STRT++
0.459224
0.960504
0.033683
0.029113
0.047721
0.032512
1.672718
0.465672
0.968890
0.033874
0.029832
0.047981
0.032617
1.692616
--STOP--
++STRT++
0.460447
0.963644
0.033577
0.029309
0.047697
0.032366
1.670560
0.466131
0.969606
0.034120
0.029638
0.047877
0.032835
1.691345
--STOP--
++STRT++
0.461086
0.960983
0.033545
0.029228
0.047831
0.032375
1.673667
0.464531
0.971821
0.033919
0.029638
0.047856
0.032849
1.683647
--STOP--
++STRT++
0.458457
0.960753
0.033841
0.029108
0.047695
0.032335
1.667133
0.464267
0.968976
0.033869
0.029684
0.048281
0.032789
1.691906
--STOP--
++STRT++
0.458168
0.961224
0.033628
0.029100
0.047877
0.032478
1.670924
0.465944
0.966911
0.033947
0.029637
0.048177
0.032886
1.684716
--STOP--
++STRT++
0.457813
0.959250
0.033568
0.029082
0.047836
0.032367
1.665505
0.464917
0.967504
0.033872
0.029720
0.047810
0.032948
1.690597
--STOP--
++STRT++
0.458786
0.963123
0.033922
0.029040
0.047809
0.032367
1.675496
0.466275
0.968792
0.033837
0.029708
0.047823
0.032674
1.695192
--STOP--
++STRT++
0.458026
0.959571
0.033679
0.029285
0.047781
0.032453
1.675108
0.464202
0.970531
0.033878
0.029639
0.047880
0.032630
1.683403
--STOP--
++STRT++
0.457248
0.960709
0.033584
0.029173
0.048013
0.032489
1.672752
0.464317
0.968268
0.033868
0.029666
0.048132
0.032871
1.693253
--STOP--
++STRT++
0.459809
0.960363
0.033539
0.029354
0.047993
0.032341
1.658402
0.464490
0.967218
0.034104
0.029871
0.048304
0.032678
1.686480
--STOP--
++STRT++
0.458825
0.962122
0.033553
0.029283
0.047881
0.032256
1.675178
0.466110
0.967847
0.033995
0.029833
0.047881
0.032617
1.687010
--STOP--
++STRT++
0.457980
0.959505
0.033643
0.029080
0.047743
0.032298
1.670523
0.465224
0.976262
0.034003
0.029670
0.047942
0.032637
1.686754
--STOP--
++STRT++
0.457851
0.961992
0.033551
0.029135
0.047845
0.032328
1.674142
0.464737
0.966048
0.033852
0.030168
0.047899
0.032620
1.693307
--STOP--
++STRT++
0.458370
0.960139
0.033696
0.029195
0.047951
0.032430
1.667830
0.464426
0.971723
0.034184
0.030126
0.047853
0.032609
1.683247
--STOP--
++STRT++
0.458277
0.961122
0.033540
0.029783
0.047742
0.032570
1.673496
0.464050
0.969024
0.033894
0.029808
0.047895
0.032769
1.686563
--STOP--
++STRT++
0.458193
0.961034
0.033485
0.029095
0.047792
0.032377
1.675725
0.465207
0.966520
0.034166
0.029634
0.048237
0.032607
1.691577
--STOP--
++STRT++
0.458735
0.960599
0.033560
0.029083
0.047775
0.032260
1.667076
0.464602
0.972967
0.034253
0.029659
0.047880
0.032655
1.682429
--STOP--
++STRT++
0.460276
0.962474
0.033542
0.029173
0.048285
0.032277
1.661062
0.463758
0.968201
0.033891
0.030715
0.047871
0.032819
1.680272
--STOP--
++STRT++
0.458027
0.960867
0.033590
0.029055
0.047842
0.032346
1.663143
0.465997
0.965273
0.034049
0.029784
0.047789
0.032667
1.680726
--STOP--
++STRT++
0.458102
0.960535
0.033536
0.029178
0.047652
0.032361
1.664744
0.463977
0.967169
0.034081
0.029926
0.047890
0.032683
1.691646
--STOP--
++STRT++
0.458809
0.959974
0.034472
0.029096
0.048283
0.032371
1.672131
0.465854
0.970504
0.034171
0.029833
0.047809
0.032774
1.680924
--STOP--
++STRT++
0.457787
0.960309
0.033549
0.029182
0.047709
0.032257
1.676442
0.465424
0.968146
0.034294
0.030050
0.048050
0.032982
1.692559
--STOP--
++STRT++
0.458588
0.961182
0.033702
0.029088
0.047769
0.032293
1.667294
0.465691
0.967985
0.033971
0.029733
0.047862
0.032706
1.693138
--STOP--
++STRT++
0.457979
0.961018
0.033569
0.029101
0.047822
0.032329
1.671294
0.463511
0.966802
0.033909
0.029639
0.047773
0.032616
1.686529
--STOP--
++STRT++
0.457607
0.961040
0.033936
0.029091
0.047682
0.032287
1.666268
0.463953
0.968736
0.034315
0.029723
0.048250
0.032675
1.689220
--STOP--
++STRT++
0.457503
0.960625
0.033505
0.029106
0.047880
0.032261
1.672052
0.464029
0.972041
0.033856
0.029653
0.048128
0.032594
1.690151
--STOP--
++STRT++
0.458549
0.960196
0.033568
0.029076
0.048021
0.032312
1.670237
0.464357
0.967857
0.033844
0.029627
0.047935
0.032622
1.690576
--STOP--
++STRT++
0.460737
0.962364
0.033561
0.029179
0.047838
0.032570
1.675875
0.464209
0.968436
0.033848
0.029659
0.047832
0.033143
1.686060
--STOP--
++STRT++
0.458584
0.960690
0.033634
0.029180
0.047946
0.032303
1.682395
0.464926
0.967942
0.034016
0.029987
0.048094
0.032643
1.683991
--STOP--
++STRT++
0.458052
0.959650
0.033740
0.029098
0.047883
0.032245
1.667418
0.465645
0.965759
0.033903
0.029651
0.047812
0.032733
1.690824
--STOP--
++STRT++
0.458040
0.960856
0.033657
0.029059
0.047705
0.032334
1.672526
0.465818
0.966980
0.034153
0.029642
0.047955
0.032890
1.686053
--STOP--
++STRT++
0.457735
0.959611
0.033775
0.029225
0.047712
0.032591
1.672113
0.463898
0.968077
0.033844
0.029819
0.047829
0.033042
1.685978
--STOP--
++STRT++
0.458124
0.960874
0.033598
0.029090
0.047695
0.032500
1.672570
0.464537
0.967397
0.033845
0.029722
0.047909
0.032640
1.682341
--STOP--
++STRT++
0.458161
0.962587
0.033503
0.029050
0.047755
0.032382
1.664808
0.465689
0.966945
0.033947
0.029712
0.047939
0.032618
1.685768
--STOP--
++STRT++
0.459072
0.960176
0.033542
0.029236
0.047840
0.032397
1.674560
0.464625
0.972883
0.034163
0.029780
0.047948
0.033014
1.680812
--STOP--
++STRT++
0.459431
0.965246
0.033556
0.029299
0.047947
0.032360
1.674096
0.464408
0.967560
0.033816
0.029674
0.047871
0.033025
1.688830
--STOP--
++STRT++
0.457864
0.961255
0.033537
0.029092
0.047744
0.032471
1.663518
0.465226
0.966674
0.034028
0.029785
0.048032
0.032782
1.684912
--STOP--
++STRT++
0.458936
0.961257
0.033553
0.029287
0.047942
0.032362
1.673574
0.463964
0.967768
0.033862
0.029757
0.047915
0.032747
1.691842
--STOP--
++STRT++
0.458739
0.960652
0.033685
0.029111
0.047791
0.032653
1.676851
0.467057
0.968445
0.033842
0.030177
0.047941
0.032773
1.682530
--STOP--
++STRT++
0.457453
0.961201
0.033531
0.029203
0.048040
0.032274
1.669756
0.464362
0.968728
0.033885
0.029640
0.047898
0.032564
1.683376
--STOP--
++STRT++
0.458582
0.960527
0.033528
0.029094
0.048085
0.032563
1.653337
0.469432
0.971373
0.033946
0.029628
0.047849
0.032636
1.695175
--STOP--
++STRT++
0.458935
0.960839
0.033544
0.029094
0.047755
0.032319
1.666481
0.467657
0.969343
0.033989
0.029592
0.051177
0.032524
1.681791
--STOP--
++STRT++
0.458124
0.960188
0.033530
0.029106
0.047864
0.032286
1.666256
0.463359
0.967849
0.033913
0.029643
0.048182
0.032564
1.691909
--STOP--
++STRT++
0.458686
0.960020
0.033514
0.029050
0.047752
0.032442
1.667476
0.464478
0.970077
0.034037
0.029762
0.047879
0.032918
1.685659
--STOP--
++STRT++
0.459211
0.961039
0.033591
0.029102
0.047713
0.032459
1.666237
0.464498
0.966539
0.034170
0.029641
0.047811
0.032647
1.693100
--STOP--
++STRT++
0.458830
0.960032
0.033676
0.029095
0.047768
0.032298
1.660771
0.464576
0.967023
0.033850
0.029703
0.047943
0.032628
1.687102
--STOP--
++STRT++
0.457949
0.960964
0.033578
0.029091
0.047990
0.032377
1.663542
0.463851
0.966519
0.033871
0.029636
0.048088
0.032560
1.682643
--STOP--
++STRT++
0.458472
0.962625
0.033587
0.029097
0.047724
0.032378
1.669112
0.468332
0.967815
0.033868
0.029828
0.047996
0.032615
1.690000
--STOP--
++STRT++
0.458126
0.961738
0.033487
0.029102
0.047922
0.032273
1.669045
0.464310
0.967429
0.033950
0.029646
0.047800
0.032620
1.689070
--STOP--
++STRT++
0.458339
0.960006
0.033543
0.029092
0.047930
0.032313
1.666907
0.463788
0.968109
0.033892
0.029614
0.047867
0.032642
1.690497
--STOP--
++STRT++
0.458115
0.960421
0.033463
0.029095
0.047842
0.032315
1.673888
0.466402
0.967609
0.033989
0.029629
0.048070
0.032649
1.696050
--STOP--
++STRT++
0.458598
0.960963
0.033509
0.029279
0.047895
0.032317
1.674515
0.465208
0.967047
0.034027
0.029645
0.047936
0.032692
1.693523
--STOP--
++STRT++
0.457957
0.960221
0.033621
0.029110
0.047912
0.032248
1.664902
0.464176
0.967460
0.033955
0.029730
0.048025
0.032856
1.685217
--STOP--
++STRT++
0.457901
0.960076
0.033776
0.029116
0.048017
0.032531
1.667190
0.463760
0.969187
0.033861
0.029645
0.047926
0.032791
1.684608
--STOP--
++STRT++
0.458160
0.960609
0.033532
0.029115
0.047761
0.032315
1.666869
0.464291
0.968412
0.033912
0.029649
0.048194
0.032576
1.684559
--STOP--
++STRT++
0.458723
0.960467
0.033599
0.029367
0.047913
0.032478
1.672285
0.463890
0.967053
0.033920
0.029668
0.047864
0.032625
1.690008
--STOP--
++STRT++
0.458889
0.960587
0.033535
0.029298
0.047734
0.032348
1.674441
0.464654
0.968672
0.033842
0.029650
0.048185
0.032616
1.690058
--STOP--
++STRT++
0.457814
0.960555
0.033726
0.029103
0.047718
0.032328
1.670726
0.464191
0.967901
0.033812
0.029770
0.047928
0.032570
1.688780
--STOP--
++STRT++
0.457849
0.960537
0.033524
0.029103
0.047751
0.032300
1.670581
0.464478
0.969238
0.033852
0.029634
0.048209
0.032619
1.695368
--STOP--
++STRT++
0.458247
0.959883
0.033472
0.029264
0.047991
0.032570
1.672727
0.463840
0.968172
0.033855
0.029731
0.047882
0.032622
1.685656
--STOP--
++STRT++
0.458594
0.960116
0.033774
0.029274
0.047990
0.032283
1.662918
0.463849
0.969121
0.033874
0.029646
0.047926
0.032579
1.693298
--STOP--
++STRT++
0.458358
0.960918
0.033609
0.029440
0.047806
0.032282
1.670933
0.465459
0.967640
0.033981
0.029591
0.047986
0.032686
1.690457
--STOP--
++STRT++
0.458732
0.960719
0.033574
0.029094
0.047947
0.032480
1.663558
0.464041
0.968174
0.033827
0.029746
0.047828
0.032605
1.682909
--STOP--
++STRT++
0.458347
0.959529
0.033620
0.029115
0.048038
0.032279
1.674082
0.463760
0.967124
0.033885
0.029786
0.048233
0.032813
1.685487
--STOP--
++STRT++
0.458327
0.961002
0.033632
0.029655
0.047770
0.032288
1.673196
0.464307
0.967997
0.033887
0.029680
0.047882
0.032612
1.693997
--STOP--
++STRT++
0.458179
0.959838
0.033582
0.029100
0.047807
0.032544
1.666615
0.465811
0.971764
0.034217
0.029753
0.047899
0.032819
1.693023
--STOP--
++STRT++
0.459655
0.962355
0.033656
0.029154
0.047726
0.032407
1.671367
0.465636
0.970221
0.033968
0.029664
0.048043
0.032836
1.696863
--STOP--
++STRT++
0.460195
0.962594
0.033654
0.029179
0.048152
0.032432
1.662294
0.465543
0.971727
0.033942
0.029754
0.048235
0.032635
1.689611
--STOP--
++STRT++
0.460036
0.962494
0.033659
0.029086
0.047764
0.032319
1.680059
0.466495
0.972868
0.034020
0.029850
0.047882
0.032988
1.697243
--STOP--
++STRT++
0.459485
0.964356
0.033622
0.029216
0.047980
0.032504
1.676043
0.464865
0.970268
0.033938
0.030121
0.047958
0.033039
1.698361
--STOP--
++STRT++
0.458860
0.962546
0.033488
0.029223
0.048056
0.032350
1.671749
0.465168
0.968559
0.033942
0.029759
0.047880
0.032707
1.694329
--STOP--
++STRT++
0.458653
0.962105
0.033554
0.029393
0.047812
0.032453
1.667973
0.464911
0.967431
0.033925
0.029642
0.047945
0.032547
1.694834
--STOP--
++STRT++
0.458129
0.960528
0.033662
0.029245
0.047735
0.032439
1.664562
0.464655
0.966703
0.033948
0.029638
0.048215
0.032618
1.691211
--STOP--
++STRT++
0.458365
0.960442
0.033572
0.029207
0.047684
0.032380
1.675667
0.464065
0.967142
0.033951
0.029626
0.048083
0.032583
1.690667
--STOP--
++STRT++
0.458183
0.959705
0.033627
0.029054
0.048021
0.032271
1.674820
0.465390
0.969339
0.033901
0.030138
0.047915
0.032652
1.689188
--STOP--
++STRT++
0.458301
0.959799
0.033497
0.029109
0.047731
0.032479
1.669711
0.464499
0.966913
0.033871
0.029930
0.047876
0.032557
1.682796
--STOP--
++STRT++
0.457996
0.961374
0.033541
0.029118
0.047739
0.032534
1.672171
0.464902
0.966634
0.033955
0.030029
0.048400
0.032712
1.690475
--STOP--
++STRT++
0.457846
0.961469
0.033571
0.029305
0.047683
0.032283
1.664759
0.464506
0.968479
0.033895
0.029649
0.048258
0.032631
1.689795
--STOP--
++STRT++
0.458486
0.960340
0.033536
0.029421
0.047743
0.032326
1.670212
0.464443
0.967662
0.033800
0.029722
0.047999
0.032566
1.684262
--STOP--
++STRT++
0.457183
0.960530
0.033501
0.029219
0.047840
0.032393
1.652746
0.465005
0.966731
0.033831
0.029833
0.047888
0.032611
1.697092
--STOP--
++STRT++
0.457586
0.960108
0.033627
0.029090
0.047860
0.032295
1.667471
0.463836
0.967673
0.034040
0.029783
0.048154
0.032693
1.690038
--STOP--
++STRT++
0.458699
0.960382
0.033531
0.029251
0.048029
0.032268
1.675933
0.464569
0.969823
0.033994
0.029918
0.049219
0.032948
1.689575
--STOP--
++STRT++
0.458628
0.960705
0.033546
0.029088
0.047737
0.032293
1.667323
0.468366
0.969324
0.033895
0.029843
0.048301
0.032797
1.673369
--STOP--
++STRT++
0.458785
0.961085
0.033505
0.029100
0.047720
0.032267
1.673369
0.464778
0.971591
0.034196
0.029982
0.047858
0.032665
1.689525
--STOP--
++STRT++
0.458356
0.959917
0.033510
0.029105
0.047843
0.032349
1.680835
0.464500
0.968448
0.033921
0.029906
0.048066
0.032648
1.693576
--STOP--
++STRT++
0.458704
0.959873
0.033599
0.029083
0.047709
0.032446
1.663345
0.466490
0.967259
0.033872
0.029661
0.047914
0.032686
1.694827
--STOP--
++STRT++
0.457668
0.961073
0.033987
0.029151
0.047752
0.032347
1.663560
0.465629
0.967069
0.034006
0.029647
0.047885
0.032757
1.682099
--STOP--
++STRT++
0.457924
0.960041
0.033559
0.029050
0.047799
0.032528
1.675515
0.463808
0.967485
0.033841
0.029624
0.047910
0.032613
1.685689
--STOP--
++STRT++
0.459270
0.964787
0.033509
0.029284
0.047756
0.032389
1.658174
0.475478
0.971939
0.034113
0.029625
0.048057
0.032626
1.682704
--STOP--
++STRT++
0.458400
0.961322
0.033504
0.029099
0.047795
0.032309
1.664242
0.464874
0.967477
0.034135
0.029769
0.047943
0.032849
1.682111
--STOP--
++STRT++
0.457179
0.960449
0.033580
0.029125
0.047829
0.032276
1.673107
0.465148
0.966174
0.033856
0.029618
0.048034
0.032689
1.682852
--STOP--
++STRT++
0.459204
0.960243
0.033609
0.029237
0.047756
0.032300
1.664128
0.464302
0.967832
0.034153
0.029639
0.047873
0.032657
1.688536
--STOP--
++STRT++
0.457867
0.959728
0.033569
0.029144
0.048166
0.032281
1.676637
0.466547
0.979311
0.033827
0.029639
0.048127
0.032583
1.700873
--STOP--
++STRT++
0.463061
0.965590
0.033630
0.029620
0.047695
0.032608
1.681461
0.467371
0.973452
0.035576
0.029643
0.047983
0.035038
1.687111
--STOP--
++STRT++
0.456987
0.962013
0.033459
0.029116
0.048149
0.032305
1.665105
0.466558
0.970087
0.033859
0.029643
0.047802
0.032680
1.685678
--STOP--
++STRT++
0.459205
0.960022
0.033600
0.029138
0.047614
0.032292
1.653524
0.464247
0.968550
0.033983
0.029745
0.048197
0.032700
1.681658
--STOP--
++STRT++
0.461885
0.961997
0.033577
0.029338
0.047693
0.032317
1.671882
0.464367
0.967197
0.033996
0.029737
0.047789
0.032889
1.681920
--STOP--
++STRT++
0.458382
0.962151
0.033582
0.029104
0.047745
0.032494
1.674391
0.465009
0.968449
0.033891
0.029678
0.048098
0.032636
1.692528
--STOP--
++STRT++
0.457835
0.958873
0.033532
0.029111
0.047736
0.032273
1.663424
0.464320
0.968665
0.033920
0.029588
0.047922
0.032558
1.687489
--STOP--
++STRT++
0.462185
0.960776
0.033606
0.029148
0.047748
0.032293
1.666629
0.464930
0.968340
0.033965
0.029765
0.047877
0.032595
1.682778
--STOP--
++STRT++
0.457719
0.959761
0.033527
0.029101
0.047646
0.032499
1.675475
0.464278
0.967449
0.034041
0.029637
0.047853
0.032617
1.689968
--STOP--
++STRT++
0.458348
0.959534
0.033524
0.029190
0.048212
0.032293
1.664521
0.464768
0.970122
0.033906
0.029617
0.048081
0.032644
1.690128
--STOP--
++STRT++
0.458959
0.960389
0.033620
0.029110
0.047714
0.032276
1.674603
0.464353
0.967700
0.033894
0.029598
0.047885
0.032674
1.673967
--STOP--
++STRT++
0.458019
0.960943
0.033553
0.029089
0.047661
0.032403
1.676185
0.463985
0.967019
0.034155
0.029659
0.047812
0.032588
1.681440
--STOP--
++STRT++
0.458543
0.960279
0.033533
0.029203
0.048052
0.032305
1.670669
0.464176
0.967888
0.033846
0.029622
0.047882
0.032581
1.685503
--STOP--
++STRT++
0.458505
0.960311
0.033546
0.029138
0.047661
0.032247
1.665719
0.464734
0.967360
0.034005
0.029638
0.047991
0.032798
1.687036
--STOP--
++STRT++
0.457965
0.960717
0.033539
0.029183
0.047722
0.032311
1.664653
0.465221
0.967630
0.033889
0.029627
0.047909
0.032639
1.684223
--STOP--
++STRT++
0.457996
0.960476
0.033570
0.029200
0.047827
0.032565
1.670501
0.466077
0.968329
0.033956
0.029624
0.047823
0.032648
1.686408
--STOP--
++STRT++
0.458809
0.959378
0.033735
0.029103
0.047715
0.032353
1.668646
0.464723
0.968822
0.033935
0.029608
0.047984
0.032767
1.688058
--STOP--
++STRT++
0.458044
0.960420
0.033683
0.029235
0.047791
0.032306
1.665965
0.465556
0.968187
0.034221
0.029805
0.048149
0.032765
1.687864
--STOP--
++STRT++
0.457827
0.960291
0.033722
0.029082
0.047738
0.032353
1.666663
0.464881
0.967736
0.033784
0.029797
0.047877
0.032874
1.684012
--STOP--
++STRT++
0.458121
0.961449
0.033561
0.029202
0.048173
0.032489
1.671202
0.463530
0.969076
0.033901
0.029684
0.047891
0.032634
1.688899
--STOP--
++STRT++
0.458877
0.959902
0.033664
0.029192
0.047880
0.032468
1.672826
0.464858
0.969175
0.034407
0.029710
0.048140
0.032655
1.685090
--STOP--
++STRT++
0.458388
0.961797
0.033536
0.029051
0.047735
0.032453
1.673212
0.465120
0.968124
0.033963
0.029839
0.047911
0.032592
1.687421
--STOP--
++STRT++
0.458328
0.960501
0.033526
0.029095
0.047754
0.032512
1.676925
0.464430
0.969149
0.034191
0.029889
0.047959
0.032814
1.705128
--STOP--
++STRT++
0.460565
0.961643
0.033859
0.029099
0.050266
0.032305
1.676117
0.468171
0.967331
0.033857
0.029636
0.047931
0.032540
1.682531
--STOP--
++STRT++
0.457769
0.961644
0.033521
0.029358
0.047719
0.032245
1.665951
0.464767
0.967415
0.034116
0.029832
0.048146
0.032703
1.686329
--STOP--
++STRT++
0.457386
0.961031
0.033522
0.029126
0.047861
0.032615
1.664850
0.463641
0.968274
0.033901
0.029657
0.047755
0.032679
1.692953
--STOP--
++STRT++
0.457595
0.961230
0.033524
0.029115
0.047751
0.032513
1.664884
0.464042
0.967280
0.033991
0.029749
0.048151
0.032642
1.691905
--STOP--
++STRT++
0.457984
0.959696
0.033565
0.029181
0.047923
0.032312
1.673725
0.464871
0.965998
0.033861
0.029644
0.047838
0.032552
1.689970
--STOP--
++STRT++
0.458642
0.960639
0.033569
0.029098
0.047790
0.032276
1.677398
0.465191
0.968216
0.033929
0.029654
0.048108
0.032621
1.686153
--STOP--
++STRT++
0.460065
0.966066
0.033684
0.029205
0.048021
0.032248
1.668641
0.464619
0.968994
0.034003
0.030441
0.048123
0.032751
1.680777
--STOP--
++STRT++
0.461162
0.965532
0.033544
0.029097
0.047694
0.032571
1.668712
0.465523
0.970617
0.034000
0.029633
0.047846
0.032691
1.691465
--STOP--
++STRT++
0.457443
0.961203
0.033538
0.029271
0.048201
0.032335
1.666909
0.465488
0.966931
0.034087
0.029658
0.047808
0.032883
1.684206
--STOP--
++STRT++
0.457781
0.959923
0.033519
0.029096
0.047806
0.032309
1.675109
0.464054
0.968068
0.034120
0.029769
0.047868
0.032637
1.684576
--STOP--
++STRT++
0.457848
0.960953
0.033602
0.029106
0.047973
0.032244
1.663271
0.463756
0.969130
0.033857
0.029635
0.048191
0.032781
1.693977
--STOP--
++STRT++
0.457970
0.959893
0.033500
0.029091
0.047737
0.032290
1.672676
0.465207
0.967285
0.033858
0.029672
0.048050
0.032600
1.689749
--STOP--
++STRT++
0.457815
0.960428
0.033937
0.029106
0.047760
0.032292
1.673301
0.466855
0.970693
0.034201
0.029759
0.048015
0.032771
1.683014
--STOP--
++STRT++
0.458281
0.961135
0.033547
0.029183
0.047783
0.032332
1.671912
0.464245
0.968216
0.033969
0.029653
0.047992
0.033690
1.693309
--STOP--
++STRT++
0.458164
0.960423
0.033568
0.029087
0.047726
0.032453
1.664999
0.464833
0.967184
0.033940
0.029664
0.047869
0.032632
1.681965
--STOP--
++STRT++
0.458411
0.961839
0.033545
0.029099
0.047656
0.032352
1.675103
0.464585
0.967119
0.034083
0.029860
0.047914
0.032574
1.682554
--STOP--
++STRT++
0.458545
0.960866
0.033855
0.029101
0.047737
0.032538
1.665649
0.463739
0.969253
0.034066
0.029645
0.047894
0.032600
1.690307
--STOP--
++STRT++
0.458981
0.959923
0.033519
0.029188
0.047737
0.032268
1.675152
0.463369
0.969734
0.033846
0.029636
0.047829
0.032590
1.690707
--STOP--
++STRT++
0.461833
0.961021
0.033502
0.029188
0.047715
0.032473
1.673854
0.464984
0.967647
0.033846
0.029998
0.047870
0.032732
1.681942
--STOP--
++STRT++
0.457285
0.960076
0.033560
0.029105
0.047714
0.032464
1.665028
0.463667
0.967394
0.034145
0.029608
0.047922
0.032834
1.684559
--STOP--
++STRT++
0.458970
0.960527
0.033664
0.029341
0.047739
0.032217
1.668963
0.465610
0.968884
0.034074
0.029676
0.047861
0.032721
1.692343
--STOP--
++STRT++
0.458428
0.960872
0.033674
0.029160
0.047680
0.032320
1.672358
0.464607
0.968663
0.033857
0.029631
0.047910
0.032692
1.694062
--STOP--
++STRT++
0.457933
0.960090
0.033494
0.029095
0.047758
0.032524
1.669974
0.465430
0.967266
0.033910
0.029644
0.048108
0.033025
1.693321
--STOP--
++STRT++
0.458117
0.960421
0.033697
0.029102
0.047896
0.032587
1.664792
0.464771
0.969033
0.033970
0.029653
0.048016
0.032768
1.690932
--STOP--
++STRT++
0.458450
0.961522
0.033560
0.029107
0.047793
0.032347
1.673141
0.464637
0.967286
0.033813
0.029761
0.048161
0.032600
1.691111
--STOP--
++STRT++
0.458789
0.960981
0.033512
0.029647
0.047843
0.032325
1.671203
0.465675
0.968605
0.033827
0.029752
0.047903
0.032605
1.693967
--STOP--
++STRT++
0.458081
0.959580
0.033462
0.029098
0.047695
0.032271
1.667816
0.463405
0.968369
0.034137
0.029647
0.047804
0.033108
1.678441
--STOP--
++STRT++
0.457573
0.959965
0.033534
0.029102
0.047700
0.032269
1.673759
0.466449
0.967352
0.033863
0.029630
0.047822
0.032558
1.693770
--STOP--
++STRT++
0.457810
0.959911
0.033565
0.029111
0.047668
0.032339
1.670877
0.467771
0.967388
0.034239
0.029730
0.047845
0.032646
1.681857
--STOP--
++STRT++
0.458260
0.961055
0.033531
0.029091
0.048034
0.032289
1.668068
0.464346
0.969160
0.034188
0.029776
0.047868
0.032599
1.688005
--STOP--
++STRT++
0.457892
0.959894
0.033540
0.029110
0.047713
0.032534
1.664163
0.463585
0.967309
0.033969
0.029626
0.047873
0.032596
1.688870
--STOP--
++STRT++
0.457564
0.960656
0.033597
0.029111
0.047854
0.032367
1.667229
0.464474
0.968703
0.033935
0.029730
0.047948
0.032646
1.692719
--STOP--
++STRT++
0.458246
0.960799
0.033704
0.029102
0.047737
0.032440
1.668520
0.465351
0.968149
0.034157
0.029640
0.048135
0.032557
1.689972
--STOP--
++STRT++
0.459132
0.960970
0.033531
0.029099
0.047749
0.032262
1.670012
0.463930
0.966702
0.034284
0.029633
0.047829
0.032678
1.668723
--STOP--
++STRT++
0.459446
0.959555
0.033527
0.029189
0.047967
0.032307
1.675828
0.463735
0.967399
0.033894
0.029626
0.047884
0.032587
1.687466
--STOP--
++STRT++
0.457520
0.960234
0.033568
0.029094
0.047717
0.032360
1.660427
0.464195
0.966639
0.033835
0.029652
0.047897
0.032631
1.685650
--STOP--
++STRT++
0.457783
0.960276
0.033481
0.029115
0.047947
0.032377
1.672033
0.465007
0.968152
0.033890
0.029657
0.048123
0.032579
1.691390
--STOP--
++STRT++
0.458686
0.959490
0.033855
0.029047
0.047821
0.032405
1.666089
0.463294
0.969885
0.033850
0.029647
0.047872
0.032577
1.688764
--STOP--
++STRT++
0.457789
0.961700
0.033662
0.029200
0.047673
0.032428
1.669412
0.464552
0.967974
0.033837
0.029655
0.047865
0.032680
1.689675
--STOP--
++STRT++
0.458237
0.960592
0.033582
0.029104
0.047721
0.032371
1.662894
0.466935
0.969774
0.034061
0.029624
0.048310
0.032650
1.691534
--STOP--
++STRT++
0.457977
0.972296
0.033484
0.029381
0.047846
0.032256
1.668978
0.463553
0.967786
0.034187
0.029631
0.047885
0.032616
1.697999
--STOP--
++STRT++
0.459544
0.963652
0.033636
0.029160
0.047941
0.032330
1.665301
0.464063
0.968226
0.033854
0.029640
0.047803
0.032820
1.691150
--STOP--
++STRT++
0.457938
0.961228
0.033665
0.029099
0.047767
0.032289
1.667651
0.464390
0.967044
0.033813
0.029642
0.047890
0.032680
1.689642
--STOP--
++STRT++
0.459165
0.962418
0.033559
0.029174
0.047861
0.032246
1.672751
0.464986
0.967548
0.033819
0.029636
0.047880
0.032797
1.667251
--STOP--
++STRT++
0.457835
0.959354
0.033492
0.029252
0.047762
0.032318
1.666530
0.464992
0.968696
0.033876
0.029743
0.047977
0.032721
1.681930
--STOP--
++STRT++
0.460724
0.961044
0.033624
0.029041
0.047987
0.032503
1.655569
0.464893
0.968063
0.033787
0.029677
0.048134
0.032562
1.693771
--STOP--
++STRT++
0.458753
0.962940
0.033565
0.029179
0.047678
0.032575
1.664587
0.464780
0.968309
0.034006
0.029745
0.047910
0.032952
1.689219
--STOP--
++STRT++
0.458834
0.961524
0.033466
0.029114
0.047705
0.032289
1.665376
0.464797
0.970818
0.033935
0.029721
0.048031
0.032923
1.684999
--STOP--
++STRT++
0.458750
0.961367
0.033564
0.029088
0.047745
0.032272
1.672556
0.464936
0.967869
0.034041
0.029746
0.048007
0.032606
1.683506
--STOP--
++STRT++
0.458792
0.962826
0.033620
0.029089
0.047827
0.032346
1.674695
0.466394
0.968082
0.033928
0.029844
0.047918
0.033100
1.688195
--STOP--
++STRT++
0.458122
0.960930
0.034200
0.029108
0.047614
0.032526
1.668955
0.465360
0.967357
0.034380
0.029614
0.048360
0.032571
1.692502
--STOP--
++STRT++
0.458331
0.960800
0.033587
0.029080
0.048086
0.032587
1.657779
0.465226
0.967945
0.033945
0.029604
0.047753
0.032792
1.682279
--STOP--
++STRT++
0.460442
0.961269
0.033588
0.029090
0.047788
0.032304
1.674767
0.465392
0.967429
0.034113
0.029666
0.047819
0.032656
1.666923
--STOP--
++STRT++
0.457651
0.963328
0.033680
0.029277
0.048067
0.032411
1.666472
0.464675
0.967546
0.033928
0.029689
0.048057
0.032640
1.686762
--STOP--
++STRT++
0.460736
0.959030
0.033510
0.029251
0.047722
0.032347
1.651748
0.464154
0.970547
0.034945
0.029648
0.047834
0.032637
1.683043
--STOP--
++STRT++
0.458278
0.960548
0.033531
0.029096
0.047716
0.032334
1.666814
0.464130
0.968186
0.033839
0.029644
0.047835
0.032569
1.696559
--STOP--
++STRT++
0.457596
0.962386
0.033484
0.029095
0.047939
0.032563
1.687135
0.465791
0.971589
0.033868
0.029631
0.048062
0.032718
1.692999
--STOP--
++STRT++
0.457789
0.959609
0.033547
0.029305
0.047837
0.032632
1.673063
0.464848
0.969196
0.033880
0.029633
0.047907
0.032996
1.684367
--STOP--
++STRT++
0.459377
0.960272
0.034008
0.029108
0.047740
0.032296
1.664695
0.464284
0.968263
0.034031
0.029664
0.047785
0.032624
1.686110
--STOP--
++STRT++
0.457970
0.961199
0.033633
0.029127
0.047705
0.032214
1.673765
0.465219
0.965154
0.033964
0.029649
0.047841
0.032594
1.691840
--STOP--
++STRT++
0.458636
0.961517
0.033511
0.029133
0.047664
0.032360
1.665875
0.464183
0.969088
0.033833
0.029644
0.047832
0.032626
1.685276
--STOP--
++STRT++
0.460132
0.959773
0.033829
0.029215
0.047660
0.032298
1.672292
0.464315
0.966503
0.034207
0.029637
0.048089
0.032931
1.684504
--STOP--
++STRT++
0.458396
0.960130
0.033596
0.029082
0.047697
0.032434
1.677510
0.464412
0.967021
0.033950
0.029660
0.047869
0.032615
1.683480
--STOP--
++STRT++
0.458010
0.960424
0.033496
0.029615
0.047962
0.032291
1.667451
0.464969
0.967050
0.033851
0.029647
0.049401
0.032648
1.683229
--STOP--
++STRT++
0.458364
0.959565
0.033510
0.029282
0.047913
0.032296
1.647836
0.464003
0.967304
0.033900
0.029705
0.048112
0.032662
1.688428
--STOP--
++STRT++
0.458917
0.960168
0.033503
0.029050
0.047744
0.032442
1.671042
0.464779
0.967470
0.034981
0.029994
0.048143
0.032636
1.688745
--STOP--
++STRT++
0.458385
0.959845
0.033539
0.029094
0.047929
0.032294
1.664703
0.464200
0.968339
0.034013
0.029642
0.048183
0.032544
1.689584
--STOP--
++STRT++
0.457991
0.961209
0.033512
0.029271
0.047968
0.032331
1.666647
0.463900
0.968013
0.033887
0.029957
0.047882
0.032763
1.674043
--STOP--
++STRT++
0.460212
0.959715
0.033483
0.029103
0.047865
0.032362
1.671824
0.464313
0.967818
0.033907
0.029676
0.047932
0.032624
1.691423
--STOP--
++STRT++
0.458865
0.960007
0.033708
0.029108
0.047721
0.032319
1.668283
0.464014
0.967211
0.033954
0.029622
0.047808
0.032656
1.690105
--STOP--
++STRT++
0.458614
0.961687
0.033684
0.029204
0.048116
0.032211
1.675725
0.464052
0.968100
0.033856
0.029765
0.047929
0.032884
1.679831
--STOP--
++STRT++
0.458724
0.959777
0.033606
0.029181
0.047770
0.032537
1.666394
0.464139
0.968861
0.033824
0.029636
0.047923
0.032823
1.688043
--STOP--
++STRT++
0.458423
0.960684
0.033487
0.029098
0.047807
0.032242
1.670637
0.463971
0.967715
0.033967
0.029638
0.047822
0.032721
1.689889
--STOP--
++STRT++
0.457487
0.959541
0.033501
0.029120
0.047670
0.032423
1.671458
0.464805
0.967217
0.033839
0.029617
0.048116
0.032621
1.684271
--STOP--
++STRT++
0.458332
0.963217
0.033550
0.029102
0.047646
0.032306
1.665149
0.464731
0.969130
0.033986
0.029812
0.047826
0.032604
1.682843
--STOP--
++STRT++
0.458633
0.960236
0.033555
0.029187
0.047791
0.032484
1.667821
0.464032
0.968317
0.033868
0.029653
0.048088
0.032830
1.689063
--STOP--
++STRT++
0.458823
0.960965
0.033516
0.029222
0.047682
0.032355
1.663557
0.464335
0.966516
0.033826
0.029652
0.048080
0.032716
1.682515
--STOP--
++STRT++
0.458386
0.963737
0.033682
0.029104
0.048104
0.032314
1.643287
0.464183
0.967958
0.033833
0.029722
0.047877
0.032615
1.681338
--STOP--
++STRT++
0.458272
0.960257
0.033571
0.029096
0.047909
0.032307
1.674726
0.463566
0.968315
0.033840
0.029858
0.047867
0.032582
1.694649
--STOP--
++STRT++
0.458271
0.962047
0.033579
0.029265
0.047777
0.032289
1.663315
0.465430
0.968139
0.034325
0.029829
0.047886
0.033311
1.692107
--STOP--
++STRT++
0.457636
0.960416
0.033556
0.029183
0.047990
0.032540
1.666491
0.464913
0.967569
0.034203
0.029843
0.047828
0.032637
1.692342
--STOP--
++STRT++
0.458425
0.960578
0.033607
0.029293
0.047967
0.032229
1.675566
0.463531
0.969156
0.033827
0.029645
0.047958
0.032709
1.682018
--STOP--
++STRT++
0.459125
0.960826
0.033519
0.029196
0.047700
0.032295
1.672269
0.465106
0.969367
0.033810
0.029685
0.048198
0.032605
1.683833
--STOP--
++STRT++
0.458982
0.961091
0.033914
0.029087
0.047865
0.032594
1.656097
0.464222
0.968191
0.033944
0.029753
0.047928
0.032782
1.695491
--STOP--
++STRT++
0.458947
0.960671
0.033456
0.029104
0.047716
0.032294
1.674131
0.464552
0.973079
0.034369
0.029846
0.048147
0.032557
1.694927
--STOP--
++STRT++
0.458672
0.959928
0.033557
0.029211
0.047979
0.032458
1.676498
0.464080
0.967993
0.033896
0.029747
0.047896
0.032550
1.683372
--STOP--
++STRT++
0.458692
0.960940
0.033594
0.029082
0.047847
0.032271
1.642248
0.464912
0.966912
0.033903
0.029690
0.047920
0.032973
1.689753
--STOP--
++STRT++
0.457809
0.959959
0.033479
0.029274
0.047895
0.032371
1.668389
0.464932
0.970116
0.033926
0.029635
0.047899
0.032640
1.690592
--STOP--
++STRT++
0.458133
0.963756
0.033514
0.029144
0.047947
0.032305
1.665938
0.464153
0.969440
0.033821
0.029803
0.047932
0.032668
1.686671
--STOP--
++STRT++
0.459037
0.961587
0.033522
0.029103
0.047756
0.033162
1.668615
0.464518
0.971732
0.033845
0.029657
0.048110
0.032607
1.692414
--STOP--
++STRT++
0.459133
0.960638
0.033536
0.029107
0.047767
0.032301
1.666553
0.466761
0.966857
0.033829
0.029713
0.048092
0.032562
1.693619
--STOP--
++STRT++
0.458003
0.961897
0.033722
0.029104
0.047978
0.032394
1.672036
0.464581
0.968410
0.033905
0.029657
0.048054
0.032609
1.685907
--STOP--
++STRT++
0.458478
0.959663
0.033638
0.029204
0.047771
0.032524
1.672220
0.463805
0.969030
0.033802
0.029633
0.047988
0.032978
1.685074
--STOP--
++STRT++
0.458528
0.961684
0.033782
0.029103
0.047730
0.032421
1.673149
0.465027
0.969067
0.033797
0.029663
0.048191
0.032584
1.683820
--STOP--
++STRT++
0.457456
0.961359
0.033541
0.029166
0.047806
0.032344
1.660021
0.464764
0.967549
0.034156
0.029645
0.048313
0.032601
1.689981
--STOP--
++STRT++
0.458212
0.959588
0.033532
0.029098
0.047726
0.032270
1.672931
0.464198
0.970348
0.033813
0.029635
0.047811
0.032955
1.685072
--STOP--
++STRT++
0.458513
0.960600
0.033702
0.029094
0.047728
0.032358
1.648904
0.464676
0.967421
0.033891
0.029667
0.048107
0.032576
1.688701
--STOP--
++STRT++
0.458318
0.962764
0.033863
0.029114
0.047707
0.032428
1.672656
0.465067
0.966861
0.033901
0.029629
0.047822
0.032857
1.691429
--STOP--
++STRT++
0.457888
0.960873
0.033502
0.029094
0.047981
0.032314
1.667742
0.463777
0.968397
0.033851
0.029629
0.048066
0.032602
1.680947
--STOP--
++STRT++
0.458316
0.960180
0.033487
0.029069
0.047919
0.032306
1.673074
0.464339
0.967056
0.033940
0.029639
0.047796
0.032610
1.685911
--STOP--
++STRT++
0.457944
0.960468
0.033464
0.029110
0.047938
0.032290
1.669576
0.464509
0.967812
0.033882
0.029774
0.047810
0.032670
1.685284
--STOP--
++STRT++
0.458083
0.962035
0.033640
0.029099
0.047843
0.032530
1.652991
0.465392
0.967594
0.033939
0.029666
0.047891
0.032652
1.684710
--STOP--
++STRT++
0.457895
0.960891
0.033562
0.029093
0.047836
0.032340
1.664155
0.464804
0.971976
0.034027
0.029643
0.047886
0.032651
1.684630
--STOP--
++STRT++
0.457884
0.960595
0.033717
0.029097
0.047797
0.032299
1.669640
0.464223
0.967306
0.033882
0.029655
0.047799
0.032630
1.681179
--STOP--
++STRT++
0.457329
0.961489
0.033484
0.029096
0.047688
0.032619
1.672127
0.464607
0.967182
0.033969
0.029623
0.047866
0.032596
1.684514
--STOP--
++STRT++
0.458195
0.961300
0.033736
0.029155
0.047681
0.032337
1.666158
0.464363
0.967918
0.034038
0.029646
0.047876
0.032874
1.688451
--STOP--
++STRT++
0.458916
0.960649
0.033514
0.029290
0.047749
0.032357
1.656002
0.465180
0.968134
0.033814
0.029645
0.047851
0.032668
1.683271
--STOP--
++STRT++
0.458344
0.961045
0.033566
0.029099
0.047729
0.032400
1.664406
0.463998
0.967504
0.034216
0.029623
0.048012
0.032685
1.689897
--STOP--
++STRT++
0.457720
0.961306
0.033512
0.029114
0.047880
0.032285
1.675630
0.464140
0.968440
0.033854
0.029733
0.047852
0.032678
1.684699
--STOP--
++STRT++
0.457712
0.959247
0.033644
0.029140
0.047759
0.032317
1.677661
0.464104
0.968739
0.033831
0.029622
0.048015
0.032831
1.683607
--STOP--
++STRT++
0.457931
0.960303
0.033581
0.029243
0.047744
0.032240
1.670048
0.464270
0.967998
0.034075
0.029822
0.048224
0.032604
1.684275
--STOP--
++STRT++
0.457507
0.961887
0.033602
0.029080
0.047736
0.032463
1.652548
0.464504
0.967100
0.033918
0.029865
0.048052
0.032565
1.693627
--STOP--
++STRT++
0.458395
0.960128
0.034552
0.029295
0.047793
0.032420
1.672171
0.464139
0.968338
0.034000
0.029591
0.047912
0.032772
1.666603
--STOP--
++STRT++
0.459411
0.959213
0.033642
0.029172
0.047729
0.032255
1.663553
0.465151
0.968103
0.033833
0.030123
0.047913
0.032653
1.689391
--STOP--
++STRT++
0.457579
0.961072
0.033507
0.029116
0.047968
0.032389
1.663273
0.464625
0.966308
0.033928
0.029714
0.047911
0.032607
1.682530
--STOP--
++STRT++
0.457541
0.960807
0.033502
0.029105
0.047726
0.032268
1.675436
0.463879
0.967670
0.033885
0.029632
0.047879
0.033378
1.688533
--STOP--
++STRT++
0.457933
0.959894
0.033547
0.029135
0.047761
0.032334
1.674989
0.463837
0.967511
0.033830
0.029718
0.047922
0.032912
1.679989
--STOP--
++STRT++
0.458054
0.960404
0.033690
0.029366
0.047730
0.032268
1.633602
0.465007
0.966510
0.034026
0.029648
0.048033
0.032576
1.690981
--STOP--
++STRT++
0.457649
0.963508
0.033644
0.029094
0.047798
0.032245
1.670143
0.464168
0.967469
0.034060
0.029654
0.047902
0.032634
1.689873
--STOP--
++STRT++
0.457755
0.959902
0.033550
0.029173
0.047866
0.032344
1.672895
0.464688
0.969472
0.033914
0.029841
0.048072
0.032676
1.683008
--STOP--
++STRT++
0.458027
0.960377
0.033567
0.029115
0.047693
0.032248
1.673249
0.464710
0.967165
0.033817
0.029676
0.047929
0.032984
1.685327
--STOP--
++STRT++
0.458550
0.963263
0.033542
0.029100
0.047789
0.032452
1.675980
0.464784
0.966669
0.033847
0.029636
0.047829
0.032626
1.683694
--STOP--
++STRT++
0.459018
0.962055
0.033557
0.029227
0.047905
0.032439
1.672524
0.464177
0.967611
0.033862
0.029731
0.047868
0.032796
1.688509
--STOP--
++STRT++
0.458541
0.959923
0.033874
0.029294
0.047999
0.032451
1.666687
0.465015
0.966246
0.034038
0.029645
0.047870
0.032827
1.683034
--STOP--
++STRT++
0.458946
0.960911
0.033540
0.029097
0.047659
0.032355
1.637012
0.464373
0.967274
0.033888
0.029662
0.047862
0.032588
1.691703
--STOP--
++STRT++
0.457960
0.961316
0.033686
0.029263
0.047742
0.032475
1.672757
0.464229
0.967695
0.033795
0.029729
0.047792
0.033200
1.664461
--STOP--
++STRT++
0.458816
0.960070
0.033669
0.029103
0.047957
0.032349
1.663487
0.464433
0.968447
0.033853
0.029646
0.047872
0.032686
1.682299
--STOP--
++STRT++
0.458487
0.960471
0.033518
0.029109
0.049452
0.032283
1.672282
0.464226
0.965653
0.033824
0.029629
0.048218
0.032660
1.688231
--STOP--
++STRT++
0.458643
0.960595
0.033535
0.029209
0.047686
0.032392
1.670063
0.465044
0.965583
0.033855
0.029626
0.047808
0.032683
1.682692
--STOP--
++STRT++
0.458183
0.961486
0.033760
0.029295
0.047839
0.032304
1.664505
0.464468
0.967258
0.038145
0.029630
0.047900
0.032609
1.691224
--STOP--
++STRT++
0.458766
0.964615
0.033659
0.029195
0.047865
0.032325
1.667533
0.464695
0.968943
0.033870
0.029639
0.048254
0.032798
1.686623
--STOP--
++STRT++
0.458445
0.961851
0.033726
0.029213
0.047670
0.032445
1.670563
0.464961
0.968212
0.033899
0.029648
0.048164
0.032738
1.691754
--STOP--
++STRT++
0.457362
0.961764
0.033519
0.029095
0.047977
0.032437
1.665270
0.464609
0.967831
0.034250
0.029630
0.048496
0.032536
1.681158
--STOP--
++STRT++
0.459192
0.959623
0.033796
0.029096
0.047935
0.032377
1.659408
0.464674
0.966748
0.033819
0.029617
0.048088
0.032683
1.682701
--STOP--
++STRT++
0.457790
0.959113
0.033594
0.029100
0.047696
0.032485
1.667580
0.464690
0.967086
0.033899
0.029650
0.048082
0.032644
1.687425
--STOP--
++STRT++
0.457621
0.961339
0.033725
0.029096
0.047856
0.032303
1.672630
0.464351
0.967631
0.033916
0.029630
0.048228
0.032830
1.683090
--STOP--
++STRT++
0.458660
0.960683
0.033766
0.029208
0.047918
0.032247
1.667406
0.464139
0.969493
0.033869
0.029654
0.047875
0.032698
1.692165
--STOP--
++STRT++
0.457709
0.960211
0.033549
0.029374
0.047853
0.032271
1.675297
0.464228
0.966743
0.033850
0.029927
0.047802
0.032937
1.676677
--STOP--
++STRT++
0.457900
0.961815
0.033531
0.029086
0.047744
0.032302
1.661356
0.464622
0.967967
0.033864
0.030143
0.048112
0.032526
1.692251
--STOP--
++STRT++
0.458718
0.965363
0.033790
0.029127
0.047750
0.032464
1.667122
0.463110
0.966962
0.034164
0.029606
0.048239
0.032543
1.681459
--STOP--
++STRT++
0.458419
0.961631
0.033571
0.029198
0.047884
0.032336
1.669356
0.464671
0.968015
0.034005
0.029639
0.047912
0.032650
1.692012
--STOP--
++STRT++
0.457786
0.960199
0.033492
0.029185
0.047742
0.032307
1.658195
0.463661
0.967866
0.033833
0.029650
0.047824
0.032620
1.690864
--STOP--
++STRT++
0.458831
0.961174
0.033696
0.029097
0.047767
0.032320
1.674582
0.464359
0.966696
0.034066
0.029749
0.048384
0.032644
1.675507
--STOP--
++STRT++
0.457908
0.958411
0.033534
0.029104
0.047846
0.032469
1.673656
0.464680
0.967783
0.033914
0.029656
0.047725
0.032764
1.685507
--STOP--
++STRT++
0.457542
0.959711
0.033718
0.029136
0.047685
0.032273
1.650672
0.464773
0.968085
0.033974
0.030234
0.048134
0.032709
1.684766
--STOP--
++STRT++
0.458178
0.961536
0.033945
0.029267
0.047721
0.032495
1.674539
0.465923
0.967623
0.033913
0.029667
0.048039
0.032869
1.684332
--STOP--
++STRT++
0.457876
0.961440
0.033525
0.029087
0.047683
0.032389
1.672445
0.464311
0.969921
0.033892
0.029619
0.047849
0.032584
1.692912
--STOP--
++STRT++
0.458556
0.960533
0.033692
0.029102
0.047678
0.032501
1.672063
0.464460
0.968439
0.033880
0.029633
0.048088
0.032723
1.691348
--STOP--
++STRT++
0.459572
0.961232
0.033563
0.029120
0.048753
0.032333
1.671151
0.464915
0.968013
0.033872
0.029877
0.047926
0.032595
1.691792
--STOP--
++STRT++
0.457622
0.961613
0.033549
0.029407
0.047751
0.032348
1.672595
0.471205
0.968970
0.033856
0.029659
0.047868
0.032613
1.682791
--STOP--
++STRT++
0.457814
0.961058
0.033848
0.029081
0.048156
0.032336
1.653830
0.463871
0.968221
0.033929
0.029659
0.047791
0.032671
1.688456
--STOP--
++STRT++
0.458332
0.959069
0.033770
0.029224
0.047716
0.032349
1.674130
0.465592
0.967423
0.033922
0.029801
0.048452
0.032627
1.684257
--STOP--
++STRT++
0.457432
0.961565
0.033573
0.029112
0.047701
0.032351
1.666331
0.465128
0.966416
0.034076
0.029611
0.047855
0.032649
1.686951
--STOP--
++STRT++
0.459248
0.961679
0.033709
0.029121
0.047804
0.032278
1.653373
0.464928
0.967858
0.033868
0.029643
0.047935
0.032818
1.680707
--STOP--
++STRT++
