++STRT++
0.042093
0.117617
0.008167
0.007300
0.011775
0.007799
0.193562
0.042617
0.116603
0.008239
0.007367
0.011754
0.007768
0.193323
--STOP--
++STRT++
0.042542
0.116884
0.008151
0.007277
0.011972
0.007809
0.193669
0.041810
0.116929
0.008112
0.007612
0.011748
0.007833
0.194161
--STOP--
++STRT++
0.042094
0.117178
0.008144
0.007280
0.011714
0.007799
0.193525
0.041939
0.117445
0.008186
0.007387
0.011763
0.007852
0.193555
--STOP--
++STRT++
0.041675
0.116685
0.008141
0.007282
0.011706
0.007808
0.192792
0.042329
0.116877
0.008291
0.007367
0.011735
0.007829
0.194120
--STOP--
++STRT++
0.042278
0.117382
0.008154
0.007293
0.011719
0.007801
0.193478
0.042135
0.117186
0.008199
0.007296
0.011743
0.007832
0.194881
--STOP--
++STRT++
0.041894
0.116709
0.008167
0.007264
0.011715
0.007797
0.193936
0.042444
0.116667
0.008184
0.007298
0.011729
0.007821
0.194328
--STOP--
++STRT++
0.042033
0.116732
0.008156
0.007222
0.011719
0.007827
0.193387
0.041705
0.117774
0.008195
0.007364
0.011774
0.007776
0.193170
--STOP--
++STRT++
0.042329
0.116804
0.008144
0.007294
0.011719
0.007784
0.194341
0.042263
0.116903
0.008113
0.007361
0.011746
0.007828
0.194059
--STOP--
++STRT++
0.043356
0.117382
0.008165
0.007515
0.011737
0.007843
0.194498
0.041929
0.117439
0.008178
0.007375
0.012017
0.007861
0.195653
--STOP--
++STRT++
0.042077
0.116657
0.008170
0.007341
0.011757
0.007762
0.193884
0.042575
0.117041
0.008183
0.007303
0.011816
0.007830
0.194215
--STOP--
++STRT++
0.042675
0.116963
0.008216
0.007228
0.011744
0.007806
0.193516
0.041915
0.117453
0.008181
0.007389
0.011741
0.007778
0.193329
--STOP--
++STRT++
0.041658
0.116608
0.008160
0.007293
0.011705
0.007827
0.194676
0.042235
0.117014
0.008184
0.007311
0.011731
0.007862
0.194166
--STOP--
++STRT++
0.042356
0.117001
0.008203
0.007215
0.011721
0.007846
0.195125
0.041792
0.116973
0.008196
0.007436
0.011733
0.007792
0.194507
--STOP--
++STRT++
0.042377
0.116674
0.008186
0.007265
0.011716
0.007787
0.193974
0.042184
0.117322
0.008155
0.007361
0.011780
0.007760
0.194634
--STOP--
++STRT++
0.041683
0.116997
0.008155
0.007280
0.012020
0.007828
0.194725
0.042087
0.116789
0.008175
0.007433
0.011728
0.007787
0.193746
--STOP--
++STRT++
0.041711
0.117020
0.008160
0.007222
0.011720
0.007815
0.193664
0.042773
0.116894
0.008193
0.007367
0.011735
0.008128
0.194000
--STOP--
++STRT++
0.041446
0.116986
0.008151
0.007279
0.011774
0.007743
0.194080
0.041928
0.116684
0.008268
0.007375
0.011759
0.007839
0.194250
--STOP--
++STRT++
0.041883
0.116354
0.008164
0.007276
0.011711
0.007846
0.193886
0.042014
0.117355
0.008115
0.007391
0.011726
0.007830
0.194430
--STOP--
++STRT++
0.041924
0.116737
0.008215
0.007261
0.011774
0.007795
0.193544
0.042830
0.116770
0.008169
0.007460
0.011793
0.007877
0.193946
--STOP--
++STRT++
0.041858
0.117024
0.008098
0.007276
0.011746
0.007885
0.193292
0.041951
0.116984
0.008195
0.007373
0.011739
0.007784
0.194641
--STOP--
++STRT++
0.041841
0.116853
0.008208
0.007288
0.011713
0.007791
0.193520
0.042023
0.116994
0.008203
0.007304
0.011738
0.007836
0.194522
--STOP--
++STRT++
0.043460
0.116803
0.008160
0.007213
0.011722
0.007806
0.195294
0.041807
0.117162
0.008111
0.007357
0.011732
0.007860
0.194417
--STOP--
++STRT++
0.042747
0.116457
0.008090
0.007322
0.011715
0.007800
0.193128
0.042356
0.116737
0.008192
0.007307
0.011742
0.007814
0.194021
--STOP--
++STRT++
0.041574
0.116619
0.008153
0.007270
0.011712
0.007811
0.194290
0.042830
0.117755
0.008203
0.007499
0.011732
0.007769
0.194207
--STOP--
++STRT++
0.042469
0.117007
0.008173
0.008458
0.011822
0.007749
0.193258
0.041769
0.116751
0.008111
0.007431
0.011744
0.007833
0.194175
--STOP--
++STRT++
0.041766
0.116773
0.008100
0.007264
0.011744
0.007736
0.193526
0.041976
0.116886
0.008177
0.007350
0.011730
0.007957
0.194358
--STOP--
++STRT++
0.041764
0.117348
0.008159
0.007271
0.011719
0.007810
0.193747
0.042119
0.116700
0.008184
0.007370
0.011721
0.007823
0.193982
--STOP--
++STRT++
0.042177
0.117337
0.008168
0.007219
0.011732
0.007844
0.193758
0.041988
0.116601
0.008176
0.007354
0.011821
0.007793
0.193784
--STOP--
++STRT++
0.042062
0.117164
0.008167
0.007286
0.011765
0.007741
0.193876
0.042340
0.117184
0.008185
0.007322
0.011726
0.007847
0.194608
--STOP--
++STRT++
0.042330
0.117297
0.008156
0.007277
0.011720
0.007801
0.193962
0.041586
0.116742
0.008287
0.007375
0.011719
0.007772
0.194269
--STOP--
++STRT++
0.041941
0.116922
0.008164
0.007228
0.011732
0.007866
0.193947
0.042504
0.118001
0.008193
0.007464
0.011734
0.007849
0.194271
--STOP--
++STRT++
0.041685
0.116470
0.008380
0.007282
0.011717
0.007751
0.193809
0.043523
0.117070
0.008197
0.007312
0.011850
0.007833
0.193039
--STOP--
++STRT++
0.042541
0.116999
0.008169
0.007217
0.011720
0.007792
0.194240
0.041794
0.117555
0.008189
0.007379
0.011723
0.007876
0.194090
--STOP--
++STRT++
0.041566
0.116925
0.008174
0.007218
0.011768
0.007867
0.193154
0.042197
0.118360
0.008180
0.007374
0.011790
0.007845
0.193539
--STOP--
++STRT++
0.042587
0.117017
0.008171
0.007261
0.011728
0.007749
0.193171
0.041969
0.116603
0.008195
0.007354
0.011735
0.007852
0.193664
--STOP--
++STRT++
0.042790
0.116923
0.008160
0.007232
0.011732
0.007806
0.194077
0.042255
0.116990
0.008193
0.007364
0.011770
0.007858
0.194633
--STOP--
++STRT++
0.041720
0.116942
0.008145
0.007295
0.011730
0.007894
0.193611
0.042519
0.117211
0.008125
0.007371
0.011879
0.007858
0.196912
--STOP--
++STRT++
0.042273
0.117460
0.008178
0.007291
0.011720
0.008405
0.193645
0.041791
0.116626
0.008169
0.007302
0.011732
0.007826
0.194563
--STOP--
++STRT++
0.041550
0.116563
0.008165
0.007216
0.011721
0.007796
0.193770
0.042290
0.117108
0.008183
0.007362
0.011743
0.007908
0.194764
--STOP--
++STRT++
0.042141
0.116424
0.008178
0.007215
0.011738
0.007815
0.193615
0.042003
0.117309
0.008185
0.007409
0.011749
0.007950
0.194984
--STOP--
++STRT++
0.042262
0.117226
0.008142
0.007270
0.011753
0.007751
0.193713
0.042170
0.116541
0.008192
0.007366
0.011726
0.007839
0.193544
--STOP--
++STRT++
0.042062
0.116312
0.008116
0.007286
0.011754
0.007791
0.194549
0.041853
0.117365
0.008194
0.007286
0.011734
0.008260
0.194481
--STOP--
++STRT++
0.041910
0.117573
0.008152
0.007217
0.011745
0.007798
0.192967
0.041937
0.117002
0.008175
0.007388
0.011748
0.007767
0.193446
--STOP--
++STRT++
0.041932
0.116861
0.008209
0.007220
0.011714
0.007793
0.194923
0.042150
0.116872
0.008201
0.007313
0.011732
0.007845
0.194286
--STOP--
++STRT++
0.041806
0.117505
0.008171
0.007276
0.011713
0.007800
0.194255
0.042262
0.117013
0.008208
0.007297
0.011714
0.007960
0.194012
--STOP--
++STRT++
0.041932
0.117100
0.008154
0.007283
0.011736
0.007823
0.193121
0.041766
0.116943
0.008188
0.007374
0.011757
0.007803
0.194095
--STOP--
++STRT++
0.041884
0.117079
0.008169
0.007274
0.011717
0.007807
0.193962
0.041901
0.116713
0.008172
0.007379
0.011795
0.007774
0.194502
--STOP--
++STRT++
0.042756
0.116365
0.008157
0.007293
0.011712
0.007752
0.193856
0.041842
0.117316
0.008221
0.007306
0.011751
0.007926
0.194720
--STOP--
++STRT++
0.041722
0.116935
0.008228
0.007255
0.011786
0.007832
0.193271
0.042359
0.116985
0.008158
0.007358
0.011774
0.007770
0.193999
--STOP--
++STRT++
0.042630
0.117314
0.008169
0.007326
0.011755
0.007744
0.193392
0.041799
0.117368
0.008180
0.007296
0.011733
0.007833
0.193777
--STOP--
++STRT++
0.041966
0.118572
0.008158
0.007215
0.011717
0.007808
0.194445
0.041780
0.116803
0.008224
0.007374
0.011750
0.007953
0.193757
--STOP--
++STRT++
0.041624
0.116376
0.008132
0.007288
0.011779
0.007745
0.192810
0.042293
0.117077
0.008196
0.007314
0.011736
0.007865
0.194066
--STOP--
++STRT++
0.042548
0.116685
0.008165
0.007290
0.011724
0.007824
0.193684
0.041681
0.117158
0.008167
0.007434
0.011739
0.007765
0.194308
--STOP--
++STRT++
0.041790
0.117090
0.008154
0.007302
0.011719
0.007817
0.194674
0.042454
0.117055
0.008117
0.007490
0.011743
0.007853
0.194060
--STOP--
++STRT++
0.042473
0.116407
0.008096
0.007270
0.011719
0.007858
0.194762
0.041771
0.116902
0.008183
0.007373
0.011725
0.007769
0.194301
--STOP--
++STRT++
0.042393
0.117060
0.008154
0.007267
0.011936
0.007733
0.192976
0.041811
0.116498
0.008195
0.007354
0.011724
0.007840
0.195847
--STOP--
++STRT++
0.041896
0.116916
0.008160
0.007214
0.011718
0.007865
0.193379
0.042183
0.116444
0.008192
0.007359
0.011771
0.007774
0.194740
--STOP--
++STRT++
0.041949
0.116948
0.008148
0.007277
0.011718
0.007784
0.193570
0.042212
0.117636
0.008125
0.007382
0.011726
0.007823
0.194453
--STOP--
++STRT++
0.041927
0.116799
0.008165
0.007262
0.011718
0.007796
0.194067
0.041756
0.117532
0.008195
0.007393
0.011732
0.007830
0.194423
--STOP--
++STRT++
0.042106
0.117011
0.008158
0.007221
0.011783
0.007835
0.194420
0.042755
0.117238
0.008176
0.007315
0.011735
0.007907
0.194073
--STOP--
++STRT++
0.042624
0.116967
0.008148
0.007215
0.011731
0.007823
0.193754
0.041858
0.116919
0.008185
0.007375
0.011740
0.007861
0.193771
--STOP--
++STRT++
0.041690
0.117168
0.008162
0.007287
0.011720
0.007792
0.192755
0.042304
0.116581
0.008176
0.007387
0.011721
0.007803
0.193383
--STOP--
++STRT++
0.042433
0.116672
0.008158
0.007227
0.011712
0.007793
0.194000
0.042388
0.116857
0.008111
0.007373
0.011741
0.007853
0.194393
--STOP--
++STRT++
0.041502
0.117294
0.008093
0.007288
0.011728
0.007830
0.193175
0.042419
0.117198
0.008215
0.007370
0.011739
0.007783
0.194844
--STOP--
++STRT++
0.042199
0.117253
0.008159
0.007273
0.011723
0.007742
0.193761
0.042096
0.117884
0.008178
0.007304
0.011729
0.007826
0.193946
--STOP--
++STRT++
0.042493
0.117550
0.008156
0.007222
0.011719
0.007807
0.193547
0.042439
0.116908
0.008118
0.007340
0.011750
0.007900
0.195188
--STOP--
++STRT++
0.042495
0.116688
0.008151
0.007268
0.011718
0.007812
0.193747
0.042332
0.117124
0.008155
0.007380
0.011845
0.007845
0.194645
--STOP--
++STRT++
0.041832
0.117133
0.008128
0.007268
0.011743
0.007748
0.193947
0.041730
0.116788
0.008207
0.007365
0.011735
0.007958
0.193864
--STOP--
++STRT++
0.042281
0.116493
0.008153
0.007265
0.011716
0.007825
0.194467
0.042891
0.117731
0.008173
0.007373
0.011728
0.007773
0.193715
--STOP--
++STRT++
0.041805
0.117292
0.008148
0.007216
0.011773
0.007860
0.194525
0.042564
0.117487
0.008122
0.007371
0.011800
0.007863
0.193760
--STOP--
++STRT++
0.042203
0.118286
0.008170
0.007223
0.011783
0.007806
0.193701
0.041968
0.116595
0.008121
0.007406
0.011731
0.007860
0.193416
--STOP--
++STRT++
0.042660
0.116944
0.008151
0.007289
0.011728
0.007802
0.193948
0.042574
0.116871
0.008189
0.007380
0.011731
0.007835
0.194390
--STOP--
++STRT++
0.041939
0.117499
0.008158
0.007219
0.011709
0.007855
0.194046
0.042173
0.116841
0.008185
0.007428
0.011825
0.007851
0.194892
--STOP--
++STRT++
0.041722
0.116764
0.008096
0.007287
0.011848
0.007828
0.193380
0.043096
0.116942
0.008193
0.007300
0.011754
0.007828
0.194785
--STOP--
++STRT++
0.041927
0.117036
0.008135
0.007217
0.011725
0.007809
0.194289
0.042246
0.116576
0.008165
0.007369
0.011732
0.007776
0.194118
--STOP--
++STRT++
0.041947
0.116692
0.008162
0.007268
0.011721
0.007844
0.194317
0.042034
0.117235
0.008186
0.007374
0.011766
0.007834
0.193002
--STOP--
++STRT++
0.042307
0.116612
0.008165
0.007268
0.011769
0.007752
0.193552
0.042699
0.116477
0.008175
0.007347
0.011731
0.007850
0.193662
--STOP--
++STRT++
0.041557
0.116555
0.008164
0.007293
0.011757
0.007750
0.194040
0.042108
0.116832
0.008191
0.007302
0.011747
0.007844
0.193528
--STOP--
++STRT++
0.041959
0.116950
0.008150
0.007258
0.011746
0.007818
0.193114
0.041809
0.116478
0.008244
0.007301
0.011744
0.007827
0.194557
--STOP--
++STRT++
0.042209
0.116718
0.008186
0.007217
0.011722
0.007829
0.193413
0.042905
0.117100
0.008121
0.007364
0.011740
0.007841
0.195617
--STOP--
++STRT++
0.042177
0.116857
0.008172
0.007225
0.011721
0.007944
0.193524
0.042016
0.116416
0.008187
0.007374
0.011774
0.007837
0.194677
--STOP--
++STRT++
0.041980
0.116852
0.008156
0.007334
0.011751
0.007811
0.193078
0.041584
0.117466
0.008171
0.007304
0.011740
0.007824
0.194012
--STOP--
++STRT++
0.042136
0.116989
0.008168
0.007257
0.011766
0.007801
0.194464
0.041903
0.116832
0.008174
0.007378
0.011775
0.007771
0.193899
--STOP--
++STRT++
0.041546
0.116684
0.008097
0.007275
0.011714
0.007808
0.194109
0.042019
0.117447
0.008193
0.007308
0.011772
0.007854
0.194483
--STOP--
++STRT++
0.042755
0.117075
0.008094
0.007273
0.011722
0.007829
0.193433
0.042357
0.116842
0.008186
0.007299
0.011772
0.007828
0.193468
--STOP--
++STRT++
0.042163
0.117197
0.008187
0.007215
0.011724
0.007801
0.193731
0.041730
0.117578
0.008205
0.007369
0.011787
0.007826
0.194163
--STOP--
++STRT++
0.043411
0.117398
0.008145
0.007264
0.011715
0.007814
0.194188
0.042660
0.116669
0.008195
0.007449
0.011761
0.007842
0.193916
--STOP--
++STRT++
0.042591
0.116999
0.008175
0.007276
0.011723
0.007820
0.194025
0.042076
0.116674
0.008165
0.007393
0.011773
0.007863
0.193809
--STOP--
++STRT++
0.042405
0.118448
0.008086
0.007281
0.011716
0.007821
0.194064
0.041770
0.117336
0.008178
0.007438
0.011890
0.007855
0.194012
--STOP--
++STRT++
0.041887
0.117527
0.008149
0.007278
0.011769
0.007763
0.194229
0.042704
0.116513
0.008183
0.007365
0.011730
0.007840
0.193982
--STOP--
++STRT++
0.042274
0.116358
0.008089
0.007286
0.011734
0.007876
0.193282
0.041661
0.116872
0.008215
0.007359
0.011729
0.008089
0.197083
--STOP--
++STRT++
0.041630
0.117016
0.008093
0.007277
0.011739
0.007800
0.193951
0.041717
0.117715
0.008197
0.007309
0.011800
0.007839
0.195143
--STOP--
++STRT++
0.042432
0.116956
0.008176
0.007221
0.011710
0.007799
0.193723
0.041778
0.116988
0.008271
0.007383
0.011747
0.007827
0.194113
--STOP--
++STRT++
0.041916
0.117755
0.008160
0.007218
0.011722
0.007848
0.193177
0.042028
0.117677
0.008169
0.007365
0.011760
0.007772
0.193855
--STOP--
++STRT++
0.041981
0.117006
0.008165
0.007344
0.011720
0.007798
0.193877
0.042239
0.116754
0.008195
0.007375
0.011840
0.007837
0.194911
--STOP--
++STRT++
0.042097
0.117069
0.008099
0.007272
0.011713
0.007810
0.193471
0.041572
0.117755
0.008240
0.007318
0.011743
0.007838
0.194678
--STOP--
++STRT++
0.042269
0.116635
0.008404
0.007211
0.011708
0.007863
0.193729
0.042011
0.117421
0.008192
0.007372
0.011766
0.007831
0.193272
--STOP--
++STRT++
0.042244
0.116568
0.008153
0.007273
0.011707
0.007741
0.194632
0.042243
0.116962
0.008167
0.007316
0.011746
0.007850
0.194186
--STOP--
++STRT++
0.042384
0.116881
0.008164
0.007216
0.011722
0.008048
0.192937
0.042284
0.116743
0.008178
0.007370
0.011767
0.007856
0.194131
--STOP--
++STRT++
0.041550
0.117064
0.008115
0.007280
0.011748
0.007809
0.193058
0.041658
0.116450
0.008120
0.007372
0.011733
0.007841
0.193837
--STOP--
++STRT++
0.041562
0.117274
0.008168
0.007256
0.011718
0.007797
0.193853
0.041843
0.116607
0.008204
0.007562
0.011732
0.007833
0.193760
--STOP--
++STRT++
0.041961
0.117234
0.008174
0.007219
0.011719
0.007805
0.194372
0.042044
0.116894
0.008232
0.007438
0.011769
0.007882
0.194463
--STOP--
++STRT++
0.043024
0.117305
0.008136
0.007272
0.011819
0.007832
0.193841
0.041646
0.116788
0.008177
0.007354
0.011727
0.007912
0.193993
--STOP--
++STRT++
0.041955
0.117747
0.008097
0.007273
0.011717
0.007806
0.193790
0.042168
0.117278
0.008193
0.007318
0.011731
0.007908
0.193139
--STOP--
++STRT++
0.041604
0.116789
0.008159
0.007228
0.011752
0.007806
0.193979
0.042019
0.117405
0.008177
0.007374
0.011762
0.007774
0.194501
--STOP--
++STRT++
0.042663
0.116517
0.008199
0.007264
0.011718
0.007869
0.193533
0.042016
0.116914
0.008171
0.007380
0.011737
0.007848
0.193501
--STOP--
++STRT++
0.042123
0.116737
0.008157
0.007282
0.011779
0.007816
0.194042
0.042986
0.116758
0.008289
0.007301
0.011781
0.007814
0.194621
--STOP--
++STRT++
0.041850
0.116918
0.008146
0.007223
0.011691
0.007852
0.193905
0.042289
0.116984
0.008176
0.007378
0.011720
0.007770
0.194613
--STOP--
++STRT++
0.042503
0.116612
0.008167
0.007277
0.011730
0.007871
0.193154
0.042553
0.116890
0.008178
0.007374
0.011812
0.007849
0.194641
--STOP--
++STRT++
0.042188
0.116605
0.008169
0.007278
0.011714
0.007745
0.193428
0.042779
0.117017
0.008195
0.007394
0.011729
0.007847
0.193335
--STOP--
++STRT++
0.042186
0.117127
0.008097
0.007292
0.011712
0.007815
0.193743
0.041972
0.116615
0.008257
0.007318
0.011725
0.007841
0.195443
--STOP--
++STRT++
0.042141
0.117082
0.008156
0.007220
0.011718
0.007796
0.195308
0.041954
0.117112
0.008174
0.007367
0.011720
0.007770
0.193869
--STOP--
++STRT++
0.041623
0.116458
0.008162
0.007224
0.011734
0.007804
0.193008
0.042331
0.116613
0.008184
0.007559
0.011725
0.007813
0.193822
--STOP--
++STRT++
0.041679
0.116584
0.008147
0.007220
0.011728
0.007801
0.193413
0.042199
0.116366
0.008116
0.007371
0.011721
0.007833
0.193872
--STOP--
++STRT++
0.042000
0.116838
0.008154
0.007279
0.011808
0.007743
0.193611
0.041896
0.116975
0.008172
0.007320
0.011913
0.007853
0.194823
--STOP--
++STRT++
0.042126
0.117088
0.008183
0.007277
0.011711
0.007821
0.193544
0.041830
0.117223
0.008183
0.007367
0.011728
0.007861
0.194080
--STOP--
++STRT++
0.042958
0.117549
0.008091
0.007333
0.011748
0.007745
0.194771
0.041843
0.117987
0.008443
0.007363
0.011820
0.007921
0.194063
--STOP--
++STRT++
0.042385
0.116633
0.008150
0.007266
0.011788
0.007806
0.193477
0.042156
0.117146
0.008105
0.007373
0.011727
0.007815
0.193673
--STOP--
++STRT++
0.041727
0.117185
0.008148
0.007270
0.011850
0.007747
0.193312
0.041676
0.116404
0.008125
0.007370
0.011741
0.007827
0.193357
--STOP--
++STRT++
0.042092
0.117490
0.008151
0.007287
0.011751
0.007745
0.193720
0.043296
0.116865
0.008175
0.007307
0.011728
0.007810
0.194505
--STOP--
++STRT++
0.042813
0.117065
0.008149
0.007223
0.011786
0.007805
0.193279
0.042388
0.117708
0.008226
0.007375
0.011931
0.007832
0.195162
--STOP--
++STRT++
0.041934
0.116910
0.008143
0.007290
0.011801
0.007873
0.193849
0.042234
0.117243
0.008220
0.007305
0.011837
0.007839
0.193830
--STOP--
++STRT++
0.041808
0.116629
0.008095
0.007286
0.011729
0.007805
0.193702
0.042233
0.117101
0.008159
0.007294
0.011735
0.007816
0.194232
--STOP--
++STRT++
0.041754
0.116487
0.008165
0.007271
0.011727
0.007812
0.194117
0.041760
0.117397
0.008174
0.007372
0.011750
0.007893
0.193716
--STOP--
++STRT++
0.041650
0.117142
0.008429
0.007221
0.011714
0.007793
0.194220
0.041591
0.116734
0.008217
0.007438
0.011731
0.007828
0.193673
--STOP--
++STRT++
0.041493
0.116907
0.008166
0.007219
0.011705
0.007798
0.193955
0.042029
0.116375
0.008183
0.007317
0.011723
0.007824
0.194769
--STOP--
++STRT++
0.041752
0.116923
0.008142
0.007227
0.011725
0.007823
0.193434
0.042783
0.116746
0.008196
0.007348
0.011744
0.007895
0.193920
--STOP--
++STRT++
0.043026
0.116649
0.008166
0.007279
0.011894
0.007745
0.192940
0.042841
0.116781
0.008185
0.007356
0.011739
0.007831
0.194899
--STOP--
++STRT++
0.042062
0.117186
0.008167
0.007276
0.011735
0.007805
0.194908
0.042045
0.117428
0.008178
0.007371
0.011768
0.007782
0.194263
--STOP--
++STRT++
0.041913
0.116466
0.008152
0.007232
0.011717
0.007801
0.193406
0.043180
0.117058
0.008156
0.007379
0.011907
0.007845
0.193749
--STOP--
++STRT++
0.042228
0.117248
0.008151
0.007373
0.011709
0.007792
0.194004
0.041737
0.116859
0.008227
0.007433
0.011990
0.007838
0.194406
--STOP--
++STRT++
0.041772
0.117001
0.008094
0.007280
0.011708
0.007804
0.194040
0.042049
0.116713
0.008175
0.007367
0.011721
0.007839
0.192999
--STOP--
++STRT++
0.041868
0.117151
0.008093
0.007571
0.011720
0.007814
0.192976
0.042079
0.117127
0.008199
0.007421
0.011784
0.007767
0.193120
--STOP--
++STRT++
0.042141
0.117266
0.008179
0.007222
0.011730
0.007845
0.193753
0.041822
0.116801
0.008251
0.007357
0.011721
0.007823
0.194025
--STOP--
++STRT++
0.041985
0.117658
0.008281
0.007275
0.011725
0.007819
0.194180
0.042100
0.117201
0.008235
0.007302
0.011733
0.007904
0.194374
--STOP--
++STRT++
0.042268
0.116560
0.008156
0.007212
0.011771
0.007817
0.193485
0.042078
0.116805
0.008170
0.007586
0.011772
0.007777
0.193829
--STOP--
++STRT++
0.041676
0.116894
0.008176
0.007214
0.011712
0.007799
0.193005
0.042078
0.116943
0.008126
0.007379
0.011732
0.007834
0.194181
--STOP--
++STRT++
0.042335
0.116840
0.008152
0.007271
0.011723
0.007809
0.195354
0.042498
0.116513
0.008189
0.007361
0.011764
0.007766
0.193545
--STOP--
++STRT++
0.041683
0.116929
0.008159
0.007216
0.011813
0.007792
0.193336
0.042864
0.116816
0.008165
0.007378
0.011820
0.007849
0.194500
--STOP--
++STRT++
0.041785
0.116964
0.008161
0.007272
0.011771
0.007753
0.194018
0.041971
0.116561
0.008112
0.007360
0.011729
0.007881
0.194327
--STOP--
++STRT++
0.041862
0.116980
0.008098
0.007264
0.011721
0.007798
0.193601
0.042933
0.116714
0.008152
0.007359
0.011737
0.007758
0.194396
--STOP--
++STRT++
0.041915
0.116614
0.008288
0.007212
0.011812
0.007785
0.193528
0.043040
0.117820
0.008175
0.007387
0.011920
0.007826
0.193734
--STOP--
++STRT++
0.041791
0.116863
0.008152
0.007276
0.011728
0.007758
0.193880
0.042942
0.116970
0.008185
0.007292
0.011733
0.007876
0.194462
--STOP--
++STRT++
0.042544
0.116801
0.008164
0.007281
0.011735
0.007865
0.193856
0.042881
0.116600
0.008197
0.007518
0.011910
0.007856
0.194104
--STOP--
++STRT++
0.041982
0.117237
0.008167
0.007281
0.011705
0.007802
0.194130
0.041975
0.116701
0.008169
0.007393
0.011836
0.007776
0.194287
--STOP--
++STRT++
0.042751
0.117075
0.008152
0.007269
0.011717
0.007747
0.193481
0.042441
0.117346
0.008189
0.007376
0.011751
0.007831
0.194194
--STOP--
++STRT++
0.042507
0.116522
0.008159
0.007283
0.011722
0.007786
0.193731
0.041614
0.117416
0.008195
0.007373
0.011730
0.007775
0.193212
--STOP--
++STRT++
0.042036
0.116716
0.008173
0.007219
0.011711
0.007793
0.194246
0.042654
0.117427
0.008116
0.007419
0.011739
0.007831
0.194592
--STOP--
++STRT++
0.041963
0.116512
0.008110
0.007285
0.011752
0.007804
0.194014
0.043153
0.117281
0.008189
0.007306
0.011735
0.007824
0.193250
--STOP--
++STRT++
0.041862
0.117076
0.008162
0.007258
0.011726
0.007812
0.193992
0.042156
0.116719
0.008182
0.007317
0.011745
0.007830
0.195229
--STOP--
++STRT++
0.041546
0.116973
0.008176
0.007216
0.011708
0.007808
0.192690
0.043695
0.117374
0.008223
0.007430
0.011933
0.007834
0.193995
--STOP--
++STRT++
0.042600
0.117220
0.008095
0.007274
0.011748
0.007819
0.195208
0.042983
0.117157
0.008165
0.007367
0.011817
0.007826
0.193081
--STOP--
++STRT++
0.042235
0.116836
0.008137
0.007224
0.011712
0.007806
0.194396
0.042137
0.117073
0.008184
0.007414
0.011765
0.007821
0.194709
--STOP--
++STRT++
0.041931
0.116543
0.008089
0.007277
0.011714
0.007804
0.193303
0.041918
0.117644
0.008174
0.007371
0.011842
0.007843
0.193362
--STOP--
++STRT++
0.042602
0.116728
0.008162
0.007269
0.011711
0.007794
0.193438
0.041815
0.117629
0.008108
0.007451
0.011734
0.007817
0.193823
--STOP--
++STRT++
0.041605
0.116281
0.008148
0.007362
0.011698
0.007809
0.193468
0.042053
0.117430
0.008265
0.007381
0.011735
0.007770
0.195166
--STOP--
++STRT++
0.042297
0.117392
0.008160
0.007273
0.011774
0.007810
0.193548
0.042342
0.116974
0.008225
0.007592
0.011927
0.007773
0.194298
--STOP--
++STRT++
0.041529
0.117396
0.008150
0.007221
0.011724
0.007807
0.193937
0.042518
0.117562
0.008155
0.007373
0.011791
0.007836
0.194234
--STOP--
++STRT++
0.042502
0.116633
0.008150
0.007287
0.011708
0.007793
0.194051
0.042075
0.116804
0.008188
0.007366
0.011899
0.007851
0.193887
--STOP--
++STRT++
0.042053
0.116516
0.008147
0.007287
0.011717
0.007788
0.193391
0.041908
0.116925
0.008108
0.007369
0.011804
0.007883
0.194178
--STOP--
++STRT++
0.042484
0.116635
0.008096
0.007285
0.011871
0.007802
0.193050
0.041921
0.117060
0.008170
0.007534
0.011769
0.007886
0.193643
--STOP--
++STRT++
0.043122
0.116952
0.008178
0.007261
0.011708
0.007894
0.194214
0.041744
0.117285
0.008162
0.007321
0.011751
0.007835
0.195048
--STOP--
++STRT++
0.042281
0.116708
0.008157
0.007215
0.011724
0.007801
0.193810
0.042144
0.117089
0.008181
0.007385
0.011731
0.007811
0.194041
--STOP--
++STRT++
0.041544
0.117273
0.008145
0.007217
0.011710
0.007877
0.194237
0.041987
0.118174
0.008176
0.007366
0.011732
0.007826
0.194476
--STOP--
++STRT++
0.042725
0.117525
0.008099
0.007234
0.011717
0.007932
0.194210
0.041664
0.119149
0.008176
0.007406
0.011728
0.007961
0.194812
--STOP--
++STRT++
0.042147
0.117038
0.008192
0.007217
0.011715
0.007815
0.194241
0.042274
0.116883
0.008123
0.007485
0.011896
0.007981
0.194655
--STOP--
++STRT++
0.041885
0.116920
0.008101
0.007284
0.011742
0.007824
0.194132
0.041781
0.117335
0.008191
0.007309
0.011731
0.007824
0.193892
--STOP--
++STRT++
0.041994
0.116603
0.008156
0.007228
0.011719
0.007817
0.193679
0.042942
0.117756
0.008191
0.007374
0.011778
0.007855
0.194085
--STOP--
++STRT++
0.042828
0.116841
0.008162
0.007281
0.011824
0.007812
0.194122
0.042860
0.116637
0.008178
0.007463
0.011878
0.007868
0.194290
--STOP--
++STRT++
0.043068
0.116800
0.008153
0.007328
0.011724
0.007817
0.193620
0.041887
0.118251
0.008241
0.007368
0.011838
0.007831
0.193772
--STOP--
++STRT++
0.041844
0.117742
0.008231
0.007336
0.011715
0.007744
0.194332
0.042220
0.117085
0.008114
0.007360
0.011725
0.007824
0.194422
--STOP--
++STRT++
0.041720
0.116724
0.008164
0.007266
0.011704
0.007755
0.193172
0.041898
0.117825
0.008200
0.007284
0.011827
0.007852
0.195019
--STOP--
++STRT++
0.041613
0.117468
0.008148
0.007224
0.011737
0.007802
0.193385
0.042046
0.117310
0.008177
0.007380
0.011731
0.007775
0.193946
--STOP--
++STRT++
0.042365
0.117081
0.008157
0.007301
0.011709
0.007806
0.193731
0.041799
0.116707
0.008132
0.007352
0.011813
0.007849
0.194897
--STOP--
++STRT++
0.041620
0.116480
0.008173
0.007273
0.011797
0.007827
0.193684
0.042864
0.117083
0.008197
0.007538
0.011837
0.007768
0.194143
--STOP--
++STRT++
0.042697
0.116923
0.008199
0.007326
0.011720
0.007783
0.192992
0.042001
0.117594
0.008182
0.007310
0.011761
0.007894
0.194462
--STOP--
++STRT++
0.042188
0.117300
0.008154
0.007280
0.011708
0.007812
0.194187
0.042281
0.117414
0.008175
0.007425
0.011834
0.007760
0.193836
--STOP--
++STRT++
0.041642
0.116954
0.008153
0.007215
0.011724
0.007817
0.193028
0.041963
0.116759
0.008181
0.007407
0.011817
0.007828
0.194506
--STOP--
++STRT++
0.041675
0.116927
0.008192
0.007216
0.011716
0.007811
0.194172
0.043132
0.117386
0.008199
0.007368
0.011735
0.007840
0.193920
--STOP--
++STRT++
0.041465
0.117029
0.008140
0.007264
0.011713
0.007867
0.193792
0.041925
0.116568
0.008176
0.007391
0.011772
0.007783
0.194529
--STOP--
++STRT++
0.042189
0.116840
0.008165
0.007288
0.011724
0.007797
0.193942
0.041745
0.116937
0.008188
0.007373
0.011733
0.007836
0.193765
--STOP--
++STRT++
0.042188
0.117726
0.008155
0.007228
0.011724
0.007804
0.194125
0.041990
0.117128
0.008170
0.007359
0.011769
0.007770
0.193778
--STOP--
++STRT++
0.042063
0.116639
0.008164
0.007274
0.011721
0.007833
0.193607
0.042745
0.116876
0.008232
0.007357
0.011745
0.007906
0.193729
--STOP--
++STRT++
0.041716
0.116839
0.008148
0.007266
0.011717
0.007815
0.193386
0.042345
0.116856
0.008176
0.007378
0.011821
0.007777
0.193716
--STOP--
++STRT++
0.041623
0.116938
0.008189
0.007222
0.011724
0.007790
0.193426
0.041900
0.117526
0.008207
0.007291
0.011735
0.007815
0.194427
--STOP--
++STRT++
0.041918
0.116665
0.008171
0.007224
0.011717
0.007810
0.193686
0.042222
0.117184
0.008194
0.007371
0.011726
0.007760
0.195654
--STOP--
++STRT++
0.041909
0.116837
0.008159
0.007372
0.011709
0.007751
0.193577
0.041943
0.116682
0.008117
0.007428
0.011877
0.007857
0.193314
--STOP--
++STRT++
0.041685
0.116814
0.008143
0.007285
0.011704
0.007750
0.194175
0.041953
0.116978
0.008107
0.007352
0.011718
0.007821
0.195405
--STOP--
++STRT++
0.041814
0.116665
0.008099
0.007268
0.011709
0.007818
0.193883
0.042098
0.117017
0.008173
0.007298
0.011747
0.007822
0.194610
--STOP--
++STRT++
0.041651
0.116482
0.008299
0.007268
0.011714
0.007792
0.194407
0.042133
0.116993
0.008182
0.007615
0.011816
0.007821
0.194947
--STOP--
++STRT++
0.041707
0.116464
0.008164
0.007225
0.011706
0.007802
0.193427
0.042317
0.117577
0.008182
0.007392
0.011906
0.007835
0.193961
--STOP--
++STRT++
0.042254
0.117339
0.008145
0.007303
0.011710
0.007743
0.194665
0.042096
0.116855
0.008190
0.007314
0.011737
0.007823
0.193812
--STOP--
++STRT++
0.042165
0.117511
0.008165
0.007262
0.011739
0.007804
0.194509
0.042145
0.117917
0.008175
0.007711
0.012113
0.007853
0.194503
--STOP--
++STRT++
0.042783
0.116804
0.008181
0.007294
0.011779
0.007745
0.194326
0.041749
0.117764
0.008464
0.007355
0.011805
0.007838
0.193899
--STOP--
++STRT++
0.041762
0.116572
0.008088
0.007293
0.011870
0.007809
0.193933
0.042247
0.118026
0.008188
0.007375
0.011773
0.007901
0.194433
--STOP--
++STRT++
0.041712
0.116569
0.008174
0.007284
0.011715
0.007872
0.192985
0.041710
0.117046
0.008170
0.007416
0.011884
0.007846
0.194342
--STOP--
++STRT++
0.041785
0.117062
0.008093
0.007274
0.011744
0.007740
0.193807
0.041744
0.117590
0.008176
0.007374
0.011727
0.007828
0.194602
--STOP--
++STRT++
0.041793
0.116960
0.008166
0.007283
0.011716
0.007791
0.193857
0.041814
0.117489
0.008194
0.007385
0.011728
0.007824
0.193760
--STOP--
++STRT++
0.041759
0.117599
0.008164
0.007208
0.011715
0.007814
0.193367
0.042520
0.116743
0.008247
0.007370
0.011931
0.007769
0.194852
--STOP--
++STRT++
0.041897
0.116377
0.008255
0.007294
0.011740
0.007757
0.193283
0.042547
0.116982
0.008127
0.007367
0.011793
0.007834
0.193386
--STOP--
++STRT++
0.042264
0.117313
0.008163
0.007296
0.012117
0.007799
0.193913
0.041799
0.117162
0.008181
0.007377
0.011733
0.007841
0.193789
--STOP--
++STRT++
0.041742
0.116715
0.008143
0.007285
0.011711
0.007751
0.193545
0.042807
0.116661
0.008202
0.007357
0.011827
0.007822
0.195080
--STOP--
++STRT++
0.042257
0.117195
0.008235
0.007221
0.011719
0.007819
0.193640
0.041847
0.116851
0.008186
0.007365
0.011775
0.007831
0.194205
--STOP--
++STRT++
0.042004
0.116866
0.008179
0.007217
0.011739
0.007814
0.193492
0.041996
0.116875
0.008245
0.007300
0.011725
0.007910
0.194777
--STOP--
++STRT++
0.041824
0.116569
0.008165
0.007274
0.011710
0.007813
0.193694
0.041785
0.117111
0.008235
0.007370
0.011815
0.007762
0.195272
--STOP--
++STRT++
0.041879
0.117229
0.008089
0.007302
0.011725
0.007816
0.193623
0.041993
0.117738
0.008193
0.007360
0.011722
0.007839
0.193074
--STOP--
++STRT++
0.041819
0.117045
0.008161
0.007214
0.011724
0.007788
0.193883
0.043130
0.117430
0.008174
0.007368
0.011866
0.007831
0.194965
--STOP--
++STRT++
0.041914
0.117328
0.008086
0.007278
0.011724
0.007824
0.193615
0.041802
0.117289
0.008734
0.007313
0.011825
0.007847
0.194456
--STOP--
++STRT++
0.042112
0.116648
0.008214
0.007228
0.011716
0.007810
0.193912
0.042336
0.118159
0.008170
0.007417
0.011724
0.007791
0.194153
--STOP--
++STRT++
0.041970
0.116775
0.008176
0.007216
0.011741
0.007866
0.193316
0.042521
0.116797
0.008318
0.007381
0.011727
0.007844
0.194257
--STOP--
++STRT++
0.042064
0.117515
0.008164
0.007233
0.011728
0.007807
0.195168
0.042091
0.116506
0.008141
0.007376
0.011889
0.007841
0.194332
--STOP--
++STRT++
0.041859
0.117067
0.008161
0.007273
0.011716
0.007737
0.193926
0.042582
0.117131
0.008190
0.007416
0.011744
0.008729
0.193949
--STOP--
++STRT++
0.041646
0.116982
0.008163
0.007270
0.011723
0.007816
0.194350
0.041791
0.116701
0.008157
0.007302
0.011734
0.007875
0.194200
--STOP--
++STRT++
0.041846
0.117531
0.008216
0.007217
0.011721
0.007813
0.194003
0.042392
0.116550
0.008182
0.007391
0.011825
0.007796
0.193376
--STOP--
++STRT++
0.042275
0.116543
0.008168
0.007226
0.011742
0.007793
0.195898
0.042101
0.117672
0.008191
0.007364
0.011737
0.008092
0.194715
--STOP--
++STRT++
0.042443
0.117446
0.008158
0.007270
0.011717
0.007807
0.194177
0.042754
0.116579
0.008202
0.007369
0.011757
0.007780
0.194247
--STOP--
++STRT++
0.042789
0.116858
0.008146
0.007277
0.011757
0.007741
0.193542
0.041888
0.116901
0.008113
0.007376
0.011877
0.007832
0.193771
--STOP--
++STRT++
0.042018
0.116759
0.008154
0.007271
0.011716
0.007744
0.194092
0.042068
0.117135
0.008124
0.007368
0.011730
0.007835
0.194963
--STOP--
++STRT++
0.042332
0.117023
0.008181
0.007277
0.011721
0.007812
0.193198
0.041922
0.117135
0.008187
0.007301
0.011733
0.007909
0.194738
--STOP--
++STRT++
0.043094
0.116679
0.008164
0.007221
0.011717
0.007805
0.193874
0.042918
0.116718
0.008187
0.007364
0.011770
0.007764
0.195041
--STOP--
++STRT++
0.042142
0.116653
0.008194
0.007271
0.011715
0.007792
0.193295
0.041676
0.117580
0.008166
0.007400
0.011736
0.007767
0.194062
--STOP--
++STRT++
0.041842
0.116870
0.008154
0.007222
0.011711
0.007858
0.193441
0.042120
0.116650
0.008202
0.007375
0.011725
0.007867
0.195005
--STOP--
++STRT++
0.041783
0.116894
0.008172
0.007221
0.011839
0.007907
0.194131
0.041794
0.116626
0.008132
0.007376
0.011726
0.007837
0.194112
--STOP--
++STRT++
0.042670
0.116481
0.008203
0.007286
0.011745
0.007742
0.192753
0.041988
0.118087
0.008182
0.007378
0.011730
0.007780
0.194139
--STOP--
++STRT++
0.042310
0.116719
0.008170
0.007232
0.011719
0.007804
0.193652
0.042619
0.116627
0.008117
0.007399
0.011731
0.007860
0.194076
--STOP--
++STRT++
0.041951
0.116362
0.008168
0.007280
0.011819
0.007810
0.193202
0.041894
0.117209
0.008170
0.007294
0.011740
0.007837
0.193872
--STOP--
++STRT++
0.042279
0.116824
0.008328
0.007294
0.011720
0.007821
0.193055
0.042008
0.116882
0.008179
0.007298
0.011730
0.007832
0.193523
--STOP--
++STRT++
0.041860
0.117035
0.008154
0.007213
0.011715
0.007861
0.193922
0.042119
0.117034
0.008173
0.007376
0.011741
0.007765
0.194040
--STOP--
++STRT++
0.041972
0.117093
0.008177
0.007222
0.011738
0.007803
0.193480
0.042384
0.116565
0.008188
0.007359
0.011727
0.007779
0.194384
--STOP--
++STRT++
0.041755
0.117083
0.008180
0.007302
0.011712
0.007800
0.193993
0.041991
0.116758
0.008191
0.007305
0.011729
0.007827
0.194179
--STOP--
++STRT++
0.041793
0.116852
0.008160
0.007282
0.011730
0.007930
0.193821
0.042297
0.116586
0.008192
0.007304
0.011732
0.007840
0.195072
--STOP--
++STRT++
0.041762
0.116765
0.008302
0.007225
0.011784
0.007815
0.193718
0.042294
0.116754
0.008200
0.007370
0.011762
0.007758
0.194485
--STOP--
++STRT++
0.041616
0.117610
0.008273
0.007283
0.011706
0.007757
0.193678
0.042583
0.117533
0.008250
0.007321
0.011749
0.007824
0.194178
--STOP--
++STRT++
0.042369
0.117568
0.008412
0.007245
0.011713
0.007801
0.194062
0.042170
0.116810
0.008102
0.007382
0.011736
0.007833
0.193757
--STOP--
++STRT++
0.041940
0.117078
0.008114
0.007282
0.011714
0.007805
0.192647
0.041846
0.117129
0.008189
0.007359
0.011735
0.007856
0.193737
--STOP--
++STRT++
0.042102
0.116604
0.008167
0.007330
0.011739
0.007753
0.193852
0.042056
0.117215
0.008184
0.007316
0.011732
0.007830
0.195895
--STOP--
++STRT++
0.042251
0.117102
0.008125
0.007342
0.011823
0.007803
0.193301
0.041969
0.116787
0.008117
0.007348
0.011730
0.007845
0.194295
--STOP--
++STRT++
0.042315
0.116799
0.008165
0.007271
0.011713
0.007747
0.193109
0.041701
0.117756
0.008191
0.007402
0.011748
0.007822
0.194652
--STOP--
++STRT++
0.042466
0.116465
0.008152
0.007289
0.011722
0.007869
0.193633
0.042500
0.117190
0.008196
0.007378
0.011738
0.007838
0.194129
--STOP--
++STRT++
0.042233
0.117959
0.008172
0.007344
0.011715
0.007757
0.194406
0.042118
0.116976
0.008177
0.007386
0.011732
0.007851
0.194860
--STOP--
++STRT++
0.041991
0.116926
0.008159
0.007211
0.011715
0.007792
0.194250
0.042222
0.117369
0.008460
0.007372
0.011723
0.007831
0.193713
--STOP--
++STRT++
0.041814
0.116483
0.008167
0.007260
0.011714
0.007742
0.194101
0.042029
0.118325
0.008195
0.007373
0.011729
0.007770
0.194277
--STOP--
++STRT++
0.042138
0.117785
0.008157
0.007281
0.011712
0.007838
0.194315
0.043038
0.117095
0.008184
0.007307
0.011740
0.007834
0.195336
--STOP--
++STRT++
0.041825
0.116758
0.008096
0.007282
0.011716
0.007798
0.193319
0.042501
0.116650
0.008175
0.007299
0.011736
0.007830
0.194424
--STOP--
++STRT++
0.042216
0.116806
0.008155
0.007260
0.011713
0.007946
0.193608
0.041831
0.117529
0.008259
0.007362
0.011823
0.007844
0.193961
--STOP--
++STRT++
0.042222
0.117456
0.008095
0.007280
0.011758
0.007825
0.194128
0.042308
0.116554
0.008244
0.007364
0.011728
0.007856
0.195898
--STOP--
++STRT++
0.042077
0.117582
0.008088
0.007270
0.011837
0.007802
0.193293
0.042282
0.116798
0.008180
0.007388
0.011788
0.007819
0.194432
--STOP--
++STRT++
0.041936
0.117357
0.008226
0.007276
0.011737
0.007795
0.193502
0.042200
0.117026
0.008249
0.007371
0.011842
0.007842
0.194414
--STOP--
++STRT++
0.042052
0.116751
0.008462
0.007327
0.011738
0.007744
0.194784
0.041808
0.117575
0.008209
0.007305
0.011749
0.007848
0.194319
--STOP--
++STRT++
0.041958
0.117344
0.008162
0.007263
0.011723
0.007808
0.193246
0.041864
0.116498
0.008195
0.007303
0.011859
0.007828
0.193105
--STOP--
++STRT++
0.041703
0.116891
0.008183
0.007271
0.011728
0.007825
0.193316
0.041860
0.117003
0.008326
0.007376
0.011730
0.007771
0.194030
--STOP--
++STRT++
0.042655
0.116839
0.008141
0.007285
0.011724
0.007814
0.193412
0.041821
0.117086
0.008185
0.007385
0.011764
0.007790
0.194288
--STOP--
++STRT++
0.042556
0.116751
0.008214
0.007281
0.011792
0.007818
0.194047
0.041852
0.117066
0.008222
0.007381
0.011725
0.007837
0.193621
--STOP--
++STRT++
0.041919
0.116583
0.008274
0.007269
0.011777
0.007806
0.193624
0.042643
0.117469
0.008197
0.007386
0.011808
0.007907
0.193610
--STOP--
++STRT++
0.042164
0.116644
0.008161
0.007279
0.011718
0.007807
0.194082
0.042380
0.117252
0.008176
0.007341
0.011732
0.007772
0.194363
--STOP--
++STRT++
0.041865
0.116588
0.008156
0.007276
0.011712
0.007763
0.194671
0.042366
0.117360
0.008176
0.007319
0.011788
0.007918
0.193885
--STOP--
++STRT++
0.041564
0.116743
0.008177
0.007271
0.011774
0.007857
0.193719
0.042344
0.117335
0.008220
0.007373
0.011736
0.007767
0.193553
--STOP--
++STRT++
0.041702
0.116786
0.008156
0.007289
0.011716
0.007807
0.193908
0.042604
0.117294
0.008117
0.007337
0.011738
0.007856
0.194608
--STOP--
++STRT++
0.041803
0.116966
0.008091
0.007259
0.011795
0.007824
0.193730
0.041788
0.116572
0.008195
0.007368
0.011744
0.007916
0.194022
--STOP--
++STRT++
0.041679
0.116792
0.008192
0.007343
0.011784
0.007749
0.193435
0.041939
0.116661
0.008175
0.007366
0.011753
0.007832
0.193679
--STOP--
++STRT++
0.042218
0.117264
0.008146
0.007293
0.011761
0.007743
0.194105
0.042296
0.118336
0.008177
0.007372
0.011785
0.007834
0.194847
--STOP--
++STRT++
0.042727
0.116999
0.008110
0.007288
0.011721
0.007807
0.193388
0.042509
0.117228
0.008178
0.007310
0.011733
0.007894
0.193824
--STOP--
++STRT++
0.042552
0.117171
0.008292
0.007220
0.011718
0.007821
0.193532
0.041820
0.117203
0.008193
0.007303
0.011744
0.007821
0.194352
--STOP--
++STRT++
0.042120
0.116703
0.008408
0.007216
0.011718
0.007790
0.194339
0.042149
0.116775
0.008174
0.007365
0.011762
0.007783
0.194544
--STOP--
++STRT++
0.041916
0.117328
0.008165
0.007217
0.011853
0.007856
0.194684
0.042417
0.116478
0.008202
0.007344
0.011800
0.007779
0.193521
--STOP--
++STRT++
0.041969
0.116412
0.008163
0.007226
0.011709
0.007796
0.193265
0.041671
0.117544
0.008264
0.007395
0.011723
0.007773
0.193982
--STOP--
++STRT++
0.041671
0.117212
0.008156
0.007221
0.011717
0.007798
0.196112
0.042569
0.117549
0.008175
0.007370
0.011742
0.007814
0.193967
--STOP--
++STRT++
0.041538
0.116579
0.008193
0.007296
0.011708
0.007743
0.193948
0.042356
0.117238
0.008272
0.007371
0.011717
0.007766
0.194013
--STOP--
++STRT++
0.043413
0.116723
0.008146
0.007283
0.011715
0.007784
0.193180
0.042598
0.117436
0.008184
0.007367
0.011825
0.007830
0.194289
--STOP--
++STRT++
0.042131
0.116706
0.008151
0.007286
0.012473
0.007825
0.194540
0.042387
0.117893
0.009231
0.007478
0.011735
0.007843
0.193930
--STOP--
++STRT++
0.041777
0.117038
0.008209
0.007226
0.011777
0.007900
0.194426
0.042775
0.116908
0.008462
0.007358
0.011723
0.007782
0.194305
--STOP--
++STRT++
0.041990
0.116614
0.008169
0.007219
0.011721
0.007806
0.193677
0.041968
0.116750
0.008181
0.007379
0.011772
0.007845
0.194196
--STOP--
++STRT++
0.041550
0.117238
0.008205
0.007275
0.011744
0.007750
0.193717
0.041518
0.117251
0.008174
0.007294
0.011736
0.007815
0.194194
--STOP--
++STRT++
0.042676
0.117276
0.008157
0.007216
0.011723
0.007926
0.193327
0.041895
0.116691
0.008173
0.007381
0.011767
0.007916
0.194371
--STOP--
++STRT++
0.041976
0.116588
0.008164
0.007221
0.011782
0.007808
0.194413
0.042532
0.117002
0.008163
0.007426
0.011780
0.007765
0.192929
--STOP--
++STRT++
0.041911
0.116761
0.008138
0.007272
0.011731
0.007807
0.193936
0.041797
0.117186
0.008165
0.007359
0.011760
0.007762
0.194556
--STOP--
++STRT++
0.042525
0.117008
0.008281
0.007412
0.011720
0.007786
0.193173
0.042003
0.117458
0.008165
0.007372
0.011921
0.007858
0.193983
--STOP--
++STRT++
0.041740
0.116953
0.008161
0.007295
0.011977
0.007796
0.193450
0.042084
0.117672
0.008214
0.007311
0.011725
0.007826
0.194336
--STOP--
++STRT++
0.041762
0.117213
0.008407
0.007219
0.011832
0.007891
0.193904
0.042061
0.117047
0.008173
0.007391
0.011772
0.007782
0.194167
--STOP--
++STRT++
0.042113
0.117350
0.008172
0.007282
0.011717
0.007774
0.193416
0.042070
0.116532
0.008121
0.007355
0.011729
0.007834
0.194080
--STOP--
++STRT++
0.041926
0.117877
0.008147
0.007354
0.011730
0.007808
0.193599
0.042616
0.117163
0.008182
0.007354
0.011733
0.007785
0.194106
--STOP--
++STRT++
0.041700
0.116926
0.008150
0.007211
0.011713
0.007792
0.193669
0.042332
0.116995
0.008179
0.007379
0.011762
0.007774
0.194390
--STOP--
++STRT++
0.041888
0.116974
0.008158
0.007330
0.011711
0.007857
0.193769
0.042011
0.117214
0.008195
0.007382
0.011763
0.007858
0.193889
--STOP--
++STRT++
0.042687
0.117058
0.008093
0.007285
0.011740
0.007829
0.193636
0.043127
0.117310
0.008255
0.007315
0.011734
0.007824
0.194294
--STOP--
++STRT++
0.042108
0.117007
0.008173
0.007216
0.011718
0.007878
0.194454
0.042167
0.116928
0.008220
0.007388
0.012031
0.007776
0.193415
--STOP--
++STRT++
0.042512
0.116984
0.008228
0.007538
0.011711
0.007750
0.194865
0.041880
0.116893
0.008201
0.007302
0.011727
0.007823
0.193866
--STOP--
++STRT++
0.041857
0.116629
0.008089
0.007263
0.011748
0.007916
0.193116
0.041738
0.116928
0.008175
0.007298
0.011799
0.007890
0.196045
--STOP--
++STRT++
0.042223
0.117262
0.008151
0.007260
0.011740
0.007742
0.194105
0.041967
0.117660
0.008202
0.007310
0.011729
0.007847
0.194383
--STOP--
++STRT++
0.041889
0.117132
0.008214
0.007227
0.011730
0.007865
0.193916
0.042348
0.116519
0.008160
0.007364
0.011725
0.007983
0.193203
--STOP--
++STRT++
0.041777
0.116556
0.008167
0.007323
0.011732
0.007785
0.193451
0.042268
0.117244
0.008153
0.007346
0.011744
0.007834
0.194430
--STOP--
++STRT++
0.041572
0.117129
0.008249
0.007284
0.011722
0.007746
0.193678
0.042320
0.117149
0.008118
0.007387
0.011715
0.007840
0.193142
--STOP--
++STRT++
0.041840
0.117232
0.008133
0.007301
0.011706
0.007752
0.193658
0.043318
0.117216
0.008187
0.007302
0.011746
0.008090
0.194600
--STOP--
++STRT++
0.042784
0.117712
0.008147
0.007222
0.012046
0.007799
0.194253
0.041854
0.116699
0.008109
0.007348
0.011787
0.007842
0.195444
--STOP--
++STRT++
0.041608
0.117279
0.008147
0.007271
0.011939
0.007800
0.194681
0.041821
0.116812
0.008173
0.007370
0.011729
0.007844
0.194491
--STOP--
++STRT++
0.041686
0.117810
0.008112
0.007279
0.011776
0.007805
0.193509
0.042727
0.117235
0.008196
0.007297
0.011733
0.007898
0.194772
--STOP--
++STRT++
0.041383
0.116925
0.008165
0.007275
0.011733
0.007862
0.194195
0.042080
0.117633
0.008191
0.007307
0.011742
0.007910
0.194242
--STOP--
++STRT++
0.042325
0.116679
0.008150
0.007213
0.011768
0.007811
0.193719
0.041696
0.116788
0.008428
0.007381
0.011741
0.007762
0.194601
--STOP--
++STRT++
0.042278
0.116828
0.008161
0.007221
0.011727
0.007799
0.194005
0.041857
0.118042
0.008188
0.007315
0.011739
0.007911
0.197039
--STOP--
++STRT++
0.042205
0.116879
0.008174
0.007418
0.011763
0.007802
0.192966
0.042232
0.116729
0.008163
0.007367
0.011765
0.007868
0.193266
--STOP--
++STRT++
0.042025
0.116327
0.008140
0.007294
0.011734
0.008041
0.192892
0.042142
0.117385
0.008114
0.007386
0.011990
0.007834
0.194362
--STOP--
++STRT++
0.042812
0.117231
0.008133
0.007281
0.011707
0.007868
0.194318
0.042076
0.117253
0.008469
0.007436
0.011717
0.007779
0.193657
--STOP--
++STRT++
0.041925
0.116732
0.008151
0.007208
0.011776
0.007853
0.193406
0.041749
0.117591
0.008187
0.007383
0.011731
0.007772
0.194691
--STOP--
++STRT++
0.041978
0.116456
0.008232
0.007275
0.011726
0.007812
0.193292
0.041811
0.116729
0.008173
0.007382
0.011759
0.007768
0.194232
--STOP--
++STRT++
0.042099
0.117374
0.008163
0.007224
0.011736
0.007806
0.193514
0.041890
0.117514
0.008176
0.007373
0.011804
0.007770
0.194044
--STOP--
++STRT++
0.042534
0.117603
0.008203
0.007275
0.011854
0.007739
0.195151
0.042429
0.117057
0.008190
0.007439
0.011795
0.007947
0.194050
--STOP--
++STRT++
0.042026
0.117670
0.008173
0.007296
0.011727
0.007871
0.194076
0.042150
0.117574
0.008187
0.007356
0.011806
0.007924
0.194003
--STOP--
++STRT++
0.041888
0.117247
0.008163
0.007327
0.011874
0.007745
0.193772
0.042306
0.116962
0.008186
0.007305
0.011736
0.008102
0.194236
--STOP--
++STRT++
0.041720
0.117035
0.008161
0.007220
0.011721
0.007798
0.193968
0.042405
0.116743
0.008177
0.007384
0.011754
0.007771
0.193822
--STOP--
++STRT++
0.042155
0.116707
0.008219
0.007293
0.011720
0.007862
0.193855
0.041464
0.116949
0.008108
0.007372
0.011730
0.007898
0.194321
--STOP--
++STRT++
0.042082
0.117052
0.008086
0.007299
0.011723
0.007846
0.193541
0.042276
0.116393
0.008190
0.007306
0.011815
0.007882
0.193982
--STOP--
++STRT++
0.042205
0.116791
0.008163
0.007230
0.011782
0.007802
0.193510
0.041887
0.117733
0.008184
0.007388
0.011728
0.007820
0.193937
--STOP--
++STRT++
0.042648
0.116657
0.008173
0.007325
0.011853
0.007806
0.193948
0.041881
0.117536
0.008129
0.007391
0.011735
0.007825
0.194966
--STOP--
++STRT++
0.041599
0.116970
0.008160
0.007270
0.011711
0.007818
0.193723
0.041855
0.117290
0.008185
0.007427
0.011742
0.007783
0.193405
--STOP--
++STRT++
0.042242
0.117254
0.008192
0.007217
0.011717
0.007812
0.193719
0.042430
0.117900
0.008169
0.007352
0.011755
0.007862
0.194069
--STOP--
++STRT++
0.041863
0.117538
0.008156
0.007272
0.011753
0.007760
0.194298
0.041955
0.116534
0.008198
0.007494
0.011733
0.007841
0.194525
--STOP--
++STRT++
0.042247
0.117226
0.008096
0.007291
0.011850
0.007803
0.193551
0.042471
0.117468
0.008182
0.007308
0.011737
0.007823
0.194305
--STOP--
++STRT++
0.041918
0.116709
0.008165
0.007281
0.011718
0.007802
0.193676
0.042125
0.116547
0.008173
0.007392
0.011779
0.007766
0.194058
--STOP--
++STRT++
0.041923
0.116698
0.008157
0.007258
0.011714
0.007802
0.194263
0.042335
0.116942
0.008172
0.007350
0.011752
0.007859
0.194798
--STOP--
++STRT++
0.041671
0.116964
0.008194
0.007290
0.011712
0.007746
0.193391
0.042007
0.117989
0.008170
0.007304
0.011728
0.007833
0.193784
--STOP--
++STRT++
0.042282
0.116623
0.008172
0.007271
0.011852
0.007828
0.194866
0.042938
0.116583
0.008226
0.007377
0.011760
0.007770
0.194771
--STOP--
++STRT++
0.042086
0.117040
0.008166
0.007276
0.011799
0.007747
0.193950
0.041955
0.117047
0.008177
0.007372
0.011730
0.007777
0.194340
--STOP--
++STRT++
0.042126
0.117201
0.008164
0.007285
0.011713
0.007813
0.193259
0.041758
0.117304
0.008179
0.007379
0.011818
0.007782
0.194739
--STOP--
++STRT++
0.042060
0.117063
0.008139
0.007281
0.011731
0.007800
0.193887
0.042492
0.116923
0.008191
0.007366
0.011800
0.007852
0.194105
--STOP--
++STRT++
0.041793
0.116467
0.008174
0.007459
0.011716
0.007744
0.192976
0.042548
0.116916
0.008185
0.007299
0.011736
0.007827
0.194527
--STOP--
++STRT++
0.042350
0.116783
0.008164
0.007217
0.011714
0.007807
0.193855
0.041741
0.117945
0.008251
0.007362
0.011733
0.007843
0.194554
--STOP--
++STRT++
0.041767
0.117267
0.008175
0.007276
0.011730
0.007816
0.193455
0.042351
0.117115
0.008173
0.007397
0.011744
0.007780
0.195600
--STOP--
++STRT++
0.042063
0.117519
0.008176
0.007344
0.011725
0.007750
0.193694
0.042108
0.117404
0.008879
0.007373
0.011727
0.007784
0.194199
--STOP--
++STRT++
0.041909
0.117239
0.008183
0.007284
0.011718
0.007793
0.193339
0.042676
0.117156
0.008112
0.007294
0.011731
0.010698
0.197779
--STOP--
++STRT++
0.042191
0.117282
0.008086
0.007268
0.011717
0.007799
0.193757
0.042118
0.120859
0.008200
0.007388
0.011727
0.007948
0.194103
--STOP--
++STRT++
0.041754
0.116681
0.008148
0.007333
0.011728
0.007785
0.193548
0.042364
0.117040
0.008166
0.007373
0.011736
0.007850
0.193304
--STOP--
++STRT++
0.042461
0.116798
0.008173
0.007556
0.011717
0.007818
0.194285
0.043620
0.117454
0.008109
0.007343
0.011732
0.007850
0.193945
--STOP--
++STRT++
0.041961
0.116544
0.008097
0.007287
0.011814
0.007805
0.194107
0.042165
0.117201
0.008196
0.007312
0.011738
0.007769
0.196358
--STOP--
++STRT++
0.041643
0.116335
0.008096
0.007376
0.011718
0.007811
0.194268
0.041866
0.116815
0.008195
0.007308
0.011739
0.007852
0.193996
--STOP--
++STRT++
0.041980
0.117011
0.008179
0.007272
0.011705
0.007820
0.193487
0.042157
0.116647
0.008181
0.007349
0.011739
0.007825
0.193353
--STOP--
++STRT++
0.042026
0.116947
0.008096
0.007256
0.011711
0.007820
0.194418
0.042047
0.116994
0.008165
0.007323
0.011749
0.007844
0.193568
--STOP--
++STRT++
0.041668
0.116604
0.008145
0.007270
0.011753
0.007944
0.194201
0.041701
0.117343
0.008186
0.007559
0.011782
0.007811
0.194212
--STOP--
++STRT++
0.041547
0.117423
0.008161
0.007217
0.011710
0.007812
0.194196
0.042090
0.117022
0.008117
0.007381
0.011732
0.007830
0.195054
--STOP--
++STRT++
0.042132
0.116644
0.008109
0.007281
0.012009
0.007800
0.194177
0.042294
0.117334
0.008239
0.007637
0.011807
0.007823
0.194845
--STOP--
++STRT++
0.041778
0.116567
0.008148
0.007215
0.011715
0.007880
0.193750
0.042704
0.116474
0.008181
0.007381
0.011782
0.007820
0.193975
--STOP--
++STRT++
0.042302
0.116802
0.008199
0.007220
0.011727
0.007795
0.194060
0.041744
0.116727
0.008186
0.007367
0.011713
0.007765
0.194142
--STOP--
++STRT++
0.041964
0.116567
0.008221
0.007211
0.011721
0.007810
0.193211
0.042039
0.117030
0.008175
0.007376
0.011835
0.007870
0.194441
--STOP--
++STRT++
0.042247
0.116860
0.008163
0.007307
0.011715
0.007755
0.193858
0.042682
0.116830
0.008197
0.007301
0.011736
0.007832
0.194713
--STOP--
++STRT++
0.041956
0.116860
0.008176
0.007282
0.011710
0.007814
0.192794
0.041737
0.117123
0.008200
0.007442
0.011738
0.007772
0.194002
--STOP--
++STRT++
0.041862
0.117441
0.008163
0.007235
0.011811
0.007846
0.193828
0.043494
0.116848
0.008280
0.007459
0.011762
0.007777
0.194144
--STOP--
++STRT++
0.041811
0.116597
0.008173
0.007273
0.011728
0.008029
0.194634
0.042741
0.116783
0.008186
0.007303
0.011738
0.007831
0.193707
--STOP--
++STRT++
0.042790
0.116535
0.008158
0.007271
0.011719
0.007811
0.193905
0.042013
