++STRT++
0.000671
0.001830
0.000494
0.000457
0.000666
0.000467
0.003052
0.000672
0.001824
0.000516
0.000456
0.000662
0.000468
0.003043
--STOP--
++STRT++
0.000669
0.001824
0.000495
0.000475
0.000664
0.000470
0.003046
0.000669
0.001832
0.000494
0.000455
0.000665
0.000471
0.003062
--STOP--
++STRT++
0.000671
0.001874
0.000493
0.000453
0.000664
0.000470
0.003029
0.000673
0.001824
0.000496
0.000458
0.000664
0.000469
0.003033
--STOP--
++STRT++
0.000671
0.001828
0.000494
0.000455
0.000662
0.000470
0.003042
0.000672
0.001851
0.000494
0.000454
0.000664
0.000468
0.003031
--STOP--
++STRT++
0.000672
0.001844
0.000493
0.000456
0.000664
0.000469
0.003036
0.000669
0.001831
0.000494
0.000454
0.000666
0.000467
0.003045
--STOP--
++STRT++
0.000671
0.001850
0.000494
0.000454
0.000666
0.000471
0.003043
0.000671
0.001827
0.000494
0.000455
0.000691
0.000467
0.003035
--STOP--
++STRT++
0.000673
0.001825
0.000495
0.000453
0.000663
0.000468
0.003083
0.000672
0.001845
0.000494
0.000453
0.000663
0.000470
0.003043
--STOP--
++STRT++
0.000673
0.001830
0.000495
0.000455
0.000664
0.000469
0.003044
0.000671
0.001830
0.000493
0.000453
0.000664
0.000527
0.003042
--STOP--
++STRT++
0.000675
0.001830
0.000496
0.000468
0.000663
0.000467
0.003029
0.000670
0.001825
0.000494
0.000454
0.000664
0.000468
0.003063
--STOP--
++STRT++
0.000672
0.001850
0.000495
0.000454
0.000662
0.000470
0.003032
0.000671
0.001832
0.000494
0.000457
0.000665
0.000470
0.003052
--STOP--
++STRT++
0.000711
0.001825
0.000494
0.000454
0.000665
0.000471
0.003031
0.000672
0.001832
0.000494
0.000457
0.000664
0.000468
0.003083
--STOP--
++STRT++
0.000671
0.001844
0.000495
0.000454
0.000664
0.000471
0.003032
0.000673
0.001825
0.000495
0.000452
0.000663
0.000469
0.003045
--STOP--
++STRT++
0.000672
0.001824
0.000494
0.000457
0.000663
0.000470
0.003089
0.000672
0.001828
0.000512
0.000454
0.000665
0.000470
0.003045
--STOP--
++STRT++
0.000671
0.001833
0.000495
0.000454
0.000664
0.000468
0.003043
0.000671
0.001849
0.000495
0.000455
0.000666
0.000471
0.003042
--STOP--
++STRT++
0.000671
0.001878
0.000493
0.000454
0.000663
0.000469
0.003043
0.000671
0.001828
0.000494
0.000452
0.000663
0.000467
0.003031
--STOP--
++STRT++
0.000670
0.001825
0.000494
0.000455
0.000664
0.000469
0.003068
0.000672
0.001847
0.000495
0.000456
0.000663
0.000469
0.003033
--STOP--
++STRT++
0.000671
0.001849
0.000493
0.000455
0.000663
0.000472
0.003033
0.000673
0.001831
0.000494
0.000455
0.000664
0.000467
0.003063
--STOP--
++STRT++
0.000692
0.001829
0.000493
0.000456
0.000665
0.000470
0.003029
0.000671
0.001824
0.000512
0.000455
0.000664
0.000498
0.003029
--STOP--
++STRT++
0.000673
0.002065
0.000495
0.000454
0.000663
0.000467
0.003068
0.000671
0.001827
0.000495
0.000456
0.000663
0.000471
0.003079
--STOP--
++STRT++
0.000672
0.001831
0.000495
0.000457
0.000667
0.000467
0.003043
0.000673
0.001825
0.000495
0.000456
0.000663
0.000468
0.003043
--STOP--
++STRT++
0.000671
0.001893
0.000494
0.000457
0.000664
0.000470
0.003045
0.000672
0.001825
0.000494
0.000457
0.000662
0.000468
0.003030
--STOP--
++STRT++
0.000672
0.001826
0.000492
0.000455
0.000664
0.000471
0.003042
0.000671
0.001831
0.000495
0.000453
0.000665
0.000467
0.003053
--STOP--
++STRT++
0.000670
0.001830
0.000493
0.000453
0.000662
0.000467
0.003055
0.000671
0.001825
0.000495
0.000452
0.000665
0.000470
0.003035
--STOP--
++STRT++
0.000672
0.001826
0.000494
0.000452
0.000664
0.000467
0.003054
0.000672
0.001830
0.000495
0.000455
0.000664
0.000467
0.003043
--STOP--
++STRT++
0.000672
0.001827
0.000494
0.000456
0.000663
0.000467
0.003064
0.000672
0.001832
0.000519
0.000455
0.000665
0.000468
0.003033
--STOP--
++STRT++
0.000670
0.001823
0.000494
0.000456
0.000680
0.000470
0.003031
0.000672
0.001843
0.000496
0.000457
0.000664
0.000492
0.003031
--STOP--
++STRT++
0.000672
0.001827
0.000494
0.000455
0.000663
0.000469
0.003042
0.000689
0.001830
0.000495
0.000454
0.000664
0.000469
0.003058
--STOP--
++STRT++
0.000691
0.001831
0.000495
0.000454
0.000664
0.000469
0.003055
0.000671
0.001826
0.000495
0.000457
0.000664
0.000471
0.003031
--STOP--
++STRT++
0.000670
0.001829
0.000493
0.000455
0.000663
0.000469
0.003054
0.000673
0.001826
0.000495
0.000456
0.000665
0.000467
0.003031
--STOP--
++STRT++
0.000671
0.001830
0.000494
0.000458
0.000665
0.000487
0.003041
0.000673
0.001875
0.000495
0.000458
0.000662
0.000469
0.003043
--STOP--
++STRT++
0.000673
0.001831
0.000494
0.000455
0.000663
0.000468
0.003043
0.000670
0.001844
0.000492
0.000457
0.000664
0.000468
0.003031
--STOP--
++STRT++
0.000670
0.001831
0.000494
0.000454
0.000682
0.000466
0.003034
0.000691
0.001828
0.000497
0.000454
0.000665
0.000468
0.003051
--STOP--
++STRT++
0.000691
0.001831
0.000494
0.000457
0.000663
0.000469
0.003042
0.000671
0.001832
0.000494
0.000455
0.000663
0.000469
0.003119
--STOP--
++STRT++
0.000673
0.001823
0.000495
0.000456
0.000662
0.000471
0.003046
0.000671
0.001824
0.000494
0.000455
0.000663
0.000468
0.003043
--STOP--
++STRT++
0.000672
0.001855
0.000494
0.000454
0.000663
0.000469
0.003034
0.000672
0.001827
0.000495
0.000458
0.000663
0.000469
0.003033
--STOP--
++STRT++
0.000672
0.001825
0.000495
0.000457
0.000663
0.000472
0.003054
0.000674
0.001827
0.000496
0.000455
0.000685
0.000467
0.003046
--STOP--
++STRT++
0.000671
0.001827
0.000495
0.000454
0.000663
0.000469
0.003045
0.000673
0.001829
0.000496
0.000457
0.000663
0.000471
0.003054
--STOP--
++STRT++
0.000692
0.001830
0.000494
0.000455
0.000665
0.000468
0.003042
0.000669
0.001825
0.000494
0.000453
0.000663
0.000487
0.003046
--STOP--
++STRT++
0.000669
0.001828
0.000494
0.000454
0.000662
0.000468
0.003065
0.000671
0.001825
0.000494
0.000452
0.000663
0.000472
0.003033
--STOP--
++STRT++
0.000671
0.001878
0.000495
0.000454
0.000666
0.000471
0.003036
0.000673
0.001825
0.000495
0.000456
0.000662
0.000471
0.003053
--STOP--
++STRT++
0.000697
0.001830
0.000495
0.000457
0.000661
0.000469
0.003044
0.000670
0.001827
0.000493
0.000456
0.000664
0.000468
0.003053
--STOP--
++STRT++
0.000670
0.001830
0.000494
0.000455
0.000663
0.000469
0.003040
0.000672
0.001828
0.000494
0.000455
0.000665
0.000470
0.003055
--STOP--
++STRT++
0.000673
0.001832
0.000493
0.000456
0.000665
0.000467
0.003081
0.000670
0.001831
0.000495
0.000456
0.000682
0.000467
0.003042
--STOP--
++STRT++
0.000675
0.001824
0.000496
0.000455
0.000665
0.000468
0.003041
0.000672
0.001847
0.000495
0.000454
0.000662
0.000470
0.003033
--STOP--
++STRT++
0.000670
0.001831
0.000493
0.000455
0.000663
0.000471
0.003031
0.000671
0.001829
0.000494
0.000456
0.000664
0.000468
0.003063
--STOP--
++STRT++
0.000675
0.001830
0.000494
0.000456
0.000665
0.000470
0.003029
0.000671
0.001832
0.000495
0.000456
0.000662
0.000470
0.003048
--STOP--
++STRT++
0.000670
0.001832
0.000494
0.000453
0.000662
0.000489
0.003042
0.000671
0.001845
0.000493
0.000454
0.000663
0.000468
0.003048
--STOP--
++STRT++
0.000670
0.001824
0.000513
0.000456
0.000663
0.000470
0.003031
0.000671
0.001824
0.000494
0.000455
0.000663
0.000469
0.003052
--STOP--
++STRT++
0.000671
0.001824
0.000495
0.000455
0.000663
0.000467
0.003046
0.000671
0.001825
0.000494
0.000454
0.000682
0.000467
0.003031
--STOP--
++STRT++
0.000705
0.001831
0.000494
0.000457
0.000662
0.000468
0.003076
0.000672
0.001827
0.000493
0.000454
0.000665
0.000469
0.003046
--STOP--
++STRT++
0.000672
0.001827
0.000494
0.000455
0.000663
0.000470
0.003086
0.000671
0.001829
0.000515
0.000454
0.000662
0.000469
0.003041
--STOP--
++STRT++
0.000674
0.001833
0.000493
0.000456
0.000663
0.000471
0.003042
0.000672
0.001832
0.000495
0.000456
0.000664
0.000471
0.003044
--STOP--
++STRT++
0.000675
0.001824
0.000495
0.000455
0.000662
0.000467
0.003033
0.000672
0.001825
0.000494
0.000457
0.000664
0.000495
0.003041
--STOP--
++STRT++
0.000670
0.001830
0.000492
0.000454
0.000664
0.000468
0.003058
0.000670
0.001829
0.000493
0.000479
0.000662
0.000469
0.003043
--STOP--
++STRT++
0.000670
0.001825
0.000494
0.000456
0.000666
0.000472
0.003055
0.000671
0.001848
0.000493
0.000455
0.000662
0.000470
0.003044
--STOP--
++STRT++
0.000672
0.001830
0.000492
0.000455
0.000663
0.000467
0.003041
0.000673
0.001827
0.000494
0.000457
0.000663
0.000497
0.003033
--STOP--
++STRT++
0.000672
0.001831
0.000495
0.000453
0.000665
0.000471
0.003074
0.000671
0.001832
0.000495
0.000454
0.000663
0.000470
0.003031
--STOP--
++STRT++
0.000672
0.002624
0.000494
0.000456
0.000663
0.000470
0.003059
0.000670
0.001831
0.000495
0.000455
0.000663
0.000491
0.003043
--STOP--
++STRT++
0.000671
0.001826
0.000493
0.000456
0.000663
0.000469
0.003053
0.000672
0.001829
0.000494
0.000458
0.000664
0.000469
0.003047
--STOP--
++STRT++
0.000672
0.002886
0.000494
0.000455
0.000662
0.000469
0.003031
0.000671
0.001825
0.000495
0.000453
0.000664
0.000471
0.003045
--STOP--
++STRT++
0.000672
0.001828
0.000493
0.000455
0.000663
0.000469
0.003033
0.000671
0.001831
0.000496
0.000454
0.000664
0.000470
0.003091
--STOP--
++STRT++
0.000690
0.001830
0.000496
0.000456
0.000662
0.000471
0.003042
0.000671
0.001832
0.000494
0.000455
0.000664
0.000470
0.003077
--STOP--
++STRT++
0.000671
0.001827
0.000495
0.000454
0.000663
0.000468
0.003051
0.000669
0.001824
0.000495
0.000454
0.000664
0.000468
0.003044
--STOP--
++STRT++
0.000670
0.001827
0.000494
0.000457
0.000664
0.000470
0.003058
0.000671
0.001847
0.000497
0.000454
0.000666
0.000470
0.003052
--STOP--
++STRT++
0.000672
0.001847
0.000494
0.000455
0.000663
0.000470
0.003033
0.000670
0.001827
0.000495
0.000455
0.000665
0.000468
0.003089
--STOP--
++STRT++
0.000670
0.001826
0.000494
0.000457
0.000666
0.000468
0.003030
0.000671
0.001826
0.000495
0.000454
0.000663
0.000468
0.003064
--STOP--
++STRT++
0.000674
0.001831
0.000495
0.000457
0.000663
0.000470
0.003084
0.000672
0.001827
0.000495
0.000453
0.000664
0.000468
0.003048
--STOP--
++STRT++
0.000669
0.001830
0.000495
0.000453
0.000665
0.000469
0.003033
0.000672
0.001827
0.000493
0.000451
0.000665
0.000469
0.003087
--STOP--
++STRT++
0.000672
0.001826
0.000494
0.000455
0.000664
0.000471
0.003064
0.000671
0.001858
0.000494
0.000456
0.000664
0.000468
0.003040
--STOP--
++STRT++
0.000675
0.001831
0.000494
0.000457
0.000663
0.000469
0.003032
0.000688
0.001830
0.000495
0.000456
0.000662
0.000467
0.003054
--STOP--
++STRT++
0.000690
0.001826
0.000494
0.000456
0.000662
0.000469
0.003061
0.000690
0.001826
0.000493
0.000455
0.000665
0.000470
0.003059
--STOP--
++STRT++
0.000671
0.001827
0.000495
0.000453
0.000663
0.000470
0.003054
0.000673
0.001831
0.000493
0.000454
0.000666
0.000468
0.003033
--STOP--
++STRT++
0.000670
0.001825
0.000494
0.000454
0.000665
0.000470
0.003041
0.000671
0.001848
0.000496
0.000458
0.000665
0.000468
0.003046
--STOP--
++STRT++
0.000673
0.001827
0.000493
0.000453
0.000662
0.000472
0.003058
0.000711
0.001853
0.000494
0.000454
0.000663
0.000468
0.003031
--STOP--
++STRT++
0.000672
0.001832
0.000494
0.000457
0.000664
0.000468
0.003032
0.000669
0.001829
0.000495
0.000454
0.000662
0.000470
0.003053
--STOP--
++STRT++
0.000670
0.001826
0.000494
0.000457
0.000665
0.000469
0.003058
0.000671
0.001830
0.000494
0.000457
0.000663
0.000467
0.003042
--STOP--
++STRT++
0.000671
0.001830
0.000494
0.000452
0.000664
0.000470
0.003058
0.000671
0.001825
0.000493
0.000477
0.000682
0.000469
0.003032
--STOP--
++STRT++
0.000673
0.001831
0.000494
0.000455
0.000664
0.000469
0.003033
0.000673
0.001846
0.000494
0.000456
0.000664
0.000471
0.003041
--STOP--
++STRT++
0.000672
0.001824
0.000493
0.000454
0.000662
0.000468
0.003042
0.000692
0.001824
0.000494
0.000455
0.000663
0.000467
0.003034
--STOP--
++STRT++
0.000670
0.001845
0.000494
0.000454
0.000663
0.000467
0.003210
0.000670
0.001825
0.000492
0.000455
0.000662
0.000469
0.003042
--STOP--
++STRT++
0.000672
0.001832
0.000495
0.000455
0.000665
0.000470
0.003088
0.000670
0.001828
0.000494
0.000457
0.000662
0.000471
0.003044
--STOP--
++STRT++
0.000673
0.001828
0.000492
0.000455
0.000663
0.000470
0.003064
0.000670
0.001848
0.000494
0.000453
0.000663
0.000468
0.003044
--STOP--
++STRT++
0.000671
0.001848
0.000494
0.000457
0.000663
0.000469
0.003043
0.000670
0.001826
0.000494
0.000457
0.000663
0.000469
0.003052
--STOP--
++STRT++
0.000674
0.001834
0.000495
0.000457
0.000681
0.000467
0.003028
0.000691
0.001826
0.000492
0.000457
0.000663
0.000471
0.003062
--STOP--
++STRT++
0.000671
0.001846
0.000493
0.000457
0.000663
0.000471
0.003033
0.000673
0.001825
0.000495
0.000457
0.000665
0.000468
0.003088
--STOP--
++STRT++
0.000693
0.001844
0.000493
0.000456
0.000663
0.000469
0.003042
0.000673
0.001832
0.000496
0.000455
0.000663
0.000497
0.003034
--STOP--
++STRT++
0.000671
0.001824
0.000495
0.000457
0.000664
0.000467
0.003043
0.000671
0.001825
0.000495
0.000453
0.000663
0.000471
0.003063
--STOP--
++STRT++
0.000672
0.001829
0.000495
0.000457
0.000662
0.000470
0.003060
0.000670
0.001832
0.000494
0.000454
0.000663
0.000471
0.003043
--STOP--
++STRT++
0.000671
0.001831
0.000493
0.000456
0.000661
0.000723
0.003034
0.000671
0.001827
0.000494
0.000457
0.000661
0.000469
0.003088
--STOP--
++STRT++
0.000671
0.001847
0.000494
0.000457
0.000663
0.000469
0.003044
0.000672
0.001824
0.000494
0.000457
0.000664
0.000466
0.003069
--STOP--
++STRT++
0.000672
0.001826
0.000494
0.000455
0.000664
0.000468
0.003043
0.000672
0.001826
0.000494
0.000454
0.000663
0.000472
0.003034
--STOP--
++STRT++
0.000670
0.001826
0.000494
0.000458
0.000664
0.000467
0.003057
0.000674
0.001845
0.000494
0.000456
0.000665
0.000469
0.003043
--STOP--
++STRT++
0.000673
0.001833
0.000534
0.000455
0.000661
0.000468
0.003097
0.000671
0.001826
0.000494
0.000458
0.000663
0.000472
0.003054
--STOP--
++STRT++
0.000672
0.001831
0.000493
0.000456
0.000665
0.000470
0.003050
0.000672
0.001830
0.000494
0.000455
0.000664
0.000467
0.003042
--STOP--
++STRT++
0.000674
0.001828
0.000494
0.000499
0.000662
0.000469
0.003030
0.000673
0.001846
0.000494
0.000456
0.000663
0.000470
0.003046
--STOP--
++STRT++
0.000673
0.001845
0.000493
0.000456
0.000665
0.000468
0.003041
0.000669
0.001825
0.000492
0.000455
0.000666
0.000489
0.003033
--STOP--
++STRT++
0.000674
0.001830
0.000494
0.000455
0.000663
0.000469
0.003032
0.000672
0.001823
0.000495
0.000457
0.000663
0.000468
0.003054
--STOP--
++STRT++
0.000673
0.001826
0.000493
0.000457
0.000664
0.000469
0.003050
0.000672
0.001827
0.000494
0.000454
0.000665
0.000518
0.003031
--STOP--
++STRT++
0.000671
0.001831
0.000493
0.000457
0.000664
0.000471
0.003052
0.000672
0.001830
0.000496
0.000458
0.000663
0.000469
0.003051
--STOP--
++STRT++
0.000673
0.001870
0.000494
0.000454
0.000664
0.000471
0.003051
0.000674
0.001827
0.000495
0.000474
0.000666
0.000468
0.003042
--STOP--
++STRT++
0.000673
0.001826
0.000494
0.000456
0.000663
0.000468
0.003034
0.000690
0.001827
0.000494
0.000457
0.000663
0.000469
0.003037
--STOP--
++STRT++
0.000672
0.001850
0.000495
0.000458
0.000664
0.000467
0.003066
0.000673
0.001828
0.000494
0.000457
0.000664
0.000468
0.003043
--STOP--
++STRT++
0.000674
0.001873
0.000494
0.000455
0.000664
0.000470
0.003031
0.000672
0.001825
0.000496
0.000454
0.000683
0.000468
0.003040
--STOP--
++STRT++
0.000671
0.001827
0.000495
0.000454
0.000663
0.000496
0.003044
0.000671
0.001848
0.000494
0.000456
0.000665
0.000468
0.003033
--STOP--
++STRT++
0.000715
0.001832
0.000494
0.000456
0.000663
0.000467
0.003067
0.000673
0.001826
0.000516
0.000472
0.000663
0.000473
0.003044
--STOP--
++STRT++
0.000668
0.001830
0.000495
0.000493
0.000662
0.000468
0.003045
0.000671
0.001868
0.000494
0.000456
0.000665
0.000469
0.003034
--STOP--
++STRT++
0.000673
0.001874
0.000493
0.000453
0.000663
0.000468
0.003032
0.000672
0.001827
0.000494
0.000455
0.000662
0.000470
0.003042
--STOP--
++STRT++
0.000671
0.001848
0.000494
0.000457
0.000665
0.000467
0.003041
0.000672
0.001831
0.000495
0.000454
0.000662
0.000469
0.003057
--STOP--
++STRT++
0.000673
0.001828
0.000495
0.000454
0.000662
0.000470
0.003292
0.000672
0.001829
0.000514
0.000455
0.000664
0.000470
0.003043
--STOP--
++STRT++
0.000672
0.001829
0.000493
0.000456
0.000683
0.000487
0.003032
0.000689
0.001828
0.000494
0.000456
0.000663
0.000471
0.003065
--STOP--
++STRT++
0.000691
0.001866
0.000493
0.000455
0.000663
0.000470
0.003066
0.000675
0.001846
0.000495
0.000457
0.000663
0.000470
0.003032
--STOP--
++STRT++
0.000672
0.001831
0.000495
0.000475
0.000663
0.000468
0.003030
0.000670
0.001846
0.000494
0.000456
0.000664
0.000470
0.003046
--STOP--
++STRT++
0.000674
0.001830
0.000495
0.000454
0.000663
0.000471
0.003034
0.000673
0.001831
0.000494
0.000453
0.000664
0.000469
0.003029
--STOP--
++STRT++
0.000672
0.001832
0.000492
0.000455
0.000664
0.000468
0.003046
0.000670
0.001828
0.000495
0.000454
0.000665
0.000467
0.003081
--STOP--
++STRT++
0.000675
0.001823
0.000494
0.000454
0.000664
0.000471
0.003032
0.000694
0.001825
0.000494
0.000456
0.000663
0.000467
0.003060
--STOP--
++STRT++
0.000672
0.001832
0.000494
0.000456
0.000665
0.000470
0.003053
0.000670
0.001828
0.000493
0.000456
0.000692
0.000467
0.003045
--STOP--
++STRT++
0.000671
0.001826
0.000494
0.000457
0.000665
0.000470
0.003065
0.000671
0.001832
0.000496
0.000455
0.000663
0.000471
0.003044
--STOP--
++STRT++
0.000672
0.001829
0.000494
0.000452
0.000663
0.000468
0.003034
0.000673
0.001826
0.000495
0.000456
0.000663
0.000470
0.003044
--STOP--
++STRT++
0.000670
0.001827
0.000496
0.000455
0.000664
0.000471
0.003034
0.000674
0.001826
0.000493
0.000455
0.000663
0.000516
0.003046
--STOP--
++STRT++
0.000672
0.001826
0.000494
0.000454
0.000662
0.000467
0.003064
0.000671
0.001859
0.000494
0.000453
0.000664
0.000470
0.003052
--STOP--
++STRT++
0.000672
0.001824
0.000495
0.000457
0.000662
0.000720
0.003043
0.000670
0.001854
0.000495
0.000455
0.000666
0.000469
0.003033
--STOP--
++STRT++
0.000672
0.001825
0.000495
0.000473
0.000665
0.000468
0.003031
0.000670
0.001824
0.000495
0.000454
0.000665
0.000467
0.003054
--STOP--
++STRT++
0.000671
0.001824
0.000494
0.000458
0.000664
0.000470
0.003039
0.000669
0.001831
0.000495
0.000456
0.000664
0.000467
0.003052
--STOP--
++STRT++
0.000690
0.001825
0.000495
0.000454
0.000664
0.000469
0.003044
0.000669
0.001825
0.000495
0.000456
0.000665
0.000468
0.003053
--STOP--
++STRT++
0.000672
0.001830
0.000494
0.000455
0.000664
0.000467
0.003295
0.000672
0.001825
0.000493
0.000456
0.000665
0.000470
0.003043
--STOP--
++STRT++
0.000672
0.001847
0.000495
0.000457
0.000663
0.000468
0.003033
0.000671
0.001824
0.000493
0.000457
0.000664
0.000468
0.003043
--STOP--
++STRT++
0.000670
0.001831
0.000496
0.000457
0.000665
0.000468
0.003070
0.000672
0.001823
0.000497
0.000452
0.000666
0.000467
0.003033
--STOP--
++STRT++
0.000673
0.001830
0.000493
0.000456
0.000665
0.000515
0.003032
0.000674
0.001847
0.000494
0.000458
0.000665
0.000469
0.003055
--STOP--
++STRT++
0.000673
0.001832
0.000495
0.000455
0.000663
0.000470
0.003055
0.000672
0.001827
0.000494
0.000473
0.000662
0.000468
0.003044
--STOP--
++STRT++
0.000670
0.001824
0.000494
0.000457
0.000662
0.000489
0.003060
0.000673
0.001827
0.000493
0.000454
0.000662
0.000469
0.003041
--STOP--
++STRT++
0.000674
0.001850
0.000494
0.000453
0.000664
0.000468
0.003034
0.000673
0.001826
0.000495
0.000454
0.000662
0.000470
0.003064
--STOP--
++STRT++
0.000672
0.001955
0.000494
0.000454
0.000666
0.000468
0.003058
0.000671
0.001823
0.000515
0.000456
0.000663
0.000469
0.003031
--STOP--
++STRT++
0.000671
0.001830
0.000493
0.000456
0.000664
0.000470
0.003035
0.000675
0.001825
0.000492
0.000455
0.000663
0.000470
0.003064
--STOP--
++STRT++
0.000670
0.001826
0.000495
0.000455
0.000664
0.000468
0.003045
0.000673
0.001831
0.000494
0.000456
0.000664
0.000467
0.003029
--STOP--
++STRT++
0.000672
0.001829
0.000513
0.000456
0.000662
0.000471
0.003040
0.000673
0.001826
0.000494
0.000453
0.000662
0.000469
0.003055
--STOP--
++STRT++
0.000671
0.001833
0.000495
0.000455
0.000664
0.000469
0.003042
0.000673
0.001849
0.000493
0.000455
0.000662
0.000470
0.003030
--STOP--
++STRT++
0.000672
0.001827
0.000495
0.000455
0.000663
0.000468
0.003045
0.000671
0.001828
0.000494
0.000456
0.000662
0.000471
0.003032
--STOP--
++STRT++
0.000671
0.001830
0.000494
0.000455
0.000663
0.000489
0.003035
0.000672
0.001851
0.000495
0.000457
0.000663
0.000467
0.003031
--STOP--
++STRT++
0.000672
0.001823
0.000495
0.000475
0.000663
0.000471
0.003032
0.000670
0.001830
0.000495
0.000453
0.000664
0.000468
0.003064
--STOP--
++STRT++
0.000692
0.001830
0.000494
0.000455
0.000663
0.000470
0.003044
0.000674
0.001824
0.000513
0.000454
0.000664
0.000469
0.003036
--STOP--
++STRT++
0.000672
0.001827
0.000495
0.000471
0.000664
0.000469
0.003046
0.000670
0.001826
0.000493
0.000455
0.000663
0.000469
0.003064
--STOP--
++STRT++
0.000671
0.001826
0.000494
0.000455
0.000663
0.000469
0.003041
0.000669
0.001865
0.000494
0.000457
0.000662
0.000467
0.003067
--STOP--
++STRT++
0.000696
0.001831
0.000493
0.000454
0.000665
0.000468
0.003029
0.000671
0.001826
0.000495
0.000454
0.000663
0.000470
0.003050
--STOP--
++STRT++
0.000670
0.001825
0.000494
0.000454
0.000662
0.000489
0.003034
0.000691
0.001825
0.000493
0.000455
0.000665
0.000469
0.003065
--STOP--
++STRT++
0.000690
0.001825
0.000494
0.000457
0.000664
0.000470
0.003067
0.000672
0.001846
0.000494
0.000453
0.000665
0.000470
0.003034
--STOP--
++STRT++
0.000672
0.001830
0.000494
0.000453
0.000665
0.000488
0.003046
0.000673
0.001850
0.000496
0.000455
0.000665
0.000469
0.003040
--STOP--
++STRT++
0.000673
0.001825
0.000493
0.000453
0.000680
0.000467
0.003043
0.000671
0.001847
0.000495
0.000457
0.000664
0.000469
0.003044
--STOP--
++STRT++
0.000671
0.001851
0.000493
0.000457
0.000662
0.000469
0.003030
0.000672
0.001824
0.000496
0.000454
0.000664
0.000470
0.003035
--STOP--
++STRT++
0.000673
0.001831
0.000495
0.000455
0.000663
0.000468
0.003063
0.000671
0.001825
0.000494
0.000454
0.000664
0.000472
0.003068
--STOP--
++STRT++
0.000672
0.001831
0.000494
0.000454
0.000663
0.000470
0.003054
0.000673
0.001825
0.000493
0.000454
0.000663
0.000468
0.003032
--STOP--
++STRT++
0.000673
0.001824
0.000493
0.000474
0.000663
0.000468
0.003042
0.000671
0.001845
0.000496
0.000455
0.000663
0.000470
0.003046
--STOP--
++STRT++
0.000671
0.001828
0.000494
0.000558
0.000663
0.000469
0.003045
0.000670
0.001825
0.000495
0.000454
0.000663
0.000468
0.003043
--STOP--
++STRT++
0.000671
0.001830
0.000495
0.000456
0.000663
0.000469
0.003032
0.000674
0.001848
0.000495
0.000454
0.000663
0.000468
0.003085
--STOP--
++STRT++
0.000670
0.001849
0.000494
0.000456
0.000663
0.000469
0.003031
0.000672
0.001824
0.000497
0.000452
0.000663
0.000468
0.003084
--STOP--
++STRT++
0.000671
0.001827
0.000494
0.000455
0.000682
0.000469
0.003034
0.000671
0.001829
0.000493
0.000455
0.000664
0.000468
0.003059
--STOP--
++STRT++
0.000671
0.001827
0.000493
0.000456
0.000663
0.000468
0.003090
0.000672
0.001827
0.000494
0.000453
0.000664
0.000468
0.003043
--STOP--
++STRT++
0.000672
0.001832
0.000494
0.000455
0.000680
0.000466
0.003030
0.000672
0.001849
0.000494
0.000453
0.000664
0.000466
0.003041
--STOP--
++STRT++
0.000673
0.001830
0.000494
0.000454
0.000663
0.000467
0.003044
0.000670
0.001826
0.000494
0.000454
0.000664
0.000470
0.003062
--STOP--
++STRT++
0.000671
0.001845
0.000494
0.000454
0.000662
0.000470
0.003043
0.000671
0.001828
0.000494
0.000456
0.000663
0.000468
0.003033
--STOP--
++STRT++
0.000672
0.001827
0.000494
0.000456
0.000665
0.000467
0.003046
0.000672
0.001831
0.000518
0.000454
0.000664
0.000469
0.003036
--STOP--
++STRT++
0.000674
0.001827
0.000496
0.000474
0.000665
0.000468
0.003041
0.000672
0.001824
0.000495
0.000454
0.000662
0.000468
0.003063
--STOP--
++STRT++
0.000689
0.001830
0.000495
0.000453
0.000665
0.000470
0.003065
0.000674
0.001845
0.000493
0.000455
0.000664
0.000472
0.003032
--STOP--
++STRT++
0.000672
0.001847
0.000492
0.000453
0.000662
0.000470
0.003043
0.000671
0.001829
0.000494
0.000455
0.000665
0.000470
0.003040
--STOP--
++STRT++
0.000673
0.001830
0.000496
0.000457
0.000706
0.000467
0.003036
0.000670
0.001826
0.000494
0.000454
0.000663
0.000468
0.003044
--STOP--
++STRT++
0.000671
0.001849
0.000493
0.000454
0.000664
0.000470
0.003064
0.000673
0.001825
0.000517
0.000455
0.000662
0.000468
0.003044
--STOP--
++STRT++
0.000671
0.001825
0.000514
0.000453
0.000662
0.000471
0.003046
0.000671
0.001825
0.000495
0.000455
0.000666
0.000468
0.003070
--STOP--
++STRT++
0.000670
0.001828
0.000493
0.000454
0.000662
0.000469
0.003032
0.000672
0.001859
0.000494
0.000454
0.000665
0.000470
0.003056
--STOP--
++STRT++
0.000694
0.001830
0.000494
0.000455
0.000663
0.000467
0.003053
0.000672
0.001824
0.000494
0.000457
0.000662
0.000469
0.003047
--STOP--
++STRT++
0.000670
0.001827
0.000518
0.000454
0.000663
0.000467
0.003042
0.000717
0.001823
0.000493
0.000455
0.000663
0.000468
0.003044
--STOP--
++STRT++
0.000670
0.001824
0.000494
0.000454
0.000664
0.000467
0.003031
0.000672
0.001824
0.000494
0.000455
0.000664
0.000469
0.003042
--STOP--
++STRT++
0.000671
0.001826
0.000494
0.000456
0.000665
0.000468
0.003031
0.000693
0.001832
0.000495
0.000455
0.000662
0.000469
0.003064
--STOP--
++STRT++
0.000671
0.001830
0.000495
0.000455
0.000662
0.000468
0.003034
0.000672
0.001831
0.000493
0.000457
0.000664
0.000466
0.003042
--STOP--
++STRT++
0.000670
0.001825
0.000494
0.000456
0.000663
0.000470
0.003276
0.000672
0.001849
0.000494
0.000455
0.000663
0.000471
0.003045
--STOP--
++STRT++
0.000672
0.001832
0.000497
0.000456
0.000664
0.000467
0.003036
0.000671
0.001827
0.000494
0.000456
0.000664
0.000509
0.003081
--STOP--
++STRT++
0.000672
0.001826
0.000495
0.000453
0.000662
0.000469
0.003059
0.000672
0.001849
0.000493
0.000454
0.000661
0.000466
0.003032
--STOP--
++STRT++
0.000672
0.001824
0.000493
0.000456
0.000664
0.000468
0.003030
0.000671
0.001847
0.000492
0.000453
0.000663
0.000467
0.003033
--STOP--
++STRT++
0.000670
0.001831
0.000494
0.000454
0.000666
0.000469
0.003030
0.000670
0.001826
0.000492
0.000454
0.000664
0.000471
0.003033
--STOP--
++STRT++
0.000673
0.001823
0.000496
0.000456
0.000664
0.000467
0.003031
0.000689
0.001829
0.000494
0.000457
0.000664
0.000468
0.003070
--STOP--
++STRT++
0.000672
0.001846
0.000494
0.000454
0.000664
0.000471
0.003046
0.000673
0.001832
0.000496
0.000454
0.000665
0.000469
0.003060
--STOP--
++STRT++
0.000671
0.001826
0.000492
0.000456
0.000664
0.000467
0.003054
0.000672
0.001823
0.000494
0.000457
0.000681
0.000469
0.003030
--STOP--
++STRT++
0.000674
0.001829
0.000495
0.000456
0.000664
0.000470
0.003029
0.000670
0.001825
0.000495
0.000455
0.000665
0.000468
0.003050
--STOP--
++STRT++
0.000673
0.001826
0.000493
0.000455
0.000662
0.000504
0.003031
0.000671
0.001846
0.000494
0.000452
0.000664
0.000469
0.003043
--STOP--
++STRT++
0.000672
0.001831
0.000494
0.000453
0.000664
0.000471
0.003050
0.000670
0.001848
0.000495
0.000454
0.000666
0.000470
0.003035
--STOP--
++STRT++
0.000671
0.001846
0.000494
0.000457
0.000664
0.000468
0.003032
0.000671
0.001825
0.000495
0.000453
0.000663
0.000470
0.003064
--STOP--
++STRT++
0.000671
0.001831
0.000495
0.000453
0.000664
0.000471
0.003033
0.000669
0.001831
0.000494
0.000454
0.000663
0.000470
0.003042
--STOP--
++STRT++
0.000671
0.001846
0.000493
0.000455
0.000662
0.000467
0.003030
0.000671
0.001849
0.000495
0.000456
0.000664
0.000468
0.003044
--STOP--
++STRT++
0.000674
0.001844
0.000494
0.000456
0.000663
0.000467
0.003042
0.000670
0.001824
0.000495
0.000455
0.000683
0.000467
0.003030
--STOP--
++STRT++
0.000673
0.001829
0.000494
0.000456
0.000663
0.000468
0.003029
0.000670
0.001825
0.000494
0.000456
0.000665
0.000468
0.003042
--STOP--
++STRT++
0.000670
0.001826
0.000494
0.000454
0.000666
0.000467
0.003060
0.000670
0.001826
0.000494
0.000456
0.000662
0.000468
0.003045
--STOP--
++STRT++
0.000671
0.001826
0.000494
0.000456
0.000665
0.000469
0.003052
0.000670
0.001846
0.000494
0.000453
0.000664
0.000470
0.003072
--STOP--
++STRT++
0.000670
0.001826
0.000495
0.000455
0.000664
0.000471
0.003042
0.000693
0.001827
0.000496
0.000454
0.000665
0.000469
0.003065
--STOP--
++STRT++
0.000673
0.001825
0.000494
0.000453
0.000661
0.000470
0.003056
0.000672
0.001830
0.000493
0.000478
0.000686
0.000469
0.003033
--STOP--
++STRT++
0.000673
0.001830
0.000495
0.000457
0.000665
0.000468
0.003098
0.000671
0.001852
0.000494
0.000454
0.000664
0.000468
0.003065
--STOP--
++STRT++
0.000672
0.001829
0.000495
0.000458
0.000662
0.000467
0.003059
0.000671
0.001829
0.000493
0.000456
0.000663
0.000491
0.003041
--STOP--
++STRT++
0.000670
0.001826
0.000495
0.000456
0.000663
0.000469
0.003029
0.000673
0.001848
0.000492
0.000454
0.000666
0.000468
0.003043
--STOP--
++STRT++
0.000690
0.001825
0.000495
0.000456
0.000664
0.000468
0.003104
0.000671
0.001826
0.000494
0.000477
0.000664
0.000467
0.003042
--STOP--
++STRT++
0.000671
0.001824
0.000494
0.000454
0.000664
0.000470
0.003031
0.000670
0.001824
0.000494
0.000455
0.000665
0.000468
0.003066
--STOP--
++STRT++
0.000670
0.001831
0.000494
0.000456
0.000664
0.000470
0.003051
0.000670
0.001825
0.000549
0.000476
0.000665
0.000469
0.003136
--STOP--
++STRT++
0.000672
0.001826
0.000494
0.000456
0.000665
0.000468
0.003052
0.000673
0.001826
0.000493
0.000456
0.000663
0.000471
0.003029
--STOP--
++STRT++
0.000673
0.001829
0.000496
0.000456
0.000663
0.000467
0.003050
0.000671
0.001846
0.000495
0.000455
0.000663
0.000470
0.003044
--STOP--
++STRT++
0.000672
0.001848
0.000494
0.000457
0.000664
0.000469
0.003034
0.000671
0.001830
0.000495
0.000457
0.000662
0.000468
0.003036
--STOP--
++STRT++
0.000671
0.001825
0.000493
0.000455
0.000662
0.000470
0.003063
0.000672
0.001824
0.000494
0.000453
0.000663
0.000468
0.003032
--STOP--
++STRT++
0.000671
0.001825
0.000496
0.000455
0.000663
0.000469
0.003043
0.000669
0.001845
0.000494
0.000456
0.000664
0.000469
0.003044
--STOP--
++STRT++
0.000671
0.001827
0.000513
0.000452
0.000663
0.000469
0.003031
0.000674
0.001828
0.000493
0.000454
0.000696
0.000470
0.003049
--STOP--
++STRT++
0.000690
0.001823
0.000495
0.000453
0.000664
0.000467
0.003057
0.000673
0.001825
0.000495
0.000456
0.000663
0.000469
0.003046
--STOP--
++STRT++
0.000671
0.001826
0.000496
0.000454
0.000664
0.000469
0.003044
0.000693
0.001830
0.000495
0.000455
0.000661
0.000468
0.003032
--STOP--
++STRT++
0.000671
0.001845
0.000495
0.000454
0.000665
0.000470
0.003033
0.000671
0.001824
0.000493
0.000474
0.000662
0.000468
0.003034
--STOP--
++STRT++
0.000669
0.001831
0.000493
0.000456
0.000665
0.000490
0.003046
0.000671
0.001855
0.000495
0.000455
0.000663
0.000470
0.003032
--STOP--
++STRT++
0.000671
0.001831
0.000497
0.000454
0.000662
0.000470
0.003056
0.000672
0.001827
0.000494
0.000454
0.000664
0.000467
0.003053
--STOP--
++STRT++
0.000690
0.001827
0.000495
0.000452
0.000662
0.000468
0.003062
0.000671
0.001828
0.000493
0.000457
0.000663
0.000471
0.003030
--STOP--
++STRT++
0.000671
0.001829
0.000494
0.000458
0.000665
0.000468
0.003032
0.000689
0.001822
0.000495
0.000455
0.000664
0.000468
0.003045
--STOP--
++STRT++
0.000670
0.001844
0.000495
0.000455
0.000664
0.000469
0.003031
0.000672
0.001829
0.000494
0.000454
0.000662
0.000472
0.003042
--STOP--
++STRT++
0.000671
0.001831
0.000495
0.000458
0.000665
0.000469
0.003058
0.000672
0.001826
0.000494
0.000454
0.000683
0.000470
0.003031
--STOP--
++STRT++
0.000673
0.001826
0.000495
0.000454
0.000664
0.000490
0.003061
0.000672
0.001869
0.000493
0.000454
0.000662
0.000470
0.003068
--STOP--
++STRT++
0.000670
0.001844
0.000495
0.000455
0.000663
0.000468
0.003030
0.000670
0.001828
0.000495
0.000457
0.000664
0.000470
0.003079
--STOP--
++STRT++
0.000670
0.001831
0.000493
0.000456
0.000664
0.000470
0.003034
0.000671
0.001851
0.000493
0.000455
0.000662
0.000489
0.003044
--STOP--
++STRT++
0.000672
0.001827
0.000495
0.000453
0.000663
0.000467
0.003052
0.000671
0.001825
0.000494
0.000454
0.000664
0.000467
0.003031
--STOP--
++STRT++
0.000671
0.001830
0.000494
0.000454
0.000664
0.000467
0.003050
0.000670
0.001872
0.000493
0.000454
0.000663
0.000467
0.003042
--STOP--
++STRT++
0.000676
0.001830
0.000493
0.000454
0.000707
0.000470
0.003034
0.000672
0.001828
0.000494
0.000456
0.000665
0.000469
0.003034
--STOP--
++STRT++
0.000672
0.001849
0.000496
0.000457
0.000665
0.000469
0.003030
0.000691
0.001823
0.000495
0.000606
0.000664
0.000470
0.003051
--STOP--
++STRT++
0.000673
0.001897
0.000496
0.000454
0.000663
0.000470
0.003035
0.000672
0.001828
0.000495
0.000455
0.000663
0.000467
0.003061
--STOP--
++STRT++
0.000670
0.001844
0.000495
0.000454
0.000664
0.000469
0.003029
0.000671
0.001825
0.000494
0.000455
0.000664
0.000522
0.003044
--STOP--
++STRT++
0.000672
0.001828
0.000494
0.000455
0.000664
0.000470
0.003066
0.000671
0.001830
0.000494
0.000456
0.000665
0.000490
0.003043
--STOP--
++STRT++
0.000672
0.001828
0.000493
0.000455
0.000663
0.000469
0.003080
0.000671
0.001829
0.000495
0.000453
0.000665
0.000471
0.003043
--STOP--
++STRT++
0.000675
0.001849
0.000493
0.000455
0.000664
0.000469
0.003044
0.000672
0.001826
0.000494
0.000455
0.000662
0.000471
0.003062
--STOP--
++STRT++
0.000672
0.001825
0.000493
0.000455
0.000662
0.000469
0.003051
0.000672
0.001825
0.000494
0.000453
0.000664
0.000469
0.003032
--STOP--
++STRT++
0.000671
0.001850
0.000493
0.000454
0.000664
0.000471
0.003033
0.000671
0.001826
0.000494
0.000455
0.000665
0.000467
0.003040
--STOP--
++STRT++
0.000671
0.001830
0.000492
0.000455
0.000665
0.000469
0.003060
0.000672
0.001928
0.000494
0.000453
0.000663
0.000467
0.003029
--STOP--
++STRT++
0.000670
0.001825
0.000495
0.000456
0.000664
0.000468
0.003031
0.000672
0.001824
0.000494
0.000454
0.000662
0.000468
0.003033
--STOP--
++STRT++
0.000672
0.001828
0.000494
0.000457
0.000663
0.000470
0.003042
0.000671
0.001825
0.000494
0.000456
0.000665
0.000469
0.003047
--STOP--
++STRT++
0.000673
0.001872
0.000493
0.000456
0.000663
0.000470
0.003040
0.000671
0.001832
0.000494
0.000472
0.000665
0.000467
0.003031
--STOP--
++STRT++
0.000672
0.001827
0.000495
0.000456
0.000663
0.000470
0.003047
0.000671
0.001848
0.000492
0.000456
0.000664
0.000468
0.003031
--STOP--
++STRT++
0.000673
0.001832
0.000495
0.000457
0.000663
0.000471
0.003033
0.000672
0.001826
0.000494
0.000454
0.000666
0.000470
0.003032
--STOP--
++STRT++
0.000672
0.001828
0.000518
0.000455
0.000665
0.000470
0.003043
0.000672
0.001824
0.000494
0.000455
0.000663
0.000467
0.003059
--STOP--
++STRT++
0.000695
0.001828
0.000495
0.000457
0.000661
0.000470
0.003085
0.000672
0.001829
0.000495
0.000454
0.000662
0.000471
0.003058
--STOP--
++STRT++
0.000670
0.001828
0.000493
0.000454
0.000664
0.000471
0.003031
0.000671
0.001825
0.000493
0.000455
0.000684
0.000469
0.003031
--STOP--
++STRT++
0.000672
0.001830
0.000493
0.000454
0.000664
0.000468
0.003042
0.000669
0.001846
0.000493
0.000455
0.000665
0.000470
0.003047
--STOP--
++STRT++
0.000671
0.001826
0.000495
0.000454
0.000663
0.000471
0.003033
0.000669
0.001828
0.000495
0.000453
0.000663
0.000470
0.003043
--STOP--
++STRT++
0.000672
0.001846
0.000496
0.000457
0.000663
0.000470
0.003030
0.000672
0.001830
0.000494
0.000455
0.000662
0.000470
0.003055
--STOP--
++STRT++
0.000671
0.001832
0.000494
0.000455
0.000664
0.000468
0.003035
0.000672
0.001826
0.000495
0.000456
0.000664
0.000468
0.003054
--STOP--
++STRT++
0.000670
0.001829
0.000495
0.000456
0.000662
0.000470
0.003057
0.000672
0.001830
0.000493
0.000477
0.000665
0.000471
0.003033
--STOP--
++STRT++
0.000672
0.001831
0.000495
0.000453
0.000663
0.000471
0.003031
0.000672
0.001847
0.000495
0.000455
0.000664
0.000468
0.003033
--STOP--
++STRT++
0.000674
0.001847
0.000495
0.000455
0.000664
0.000467
0.003033
0.000671
0.001830
0.000493
0.000457
0.000664
0.000468
0.003044
--STOP--
++STRT++
0.000673
0.001848
0.000494
0.000456
0.000663
0.000467
0.003032
0.000671
0.001830
0.000495
0.000453
0.000665
0.000469
0.003067
--STOP--
++STRT++
0.000670
0.001825
0.000495
0.000455
0.000664
0.000471
0.003060
0.000669
0.001825
0.000493
0.000456
0.000684
0.000468
0.003035
--STOP--
++STRT++
0.000673
0.001871
0.000495
0.000453
0.000665
0.000467
0.003042
0.000671
0.001824
0.000493
0.000456
0.000665
0.000470
0.003049
--STOP--
++STRT++
0.000669
0.001830
0.000495
0.000455
0.000662
0.000469
0.003058
0.000671
0.001825
0.000494
0.000455
0.000689
0.000469
0.003046
--STOP--
++STRT++
0.000675
0.001830
0.000493
0.000455
0.000666
0.000467
0.003043
0.000671
0.001826
0.000493
0.000455
0.000664
0.000468
0.003043
--STOP--
++STRT++
0.000671
0.001858
0.000494
0.000455
0.000666
0.000467
0.003057
0.000673
0.001825
0.000495
0.000472
0.000665
0.000469
0.003043
--STOP--
++STRT++
0.000674
0.001826
0.000495
0.000456
0.000687
0.000469
0.003043
0.000670
0.001831
0.000494
0.000456
0.000663
0.000468
0.003053
--STOP--
++STRT++
0.000672
0.001846
0.000495
0.000455
0.000664
0.000469
0.003064
0.000671
0.001829
0.000515
0.000456
0.000665
0.000470
0.003040
--STOP--
++STRT++
0.000673
0.001824
0.000494
0.000457
0.000663
0.000469
0.003054
0.000670
0.001847
0.000496
0.000455
0.000664
0.000470
0.003045
--STOP--
++STRT++
0.000671
0.001831
0.000516
0.000456
0.000664
0.000470
0.003043
0.000673
0.001827
0.000494
0.000454
0.000664
0.000469
0.003050
--STOP--
++STRT++
0.000672
0.001847
0.000495
0.000457
0.000664
0.000470
0.003046
0.000673
0.001825
0.000492
0.000455
0.000666
0.000467
0.003043
--STOP--
++STRT++
0.000671
0.001829
0.000494
0.000456
0.000663
0.000467
0.003043
0.000671
0.001826
0.000494
0.000454
0.000664
0.000468
0.003047
--STOP--
++STRT++
0.000669
0.001832
0.000495
0.000477
0.000664
0.000468
0.003036
0.000671
0.001824
0.000495
0.000455
0.000866
0.000469
0.003058
--STOP--
++STRT++
0.000690
0.001827
0.000496
0.000456
0.000665
0.000468
0.003040
0.000671
0.001830
0.000512
0.000455
0.000664
0.000468
0.003031
--STOP--
++STRT++
0.000670
0.001826
0.000493
0.000454
0.000684
0.000470
0.003032
0.000670
0.001850
0.000495
0.000456
0.000664
0.000468
0.003030
--STOP--
++STRT++
0.000673
0.001824
0.000495
0.000456
0.000683
0.000468
0.003041
0.000672
0.001846
0.000493
0.000455
0.000664
0.000468
0.003042
--STOP--
++STRT++
0.000669
0.001850
0.000492
0.000455
0.000663
0.000469
0.003045
0.000671
0.001829
0.000493
0.000457
0.000663
0.000469
0.003054
--STOP--
++STRT++
0.000671
0.001830
0.000494
0.000457
0.000662
0.000469
0.003383
0.000721
0.001870
0.000493
0.000455
0.000663
0.000470
0.003048
--STOP--
++STRT++
0.000671
0.001831
0.000494
0.000454
0.000665
0.000469
0.003041
0.000669
0.001825
0.000494
0.000455
0.000664
0.000486
0.003046
--STOP--
++STRT++
0.000672
0.001827
0.000496
0.000455
0.000664
0.000469
0.003061
0.000671
0.001827
0.000495
0.000454
0.000665
0.000467
0.003046
--STOP--
++STRT++
0.000671
0.001825
0.000495
0.000454
0.000663
0.000468
0.003032
0.000669
0.001826
0.000495
0.000454
0.000663
0.000468
0.003031
--STOP--
++STRT++
0.000694
0.001832
0.000495
0.000454
0.000691
0.000467
0.003052
0.000672
0.001824
0.000495
0.000454
0.000684
0.000466
0.003044
--STOP--
++STRT++
0.000671
0.001832
0.000494
0.000454
0.000664
0.000467
0.003052
0.000670
0.001848
0.000495
0.000453
0.000662
0.000470
0.003048
--STOP--
++STRT++
0.000673
0.001851
0.000495
0.000455
0.000665
0.000469
0.003042
0.000675
0.001826
0.000495
0.000456
0.000664
0.000470
0.003079
--STOP--
++STRT++
0.000673
0.001831
0.000495
0.000455
0.000664
0.000467
0.003051
0.000673
0.001826
0.000495
0.000456
0.000662
0.000469
0.003044
--STOP--
++STRT++
0.000672
0.001825
0.000495
0.000457
0.000665
0.000468
0.003059
0.000671
0.001826
0.000494
0.000457
0.000664
0.000470
0.003044
--STOP--
++STRT++
0.000672
0.001829
0.000494
0.000456
0.000665
0.000492
0.003045
0.000671
0.001830
0.000493
0.000456
0.000664
0.000470
0.003044
--STOP--
++STRT++
0.000671
0.001854
0.000493
0.000455
0.000663
0.000470
0.003032
0.000671
0.001825
0.000495
0.000458
0.000663
0.000470
0.003029
--STOP--
++STRT++
0.000673
0.001826
0.000494
0.000456
0.000665
0.000466
0.003029
0.000671
0.001824
0.000493
0.000455
0.000663
0.000469
0.003032
--STOP--
++STRT++
0.000673
0.001845
0.000494
0.000452
0.000663
0.000472
0.003044
0.000670
0.001824
0.000494
0.000454
0.000664
0.000467
0.003061
--STOP--
++STRT++
0.000669
0.001829
0.000492
0.000455
0.000662
0.000468
0.003056
0.000672
0.001852
0.000494
0.000455
0.000664
0.000468
0.003031
--STOP--
++STRT++
0.000673
0.001830
0.000496
0.000475
0.000663
0.000467
0.003032
0.000672
0.001828
0.000495
0.000453
0.000662
0.000467
0.003045
--STOP--
++STRT++
0.000673
0.001845
0.000496
0.000457
0.000663
0.000468
0.003031
0.000670
0.001827
0.000496
0.000486
0.000688
0.000467
0.003033
--STOP--
++STRT++
0.000673
0.001825
0.000495
0.000456
0.000664
0.000470
0.003053
0.000672
0.001848
0.000495
0.000455
0.000663
0.000469
0.003054
--STOP--
++STRT++
0.000693
0.001868
0.000495
0.000453
0.000666
0.000469
0.003045
0.000671
0.001829
0.000493
0.000458
0.000664
0.000469
0.003052
--STOP--
++STRT++
0.000672
0.001850
0.000493
0.000454
0.000663
0.000466
0.003033
0.000671
0.001826
0.000494
0.000454
0.000680
0.000467
0.003033
--STOP--
++STRT++
0.000671
0.001827
0.000495
0.000453
0.000664
0.000523
0.003031
0.000672
0.001824
0.000495
0.000456
0.000662
0.000469
0.003069
--STOP--
++STRT++
0.000670
0.001835
0.000495
0.000454
0.000664
0.000468
0.003051
0.000671
0.001829
0.000494
0.000456
0.000698
0.000471
0.003033
--STOP--
++STRT++
0.000673
0.001827
0.000494
0.000456
0.000665
0.000467
0.003032
0.000672
0.001828
0.000494
0.000456
0.000664
0.000468
0.003045
--STOP--
++STRT++
0.000675
0.001826
0.000493
0.000456
0.000662
0.000468
0.003034
0.000674
0.001849
0.000495
0.000456
0.000662
0.000468
0.003046
--STOP--
++STRT++
0.000671
0.001825
0.000495
0.000455
0.000663
0.000471
0.003033
0.000688
0.001827
0.000494
0.000452
0.000665
0.000469
0.003032
--STOP--
++STRT++
0.000671
0.001850
0.000495
0.000456
0.000663
0.000471
0.003041
0.000671
0.001827
0.000497
0.000455
0.000663
0.000469
0.003053
--STOP--
++STRT++
0.000672
0.001823
0.000494
0.000454
0.000665
0.000469
0.003044
0.000672
0.001830
0.000495
0.000455
0.000665
0.000491
0.003029
--STOP--
++STRT++
0.000671
0.001828
0.000494
0.000455
0.000664
0.000469
0.003053
0.000671
0.001828
0.000514
0.000455
0.000664
0.000469
0.003035
--STOP--
++STRT++
0.000670
0.001829
0.000494
0.000456
0.000704
0.000467
0.003035
0.000672
0.001843
0.000493
0.000456
0.000665
0.000469
0.003046
--STOP--
++STRT++
0.000670
0.001826
0.000493
0.000454
0.000662
0.000472
0.003041
0.000690
0.001824
0.000493
0.000455
0.000664
0.000467
0.003061
--STOP--
++STRT++
0.000671
0.001846
0.000496
0.000455
0.000664
0.000471
0.003046
0.000672
0.001826
0.000494
0.000457
0.000663
0.000467
0.003031
--STOP--
++STRT++
0.000673
0.001830
0.000494
0.000455
0.000665
0.000468
0.003052
0.000672
0.001825
0.000494
0.000454
0.000664
0.000471
0.003032
--STOP--
++STRT++
0.000673
0.001826
0.000494
0.000454
0.000684
0.000468
0.003031
0.000672
0.001844
0.000493
0.000456
0.000663
0.000469
0.003041
--STOP--
++STRT++
0.000672
0.001827
0.000495
0.000455
0.000663
0.000470
0.003033
0.000697
0.001829
0.000495
0.000458
0.000664
0.000471
0.003045
--STOP--
++STRT++
0.000672
0.001846
0.000495
0.000455
0.000665
0.000468
0.003033
0.000670
0.001828
0.000494
0.000456
0.000665
0.000468
0.003033
--STOP--
++STRT++
0.000671
0.001846
0.000495
0.000456
0.000664
0.000469
0.003044
0.000672
0.001825
0.000495
0.000456
0.000664
0.000467
0.003054
--STOP--
++STRT++
0.000672
0.001847
0.000494
0.000456
0.000664
0.000469
0.003034
0.000672
0.001827
0.000495
0.000457
0.000665
0.000469
0.003034
--STOP--
++STRT++
0.000674
0.001824
0.000495
0.000454
0.000666
0.000469
0.003044
0.000673
0.001847
0.000495
0.000456
0.000663
0.000468
0.003029
--STOP--
++STRT++
0.000673
0.001829
0.000494
0.000457
0.000748
0.000467
0.003046
0.000672
0.001825
0.000494
0.000456
0.000663
0.000466
0.003043
--STOP--
++STRT++
0.000673
0.001848
0.000494
0.000454
0.000664
0.000467
0.003032
0.000670
0.001832
0.000496
0.000455
0.000665
0.000468
0.003042
--STOP--
++STRT++
0.000672
0.001825
0.000493
0.000455
0.000666
0.000470
0.003059
0.000674
0.001847
0.000494
0.000455
0.000664
0.000468
0.003028
--STOP--
++STRT++
0.000670
0.001846
0.000492
0.000455
0.000664
0.000469
0.003043
0.000672
0.001831
0.000496
0.000455
0.000666
0.000470
0.003064
--STOP--
++STRT++
0.000673
0.001827
0.000497
0.000456
0.000666
0.000469
0.003054
0.000672
0.001829
0.000495
0.000456
0.000665
0.000470
0.003047
--STOP--
++STRT++
0.000674
0.001828
0.000495
0.000456
0.000666
0.000467
0.003071
0.000671
0.001824
0.000495
0.000474
0.000664
0.000467
0.003032
--STOP--
++STRT++
0.000671
0.001826
0.000494
0.000456
0.000663
0.000469
0.003068
0.000670
0.001832
0.000511
0.000456
0.000662
0.000467
0.003034
--STOP--
++STRT++
0.000672
0.001825
0.000494
0.000457
0.000682
0.000468
0.003034
0.000691
0.001830
0.000495
0.000456
0.000665
0.000469
0.003045
--STOP--
++STRT++
0.000673
0.001846
0.000494
0.000458
0.000663
0.000468
0.003033
0.000674
0.001829
0.000495
0.000454
0.000662
0.000467
0.003031
--STOP--
++STRT++
0.000671
0.001829
0.000494
0.000456
0.000664
0.000468
0.003305
0.000673
0.001827
0.000496
0.000457
0.000664
0.000469
0.003043
--STOP--
++STRT++
0.000672
0.001825
0.000494
0.000454
0.000665
0.000487
0.003042
0.000672
0.001855
0.000496
0.000455
0.000662
0.000470
0.003042
--STOP--
++STRT++
0.000671
0.001830
0.000495
0.000455
0.000663
0.000470
0.003032
0.000669
0.001832
0.000494
0.000455
0.000665
0.000470
0.003035
--STOP--
++STRT++
0.000672
0.001828
0.000493
0.000456
0.000664
0.000468
0.003054
0.000670
0.001826
0.000518
0.000451
0.000663
0.000469
0.003042
--STOP--
++STRT++
0.000671
0.001825
0.000494
0.000456
0.000664
0.000491
0.003036
0.000672
0.001844
0.000493
0.000456
0.000663
0.000471
0.003042
--STOP--
++STRT++
0.000672
0.001830
0.000516
0.000455
0.000664
0.000467
0.003043
0.000670
0.001825
0.000495
0.000453
0.000662
0.000472
0.003058
--STOP--
++STRT++
0.000671
0.001878
0.000495
0.000457
0.000664
0.000466
0.003043
0.000672
0.001825
0.000496
0.000456
0.000662
0.000467
0.003041
--STOP--
++STRT++
0.000673
0.001823
0.000494
0.000457
0.000662
0.000469
0.003034
0.000672
0.001849
0.000494
0.000453
0.000662
0.000469
0.003043
--STOP--
++STRT++
0.000672
0.001824
0.000517
0.000453
0.000665
0.000470
0.003042
0.000673
0.001833
0.000492
0.000455
0.000664
0.000488
0.003030
--STOP--
++STRT++
0.000673
0.001829
0.000495
0.000457
0.000665
0.000522
0.003066
0.000673
0.001831
0.000495
0.000456
0.000663
0.000470
0.003041
--STOP--
++STRT++
0.000671
0.001828
0.000493
0.000454
0.000663
0.000469
0.003043
0.000671
0.001832
0.000496
0.000455
0.000663
0.000469
0.003056
--STOP--
++STRT++
0.000689
0.001826
0.000495
0.000457
0.000663
0.000468
0.003042
0.000672
0.001826
0.000493
0.000479
0.000663
0.000467
0.003040
--STOP--
++STRT++
0.000672
0.001827
0.000495
0.000454
0.000663
0.000471
0.003033
0.000672
0.001832
0.000493
0.000455
0.000663
0.000472
0.003032
--STOP--
++STRT++
0.000673
0.001825
0.000493
0.000456
0.000665
0.000493
0.003028
0.000693
0.001834
0.000493
0.000454
0.000664
0.000469
0.003076
--STOP--
++STRT++
0.000673
0.001849
0.000495
0.000453
0.000664
0.000471
0.003035
0.000673
0.001828
0.000495
0.000453
0.000662
0.000468
0.003031
--STOP--
++STRT++
0.000670
0.001823
0.000496
0.000454
0.000664
0.000471
0.003033
0.000670
0.001829
0.000494
0.000457
0.000664
0.000472
0.003083
--STOP--
++STRT++
0.000671
0.001823
0.000492
0.000454
0.000662
0.000468
0.003299
0.000671
0.001845
0.000494
0.000455
0.000665
0.000471
0.003050
--STOP--
++STRT++
0.000672
0.001827
0.000494
0.000458
0.000664
0.000469
0.003068
0.000672
0.001849
0.000494
0.000456
0.000663
0.000469
0.003043
--STOP--
++STRT++
0.000672
0.001846
0.000492
0.000458
0.000663
0.000468
0.003053
0.000670
0.001824
0.000492
0.000454
0.000662
0.000471
0.003046
--STOP--
++STRT++
0.000672
0.001832
0.000494
0.000454
0.000683
0.000469
0.003034
0.000671
0.001848
0.000493
0.000457
0.000663
0.000470
0.003034
--STOP--
++STRT++
0.000673
0.001832
0.000496
0.000454
0.000663
0.000470
0.003060
0.000672
0.001826
0.000495
0.000456
0.000664
0.000470
0.003062
--STOP--
++STRT++
0.000671
0.001830
0.000494
0.000453
0.000662
0.000471
0.003059
0.000673
0.001830
0.000515
0.000455
0.000664
0.000469
0.003032
--STOP--
++STRT++
0.000674
0.001826
0.000493
0.000455
0.000664
0.000470
0.003075
0.000669
0.001847
0.000494
0.000456
0.000663
0.000469
