++STRT++
4444218
4409334
4481100
4495842
4469906
4510456
4416882
4413584
4447902
4525610
--STOP--
++STRT++
4482772
4437700
4451983
4469698
4413375
4425147
4527540
4485436
4463487
4555504
--STOP--
++STRT++
4462281
4488006
4464930
4468559
4416738
4432502
4432454
4437751
4431281
4556893
--STOP--
++STRT++
4430744
4435729
4426009
4441040
4422909
4460579
4482914
4458789
4474138
4507281
--STOP--
++STRT++
4429258
4440464
4431660
4435964
4423438
4431096
4463105
4481510
4489653
4507716
--STOP--
++STRT++
4466528
4536876
4471696
4474681
4462762
4470498
4523132
4470634
4474768
4617110
--STOP--
++STRT++
4421976
4447509
4467152
4459007
4445986
4426943
4433214
4468125
4429607
4565282
--STOP--
++STRT++
4462160
4521144
4472654
4464152
4461741
4463451
4425910
4439170
4437988
4493388
--STOP--
++STRT++
4428279
4398371
4433894
4429802
4490783
4467610
4516816
4427840
4473427
4563787
--STOP--
++STRT++
4468600
4478952
4472806
4467945
4443931
4432798
4472522
4471702
4433964
4515102
--STOP--
++STRT++
4477910
4480289
4467624
4467053
4516986
4455471
4428472
4469664
4435499
4503021
--STOP--
++STRT++
4421870
4413041
4432439
4429139
4454601
4464425
4472359
4433709
4475080
4508528
--STOP--
++STRT++
4549744
4474287
4469079
4465603
4415070
4425042
4429359
4430366
4433956
4556390
--STOP--
++STRT++
4465627
4449608
4469434
4466683
4491733
4476427
4433482
4438036
4448638
4508741
--STOP--
++STRT++
4469108
4492231
4461356
4470610
4531545
4439745
4431307
4433187
4433605
4552838
--STOP--
++STRT++
4433251
4391003
4441661
4425482
4437378
4431951
4469728
4429758
4471384
4630371
--STOP--
++STRT++
4462044
4530220
4465020
4477036
4474406
4471543
4472859
4466402
4476049
4628331
--STOP--
++STRT++
4430480
4399213
4436288
4431764
4468795
4485013
4459615
4431306
4441368
4548995
--STOP--
++STRT++
4420708
4434925
4524289
4471218
4450170
4428081
4424908
4441586
4479477
4571957
--STOP--
++STRT++
4497577
4673236
4469840
4460435
4533850
4473514
4474768
4463762
4467120
4534400
--STOP--
++STRT++
4467112
4433587
4466473
4416317
4430479
4436492
4426807
4439359
4432440
4558680
--STOP--
++STRT++
4434821
4427283
4427494
4429403
4488873
4468956
4427413
4430541
4434911
4489136
--STOP--
++STRT++
4470416
4433975
4429603
4431620
4472076
4468163
4476350
4437239
4432705
4519849
--STOP--
++STRT++
4436247
4453786
4466533
4430794
4472273
4474164
4476867
4470688
4434852
4508433
--STOP--
++STRT++
4424495
4409730
4438709
4426489
4499211
4472395
4468643
4492547
4471081
4566297
--STOP--
++STRT++
4470167
4534793
4468254
4475911
4488148
4467406
4536704
4465287
4539545
4631603
--STOP--
++STRT++
4426876
4432985
4429956
4452044
4425093
4432162
4471833
4471238
4463383
4580110
--STOP--
++STRT++
4429151
4471547
4469051
4464140
4470351
4469079
4540157
4427613
4476279
4514053
--STOP--
++STRT++
4419937
4449993
4469154
4437150
4424230
4439824
4421446
4469029
4433478
4621621
--STOP--
++STRT++
4418494
4432599
4430128
4430601
4421790
4425120
4429441
4468521
4440916
4555665
--STOP--
++STRT++
4429884
4427941
4430454
4472604
4492454
4477357
4431241
4422755
4438999
4506522
--STOP--
++STRT++
4489264
4531658
4462275
4460814
4409520
4487771
4473351
4463892
4523095
4574332
--STOP--
++STRT++
4459070
4509723
4486824
4475889
4472856
4467367
4416076
4462090
4423471
4555478
--STOP--
++STRT++
4472711
4462341
4471705
4477395
4459646
4427421
4501000
4462160
4491411
4503811
--STOP--
++STRT++
4464493
4521419
4487344
4455465
4449017
4429390
4432575
4471115
4436470
4489268
--STOP--
++STRT++
4427404
4528661
4454788
4415281
4486311
4472451
4478584
4468238
4486436
4524864
--STOP--
++STRT++
4500735
4446213
4461142
4480885
4470442
4435144
4489140
4467387
4478196
4554649
--STOP--
++STRT++
4471105
4487143
4466310
4523763
4482227
4432089
4431115
4430613
4430566
4596916
--STOP--
++STRT++
4470191
4488096
4462584
4466604
4433455
4433883
4432197
4475785
4434965
4608975
--STOP--
++STRT++
4469544
4452469
4472632
4460518
4523072
4457607
4434159
4434336
4432551
4546549
--STOP--
++STRT++
4475498
4488427
4474162
4469443
4469043
4488889
4429541
4429937
4439211
4557072
--STOP--
++STRT++
4425342
4482148
4440845
4432138
4510548
4469720
4526919
4426899
4427944
4496611
--STOP--
++STRT++
4474298
4541663
4486926
4459673
4419256
4439618
4461640
4462925
4475907
4582139
--STOP--
++STRT++
4464636
4478851
4457930
4457676
4523202
4464947
4487913
4433144
4490483
4497942
--STOP--
++STRT++
4421545
4397321
4439618
4428193
4450962
4436046
4475755
4445604
4461357
4507654
--STOP--
++STRT++
4426779
4395238
4468486
4429571
4502553
4468842
4434555
4439448
4439739
4507972
--STOP--
++STRT++
4470974
4509251
4457986
4477320
4505241
4474604
4476398
4465843
4442984
4511662
--STOP--
++STRT++
4466890
4456435
4466443
4488646
4485059
4470096
4477404
4474506
4477729
4487713
--STOP--
++STRT++
4476334
4496025
4481560
4449318
4502445
4432970
4429557
4427306
4426906
4547065
--STOP--
++STRT++
4471157
4492681
4486439
4466599
4523385
4467419
4431135
4427821
4455167
4482088
--STOP--
++STRT++
4480561
4395192
4432920
4430962
4551157
4433962
4430280
4458648
4432577
4567002
--STOP--
++STRT++
4473220
4516468
4465325
4461549
4436688
4430582
4487896
4467458
4444572
4503058
--STOP--
++STRT++
4486449
4455062
4469913
4469981
4486610
4472797
4529761
4465921
4478705
4513273
--STOP--
++STRT++
4424784
4483969
4471081
4464598
4520601
4470026
4429655
4431326
4436731
4522813
--STOP--
++STRT++
4470317
4531042
4485364
4470794
4410125
4429634
4523843
4468819
4485295
4568554
--STOP--
++STRT++
4494340
4520884
4429434
4428966
4424290
4432757
4431516
4547830
4428727
4565278
--STOP--
++STRT++
4425569
4435409
4432129
4441713
4489934
4467251
4435565
4432280
4434085
4621173
--STOP--
++STRT++
4425900
4439849
4466583
4432972
4428260
4436148
4481759
4430057
4478246
4506805
--STOP--
++STRT++
4493807
4484101
4470596
4469195
4467705
4472347
4424545
4466162
4437771
4561445
--STOP--
++STRT++
4421135
4430910
4433030
4431434
4504096
4468125
4514752
4461767
4465670
4515738
--STOP--
++STRT++
4425390
4449077
4427543
4438585
4502061
4457441
4484980
4432534
4443736
4511841
--STOP--
++STRT++
4422353
4437570
4429161
4439940
4516453
4470551
4495239
4463889
4479233
4552628
--STOP--
++STRT++
4491172
4482801
4463481
4459256
4471151
4506567
4465858
4429383
4466411
4508986
--STOP--
++STRT++
4467457
4435400
4470112
4475262
4489196
4477841
4424913
4430296
4439916
4510347
--STOP--
++STRT++
4423849
4438055
4424776
4427150
4467686
4465606
4425981
4427404
4440082
4541878
--STOP--
++STRT++
4497038
4484492
4473251
4471818
4539849
4475192
4427644
4431532
4428990
4508366
--STOP--
++STRT++
4426722
4441676
4433713
4433203
4428453
4472212
4471258
4477677
4467404
4483955
--STOP--
++STRT++
4493948
4516961
4459682
4486796
4491083
4459204
4481266
4477140
4457844
4568837
--STOP--
++STRT++
4426672
4399035
4432993
4434819
4485383
4468993
4431590
4434556
4434627
4535534
--STOP--
++STRT++
4475780
4528936
4457300
4457108
4519184
4434998
4432954
4435968
4422710
4525857
--STOP--
++STRT++
4464176
4445204
4473830
4438579
4429073
4473882
4437746
4436730
4499741
4586186
--STOP--
++STRT++
4467077
4514656
4439540
4433640
4430016
4423391
4434314
4463018
4432826
4589361
--STOP--
++STRT++
4426147
4515978
4463725
4429362
4428925
4437266
4437634
4469514
4428487
4575371
--STOP--
++STRT++
4466040
4526097
4464827
4460654
4473456
4471929
4434845
4431162
4439831
4524613
--STOP--
++STRT++
4424332
4399022
4427665
4434919
4423715
4430662
4488621
4470275
4486041
4571909
--STOP--
++STRT++
4429868
4394087
4436114
4437352
4417893
4473122
4474157
4465201
4476609
4603855
--STOP--
++STRT++
4470671
4481440
4462322
4460321
4545090
4439071
4512231
4463323
4471913
4562590
--STOP--
++STRT++
4463503
4402189
4422989
4438067
4522314
4472406
4477170
4465401
4471800
4598018
--STOP--
++STRT++
4466423
4433420
4433411
4463227
4473281
4465797
4429350
4427676
4427476
4575025
--STOP--
++STRT++
4430047
4401429
4441615
4442611
4427118
4426891
4428905
4478641
4433973
4582112
--STOP--
++STRT++
4428923
4495421
4470832
4449568
4428592
4431779
4433549
4429879
4439446
4556767
--STOP--
++STRT++
4472408
4517612
4463404
4428036
4427981
4432191
4438756
4472074
4428838
4609482
--STOP--
++STRT++
4435442
4394078
4428018
4430155
4426892
4431475
4488823
4473364
4474519
4506085
--STOP--
++STRT++
4504047
4447770
4467573
4469130
4448157
4431762
4483029
4458799
4474131
4559798
--STOP--
++STRT++
4469424
4476619
4463454
4469649
4432805
4429511
4538009
4468836
4477679
4549931
--STOP--
++STRT++
4427125
4441700
4446865
4448169
4428403
4430337
4524515
4472961
4481983
4561634
--STOP--
++STRT++
4424107
4406469
4427750
4429295
4427162
4462935
4467774
4457140
4478752
4557082
--STOP--
++STRT++
4457662
4480038
4466294
4467710
4418406
4435880
4432009
4474655
4438355
4548507
--STOP--
++STRT++
4468787
4498636
4461727
4431008
4437190
4462569
4494705
4426091
4434619
4504723
--STOP--
++STRT++
4432747
4436591
4433225
4486259
4439609
4430262
4439214
4466490
4435075
4570173
--STOP--
++STRT++
4425542
4434118
4445941
4416363
4429208
4465758
4431755
4428728
4508224
4553723
--STOP--
++STRT++
4422579
4443616
4472262
4438182
4424373
4430492
4500169
4467755
4430286
4511327
--STOP--
++STRT++
4466525
4448679
4472410
4475011
4408342
4427191
4429132
4463716
4462906
4567279
--STOP--
++STRT++
4427919
4430803
4429584
4469859
4520009
4487624
4472661
4468820
4494560
4522688
--STOP--
++STRT++
4429207
4436757
4436276
4429264
4456571
4464383
4429814
4429787
4433101
4556349
--STOP--
++STRT++
4468936
4534761
4462845
4449211
4426966
4433281
4473337
4477852
4436720
4560855
--STOP--
++STRT++
4466871
4501425
4469229
4440766
4462160
4470137
4477053
4508203
4438912
4563845
--STOP--
++STRT++
4477365
4494118
4463825
4469044
4475739
4434690
4438628
4428689
4435067
4515461
--STOP--
++STRT++
4471530
4492381
4471250
4469218
4471272
4466413
4431170
4422542
4436093
4509279
--STOP--
++STRT++
4475962
4466177
4471651
4462797
4508646
4434307
4429153
4428791
4439743
4549230
--STOP--
++STRT++
4425489
4446781
4422284
4419817
4423413
4463711
4421952
4434372
4433322
4501845
--STOP--
++STRT++
4483196
4468025
4472270
4471121
4413810
4469881
4479976
4462503
4477646
4556329
--STOP--
++STRT++
4481444
4446258
4444947
4465298
4472317
4509063
4479505
4464480
4480530
4630659
--STOP--
++STRT++
4427757
4447877
4436308
4428356
4457153
4462504
4488598
4428548
4445823
4523053
--STOP--
++STRT++
4474161
4533715
4458071
4419060
4423803
4435084
4450680
4469766
4424199
4560492
--STOP--
++STRT++
4482557
4492746
4489434
4477188
4443401
4429773
4431160
4440966
4449331
4505199
--STOP--
++STRT++
4470739
4497273
4514042
4465633
4450396
4466670
4520455
4481575
4483232
4551035
--STOP--
++STRT++
4490548
4458110
4463369
4468920
4438786
4433453
4429312
4467364
4432555
4578660
--STOP--
++STRT++
4492922
4483524
4473703
4461166
4466739
4464214
4473803
4468685
4478179
4619884
--STOP--
++STRT++
4422796
4399349
4436695
4439498
4494739
4461434
4470863
4426213
4428461
4499215
--STOP--
++STRT++
4486860
4458110
4466018
4474650
4467803
4432997
4433688
4430680
4432214
4517411
--STOP--
++STRT++
4466192
4502831
4464620
4468958
4495467
4431026
4469365
4464469
4479510
4556790
--STOP--
++STRT++
4487958
4428274
4423695
4423518
4471492
4467833
4539460
4460090
4484507
4594117
--STOP--
++STRT++
4429998
4432317
4430835
4435069
4471971
4466680
4454113
4429622
4429940
4513655
--STOP--
++STRT++
4428212
4401123
4431342
4440186
4522179
4463774
4427800
4430986
4440993
4569314
--STOP--
++STRT++
4495682
4497683
4492511
4460217
4509474
4407522
4449198
4427255
4428728
4504162
--STOP--
++STRT++
4472290
4531837
4464868
4470104
4478965
4433751
4432591
4432706
4438891
4506569
--STOP--
++STRT++
4487940
4486514
4503460
4476794
4538393
4478037
4518918
4426943
4481313
4501047
--STOP--
++STRT++
4489716
4497409
4475924
4473777
4474982
4463457
4432946
4472293
4438369
4582226
--STOP--
++STRT++
4428708
4405195
4432061
4432946
4422400
4471364
4420218
4429221
4471657
4545061
--STOP--
++STRT++
4472401
4519023
4463367
4439560
4431834
4446487
4442024
4429238
4433187
4515684
--STOP--
++STRT++
4478991
4443552
4475329
4466850
4440918
4436387
4469135
4472552
4436963
4563477
--STOP--
++STRT++
4430142
4430006
4437067
4428126
4426261
4438727
4478724
4466738
4530562
4641843
--STOP--
++STRT++
4435360
4400476
4432703
4431922
4430319
4433470
4514763
4458579
4476602
4541977
--STOP--
++STRT++
4427939
4394767
4440571
4446569
4473778
4466066
4470651
4517303
4463250
4512527
--STOP--
++STRT++
4473713
4398210
4430477
4467362
4533442
4463828
4474307
4466328
4483781
4561840
--STOP--
++STRT++
4431127
4443906
4438701
4431073
4484425
4470862
4472379
4469176
4465903
4574997
--STOP--
++STRT++
4469138
4500224
4455299
4429592
4426465
4438918
4440763
4475245
4437358
4504669
--STOP--
