++STRT++
274520
273435
275242
276905
275935
274049
275616
275883
274631
276578
--STOP--
++STRT++
275510
276999
278729
274823
275576
276309
272993
325515
275983
274401
--STOP--
++STRT++
273346
276677
279167
273817
275113
276804
275122
277537
275609
273111
--STOP--
++STRT++
275668
273903
276157
275924
275022
278251
276406
271931
277373
274033
--STOP--
++STRT++
273871
274198
275686
278662
274521
272060
276331
273923
275668
272806
--STOP--
++STRT++
274441
274009
278491
275114
277231
278833
275482
271358
274187
278844
--STOP--
++STRT++
274666
274581
277768
277640
280082
276671
274030
276426
275864
274083
--STOP--
++STRT++
276760
273975
276142
279848
282886
278515
276009
283435
279236
275451
--STOP--
++STRT++
273029
275513
314497
273459
275285
277409
273095
277023
276517
351841
--STOP--
++STRT++
273776
271605
274839
278555
274480
272648
275231
271915
276905
274149
--STOP--
++STRT++
273955
272891
278673
317382
274073
276921
273701
275006
274502
276235
--STOP--
++STRT++
276863
273192
276047
277923
277276
273572
276383
277605
353698
276246
--STOP--
++STRT++
274035
274089
275864
277146
277396
279016
274616
271433
277212
275953
--STOP--
++STRT++
272958
275259
276866
280964
271871
281038
274704
274597
277785
277159
--STOP--
++STRT++
273190
276921
276770
277913
271075
279373
276128
276989
272065
279153
--STOP--
++STRT++
274054
275671
278690
276277
276944
276468
275950
273526
277917
274525
--STOP--
++STRT++
274121
271862
278059
277287
278207
275721
364788
273580
272824
276492
--STOP--
++STRT++
274536
273730
275440
279358
275186
278702
276496
277995
275571
271985
--STOP--
++STRT++
276813
273693
278082
277329
275116
363535
272532
276965
276903
273345
--STOP--
++STRT++
272246
274122
277884
278020
274620
284082
274944
280742
274018
274165
--STOP--
++STRT++
275499
275155
275138
278863
274759
273295
276298
278195
278213
271929
--STOP--
++STRT++
273998
273016
276333
275133
275144
275006
276194
279750
280207
273611
--STOP--
++STRT++
275590
273322
275751
273584
273490
277520
274993
279877
273525
275367
--STOP--
++STRT++
274296
276544
277358
275895
278002
317324
274947
277644
272176
278590
--STOP--
++STRT++
311231
273889
277047
279073
278182
275659
274924
280971
274276
275906
--STOP--
++STRT++
277938
274369
275987
276635
275603
273951
274979
278307
275133
273692
--STOP--
++STRT++
275573
277808
277767
277791
276947
277500
273509
279367
275133
275937
--STOP--
++STRT++
272304
274912
276960
278952
277854
275419
278184
274750
276417
274317
--STOP--
++STRT++
274544
311353
279381
279164
272961
275439
278603
279468
277277
273398
--STOP--
++STRT++
273698
273875
276570
273095
275932
279637
271786
276546
278641
273807
--STOP--
++STRT++
277071
277489
275276
277406
275523
274476
274773
275303
275870
271660
--STOP--
++STRT++
273803
275262
278390
276119
276150
277773
273286
276736
274339
274288
--STOP--
++STRT++
275406
274740
275982
276638
275258
276895
271673
279425
274753
279198
--STOP--
++STRT++
274649
273411
278338
273284
273511
276692
272498
273111
276434
273938
--STOP--
++STRT++
271983
275256
275998
279185
274285
281691
276375
274281
275721
274374
--STOP--
++STRT++
273625
272651
274733
278063
275005
272182
276957
274467
272821
276768
--STOP--
++STRT++
274681
275875
332123
276875
276920
276207
279957
275816
277497
276036
--STOP--
++STRT++
319072
274857
277127
276298
275872
278213
275975
273331
273327
276079
--STOP--
++STRT++
274236
276809
275361
277107
274945
274687
274571
275007
275226
274275
--STOP--
++STRT++
274044
274771
278556
273179
277903
276206
273240
275793
273264
275242
--STOP--
++STRT++
273907
274876
278750
275950
275694
274481
276198
277092
272512
277343
--STOP--
++STRT++
272844
274282
277296
277461
278778
276688
272381
278053
276811
275355
--STOP--
++STRT++
274448
273229
278618
276079
283621
275122
276800
273005
277813
277313
--STOP--
++STRT++
276122
276320
276046
277244
270755
279563
275977
275368
275911
276239
--STOP--
++STRT++
272411
274018
275411
279389
275182
284566
275803
276589
275704
275627
--STOP--
++STRT++
274351
274587
277892
278098
275937
276265
278379
278947
278477
276803
--STOP--
++STRT++
273632
274184
273083
275738
354169
274942
273967
277046
276834
274544
--STOP--
++STRT++
275297
272791
275866
276677
274844
274351
278157
278236
274995
271593
--STOP--
++STRT++
272620
272420
277682
278446
276713
272991
275694
285061
273786
275076
--STOP--
++STRT++
273674
276250
278702
276070
319774
277548
276130
271873
277242
273817
--STOP--
++STRT++
273233
274724
277912
280019
272440
277156
276115
274286
275592
272465
--STOP--
++STRT++
274272
273426
275935
283373
324844
276287
276460
272511
275662
276054
--STOP--
++STRT++
274778
273613
276457
278024
272487
277705
275647
272334
276591
275332
--STOP--
++STRT++
317036
273663
274592
277535
275443
278173
274952
276226
273403
281898
--STOP--
++STRT++
275046
271876
274845
272428
274853
280911
274758
276562
277003
272997
--STOP--
++STRT++
276186
274034
279182
277724
276730
276512
273586
277209
277235
275053
--STOP--
++STRT++
275960
274945
276612
274852
275306
275023
276954
280720
273881
275108
--STOP--
++STRT++
272548
272580
286679
277106
275219
272749
276054
277480
275825
272967
--STOP--
++STRT++
275346
276609
275143
275518
274927
276731
276196
275851
275042
275861
--STOP--
++STRT++
275309
272531
276752
275278
272609
277271
275524
276661
275785
276588
--STOP--
++STRT++
274987
274325
278072
273527
277039
273231
276570
278635
276261
276217
--STOP--
++STRT++
274047
274587
272070
277398
316969
276256
275510
278183
273112
274444
--STOP--
++STRT++
274031
276310
279864
276264
274150
275975
286388
275972
274363
273947
--STOP--
++STRT++
274094
275428
276957
278219
275443
276603
276476
276784
277930
274219
--STOP--
++STRT++
273746
273542
278327
277077
275744
274454
278632
274744
275162
274275
--STOP--
++STRT++
274067
275229
278788
275394
274025
334990
273017
279149
356400
273706
--STOP--
++STRT++
273108
313456
273899
274560
273642
276033
273372
275544
277257
275351
--STOP--
++STRT++
272533
271695
276346
274302
275901
274280
275710
276159
273344
276306
--STOP--
++STRT++
274451
270625
276486
278718
274810
275221
274672
274749
275540
274835
--STOP--
++STRT++
273675
274448
277831
281341
273842
273779
275182
278104
273350
276204
--STOP--
++STRT++
275057
272484
318127
279499
276417
275312
274375
282143
277037
274142
--STOP--
++STRT++
275003
272933
278738
275893
274760
272747
276442
278891
275470
284092
--STOP--
++STRT++
273718
274786
275377
276133
274471
277280
275005
275898
274450
280846
--STOP--
++STRT++
276525
272068
276778
276676
276138
278256
319964
276361
279442
276191
--STOP--
++STRT++
277746
272808
276472
277200
276515
275223
273979
274572
274350
276432
--STOP--
++STRT++
275325
272319
275392
273393
274098
277422
275033
279506
276895
273022
--STOP--
++STRT++
274776
275000
278187
279598
274595
280243
275625
272542
277273
275695
--STOP--
++STRT++
273748
272551
275872
276766
274556
280769
276225
271469
275792
277188
--STOP--
++STRT++
273286
274310
273219
275191
275921
274000
276130
277826
272661
276459
--STOP--
++STRT++
314564
272315
276415
275054
273608
278281
277503
273668
278427
276761
--STOP--
++STRT++
274363
274827
277496
278887
274497
273125
278018
277879
272961
275698
--STOP--
++STRT++
275102
275004
274495
277293
276792
277908
280259
273278
276337
274397
--STOP--
++STRT++
274903
275302
275780
277042
274512
276707
275207
274429
278521
275962
--STOP--
++STRT++
316104
276072
278028
279341
279990
277403
276543
273753
275470
275306
--STOP--
++STRT++
276919
275407
274649
286197
275780
277782
275339
276878
276313
276052
--STOP--
++STRT++
275650
273876
275434
277428
274121
276109
280858
275581
272937
275604
--STOP--
++STRT++
274867
273094
276003
277052
274690
274985
274236
273507
275353
274357
--STOP--
++STRT++
273798
274347
282973
273201
274332
280092
274003
277958
283569
277993
--STOP--
++STRT++
274193
274402
281063
274655
273207
274943
276655
277245
276575
273599
--STOP--
++STRT++
273771
276458
277288
273128
278254
275728
273181
277345
276456
274288
--STOP--
++STRT++
273615
272948
276201
276230
275391
279154
279079
275025
279968
273237
--STOP--
++STRT++
275367
274194
277524
279344
272809
276370
276822
277575
277762
274831
--STOP--
++STRT++
271804
272578
278220
274007
273544
275027
274724
278218
272954
278672
--STOP--
++STRT++
275384
276732
276179
277287
273328
272909
276444
276813
273416
280510
--STOP--
++STRT++
274641
271888
275945
278271
276323
277432
276183
277499
274439
275503
--STOP--
++STRT++
274619
273299
277208
273619
280925
278130
276718
275858
275115
275435
--STOP--
++STRT++
274772
275438
275358
276005
277279
276625
275227
279529
273123
274545
--STOP--
++STRT++
272440
276382
274661
274399
275016
278779
274442
274959
273347
278231
--STOP--
++STRT++
273948
272736
275308
273960
274973
272084
277625
274386
314741
273975
--STOP--
++STRT++
274119
272972
283635
275728
272163
280171
274940
273631
274920
276126
--STOP--
++STRT++
273452
275113
276770
278401
277534
275446
275426
277506
271977
275300
--STOP--
++STRT++
272915
278958
272345
277604
276318
273471
276464
273676
274097
276580
--STOP--
++STRT++
275210
273406
276657
270799
275693
278105
273506
274165
276482
275827
--STOP--
++STRT++
274015
274117
277949
275797
276808
278926
275494
276587
276899
276432
--STOP--
++STRT++
272501
276474
277414
279749
276050
276088
276723
358698
273324
275649
--STOP--
++STRT++
274066
276758
274602
276352
278340
364850
278255
277375
273112
275390
--STOP--
++STRT++
295916
273352
277687
272090
274961
278578
274463
275327
275854
274957
--STOP--
++STRT++
275310
276513
273870
273855
275398
277795
272983
277161
275971
275899
--STOP--
++STRT++
274679
274668
278999
275735
281334
279391
273645
277866
276942
272807
--STOP--
++STRT++
273414
277297
360046
274054
273840
278540
273229
275689
274272
275666
--STOP--
++STRT++
276459
272796
279143
275994
275439
275517
279010
274005
276504
276743
--STOP--
++STRT++
272525
275144
274894
275696
274517
276458
275509
273161
273953
276393
--STOP--
++STRT++
314751
276810
277000
275632
276775
277689
275717
277988
276323
272231
--STOP--
++STRT++
272944
275097
278949
279415
282190
277287
276698
276894
275424
273239
--STOP--
++STRT++
273449
272701
276479
276855
272613
272804
276288
274482
276389
274980
--STOP--
++STRT++
276838
274056
277197
277317
273162
277016
281681
276821
275943
273821
--STOP--
++STRT++
275092
274294
277901
274118
275920
275379
276224
283336
275119
274373
--STOP--
++STRT++
273036
274439
276334
277303
274613
277956
275720
273370
277848
275395
--STOP--
++STRT++
275375
275494
357333
278102
275428
271782
274253
277870
273036
276551
--STOP--
++STRT++
274658
274125
275421
274594
275588
274435
276028
278606
276251
277013
--STOP--
++STRT++
274700
274543
277000
276053
274342
277272
276875
277915
275239
272049
--STOP--
++STRT++
276823
274832
277922
273740
274506
363224
273980
274306
276164
275762
--STOP--
++STRT++
274671
275013
277873
272105
317709
275642
278528
273500
274697
275747
--STOP--
++STRT++
273685
273120
274908
276842
273513
275830
275467
280087
279355
274666
--STOP--
++STRT++
275999
274039
365473
276348
274836
277636
278083
276343
275246
275017
--STOP--
++STRT++
274822
276296
280528
279916
278402
279622
276215
277803
308174
275357
--STOP--
++STRT++
273775
273665
275774
276510
276804
272640
274329
276884
272701
274438
--STOP--
++STRT++
273876
272830
275139
275364
274120
279306
273516
277651
274740
276100
--STOP--
