++STRT++
1104952
1108147
1107511
1114613
1107433
1124737
1151931
1108031
1107949
1114551
--STOP--
++STRT++
1109718
1104513
1190305
1114967
1105267
1147900
1104661
1108903
1110562
1152907
--STOP--
++STRT++
1104147
1107606
1108166
1112818
1105078
1108696
1107021
1157674
1105150
1112949
--STOP--
++STRT++
1107033
1105094
1108345
1107101
1110121
1109710
1110558
1107598
1102137
1115578
--STOP--
++STRT++
1106399
1115400
1111061
1150397
1107508
1109242
1103965
1111168
1106737
1154964
--STOP--
++STRT++
1146969
1104104
1110638
1104519
1106247
1107087
1110170
1108772
1107657
1109994
--STOP--
++STRT++
1105579
1109544
1111194
1151061
1106304
1109181
1112013
1107734
1199933
1112932
--STOP--
++STRT++
1107245
1113850
1110964
1112329
1107660
1124344
1108170
1112187
1110574
1107921
--STOP--
++STRT++
1108464
1103887
1112370
1111389
1143756
1111730
1104037
1116795
1108779
1112517
--STOP--
++STRT++
1107127
1151214
1112207
1103544
1109363
1108987
1196954
1107881
1110103
1113958
--STOP--
++STRT++
1102177
1149605
1108830
1110241
1113398
1146537
1105777
1106988
1107540
1110711
--STOP--
++STRT++
1105579
1105922
1110004
1108767
1201379
1108733
1102260
1111929
1109369
1106216
--STOP--
++STRT++
1140532
1107058
1110766
1112289
1204153
1108124
1105613
1109158
1105964
1116293
--STOP--
++STRT++
1109700
1101059
1112178
1109374
1144509
1149136
1150014
1111437
1108573
1187393
--STOP--
++STRT++
1109556
1104445
1108291
1147915
1113726
1110667
1105710
1109032
1101411
1114941
--STOP--
++STRT++
1106119
1107839
1192520
1112907
1105239
1187471
1109388
1112869
1150343
1113104
--STOP--
++STRT++
1107036
1104500
1109234
1110058
1107202
1107087
1144481
1109968
1107744
1112874
--STOP--
++STRT++
1107567
1104328
1195040
1111237
1107350
1145811
1106745
1111254
1107991
1116297
--STOP--
++STRT++
1109637
1104647
1109888
1193573
1110126
1111185
1108790
1110824
1114077
1121268
--STOP--
++STRT++
1104765
1105347
1108133
1107674
1181756
1109278
1106193
1195232
1108691
1123251
--STOP--
++STRT++
1105357
1105095
1199095
1108443
1112792
1143675
1112265
1107518
1109076
1156544
--STOP--
++STRT++
1106768
1107213
1116842
1116370
1160171
1113054
1109965
1206815
1100839
1112097
--STOP--
++STRT++
1106989
1108598
1108853
1113321
1108444
1110971
1104471
1141897
1113074
1113917
--STOP--
++STRT++
1105376
1105179
1112027
1144955
1104110
1108165
1116525
1110715
1109489
1184608
--STOP--
++STRT++
1106511
1102287
1107812
1112678
1103277
1113857
1111044
1111863
1106720
1150503
--STOP--
++STRT++
1106336
1115065
1110414
1109185
1115998
1113395
1106775
1159641
1116497
1110942
--STOP--
++STRT++
1107288
1101550
1108564
1113660
1106631
1114876
1107539
1147308
1116518
1116440
--STOP--
++STRT++
1105078
1105187
1113749
1192856
1102679
1109546
1114079
1115811
1106903
1113171
--STOP--
++STRT++
1102629
1106412
1107227
1114054
1109643
1115624
1109659
1110969
1107053
1152663
--STOP--
++STRT++
1106825
1108183
1107668
1197708
1101582
1109057
1107550
1120233
1152093
1112704
--STOP--
++STRT++
1143356
1107425
1111124
1111353
1203177
1113178
1108909
1191626
1112235
1114292
--STOP--
++STRT++
1103345
1112825
1109369
1113679
1192098
1109643
1114495
1146506
1107274
1108292
--STOP--
++STRT++
1108075
1103390
1105843
1147901
1107585
1112549
1139161
1112297
1114227
1206540
--STOP--
++STRT++
1105077
1106689
1199086
1106932
1104448
1147260
1109811
1105580
1111094
1112789
--STOP--
++STRT++
1108406
1165798
1111234
1112878
1105366
1110736
1189643
1115742
1102720
1113933
--STOP--
++STRT++
1107334
1108060
1107365
1109077
1108961
1114172
1187850
1110613
1099770
1113982
--STOP--
++STRT++
1106465
1104813
1106584
1108790
1107011
1113447
1111695
1105575
1112739
1110653
--STOP--
++STRT++
1104104
1103783
1107285
1152167
1110402
1112004
1189045
1111403
1112957
1113079
--STOP--
++STRT++
1111960
1148679
1108256
1110588
1108164
1110037
1109392
1110878
1110291
1109167
--STOP--
++STRT++
1106352
1106879
1111396
1111393
1108611
1107281
1151269
1111816
1106818
1109365
--STOP--
++STRT++
1106747
1101906
1114983
1110498
1107582
1111671
1104897
1113147
1148639
1114340
--STOP--
++STRT++
1106727
1102893
1110913
1113783
1102547
1113121
1111293
1105588
1108719
1115468
--STOP--
++STRT++
1107882
1102921
1107216
1109087
1104880
1120267
1110477
1124841
1195671
1111332
--STOP--
++STRT++
1105274
1100922
1110132
1195127
1108638
1109700
1191146
1105817
1112135
1113095
--STOP--
++STRT++
1147667
1104974
1106346
1110067
1109441
1113661
1107539
1190177
1112738
1118978
--STOP--
++STRT++
1102332
1104400
1107013
1145607
1111219
1110098
1195684
1110765
1099075
1113560
--STOP--
++STRT++
1102383
1104959
1107294
1107307
1104211
1110134
1192999
1108916
1106629
1108398
--STOP--
++STRT++
1104846
1168121
1109222
1110409
1102907
1114109
1105751
1111480
1104878
1114033
--STOP--
++STRT++
1107126
1107486
1109540
1110102
1110446
1106055
1112319
1110963
1111317
1112117
--STOP--
++STRT++
1106285
1106308
1203456
1112273
1136706
1109736
1147699
1111106
1102305
1114647
--STOP--
++STRT++
1108371
1104142
1108330
1194203
1106733
1110516
1110130
1112882
1154711
1109302
--STOP--
++STRT++
1107233
1103500
1114919
1151267
1108083
1112249
1116940
1105922
1108968
1119038
--STOP--
++STRT++
1106999
1106159
1116010
1110069
1201393
1113546
1111487
1148170
1103687
1124469
--STOP--
++STRT++
1101027
1169654
1103769
1109887
1196942
1117866
1102311
1109517
1157991
1123278
--STOP--
++STRT++
1106233
1156441
1108704
1108398
1107231
1115015
1108165
1117838
1110623
1158024
--STOP--
++STRT++
1157687
1104895
1115522
1107426
1182712
1109444
1111161
1159479
1099692
1113832
--STOP--
++STRT++
1146504
1109982
1112382
1109443
1108083
1106458
1110831
1139672
1110884
1112830
--STOP--
++STRT++
1116667
1107471
1193643
1112591
1106095
1113008
1106083
1114807
1110316
1114294
--STOP--
++STRT++
1148774
1104686
1114370
1115258
1110561
1115766
1106836
1113775
1155092
1115618
--STOP--
++STRT++
1106178
1148842
1111406
1118627
1107169
1115676
1108896
1114183
1107494
1115265
--STOP--
++STRT++
1106530
1147823
1107344
1109062
1107896
1106771
1103258
1110527
1110781
1106564
--STOP--
++STRT++
1105929
1105710
1110761
1150044
1107654
1112391
1108316
1113953
1113385
1109946
--STOP--
++STRT++
1105110
1103113
1199434
1111187
1105892
1112455
1109116
1104600
1107409
1112928
--STOP--
++STRT++
1107058
1102089
1109601
1111824
1105076
1114543
1106339
1115166
1109419
1117456
--STOP--
++STRT++
1107438
1105767
1109595
1112455
1106293
1111592
1108613
1118231
1105415
1115550
--STOP--
++STRT++
1101940
1103163
1116883
1114570
1108254
1137100
1183787
1108886
1109514
1111385
--STOP--
++STRT++
1113471
1110160
1110608
1113184
1108918
1114476
1105325
1113183
1103383
1113178
--STOP--
++STRT++
1105632
1104757
1110596
1203549
1104737
1111870
1109122
1110497
1099065
1126848
--STOP--
++STRT++
1108913
1160487
1112594
1111453
1108788
1103578
1104124
1145402
1105729
1210042
--STOP--
++STRT++
1105064
1104916
1106927
1108217
1104500
1111528
1110543
1115858
1112830
1115255
--STOP--
++STRT++
1106309
1111844
1115346
1109818
1105305
1115649
1111608
1112482
1207822
1110952
--STOP--
++STRT++
1107083
1102737
1108329
1111345
1107648
1206166
1108290
1112249
1108314
1113593
--STOP--
++STRT++
1108506
1106563
1111239
1109732
1107030
1110759
1109467
1144742
1108755
1214931
--STOP--
++STRT++
1105317
1160920
1118018
1111966
1111814
1117469
1109700
1111706
1102669
1115722
--STOP--
++STRT++
1106780
1151326
1110260
1112107
1105357
1163893
1106553
1110233
1158231
1109911
--STOP--
++STRT++
1153096
1107365
1111532
1109812
1188720
1109699
1113072
1155598
1111279
1125025
--STOP--
++STRT++
1103345
1103206
1110968
1148048
1104072
1115297
1188823
1116274
1113110
1112294
--STOP--
++STRT++
1104507
1103564
1143409
1113898
1106528
1110548
1110355
1106067
1110258
1114292
--STOP--
++STRT++
1104159
1109650
1112397
1107232
1175373
1105966
1106920
1143882
1117343
1114663
--STOP--
++STRT++
1105859
1103790
1108409
1145554
1107442
1110387
1107600
1111644
1102406
1112164
--STOP--
++STRT++
1107111
1103831
1112392
1110387
1106376
1109102
1192118
1113591
1102255
1172428
--STOP--
++STRT++
1106601
1105568
1112190
1111085
1109690
1114225
1104312
1110220
1109735
1108244
--STOP--
++STRT++
1105808
1149343
1107792
1109331
1108846
1106658
1186533
1102886
1202598
1114331
--STOP--
++STRT++
1164502
1105456
1107667
1111024
1150047
1112213
1111520
1142915
1104139
1111527
--STOP--
++STRT++
1106082
1106218
1108452
1110369
1105902
1108967
1107488
1112616
1105560
1116922
--STOP--
++STRT++
1109491
1100516
1120439
1144650
1104589
1116192
1150456
1112341
1106420
1119930
--STOP--
++STRT++
1105379
1105256
1112483
1108472
1104445
1111365
1109441
1110879
1109523
1169295
--STOP--
++STRT++
1103264
1163657
1108522
1109411
1106829
1112178
1165598
1111851
1106586
1191862
--STOP--
++STRT++
1107820
1102546
1121661
1111222
1105959
1115418
1114248
1146081
1107250
1114939
--STOP--
++STRT++
1103683
1104937
1201110
1110182
1115790
1111840
1148834
1114607
1108599
1116009
--STOP--
++STRT++
1103376
1104980
1110153
1110572
1111988
1109685
1107374
1111506
1114495
1107413
--STOP--
++STRT++
1104660
1102967
1114738
1110965
1156230
1113358
1113765
1112116
1163784
1179293
--STOP--
++STRT++
1104229
1105011
1110995
1108655
1103389
1117853
1106594
1110258
1113349
1167004
--STOP--
++STRT++
1105686
1106822
1147814
1110258
1104436
1111227
1107873
1108300
1101625
1154319
--STOP--
++STRT++
1106402
1106373
1109806
1110973
1105628
1110780
1110038
1192437
1108391
1201571
--STOP--
++STRT++
1108648
1105650
1112012
1111339
1187641
1114549
1107581
1109618
1112741
1202023
--STOP--
++STRT++
1109132
1103112
1107374
1145162
1103460
1105487
1108450
1108092
1102146
1117931
--STOP--
++STRT++
1103466
1148896
1159256
1108417
1104011
1115785
1107617
1106866
1113485
1113874
--STOP--
++STRT++
1105912
1108839
1190751
1110666
1109727
1147347
1105171
1113086
1111735
1113586
--STOP--
++STRT++
1150750
1102732
1113003
1114723
1104133
1117094
1108700
1154701
1106392
1112203
--STOP--
++STRT++
1116078
1153595
1111201
1106370
1107227
1106946
1195797
1110713
1110976
1113548
--STOP--
++STRT++
1107897
1150430
1111340
1110960
1109230
1117126
1203249
1109860
1103039
1115477
--STOP--
++STRT++
1104052
1102524
1106377
1116184
1108883
1110937
1110634
1109015
1109697
1111422
--STOP--
++STRT++
1108386
1153819
1107490
1113382
1103773
1109016
1111643
1109624
1108056
1109028
--STOP--
++STRT++
1105267
1102084
1194592
1108629
1111404
1148354
1111359
1112158
1107104
1112404
--STOP--
++STRT++
1106214
1109084
1113710
1109023
1103359
1111362
1100844
1114752
1103694
1109065
--STOP--
++STRT++
1152410
1105164
1110255
1109208
1109339
1108527
1107573
1107393
1163801
1107432
--STOP--
++STRT++
1107681
1104838
1109029
1145806
1103783
1110720
1161201
1112117
1109622
1107123
--STOP--
++STRT++
1104839
1153811
1109790
1111732
1104739
1112201
1106153
1112511
1113138
1107933
--STOP--
++STRT++
1104905
1103842
1158298
1108303
1109801
1149014
1118545
1116700
1106529
1115113
--STOP--
++STRT++
1104607
1155489
1109131
1112240
1188605
1113038
1112705
1113095
1108237
1115465
--STOP--
++STRT++
1112198
1111728
1112149
1107532
1148198
1111523
1102767
1109344
1107612
1118207
--STOP--
++STRT++
1106598
1111205
1107118
1111098
1110008
1113834
1159087
1109769
1109755
1111835
--STOP--
++STRT++
1106067
1112720
1121704
1111407
1137577
1112864
1107272
1178002
1109270
1112501
--STOP--
++STRT++
1109213
1146553
1111958
1110370
1104835
1134985
1115611
1104895
1108615
1116161
--STOP--
++STRT++
1102873
1106521
1109680
1108802
1106145
1110839
1108882
1110726
1109634
1113417
--STOP--
++STRT++
1103348
1106190
1111965
1109750
1151854
1119548
1112935
1160249
1107502
1112296
--STOP--
++STRT++
1103368
1105483
1117680
1111066
1185457
1112440
1110534
1109523
1110294
1112505
--STOP--
++STRT++
1110126
1160486
1113663
1109934
1145396
1109291
1115685
1166081
1103900
1113523
--STOP--
++STRT++
1109673
1105701
1112735
1108789
1107814
1144644
1106680
1148098
1105126
1113545
--STOP--
++STRT++
1107919
1152907
1109624
1108487
1108364
1110644
1191879
1103708
1111369
1112766
--STOP--
++STRT++
1104306
1104259
1112125
1109610
1200948
1110042
1109285
1189061
1108146
1207479
--STOP--
++STRT++
1105788
1106924
1109985
1151384
1107268
1146847
1107337
1115324
1104464
1115184
--STOP--
++STRT++
1107135
1107954
1112832
1106334
1103904
1110656
1107236
1112078
1143826
1111380
--STOP--
++STRT++
1105601
1102941
1103994
1114489
1112478
1111757
1111141
1113279
1106690
1115427
--STOP--
++STRT++
1105798
1105450
1108872
1110012
1107621
1106700
1109820
1113398
1108238
1116917
--STOP--
++STRT++
1106182
1109998
1110643
1148425
1108011
1116390
1109868
1113397
1101186
1122271
--STOP--
++STRT++
1106784
1103314
1188287
1113382
1101074
1110494
1105251
1111208
1106276
1114348
--STOP--
