++STRT++
174775
136545
138665
138229
138323
138158
137884
133452
138187
137958
--STOP--
++STRT++
137118
137594
137246
139041
136486
140179
137748
137351
136264
135739
--STOP--
++STRT++
133734
137370
139228
141882
136415
137096
134753
137367
138580
138375
--STOP--
++STRT++
135425
135666
135348
139335
137925
140816
134588
137895
138614
137235
--STOP--
++STRT++
137562
136286
140228
139365
132888
136353
136946
138777
137363
134524
--STOP--
++STRT++
134203
137301
140701
139809
137309
137027
137624
140726
138658
138363
--STOP--
++STRT++
134227
135999
138195
137922
137164
144176
139184
136910
137667
137948
--STOP--
++STRT++
136292
136811
138295
135363
136244
137280
138211
139122
139721
135794
--STOP--
++STRT++
136484
134864
138231
140767
137184
138117
137337
136958
138255
141142
--STOP--
++STRT++
137473
135694
132739
138926
137943
139042
137456
138634
138416
139415
--STOP--
++STRT++
137933
139509
138995
132834
137219
138367
136122
136311
138077
138536
--STOP--
++STRT++
137827
137105
139120
139520
136810
138855
138906
140140
137037
137147
--STOP--
++STRT++
137672
136631
138107
136239
137624
136268
136901
137499
139712
138913
--STOP--
++STRT++
137953
135252
138073
135172
139961
137036
138224
140157
138633
139115
--STOP--
++STRT++
136811
135659
137071
137148
136170
137330
137831
138042
138081
139131
--STOP--
++STRT++
137556
136419
177316
137982
136135
138324
136846
136394
138142
136698
--STOP--
++STRT++
138457
137066
139388
140075
137342
139242
138894
135878
136798
135604
--STOP--
++STRT++
137217
135536
141864
136502
137033
138514
143100
136545
135570
138844
--STOP--
++STRT++
136575
136824
139885
137047
135095
139595
138862
136320
138396
135673
--STOP--
++STRT++
137462
135884
138816
138665
136152
137225
136543
138710
138603
139677
--STOP--
++STRT++
137130
137139
136534
138045
138127
137138
138583
139512
138743
137931
--STOP--
++STRT++
136883
138809
138285
138973
137306
140184
135449
135403
137071
135193
--STOP--
++STRT++
137743
137417
139768
139574
135451
136940
139862
139959
136889
135832
--STOP--
++STRT++
133553
135728
136518
139876
138254
137708
137683
137188
138686
141875
--STOP--
++STRT++
173833
138514
138827
136343
138149
192845
133506
137832
138535
139252
--STOP--
++STRT++
137794
133476
135832
140094
137701
139235
138128
137263
137680
137530
--STOP--
++STRT++
136327
137025
139263
140001
136611
134650
137422
139473
137799
138292
--STOP--
++STRT++
137983
139150
139302
140589
133973
176875
137971
135196
135875
138168
--STOP--
++STRT++
138258
137717
141009
139929
134910
137825
138013
138841
138720
135551
--STOP--
++STRT++
133146
139282
138329
137894
136523
137863
137257
137369
134170
137305
--STOP--
++STRT++
138658
135311
137410
135895
137271
138353
139276
137325
137739
138638
--STOP--
++STRT++
136306
138012
141509
137337
137802
145734
139043
140668
138262
138177
--STOP--
++STRT++
134015
136596
136510
138375
137442
137615
136285
138001
138770
139292
--STOP--
++STRT++
133901
137733
140113
137251
138504
137273
133401
137805
136770
137588
--STOP--
++STRT++
134124
135848
138756
139358
135978
139405
137186
138986
138292
137162
--STOP--
++STRT++
132539
136694
135924
136818
137292
138617
136344
137165
138855
138316
--STOP--
++STRT++
137355
135352
134640
139291
136684
139372
136089
133816
137341
137765
--STOP--
++STRT++
133107
133506
138609
133245
138249
135432
137896
137647
133213
137787
--STOP--
++STRT++
138093
136640
139968
137919
224280
137061
137209
137640
131875
138089
--STOP--
++STRT++
136927
136102
135921
139948
136946
138247
137804
139514
142063
137767
--STOP--
++STRT++
138035
135783
138699
135717
133519
138809
136518
138825
138094
137425
--STOP--
++STRT++
137336
136806
138939
137625
134318
137333
136304
138656
140276
139516
--STOP--
++STRT++
138453
136792
136717
139097
137805
136116
137420
138592
136291
138366
--STOP--
++STRT++
139284
138645
138564
138113
136265
138604
135358
138162
136546
137365
--STOP--
++STRT++
137593
137919
138819
137168
138147
136266
138688
218217
136322
139740
--STOP--
++STRT++
137197
137763
138242
138097
137675
139698
140405
136111
138709
139299
--STOP--
++STRT++
134494
135370
138265
135860
135900
136463
138476
138048
142732
141189
--STOP--
++STRT++
138445
137996
137714
138209
137931
135339
136608
136501
139543
138533
--STOP--
++STRT++
136622
136955
137629
137408
134644
138747
137101
138708
136107
137786
--STOP--
++STRT++
136153
137982
139101
137404
139166
138616
136038
138597
137433
142755
--STOP--
++STRT++
137152
175513
138380
136767
137789
137720
137957
138142
136404
138543
--STOP--
++STRT++
137170
137158
138474
138287
135037
140277
135289
137991
137921
136364
--STOP--
++STRT++
138123
136824
138393
213339
133792
137168
136344
139894
136760
138993
--STOP--
++STRT++
136421
135298
138003
143388
136482
140396
138387
139750
133075
138657
--STOP--
++STRT++
133554
138836
140191
136281
137497
140234
137908
136715
137671
137654
--STOP--
++STRT++
135010
138139
139349
139714
139204
138707
137420
137445
137880
136846
--STOP--
++STRT++
137473
135072
138261
137885
137927
137969
136100
137310
137692
137328
--STOP--
++STRT++
137057
137959
137254
140275
136541
139908
137881
137138
138537
135649
--STOP--
++STRT++
137343
135815
138639
140163
138621
133541
137631
140635
139498
138497
--STOP--
++STRT++
135052
135517
138427
140062
138888
135531
138536
139212
133518
135251
--STOP--
++STRT++
137375
136809
139683
140098
139883
137639
138363
139185
137302
137453
--STOP--
++STRT++
136281
136937
138658
136454
136849
138651
136626
137995
141352
136321
--STOP--
++STRT++
136600
135893
138274
136474
136782
139535
138374
136335
138124
138491
--STOP--
++STRT++
137713
135260
135738
139657
137093
137172
137738
133094
136864
138526
--STOP--
++STRT++
137049
136177
135386
138735
137812
136868
137678
138642
138278
137298
--STOP--
++STRT++
137125
136314
139189
136508
138836
136656
136425
136806
133855
140492
--STOP--
++STRT++
135131
136051
138924
137578
137619
136073
136457
137261
138423
135955
--STOP--
++STRT++
137191
134377
138046
138557
137517
137294
137116
138279
138763
137857
--STOP--
++STRT++
136390
137506
136329
138445
139024
138538
135466
139464
137282
137730
--STOP--
++STRT++
137224
135557
137614
140423
136616
136759
138037
138407
138308
136363
--STOP--
++STRT++
132559
135035
138940
139882
133868
140106
138608
212087
137947
140202
--STOP--
++STRT++
137147
136809
140630
138275
139173
138090
139602
132737
187377
141400
--STOP--
++STRT++
137209
135701
137493
136409
136116
139803
138909
137968
137895
133855
--STOP--
++STRT++
138221
178451
134984
136427
135139
136180
135879
135874
137332
134394
--STOP--
++STRT++
134390
135147
138973
140280
138030
137960
137423
139789
136241
137575
--STOP--
++STRT++
137595
137178
139432
139723
134965
138299
136374
139105
133159
143289
--STOP--
++STRT++
136918
135431
139458
138754
138905
138724
136971
137706
136525
135931
--STOP--
++STRT++
136281
175161
138449
137255
136138
139893
138541
138914
136405
138713
--STOP--
++STRT++
136658
137876
132005
138951
138438
138065
138740
138632
139691
138060
--STOP--
++STRT++
134646
135383
135956
138070
137411
137594
137883
135964
138040
137812
--STOP--
++STRT++
137222
135315
137664
140221
134483
134192
138006
138542
138016
138326
--STOP--
++STRT++
136293
138257
138990
135808
136364
140168
138530
141331
139125
137297
--STOP--
++STRT++
137723
134586
171428
135430
136204
138795
139373
139424
137474
139284
--STOP--
++STRT++
136424
134775
138365
135465
138276
139277
136575
137891
140143
138461
--STOP--
++STRT++
139089
137324
137858
138482
137194
135967
138078
139621
138281
137731
--STOP--
++STRT++
138033
140117
139309
137176
138207
138677
137442
138220
139499
137338
--STOP--
++STRT++
137938
136408
134730
137158
138753
136262
136389
138856
135847
137800
--STOP--
++STRT++
137327
136116
135926
146087
138649
136335
137702
135894
139636
137441
--STOP--
++STRT++
136262
140169
138042
137073
138819
138314
135968
133982
138162
137825
--STOP--
++STRT++
137273
141720
218108
140272
138618
133931
137694
134663
138124
137660
--STOP--
++STRT++
137400
138360
134900
138971
137996
138504
137545
137203
139337
137858
--STOP--
++STRT++
133307
137421
138736
138205
136184
137403
138059
136291
138314
137627
--STOP--
++STRT++
138096
137963
138897
139671
138406
133735
137418
138636
136280
138467
--STOP--
++STRT++
133224
137576
138363
140942
137423
137053
137327
135519
183126
137049
--STOP--
++STRT++
137577
136647
138157
135894
138394
135750
136392
138200
136663
139729
--STOP--
++STRT++
139953
138126
137375
140527
138441
133103
135049
139358
136623
137328
--STOP--
++STRT++
137982
135656
138325
136435
134569
137317
138866
141566
138887
136440
--STOP--
++STRT++
134581
137299
136770
136134
135380
138104
136912
135798
136031
138364
--STOP--
++STRT++
136847
137840
138670
135233
136342
138794
138295
138013
136432
135667
--STOP--
++STRT++
137008
135540
138235
138972
136674
137218
139017
137816
135426
138579
--STOP--
++STRT++
176468
136642
136567
139338
142755
136677
137402
136723
137292
133612
--STOP--
++STRT++
134837
137881
138637
139115
138224
139289
136665
136124
137401
137467
--STOP--
++STRT++
134808
136334
138248
136360
137452
143760
139620
139768
137021
137015
--STOP--
++STRT++
136439
135060
138081
140744
139480
137311
134813
136610
138524
138363
--STOP--
++STRT++
137650
136395
139487
137931
138080
137312
137589
139496
136266
137902
--STOP--
++STRT++
138544
135827
139854
138777
138321
141488
140095
136451
136835
136593
--STOP--
++STRT++
136932
136175
138370
138297
138139
139389
137795
138733
138066
138743
--STOP--
++STRT++
137174
135528
139422
138576
135644
136330
137858
139693
138015
137795
--STOP--
++STRT++
136294
133080
139580
140300
137354
132736
138336
136510
135141
139248
--STOP--
++STRT++
137782
137866
137738
137637
138100
139648
136330
138940
134891
137503
--STOP--
++STRT++
136563
136830
138391
138878
137164
139078
134598
138749
141315
138416
--STOP--
++STRT++
137791
138328
138454
140692
137629
139243
136485
221426
137600
137604
--STOP--
++STRT++
136919
137336
136236
138470
136557
137362
137805
141273
136018
139124
--STOP--
++STRT++
136432
136255
135101
136397
135345
136464
137926
138208
140391
138261
--STOP--
++STRT++
137845
136586
136969
138369
139836
136581
138747
134565
139196
137885
--STOP--
++STRT++
137237
136063
138911
139911
137679
137570
135362
138292
135856
137834
--STOP--
++STRT++
138561
137340
137054
137603
139018
138938
139199
139755
138393
136553
--STOP--
++STRT++
176358
137824
138188
138949
136855
132710
178762
138983
134160
137930
--STOP--
++STRT++
137280
136777
135854
138978
136453
139219
137352
138410
138048
136955
--STOP--
++STRT++
138241
135438
138259
137304
137871
137496
136947
137049
139981
136403
--STOP--
++STRT++
138027
137175
138357
138457
136123
138108
172103
133184
137529
139074
--STOP--
++STRT++
136575
135212
136104
138082
135216
139771
137800
137873
136235
138665
--STOP--
++STRT++
137255
137295
138769
139958
143964
137158
136929
140614
140004
137111
--STOP--
++STRT++
137376
138633
139291
137828
134365
136055
138825
137064
138657
136382
--STOP--
++STRT++
134975
134554
139617
139768
136398
139150
134430
138659
136312
136701
--STOP--
++STRT++
133102
137051
139413
138736
132968
138590
134954
138978
137397
136426
--STOP--
++STRT++
137214
135819
138025
134216
139157
137283
134833
137845
136713
137580
--STOP--
++STRT++
134652
139032
139584
140702
138686
137871
134788
136399
134827
138955
--STOP--
