++STRT++
8945469
8911875
8920660
8918044
8883276
8882578
8896880
8875134
8880618
9242066
--STOP--
++STRT++
8994244
8923451
8893311
8927491
8890309
8898461
8894584
8902893
8902895
9239490
--STOP--
++STRT++
8967422
8901736
8906406
8893689
8920059
8955542
8913319
8910915
8881965
9153422
--STOP--
++STRT++
8919919
8921254
8915696
8873575
8894389
8893293
8908658
8923649
8876607
9237709
--STOP--
++STRT++
8920268
8898372
8938151
8929878
8920762
8923848
8897735
8939763
8888797
9283803
--STOP--
++STRT++
8935807
8904702
8903744
8885089
8900046
8900456
8913815
8884069
8880220
9308406
--STOP--
++STRT++
8998770
8863995
8883795
8944704
8900807
8891576
8913304
8905136
8906222
9246575
--STOP--
++STRT++
8955959
8878748
8899380
8888091
8893838
8897654
8886925
8915503
8908290
9247964
--STOP--
++STRT++
8972511
8886784
8878595
8923534
8893823
8884614
8930259
8907485
8925908
9306454
--STOP--
++STRT++
8953921
8882832
8893497
8906302
8889836
8878142
8893887
8906384
8944924
9256753
--STOP--
++STRT++
8907908
8974114
8940747
8907127
8923299
8875992
8907810
8875973
8898188
9244533
--STOP--
++STRT++
8945785
8905950
8913173
8906105
8889248
8890535
8900617
8953043
8917784
9248069
--STOP--
++STRT++
8910725
8911419
8925706
8900378
8899642
8905943
8916077
8890560
8913404
9369538
--STOP--
++STRT++
8902264
8940842
8911153
8910490
8897806
8889920
8908128
8883587
8910232
9229856
--STOP--
++STRT++
8928688
8979127
8892991
8907825
8898164
8883957
8923276
8882072
8914356
9306222
--STOP--
++STRT++
8894916
8897969
8901166
8905865
8919224
8884927
8897917
8885920
8900145
9259920
--STOP--
++STRT++
8958556
8900880
8895675
8894676
8896867
8886562
8924711
8917033
8919591
9285056
--STOP--
++STRT++
8951479
8902591
8938752
8919214
8909907
8911979
8936970
8894679
8893384
9259044
--STOP--
++STRT++
8953795
8942271
8892795
8927736
8916353
8905999
8900376
8883577
8899095
9233370
--STOP--
++STRT++
8971924
8909278
8925673
8895552
8940482
8921206
8911060
8901766
8919343
9253009
--STOP--
++STRT++
8907078
8869320
8901614
8902315
8896218
9039104
8907189
8941928
8899195
9230659
--STOP--
++STRT++
8916753
8868455
8903863
8908839
8890558
8940624
8912804
8872906
8898164
9226592
--STOP--
++STRT++
8899686
8894477
8883034
8949261
8890734
8889308
8900921
8883730
8955673
9228107
--STOP--
++STRT++
8925409
8902924
8916927
8904010
8898875
8912457
8896385
8903310
8939922
9233968
--STOP--
++STRT++
8925843
8893382
8948420
8915081
8909159
8916771
8935345
8900858
8929183
9284631
--STOP--
++STRT++
8969947
8895354
8896406
8920119
8953691
8894111
8926977
8913115
8968053
9223324
--STOP--
++STRT++
9002812
8946524
8909219
8909597
8894084
8882103
8935438
8879807
8893507
9281040
--STOP--
++STRT++
8962518
8858150
8884715
8889847
8912439
8876630
8911402
8881797
8928185
9223891
--STOP--
++STRT++
8917090
8887641
8904724
8916716
8891681
8946733
8883547
8877380
8931342
9230746
--STOP--
++STRT++
8937943
8981183
8981687
8914487
8927271
8920898
8909917
8960821
8928390
9205909
--STOP--
++STRT++
8903352
8937739
8905587
8884293
8906479
8892098
8896519
8898346
8883083
9247825
--STOP--
++STRT++
8916548
8878316
8889505
8904654
8958959
8919849
8901456
8907393
8889095
9247822
--STOP--
++STRT++
8959291
8870056
8892475
8961992
8919256
8895209
8904861
8881024
8890289
9231933
--STOP--
++STRT++
8923295
8885624
8901037
8880039
8891664
8886331
8884629
8903735
8911645
9229824
--STOP--
++STRT++
8900719
8889279
8900360
8902513
8891747
8890489
8945888
8884481
8906119
9251486
--STOP--
++STRT++
8972044
8875095
8923528
8933811
8904847
8901523
8954543
8901835
8879310
9262737
--STOP--
++STRT++
8922961
8939967
8903635
8900294
8891992
8897770
8905699
8893957
8917206
9288622
--STOP--
++STRT++
8908002
8883960
8891210
8899221
8966575
8886905
8946296
8900853
8888948
9286016
--STOP--
++STRT++
8945597
8883109
8888529
8887217
8916139
8885164
8886987
8878591
8910550
9290677
--STOP--
++STRT++
8927079
8865904
8903561
8914987
8896756
8900194
8915266
8872942
8905911
9261795
--STOP--
++STRT++
8946208
8869864
8896396
8947676
8991433
8892660
8911260
8883108
8922062
9250609
--STOP--
++STRT++
8955077
8957141
8941826
8885165
8880337
8878055
8891971
8878106
8880554
9268140
--STOP--
++STRT++
8925431
8891875
8885628
8901341
8889563
8888684
8893265
8895717
8909623
9226791
--STOP--
++STRT++
8900544
8849243
8900293
8901897
8901603
8913350
8900233
8912165
8958290
9192727
--STOP--
++STRT++
8916362
8897239
8933165
8887546
8897990
8888492
8904238
8902211
8929835
9236973
--STOP--
++STRT++
8909088
8982752
9008010
8902251
8922800
8920289
8893456
8888285
8924685
9234621
--STOP--
++STRT++
8922505
8906208
8893071
8929236
8933062
8908129
8920315
8890047
8908329
9247097
--STOP--
++STRT++
8908026
8930124
8923201
8892974
8905972
8898393
8901458
8900605
8901322
9260011
--STOP--
++STRT++
8970883
8945208
8901929
8969172
8972980
8926442
8911742
8896038
8877418
9260024
--STOP--
++STRT++
8952990
8879258
8921149
8907149
8892685
8888855
8907313
8887266
8903086
9233740
--STOP--
++STRT++
8927706
8889714
8880225
8921298
8939922
8902292
8974652
8937217
8881279
9265627
--STOP--
++STRT++
8941369
8870977
8995590
8910333
8906021
8891658
8973430
8967347
8874452
9276896
--STOP--
++STRT++
8924152
8917778
8905942
8896681
8894136
8899410
8894927
8889997
8906123
9281375
--STOP--
++STRT++
8901248
8893697
8912107
8909796
8891076
8891875
9002180
8902375
8896588
9406922
--STOP--
++STRT++
8911674
8908928
8905381
8890822
8924800
8978022
8897243
8913205
8901393
9234698
--STOP--
++STRT++
8914306
8866636
8908969
8899708
8905535
8888010
8910853
8918028
8907291
9245181
--STOP--
++STRT++
8897039
8888597
8951180
8898859
8898109
8884979
8921388
8912556
8895986
9290293
--STOP--
++STRT++
8941884
8878392
8890134
8902989
8978983
8893719
8955267
8896389
8903136
9236257
--STOP--
++STRT++
8934265
8858530
8888939
8905481
8892966
8903843
8908696
8885189
8968060
9263089
--STOP--
++STRT++
8976237
8878422
8896820
8953693
8901617
8875955
8913382
8885684
8926577
9233044
--STOP--
++STRT++
8958751
8869593
8904597
8938549
8892478
8894243
8901038
8893427
8967693
9233330
--STOP--
++STRT++
8948912
8883887
8894010
8903254
8899185
8875222
8902766
8917172
8892626
9229778
--STOP--
++STRT++
8927533
8926078
8950752
8906029
8894357
8891666
8954721
8901790
8910474
9262078
--STOP--
++STRT++
8963493
8901883
8898802
8879678
8888680
8916845
8916103
8890704
8881935
9326124
--STOP--
++STRT++
8910335
8895802
8894200
8923570
8901407
8947600
8922195
8888182
8893653
9281077
--STOP--
++STRT++
8907769
8881672
8928954
8891671
8914090
8902048
8910640
8927764
8897932
9268012
--STOP--
++STRT++
8998503
9052634
8917748
8870852
8912671
8927842
8917281
8925823
8988665
9281833
--STOP--
++STRT++
8912312
8866917
8915620
8880274
8954420
8911581
8920493
8923312
8935648
9234235
--STOP--
++STRT++
8956638
8888754
8905620
8887311
8891873
8896943
8908968
8882500
8929459
9246681
--STOP--
++STRT++
8915918
8889820
8895846
8972507
8894493
8886085
8902822
8889535
8897587
9285467
--STOP--
++STRT++
8896437
8904875
8888081
8910397
8921447
8897618
8893855
8897831
8892709
9360009
--STOP--
++STRT++
8953975
8920583
8932069
8878318
8925198
8889978
8912887
8913689
8955664
9237893
--STOP--
++STRT++
8903351
8878352
8937055
8905472
8935382
8882295
8940745
8902693
8923972
9288016
--STOP--
++STRT++
8912670
8906594
8906202
8922676
8896472
8945830
8915891
8874580
8878943
9257877
--STOP--
++STRT++
8933329
8958334
8992269
8878658
8882834
8889322
8956229
8877452
8881308
9250446
--STOP--
++STRT++
8913714
8862752
8896307
8898768
8943909
8895297
8926887
8893418
8904112
9220375
--STOP--
++STRT++
8941658
8911315
8887580
8884717
8890978
8899485
8899211
8884759
8900085
9235739
--STOP--
++STRT++
8961506
8939187
8945559
8886261
8917305
8896507
8893354
8904404
8915513
9263548
--STOP--
++STRT++
8930428
8957562
8904026
8912096
8894948
8948939
8904207
8908502
8893714
9244192
--STOP--
++STRT++
8913224
8877905
8896174
8917954
8906941
8903586
8979923
8896846
8878283
9223657
--STOP--
++STRT++
8957207
8873755
8896064
8911323
8931716
8924289
8898637
8898126
8928851
9247224
--STOP--
++STRT++
8953818
8895215
8905750
8886655
8894364
8905216
8980986
8904584
8900968
9246750
--STOP--
++STRT++
8920487
8907666
8937725
8886095
8889603
8902189
8946001
8958775
8917153
9273436
--STOP--
++STRT++
8943140
8900495
8919306
8886931
8887481
8888659
8946050
8959165
8931761
9299384
--STOP--
++STRT++
8932184
8904476
8885546
8929127
8892791
8935026
8923129
8893811
8908519
9275847
--STOP--
++STRT++
8933458
8910796
8906012
8909772
8899646
8888705
8895024
8884074
8887232
9269576
--STOP--
++STRT++
8916030
8880444
8902802
8899419
9034415
8916602
8912988
8874333
8903280
9237382
--STOP--
++STRT++
8962051
8899228
8891323
8908453
8885604
8896028
8907975
8906542
8900555
9268976
--STOP--
++STRT++
8976016
8885403
8885496
8909760
8901447
8904600
8947165
8894525
8907239
9236112
--STOP--
++STRT++
8926615
8883836
8878973
8893969
8895747
8902629
8903568
8889161
8919645
9253338
--STOP--
++STRT++
8916494
8922046
8900340
8904555
8901970
8902728
8898548
8884953
8938944
9257117
--STOP--
++STRT++
8923399
8912037
8895001
8900454
8874735
8952053
8955679
8895186
8892547
9233382
--STOP--
++STRT++
8915666
8905874
8891539
8910653
8883884
8909285
8902473
8894481
8892212
9227950
--STOP--
++STRT++
8969507
8912305
8901506
8959699
8897560
8918603
8909158
8890997
8914988
9288684
--STOP--
++STRT++
8914363
8888798
8899251
8892958
8914651
8902105
8914050
8887528
8897947
9241425
--STOP--
++STRT++
8937161
8889881
8960406
8937509
8920170
8897646
8897094
8880698
8912639
9247828
--STOP--
++STRT++
8914623
8910934
8960855
8911440
8889688
8893421
8901220
8877828
8894811
9257354
--STOP--
++STRT++
8929804
8885855
8920751
8898502
8946829
8910615
8966882
8888181
8918112
9248476
--STOP--
++STRT++
8938064
8887740
8897751
8883077
8928312
8893518
8920252
8896389
8906703
9257390
--STOP--
++STRT++
8941195
8889751
8898429
8899633
8951927
8891519
8890144
8896031
8896151
9247052
--STOP--
++STRT++
8997176
8886208
8885734
8904576
8898851
8891020
8900504
8882133
8907253
9256234
--STOP--
++STRT++
8970539
8951617
8916413
8962284
8884092
8886378
8947702
8897727
8886441
9258858
--STOP--
++STRT++
8948439
8889363
8903413
8911679
8928673
8906197
8916405
8884556
8911537
9251395
--STOP--
++STRT++
8925149
8968699
8918019
8906500
8918285
8895458
9006601
8892419
9022737
9250634
--STOP--
++STRT++
8901958
8877805
8889132
8932472
8903839
8902337
8895856
8902757
8893674
9253479
--STOP--
++STRT++
8902072
8898772
8889250
8972485
8888880
8888545
8910437
8888851
8890439
9253136
--STOP--
++STRT++
8896450
8906436
8895218
8885972
8897401
8887513
8948474
8891866
8911168
9236695
--STOP--
++STRT++
8933531
8903822
8915839
8900677
8896580
8914187
8895867
8901725
8882594
9269695
--STOP--
++STRT++
8952295
8913851
8972221
8881767
8940301
8915365
8910121
8887735
8897610
9259637
--STOP--
++STRT++
8914099
8855028
8887794
8910948
8886957
8893833
8896291
8874932
8893191
9278889
--STOP--
++STRT++
8943092
8886543
8896939
8938817
8910572
8923525
8901139
8919704
8896696
9326326
--STOP--
++STRT++
8936158
8870711
8884715
8907959
8883556
8893442
8894690
8922650
8893522
9257024
--STOP--
++STRT++
8957978
8868441
8893877
8902437
8900484
8897692
8895117
8891691
8907228
9265746
--STOP--
++STRT++
8923830
8903505
8942969
8931376
8915528
8917594
8891984
8910073
8920265
9220524
--STOP--
++STRT++
8906527
8879892
8908640
8885181
8899544
8941902
8894238
8904546
8939660
9283127
--STOP--
++STRT++
8898752
8961762
8893849
8898560
8894007
8889246
8938291
8911425
8908960
9279101
--STOP--
++STRT++
8907250
8934216
8891632
8912434
8894691
8901676
8923857
8905849
8896845
9299692
--STOP--
++STRT++
8972009
8938434
8885058
8927806
8889768
8895772
8897042
8894665
8885538
9242013
--STOP--
++STRT++
8911609
8888253
8885693
8916285
8904044
8896627
8956023
8906908
8892965
9223797
--STOP--
++STRT++
8995462
8901044
8932833
8959322
8899660
8918417
8922427
8920462
8930537
9231132
--STOP--
++STRT++
8959281
8909125
8896288
8918372
8891797
8922076
8921467
8878944
8927344
9281590
--STOP--
++STRT++
8983475
8943616
8929417
8905424
8949233
8886339
8895078
8888141
8918431
9235806
--STOP--
++STRT++
8925307
8866796
8882210
8905558
8891528
8892894
8903397
8902835
8893998
9243306
--STOP--
++STRT++
8993719
8935744
8894716
8889345
8884428
8879617
8945066
8893809
8891330
9222771
--STOP--
++STRT++
8924638
8927460
8877519
8939008
8898082
8910072
8916283
8886737
8911782
9281691
--STOP--
++STRT++
8914871
8965665
8926955
8965562
8898472
8895724
8924125
8910798
8906622
9261191
--STOP--
++STRT++
8982132
8865911
8895227
8988232
8937685
8920776
8899986
8893544
8912187
9275145
--STOP--
++STRT++
8948437
8893563
8897204
8928308
8910554
8917478
8902034
8890853
8930811
9267803
--STOP--
