++STRT++
549149
566369
556132
554126
554097
554920
551332
555636
640074
557618
--STOP--
++STRT++
551443
549304
557586
552863
551300
556740
554060
551605
553398
552033
--STOP--
++STRT++
550430
549420
555325
553330
553084
555977
552965
554853
555821
587694
--STOP--
++STRT++
549266
550546
552434
557256
552851
594317
554769
552681
548329
547855
--STOP--
++STRT++
551296
553173
553125
559032
552066
596633
554056
551604
556183
555033
--STOP--
++STRT++
552253
556359
556685
558621
552763
552208
598680
556046
546452
610034
--STOP--
++STRT++
553192
551133
551340
637098
553528
551586
639388
550652
551353
556290
--STOP--
++STRT++
550834
555966
556528
554394
550277
556067
555347
584631
552810
555101
--STOP--
++STRT++
551614
549555
554627
593841
551428
554023
642442
554819
553497
549657
--STOP--
++STRT++
550153
547186
552323
558244
554565
599336
555725
556885
553480
551541
--STOP--
++STRT++
550134
552705
553027
549588
552375
557134
555249
556162
550983
593130
--STOP--
++STRT++
551760
549916
552502
559446
549709
555831
556373
552132
553239
549749
--STOP--
++STRT++
554800
550254
605241
552189
551930
560002
551080
556942
554987
558628
--STOP--
++STRT++
549383
558628
555640
550185
553713
556271
556649
558660
549509
635708
--STOP--
++STRT++
550900
550913
552572
558195
555215
641017
552589
551345
556668
550981
--STOP--
++STRT++
550988
592886
552327
557634
552931
553214
552331
549800
554596
552562
--STOP--
++STRT++
553367
554692
558471
556182
552030
553808
554906
557289
550578
554171
--STOP--
++STRT++
552407
599928
552968
556070
553385
554358
599090
556429
554206
557130
--STOP--
++STRT++
551457
550707
551390
561106
558679
555310
553252
553316
553567
552466
--STOP--
++STRT++
547743
546174
560367
551790
549831
552188
552160
557435
559109
592604
--STOP--
++STRT++
549919
552663
606458
554513
551738
558092
550478
555374
553833
555425
--STOP--
++STRT++
551382
633045
556737
553769
549448
555876
597020
554349
554830
552520
--STOP--
++STRT++
553422
551121
554646
556465
549511
553201
551470
552909
548525
553949
--STOP--
++STRT++
550394
550142
555550
558890
555331
556375
552288
559519
550064
552565
--STOP--
++STRT++
552133
552434
557105
556071
550203
550259
551867
562691
553637
554243
--STOP--
++STRT++
553033
550842
632377
549819
554052
555601
553438
549796
554532
552422
--STOP--
++STRT++
548780
554979
553057
557266
551975
591391
552105
551072
645626
553354
--STOP--
++STRT++
554093
553821
556263
557759
554788
553527
552529
554933
553448
633943
--STOP--
++STRT++
549519
549319
643543
550761
555595
555208
552480
556319
553011
556259
--STOP--
++STRT++
549954
550176
553477
555602
552025
553930
550689
640949
555589
551014
--STOP--
++STRT++
552780
558814
554006
635751
547720
555702
552922
550709
554208
551747
--STOP--
++STRT++
553351
551351
553692
550763
641773
549778
552705
555745
553804
552179
--STOP--
++STRT++
550444
551140
554361
642761
555026
548767
643272
554741
551356
550509
--STOP--
++STRT++
553038
551188
575823
556284
552260
554991
634933
557526
584217
548844
--STOP--
++STRT++
552682
554882
554264
550475
553154
638836
550578
554968
547282
554256
--STOP--
++STRT++
549358
554395
555905
555329
553787
557883
553506
648159
552199
555731
--STOP--
++STRT++
553199
550521
552384
556505
638966
557769
552193
551231
551824
552339
--STOP--
++STRT++
550945
552886
557323
561037
550989
551267
552275
555403
558220
550090
--STOP--
++STRT++
550079
553542
552388
550526
556282
554749
630912
554034
551903
550444
--STOP--
++STRT++
552203
549464
555035
550261
589537
556856
548735
553009
553302
553130
--STOP--
++STRT++
551265
548944
556611
553237
555902
557025
549867
554119
550783
553264
--STOP--
++STRT++
551380
550915
556706
553081
550871
620927
554554
552387
552464
550616
--STOP--
++STRT++
556773
555389
556480
557847
550290
557111
557302
555869
548476
552555
--STOP--
++STRT++
551378
548219
555131
553634
550519
641740
554292
552067
553791
553833
--STOP--
++STRT++
552988
551213
556385
593584
549889
559993
554147
555898
550132
551013
--STOP--
++STRT++
551725
549490
562561
553722
552411
608353
554611
556272
554478
549047
--STOP--
++STRT++
552055
552343
554930
557820
551706
558267
555141
631718
552613
553003
--STOP--
++STRT++
549683
549325
558442
556072
548666
550353
556800
557023
555080
549184
--STOP--
++STRT++
552100
629861
554488
552610
553472
557268
551962
553550
552721
553613
--STOP--
++STRT++
549391
551926
552436
556458
550427
562003
638045
557407
552350
548307
--STOP--
++STRT++
588639
552638
552733
556527
554318
586102
553172
559930
549264
551921
--STOP--
++STRT++
552667
552955
553656
553650
550385
561100
555981
636534
554368
549208
--STOP--
++STRT++
552300
550920
554219
553530
554303
548356
551573
590348
553788
551490
--STOP--
++STRT++
553415
553705
552942
558299
549664
557788
554688
596285
553722
552662
--STOP--
++STRT++
552204
550404
554207
555115
592665
552633
557804
550121
552761
637167
--STOP--
++STRT++
553131
553848
549643
555406
550954
553428
551383
553349
552702
643505
--STOP--
++STRT++
591296
549416
555363
551470
552091
553525
558892
554975
556461
554130
--STOP--
++STRT++
552395
551086
554288
555876
556186
560149
553505
550338
557288
552115
--STOP--
++STRT++
551319
550978
557641
558776
554877
555920
552973
558690
550818
552249
--STOP--
++STRT++
600390
550584
553978
554759
551797
552495
553364
555439
554191
553579
--STOP--
++STRT++
595959
553831
555616
555098
549820
557014
551640
555602
551018
552570
--STOP--
++STRT++
549028
550029
554074
557228
551543
552494
551043
553149
553674
555054
--STOP--
++STRT++
594860
549498
553086
587691
551125
555814
555186
557169
558204
548329
--STOP--
++STRT++
552947
552723
553165
554107
552030
557688
555603
554439
551409
552734
--STOP--
++STRT++
552563
554040
556342
556249
555029
555899
552617
551499
553029
553496
--STOP--
++STRT++
553338
552991
559862
556891
551563
556382
553262
557184
553384
548451
--STOP--
++STRT++
555908
549445
606721
556827
554847
553974
553413
590649
556472
550244
--STOP--
++STRT++
552723
603567
552675
559001
549730
549591
555950
556915
594100
558334
--STOP--
++STRT++
552505
553759
551743
555812
552438
554358
631102
559971
552439
584389
--STOP--
++STRT++
550390
560614
551424
556846
553565
558896
554069
559622
550803
555893
--STOP--
++STRT++
553191
552699
554434
555523
561302
557758
554307
553750
554447
552429
--STOP--
++STRT++
597515
549419
554968
595178
551953
553738
551895
558115
555123
551849
--STOP--
++STRT++
548319
633289
557959
553421
553857
551475
641593
547411
646507
553113
--STOP--
++STRT++
551925
550894
553506
551398
554302
555165
549293
556129
556333
598401
--STOP--
++STRT++
550623
561239
552525
554891
554383
641853
549595
556675
551351
553429
--STOP--
++STRT++
549769
550795
596263
556370
550972
554727
554023
648802
551523
552602
--STOP--
++STRT++
551652
552099
552153
558293
552084
552235
554027
556055
551629
554532
--STOP--
++STRT++
549556
551119
555825
555030
554157
554577
551941
553368
548178
552946
--STOP--
++STRT++
590097
549963
554980
550044
552254
554383
549584
551520
554421
553290
--STOP--
++STRT++
588774
552750
554453
555978
547469
549347
554817
555442
554757
555635
--STOP--
++STRT++
551657
550938
553493
552873
595292
552765
555615
549704
554604
551918
--STOP--
++STRT++
554837
550913
548596
554640
551182
553510
554057
551618
640952
554624
--STOP--
++STRT++
555380
551327
557871
556410
552523
555914
555291
597452
555699
556193
--STOP--
++STRT++
554629
549521
570205
556293
552323
555411
551784
555798
554677
549359
--STOP--
++STRT++
553123
551418
555486
556427
549150
636619
552696
556326
552726
553574
--STOP--
++STRT++
552401
605587
555164
556630
549493
553214
554849
556725
546190
551035
--STOP--
++STRT++
586155
550387
651967
555799
552940
555806
555927
555198
547660
550770
--STOP--
++STRT++
551917
550079
552914
555835
560325
556859
553451
559811
554456
553583
--STOP--
++STRT++
553309
549889
553222
553873
592604
556674
555637
555167
553751
640036
--STOP--
++STRT++
550971
551671
552771
556135
550291
599198
552815
555950
554011
553568
--STOP--
++STRT++
555074
553205
552807
554148
549173
555290
554143
562738
547200
550874
--STOP--
++STRT++
551812
555294
552248
554088
556040
556482
562010
559372
552458
548729
--STOP--
++STRT++
553567
554807
556855
551466
592320
555644
548620
553529
557733
551501
--STOP--
++STRT++
550838
548916
547807
554121
550043
553919
554817
556519
554913
551861
--STOP--
++STRT++
551820
550285
554633
557551
547189
553892
598585
550438
553059
551562
--STOP--
++STRT++
553149
630368
553784
555204
560329
556886
552682
555458
551937
559256
--STOP--
++STRT++
548546
552046
553305
553977
552385
558829
553097
550888
552790
554162
--STOP--
++STRT++
551581
557481
552572
549536
551264
555734
554054
555872
549657
549776
--STOP--
++STRT++
551950
550119
553758
552114
550764
645209
554032
552488
556496
551560
--STOP--
++STRT++
550934
550857
554066
552831
558229
557905
553798
549055
553195
551732
--STOP--
++STRT++
548998
550539
549366
552217
551416
554329
550969
561156
556041
553041
--STOP--
++STRT++
548107
627104
552631
553220
550263
549264
552592
552234
552708
552632
--STOP--
++STRT++
551919
549892
599018
552391
551350
556128
549472
553967
637364
555163
--STOP--
++STRT++
555644
551502
555581
554845
552095
560298
553428
558623
552100
553055
--STOP--
++STRT++
551770
549775
554380
557508
554410
557225
552600
556255
548174
554026
--STOP--
++STRT++
551784
549647
556476
549562
551006
558748
553200
562144
559024
552940
--STOP--
++STRT++
551477
551158
550844
551308
551944
557332
552082
555562
557236
553330
--STOP--
++STRT++
550175
553350
551720
558992
552193
547546
593197
552735
551948
548432
--STOP--
++STRT++
594514
552911
554926
556524
552777
550603
640184
549569
553658
557296
--STOP--
++STRT++
553960
551943
554942
554943
553777
559925
552814
556970
553845
550427
--STOP--
++STRT++
553563
550802
555963
585167
552817
551332
593596
557055
550263
553922
--STOP--
++STRT++
554575
547975
638214
555478
554437
555252
554569
556003
551843
551988
--STOP--
++STRT++
552123
550979
552066
549571
551574
591903
555476
557690
554612
550086
--STOP--
++STRT++
552307
553684
558821
627586
552867
556892
555089
627482
554444
551721
--STOP--
++STRT++
551924
551246
554649
643249
557399
554786
558539
555006
552183
563799
--STOP--
++STRT++
551900
549618
554260
555123
552226
558180
555692
556565
554271
549665
--STOP--
++STRT++
550618
551660
554785
555466
637780
553595
553783
559216
546904
552533
--STOP--
++STRT++
549486
549069
556687
554839
552162
550273
555029
557667
550237
643742
--STOP--
++STRT++
551904
548091
552428
555372
550255
550706
593416
599505
547968
552299
--STOP--
++STRT++
550254
552585
553574
560440
551634
555198
552418
553208
553405
551366
--STOP--
++STRT++
552958
549729
552853
553953
553185
588836
549352
642516
547816
552198
--STOP--
++STRT++
551819
549835
557145
560432
552214
595783
553688
556022
546885
551516
--STOP--
++STRT++
553071
595492
552927
555508
551574
556438
602000
549665
555591
561767
--STOP--
++STRT++
552934
553148
556952
550763
550975
556012
549898
557965
551809
552505
--STOP--
++STRT++
548567
552718
554513
554991
559550
556376
549972
557305
552846
551719
--STOP--
++STRT++
552362
551214
554364
549189
550950
555885
553982
556526
554262
552422
--STOP--
++STRT++
555071
551257
554183
555273
553048
556723
553296
554778
549272
552545
--STOP--
++STRT++
592005
550903
557052
557876
550767
549355
554565
555300
552336
555448
--STOP--
