++STRT++
2195789
2193398
2198509
2232186
2195279
2193981
2195015
2234513
2243847
2224426
--STOP--
++STRT++
2242439
2191985
2199815
2228867
2206287
2203690
2195475
2239521
2200483
2233553
--STOP--
++STRT++
2194991
2192786
2201915
2239133
2194752
2201445
2198610
2200283
2200361
2276313
--STOP--
++STRT++
2243516
2192530
2200519
2231884
2241286
2200397
2198557
2213941
2202144
2305358
--STOP--
++STRT++
2235861
2192632
2199524
2233065
2195473
2199510
2284415
2198487
2201017
2225652
--STOP--
++STRT++
2194301
2192693
2238645
2203369
2237169
2201352
2279610
2198102
2200067
2233549
--STOP--
++STRT++
2195348
2279955
2240373
2200939
2198753
2234278
2247903
2202985
2214176
2216293
--STOP--
++STRT++
2232268
2192007
2201386
2202049
2194501
2219357
2194792
2201244
2197940
2231788
--STOP--
++STRT++
2205827
2202413
2201442
2195476
2242120
2202470
2197318
2239638
2251404
2227510
--STOP--
++STRT++
2231909
2203600
2198428
2212787
2195914
2202019
2242239
2201460
2202676
2227310
--STOP--
++STRT++
2195112
2246424
2194162
2198861
2196491
2199635
2291885
2201875
2203221
2266856
--STOP--
++STRT++
2233961
2193047
2199585
2233402
2206666
2200084
2241805
2202765
2199712
2318229
--STOP--
++STRT++
2243341
2192575
2198664
2201582
2195274
2202144
2198603
2204891
2197475
2226893
--STOP--
++STRT++
2196264
2193611
2201365
2228937
2285559
2205613
2198306
2232925
2202492
2227216
--STOP--
++STRT++
2196148
2192736
2199163
2198244
2287393
2200140
2201243
2236225
2237454
2225296
--STOP--
++STRT++
2196102
2263973
2201164
2211235
2197447
2199437
2197757
2200693
2201938
2277657
--STOP--
++STRT++
2234341
2203644
2200286
2203181
2194685
2236850
2284751
2213372
2202183
2236586
--STOP--
++STRT++
2195975
2190862
2193495
2200043
2254847
2199161
2200034
2203083
2196833
2223149
--STOP--
++STRT++
2194839
2204976
2210710
2202444
2195125
2199807
2198631
2202344
2201154
2331228
--STOP--
++STRT++
2195347
2262904
2237940
2202251
2207212
2234249
2201553
2200949
2203050
2283780
--STOP--
++STRT++
2195292
2191767
2198228
2202532
2254488
2203359
2195682
2195447
2202307
2279951
--STOP--
++STRT++
2195969
2190478
2201325
2202000
2195439
2200324
2200083
2233284
2244146
2234947
--STOP--
++STRT++
2196321
2246137
2239925
2201778
2197226
2231574
2197064
2199477
2204241
2225982
--STOP--
++STRT++
2196204
2193222
2238942
2202156
2196284
2231546
2202222
2200417
2199162
2290800
--STOP--
++STRT++
2196090
2201440
2199574
2230098
2233280
2200725
2200475
2198442
2200665
2278309
--STOP--
++STRT++
2195535
2265649
2200806
2201607
2279721
2199193
2297305
2198124
2198390
2260190
--STOP--
++STRT++
2230112
2192550
2198791
2199813
2195649
2202957
2196229
2234168
2194420
2214692
--STOP--
++STRT++
2194692
2247149
2242467
2198556
2207074
2235049
2198354
2230168
2195671
2224378
--STOP--
++STRT++
2195885
2190828
2198855
2202950
2196322
2199457
2200183
2229764
2240294
2261788
--STOP--
++STRT++
2196477
2192542
2201845
2238569
2238086
2202306
2198526
2200675
2202199
2222211
--STOP--
++STRT++
2234909
2191515
2195343
2198292
2257202
2201253
2199434
2209248
2203382
2224340
--STOP--
++STRT++
2231180
2191787
2199326
2202422
2194101
2234814
2200979
2229920
2237616
2223717
--STOP--
++STRT++
2195365
2190435
2219765
2201479
2252244
2200081
2196156
2202496
2200596
2222778
--STOP--
++STRT++
2196573
2189114
2199677
2202254
2245579
2200107
2198727
2230397
2240624
2223727
--STOP--
++STRT++
2195155
2202508
2200617
2200675
2294260
2200355
2199013
2212861
2195837
2229150
--STOP--
++STRT++
2195303
2267544
2242242
2199794
2204114
2234223
2201580
2200579
2202138
2262835
--STOP--
++STRT++
2234095
2193582
2209428
2198651
2195821
2195000
2200422
2201759
2204164
2215747
--STOP--
++STRT++
2194142
2192742
2200215
2233028
2196117
2199516
2244200
2200295
2201417
2218551
--STOP--
++STRT++
2193807
2268617
2200322
2203682
2195109
2198932
2197081
2248825
2200662
2215953
--STOP--
++STRT++
2236321
2191980
2201126
2231023
2212322
2203818
2247462
2200133
2201318
2212629
--STOP--
++STRT++
2196975
2242183
2237042
2201213
2209749
2232605
2234458
2207867
2202224
2226939
--STOP--
++STRT++
2242685
2192221
2199159
2202145
2204060
2235305
2198444
2201995
2201349
2330227
--STOP--
++STRT++
2196344
2190498
2199126
2199662
2194402
2201449
2199559
2229771
2196903
2319092
--STOP--
++STRT++
2195726
2240927
2288179
2211900
2247744
2233049
2199530
2198297
2200986
2283184
--STOP--
++STRT++
2195885
2192132
2200715
2233188
2195114
2199363
2199132
2199626
2195737
2343286
--STOP--
++STRT++
2197416
2247681
2240553
2203761
2197790
2231648
2201150
2198709
2203091
2318203
--STOP--
++STRT++
2236236
2192616
2196240
2231142
2195997
2209657
2291848
2201671
2204199
2224948
--STOP--
++STRT++
2196342
2192886
2199057
2204342
2247035
2212786
2199133
2199262
2200556
2222686
--STOP--
++STRT++
2248494
2193061
2212167
2201593
2195807
2202809
2295193
2199052
2200973
2223308
--STOP--
++STRT++
2231424
2191660
2201451
2200629
2195027
2197524
2287591
2201662
2198502
2225194
--STOP--
++STRT++
2196167
2192145
2201372
2234954
2237798
2195143
2199875
2199107
2198970
2225929
--STOP--
++STRT++
2230115
2192725
2208605
2203819
2196956
2201626
2197553
2203752
2195188
2226349
--STOP--
++STRT++
2196991
2192239
2209617
2244721
2196994
2234615
2196892
2239984
2269524
2222157
--STOP--
++STRT++
2203964
2192024
2199897
2201205
2276368
2202553
2195299
2200782
2288102
2233329
--STOP--
++STRT++
2194641
2241612
2246616
2203084
2196167
2232567
2199493
2203156
2196859
2368601
--STOP--
++STRT++
2194992
2193194
2201308
2230628
2194774
2202692
2196376
2204164
2201288
2225813
--STOP--
++STRT++
2195533
2202653
2201779
2195296
2194342
2200606
2198852
2199839
2203059
2286481
--STOP--
++STRT++
2195805
2191935
2195040
2203361
2195148
2200184
2249439
2203630
2202361
2226461
--STOP--
++STRT++
2233410
2193117
2201545
2203443
2204372
2201073
2197115
2200066
2195596
2278647
--STOP--
++STRT++
2233704
2192414
2202029
2199916
2247716
2202725
2199646
2199889
2202087
2228845
--STOP--
++STRT++
2195812
2251396
2210910
2202316
2193747
2202661
2201375
2198851
2201812
2284098
--STOP--
++STRT++
2206450
2191587
2200563
2232079
2237080
2203117
2200736
2236572
2240915
2313923
--STOP--
++STRT++
2195688
2191491
2198795
2235600
2195304
2204405
2237229
2202215
2195645
2332155
--STOP--
++STRT++
2228936
2192119
2201583
2203263
2285687
2201869
2208684
2195738
2200120
2223100
--STOP--
++STRT++
2236848
2202794
2200764
2214271
2194594
2199605
2194838
2202379
2213108
2227296
--STOP--
++STRT++
2195729
2191983
2200811
2200316
2286345
2199310
2197720
2237912
2244566
2258874
--STOP--
++STRT++
2195544
2262654
2241454
2204962
2196802
2233653
2208669
2202611
2203365
2274218
--STOP--
++STRT++
2235139
2193483
2201247
2209510
2237176
2199171
2208959
2212231
2199050
2260792
--STOP--
++STRT++
2239578
2192495
2198893
2204548
2195695
2200289
2250638
2206462
2195212
2226456
--STOP--
++STRT++
2216941
2191784
2211885
2198158
2242278
2203384
2198663
2210073
2195536
2225238
--STOP--
++STRT++
2233653
2191645
2200241
2200386
2275550
2199427
2196628
2200711
2196885
2289436
--STOP--
++STRT++
2196154
2192195
2199151
2232741
2206026
2198506
2249594
2200938
2201570
2225835
--STOP--
++STRT++
2233495
2189866
2199003
2200680
2193720
2235375
2241939
2212095
2199614
2270945
--STOP--
++STRT++
2239136
2192092
2200698
2198983
2242120
2199678
2197732
2237754
2246096
2226900
--STOP--
++STRT++
2195290
2242963
2295804
2201211
2197421
2236277
2249701
2195654
2198642
2234974
--STOP--
++STRT++
2207814
2192024
2199692
2200545
2284731
2204073
2194117
2201907
2194862
2233608
--STOP--
++STRT++
2194141
2192587
2243768
2199052
2197214
2248469
2199356
2198825
2201545
2317897
--STOP--
++STRT++
2195796
2191927
2198300
2211167
2255795
2201954
2199242
2202075
2199712
2226243
--STOP--
++STRT++
2196589
2243058
2240346
2199336
2196519
2241125
2210245
2233220
2243210
2217429
--STOP--
++STRT++
2235231
2193760
2200340
2204324
2257815
2200515
2240938
2214210
2196405
2238109
--STOP--
++STRT++
2195880
2265963
2213095
2202226
2195694
2204183
2194969
2211432
2200860
2272409
--STOP--
++STRT++
2236243
2192489
2200868
2232248
2195203
2204086
2197742
2235041
2243552
2223175
--STOP--
++STRT++
2195911
2192065
2230614
2202896
2195406
2199017
2199918
2198368
2201393
2225607
--STOP--
++STRT++
2195208
2191936
2198998
2211801
2195563
2199531
2241135
2218129
2203134
2228429
--STOP--
++STRT++
2196695
2192002
2201670
2198980
2194573
2234262
2200451
2202652
2201771
2217622
--STOP--
++STRT++
2196602
2191942
2201400
2201255
2204567
2200586
2291338
2198060
2212988
2214086
--STOP--
++STRT++
2195471
2193498
2202793
2234938
2196673
2234330
2297979
2201176
2197679
2236442
--STOP--
++STRT++
2237546
2201245
2200374
2200876
2247473
2199741
2195597
2232567
2236934
2215386
--STOP--
++STRT++
2197066
2203574
2199746
2202527
2284243
2203751
2196196
2201119
2200828
2217013
--STOP--
++STRT++
2195444
2192293
2201491
2199778
2285058
2201455
2196322
2228645
2242681
2217287
--STOP--
++STRT++
2196605
2261945
2238930
2200845
2195349
2202077
2256751
2199361
2202367
2224573
--STOP--
++STRT++
2196070
2192088
2238595
2235506
2197358
2230896
2199146
2198980
2199981
2336352
--STOP--
++STRT++
2229231
2192043
2200513
2203707
2214732
2199462
2292883
2203325
2199507
2228283
--STOP--
++STRT++
2232789
2192707
2199167
2233895
2196480
2201448
2216289
2202226
2199038
2264789
--STOP--
++STRT++
2195335
2282323
2251928
2197837
2195042
2233308
2235602
2197274
2203281
2224219
--STOP--
++STRT++
2196005
2191886
2200568
2200657
2244134
2200682
2196656
2202264
2199891
2215820
--STOP--
++STRT++
2232264
2191430
2197672
2233449
2196169
2202249
2243360
2199244
2205299
2227224
--STOP--
++STRT++
2196240
2329693
2199653
2233107
2287129
2203002
2200576
2201680
2202670
2225748
--STOP--
++STRT++
2236920
2201513
2201317
2203737
2236213
2203048
2205570
2249852
2238050
2226132
--STOP--
++STRT++
2195776
2242164
2239018
2198685
2194786
2202299
2237987
2202692
2198054
2225362
--STOP--
++STRT++
2237659
2192154
2195870
2215164
2194582
2200007
2198831
2233925
2296589
2234040
--STOP--
++STRT++
2196018
2192295
2200368
2198791
2195696
2201676
2196565
2200057
2200223
2277053
--STOP--
++STRT++
2239514
2190952
2199903
2230152
2194606
2212358
2200612
2240261
2302604
2220136
--STOP--
++STRT++
2196679
2192453
2240057
2235731
2197159
2229830
2195382
2212221
2194253
2214752
--STOP--
++STRT++
2195951
2210812
2198675
2234393
2195037
2200573
2195747
2199430
2204786
2225687
--STOP--
++STRT++
2195999
2242628
2199095
2202839
2199738
2201830
2196488
2202013
2213812
2322279
--STOP--
++STRT++
2232434
2192634
2201526
2203829
2195936
2201280
2250590
2203280
2195446
2226836
--STOP--
++STRT++
2195568
2192098
2200043
2202237
2282736
2211646
2195248
2203402
2201739
2274933
--STOP--
++STRT++
2195063
2191665
2199733
2199988
2198286
2237207
2197202
2231381
2236954
2235795
--STOP--
++STRT++
2197079
2192690
2204791
2280059
2198138
2233103
2249422
2200200
2199033
2221655
--STOP--
++STRT++
2209505
2192003
2198783
2234848
2195592
2201374
2198942
2237164
2288341
2225197
--STOP--
++STRT++
2194926
2192432
2237922
2203493
2247807
2202976
2238217
2202135
2201655
2260812
--STOP--
++STRT++
2196356
2191567
2204034
2204075
2196254
2199122
2292952
2199661
2203002
2216991
--STOP--
++STRT++
2194811
2190982
2201284
2202743
2256747
2199877
2291662
2200826
2206562
2224473
--STOP--
++STRT++
2205273
2192234
2209050
2228095
2297736
2200166
2199085
2233890
2245292
2224548
--STOP--
++STRT++
2204382
2242869
2236307
2203029
2195451
2235876
2198714
2204656
2203167
2267784
--STOP--
++STRT++
2236103
2192818
2215694
2202296
2294824
2199292
2201073
2204230
2195064
2223310
--STOP--
++STRT++
2236661
2202716
2198113
2200667
2210017
2203989
2211096
2202164
2202027
2273504
--STOP--
++STRT++
2233926
2191927
2195692
2203791
2294649
2202713
2199266
2201641
2199272
2225723
--STOP--
++STRT++
2236937
2191865
2209517
2232271
2281893
2201281
2198657
2198708
2197780
2221575
--STOP--
++STRT++
2208437
2250945
2251362
2199472
2196397
2240739
2243300
2212924
2203764
2316492
--STOP--
++STRT++
2195727
2193179
2201599
2232268
2196494
2234309
2202662
2200558
2198639
2342639
--STOP--
++STRT++
2232991
2192030
2210778
2214370
2195953
2198687
2293429
2200409
2204925
2217111
--STOP--
++STRT++
2252078
2192632
2199517
2198577
2195636
2198992
2290340
2212524
2202595
2332465
--STOP--
++STRT++
2232988
2192183
2200237
2212243
2232647
2202552
2198003
2199227
2202635
2217793
--STOP--
++STRT++
2196090
2192562
2204146
2233657
2195945
2210595
2205222
2199878
2200261
2224976
--STOP--
++STRT++
2195528
2190818
2204458
2199252
2195076
2203729
2198515
2230130
2241675
2221864
--STOP--
++STRT++
2195936
2192634
2200157
2198689
2250104
2204219
2200312
2200508
2199405
2264037
--STOP--
