++STRT++
18020269
17813258
17771629
17778957
17822486
17777668
17776605
17744400
17791836
18700677
--STOP--
++STRT++
17922910
17748161
17723496
17734373
17779359
17775230
17760532
17787602
17796276
18732167
--STOP--
++STRT++
17899642
17728286
17721026
17777419
17827373
17732628
17736736
17759363
17782327
18593343
--STOP--
++STRT++
17884169
17758773
17740085
17728315
17823592
17770232
17755439
19208184
19311596
18799212
--STOP--
++STRT++
17911885
17702415
17773629
17828995
17817497
17787716
17736493
17738342
17920291
18593025
--STOP--
++STRT++
17872825
17768213
17753351
17880197
17743331
17797005
17766449
17816649
17780779
18738578
--STOP--
++STRT++
17909349
17791474
17788886
17821227
17762473
17765543
17748749
17730596
17744037
18632997
--STOP--
++STRT++
17930590
17872931
17789721
17800416
17750789
17733165
17750614
17732109
17829791
18722802
--STOP--
++STRT++
17894233
17773348
17748495
17779074
17816742
17801758
17771739
17762102
17849132
18755206
--STOP--
++STRT++
17840833
17802520
17731548
17919323
17817069
17740772
17753012
17814035
17789708
18669622
--STOP--
++STRT++
17899175
17775529
17747368
17754616
17778847
17784507
17810859
17777901
17890325
18690343
--STOP--
++STRT++
17902025
17714120
17798000
17801114
17804390
17756798
17763657
17731492
17738715
18710160
--STOP--
++STRT++
17936854
17816575
17796475
17811060
17788436
17791576
17777758
17791732
17816754
18560142
--STOP--
++STRT++
17985287
17787158
17740922
17866783
17773910
17833611
17734336
17749060
17833971
18732318
--STOP--
++STRT++
17920487
17751632
17739143
17826830
17905526
17778526
17809017
17835115
17776833
18715393
--STOP--
++STRT++
17888647
17710745
17761322
17775325
17812104
17728149
17754929
17767312
17811085
18746399
--STOP--
++STRT++
17957641
17791168
17816303
17872594
17822400
17759205
17740480
17780199
17799155
18751119
--STOP--
++STRT++
17962917
17749591
17783373
17852504
17783425
17813325
17779297
17767937
17842223
18670569
--STOP--
++STRT++
17889003
17757228
17848154
17741216
17807719
17794532
17766309
17776492
17813094
18661977
--STOP--
++STRT++
17898604
17782702
17776812
17839345
17831536
17791700
17743431
17761803
17789929
18583632
--STOP--
++STRT++
17872866
17767015
17737279
17766915
17832869
17811004
17774326
17727880
17726276
18675036
--STOP--
++STRT++
17936443
17726376
17782798
17778944
17814577
17847219
17768998
17742545
17810692
18669000
--STOP--
++STRT++
17873840
17775511
17788490
17823648
17811171
17811864
17752788
17740888
17843162
18587644
--STOP--
++STRT++
17873737
17705052
17798580
17757745
17777051
17802420
17749710
17743913
17826573
18623114
--STOP--
++STRT++
17931246
17750606
17784005
17798799
17776293
17808061
17839013
17786506
17790194
18684191
--STOP--
++STRT++
17929558
17718774
17789046
17766296
17829851
17759392
17781177
17779283
17864944
18685225
--STOP--
++STRT++
17924790
17776724
17749776
17809199
17797965
17827823
17751322
17777692
17797661
18566334
--STOP--
++STRT++
17871945
17787052
17753961
17842129
17875831
17739966
17791802
17818046
17777179
18732222
--STOP--
++STRT++
17949491
17733558
17747882
17815237
17845155
17758904
17816574
17758845
17778092
18799023
--STOP--
++STRT++
17896643
17747287
17760300
17840622
17904028
17778712
17758462
17748103
17786718
18670930
--STOP--
++STRT++
17898097
17765980
17763056
17802655
17833675
17788032
17769434
17746715
17783500
18654113
--STOP--
++STRT++
17862094
17798441
17754303
17763397
17798453
17765885
17738697
17756907
17802826
18566441
--STOP--
++STRT++
17884087
17718506
17822637
17775623
17757293
17784851
17735855
17722983
17786022
18537963
--STOP--
++STRT++
17874775
17750225
17738175
17884491
17818966
17745754
17767857
17749311
17871682
18670240
--STOP--
++STRT++
17944003
17718378
17770929
17802617
17773924
17776404
17762571
17733983
17782995
18723085
--STOP--
++STRT++
17830561
17762697
17750219
17800042
17735124
17764358
17787354
17864122
17769034
18706712
--STOP--
++STRT++
17929589
17762919
17769443
17775882
17779111
17822072
17764120
17775377
17757173
18549114
--STOP--
++STRT++
17895721
17754331
17768350
17761499
17826069
17791203
17768505
17771832
17780126
18602709
--STOP--
++STRT++
17870797
17854775
17705141
17846757
17814330
17789110
17772887
17795192
17820414
18687869
--STOP--
++STRT++
17953196
17809371
17773192
17805567
17781266
17808962
17809140
17734770
18016851
18687917
--STOP--
++STRT++
17876193
17770008
17744045
17822307
17731626
17797963
17756085
17760584
17721742
18591896
--STOP--
++STRT++
17821734
17786793
17750608
17819575
17811173
17751674
17732662
17891672
17801957
18598472
--STOP--
++STRT++
17912547
17798800
17748995
17807779
17757214
17776065
17742397
17756491
17710939
18713947
--STOP--
++STRT++
17816991
17775366
17790662
17841950
17796639
17789401
17819434
17780571
17726630
18735199
--STOP--
++STRT++
17885643
17769907
17768677
17814907
17776205
17785024
17754986
17765483
17800872
18623523
--STOP--
++STRT++
17893706
17709477
17735593
17712519
17812350
17797514
17742922
17781137
17818811
18583564
--STOP--
++STRT++
17871270
17796086
17760323
17830732
17799402
17779330
17717674
17763036
17907294
18714242
--STOP--
++STRT++
17918083
17744126
17735551
17758464
17827984
17774472
17756826
17741933
17768516
18667108
--STOP--
++STRT++
17907431
17792578
17753677
17760851
17763350
17752219
17761985
17784187
17900533
18640330
--STOP--
++STRT++
17879667
17803702
17756464
17815071
17794986
17797625
17774122
17745132
17788069
18662389
--STOP--
++STRT++
17897912
17723982
17759182
17734314
17817336
17778067
17756523
17734199
17786790
18584865
--STOP--
++STRT++
17819322
17714698
17740390
17729879
17777816
17769449
17795800
17758603
17833541
18660732
--STOP--
++STRT++
17865656
17748422
17731995
17828740
17834369
17737457
17778124
17822636
17761432
18747651
--STOP--
++STRT++
17893145
17778043
17823735
17736176
17812537
17803526
17767781
17749073
17788652
18648141
--STOP--
++STRT++
17884458
17748863
17765790
17782869
17801881
17776771
17771235
17773064
17881483
18684472
--STOP--
++STRT++
17900615
17717024
17805391
17826854
17844633
17766030
17768007
17786523
17814557
18726727
--STOP--
++STRT++
17872865
17818365
17781954
17819968
17820208
17814785
17757329
17797542
17808006
18563352
--STOP--
++STRT++
17861676
17770273
17810318
17753998
17857119
17764960
17765345
17758376
17791548
18733878
--STOP--
++STRT++
17875835
17770758
17757012
17769287
17807800
17783481
17818759
17749896
17893610
18601986
--STOP--
++STRT++
17879125
17828939
17794617
17802699
17801940
17806285
17763244
17744658
17962291
18647584
--STOP--
++STRT++
17877727
17710570
17734735
17722025
17825901
17763169
17769626
17775652
17797041
18612777
--STOP--
++STRT++
17968759
17839147
17809486
17810115
17811077
17770281
17778335
17786735
17763612
18704412
--STOP--
++STRT++
17899901
17775549
17739153
17857295
17815458
17738089
17748522
17765093
17804324
18668006
--STOP--
++STRT++
17835347
17789032
17741745
17837204
17815153
17771293
17747029
17829376
17818362
18702615
--STOP--
++STRT++
17836367
17794040
17746627
17846544
17754186
17792309
17791884
17741481
17860437
18687424
--STOP--
++STRT++
17913182
17786462
17734446
17819082
17875935
17790872
17734721
17765165
17787475
18562059
--STOP--
++STRT++
17944436
17795257
17739027
17724533
17761924
17742135
17759892
17728298
17797990
18739977
--STOP--
++STRT++
17846534
17732707
17747813
17762675
17803236
17727179
17749658
17785736
17802039
18756564
--STOP--
++STRT++
17996160
17826997
17784165
17793262
17758079
17814850
17771065
17760737
17796548
18658519
--STOP--
++STRT++
17891117
17802925
17795717
17810282
17810611
17751150
17776592
17809461
17769116
18702397
--STOP--
++STRT++
17894591
17764539
17781944
17887719
17842376
17768266
17813110
17830727
17800962
18654411
--STOP--
++STRT++
17877922
17760992
17789687
17771665
17833958
17771991
17781198
17765087
17703668
18735170
--STOP--
++STRT++
17871771
17784203
17820144
17846165
17786865
17756430
17767336
17753706
17808551
18605979
--STOP--
++STRT++
17899678
17732563
17760796
17721442
17807309
17786667
17800645
17762492
17804206
18647927
--STOP--
++STRT++
17972010
17863222
17786022
17852881
17782507
17798416
17762280
17793848
17799245
18645370
--STOP--
++STRT++
17887876
17718428
17744362
17879700
17776722
17760770
17751315
17757399
17748226
18714608
--STOP--
++STRT++
17898989
17767670
17731131
17810218
17831143
17745166
17756910
17755208
17732201
18655896
--STOP--
++STRT++
17888313
17763774
17763459
17770004
17973438
17791446
17762325
17725434
17824830
18571545
--STOP--
++STRT++
17875798
17785818
17775658
17856992
17823627
17796276
17764385
17799704
17835537
18740058
--STOP--
++STRT++
17853567
17758914
17779114
17790743
17829571
17745148
17772453
17757006
17802106
18758446
--STOP--
++STRT++
17924665
17755881
17736670
17831783
17761751
17795217
17745651
17789785
17739032
18767015
--STOP--
++STRT++
17888878
17706500
17733106
17790856
17784051
17766560
17750844
17816423
17748685
18586738
--STOP--
++STRT++
17826281
17857925
17809827
17865315
17775852
17788684
17780944
17771615
17759208
18612998
--STOP--
++STRT++
17941989
17751156
17768573
17767636
17846067
17812602
17757982
17788813
17807204
19042753
--STOP--
++STRT++
17945069
17719711
17716935
17713983
17852332
17783985
17766827
17767940
17772661
18734246
--STOP--
++STRT++
17853788
17751207
17814192
17793197
17788719
17787216
17757346
17745141
17772894
18648896
--STOP--
++STRT++
17904580
17745201
17755821
17752316
17783497
17818192
17774228
17757411
17716768
18651782
--STOP--
++STRT++
17916135
17702031
17778946
17737000
17798017
17755458
17778120
17779629
17788035
19457253
--STOP--
++STRT++
17924965
17713285
17749071
17811192
17818580
17780837
17761877
17747745
17790579
18784043
--STOP--
++STRT++
17911885
17710058
17764667
17909696
17850746
17752875
17763858
17761167
17793103
18760066
--STOP--
++STRT++
17885948
17737911
17759249
17823982
17914236
17782999
17801442
17762909
17783854
18721264
--STOP--
++STRT++
17918652
17763633
17742391
17778650
17768396
17780616
17783833
17805623
17797488
18686938
--STOP--
++STRT++
17929890
17713307
17769471
17850801
17779994
17802261
17805146
17778671
17782106
18670850
--STOP--
++STRT++
17947654
17732810
17771402
17834692
17822615
17768895
17759411
17750820
17786974
18672443
--STOP--
++STRT++
17880898
17812364
17787353
17784585
17782470
17754679
17773385
17756073
17783040
18685218
--STOP--
++STRT++
17874035
17795332
17856675
17765219
17774214
17757778
17745534
17748561
17808648
18604665
--STOP--
++STRT++
17844317
17789749
17744178
17764828
17764729
17762942
17756768
17750286
17781882
18606169
--STOP--
++STRT++
17840315
17794675
17769451
17746230
17803505
17773867
17931071
17767535
17821706
18680981
--STOP--
++STRT++
17908032
17833490
17734709
17727582
17824606
17789306
17826423
17785207
17752408
18675522
--STOP--
++STRT++
17882813
17815714
17781728
17760256
17753218
17745367
17771589
17766179
17787660
18713277
--STOP--
++STRT++
17909285
17773449
17810161
17792793
17847231
17778695
17750049
17756068
17807664
18722536
--STOP--
++STRT++
17897707
17775388
17828250
17787404
17799700
17756403
17767108
17761781
17806766
18573196
--STOP--
++STRT++
17906041
17761878
17799342
17811991
17853271
17772979
17768845
17809125
17773104
18493809
--STOP--
++STRT++
17889778
17718895
17731930
17767016
17755450
17758108
17732996
17770607
17830906
18719980
--STOP--
++STRT++
17889764
17728684
17791146
17826319
17811722
17778573
17770147
17771456
17801867
19048317
--STOP--
++STRT++
17893774
17768539
17741530
17762061
17835192
17787139
17774936
17765251
17802640
18641454
--STOP--
++STRT++
17922948
17729780
17749608
17844443
17780147
17839911
17780945
17798671
17813421
18749242
--STOP--
++STRT++
17878029
17753396
17752124
17827203
17738122
17787815
17768566
17784550
17898771
18606123
--STOP--
++STRT++
17908839
17771553
17738195
17768439
17741493
17777750
17771126
17802024
17820541
18710268
--STOP--
++STRT++
17928271
17776185
17774040
17832825
17753387
17726495
17761493
17795904
17769748
18752255
--STOP--
++STRT++
17895686
17790823
17799841
17823789
17745744
17761639
17749643
17827972
17817292
18746883
--STOP--
++STRT++
17897089
17750244
17822688
17796657
17777221
17773652
17735314
17766274
17795003
18581327
--STOP--
++STRT++
17895809
17742316
17755559
17773875
17837989
17749489
17766753
17765126
17970224
18783299
--STOP--
++STRT++
17924637
17725071
17737954
17851582
17823446
17742894
17750764
17790989
17793938
18636322
--STOP--
++STRT++
17924344
17726412
17770730
17804966
17779002
17792978
17773882
17750404
17753062
18556220
--STOP--
++STRT++
17915078
17728484
17780290
17734610
17837412
17757940
17752642
17780389
17806556
18723312
--STOP--
++STRT++
17889728
17734385
17777163
17767992
17872121
17789691
17742809
17758386
17818723
18688922
--STOP--
++STRT++
17896770
17786975
17759273
17834434
17824115
17744526
17770750
17787444
17828190
18564056
--STOP--
++STRT++
17885251
17718359
17801860
17814051
17770135
17897244
17808083
17781462
17734843
18721759
--STOP--
++STRT++
17890021
17814594
17889729
17739636
17829550
17772974
17793796
17803317
17799684
18617318
--STOP--
++STRT++
17868498
17759177
17761126
17839459
17743807
17797451
17788358
17802544
17746357
18650898
--STOP--
++STRT++
17908078
17764913
17743865
17790436
17847317
17761634
17747468
17762698
17807374
18628891
--STOP--
++STRT++
17875735
17732796
17763149
17846021
17796623
17852118
17813776
17811744
17793100
18736025
--STOP--
++STRT++
17925801
17706679
17739159
17846277
17781673
17760460
17765494
17769535
17786636
18706837
--STOP--
++STRT++
17878640
17707408
17743435
17821916
17809014
17766990
17769263
17731216
17843827
18692552
--STOP--
++STRT++
17876738
17778354
17801447
17844588
17803614
17795116
17772976
17831342
17911189
18555635
--STOP--
++STRT++
17957512
17834303
17769068
17815209
17883540
17798022
17792639
17753746
17940239
18603873
--STOP--
++STRT++
17937799
17736905
17788831
17799101
17789424
17778667
17765058
17748223
17838845
18721548
--STOP--
