++STRT++
76492827
4489254
19423961
33822565
7803406
4659055
76347249
4471033
18920126
33778286
8920588
5370295
77881316
4425358
18884522
33909314
8953886
5413523
76962053
4485491
18900838
33764670
8441678
5042656
76653948
4486028
18879089
33779744
8054005
4945730
83052029
4505792
19112645
33852322
10976254
6729230
88530583
4507360
19197981
33908915
11779095
7455947
--STOP--
++STRT++
76454409
4423909
18857722
33832005
7663176
4565690
76277677
4468405
18833192
33862616
8746346
5182167
78558805
4428937
18984713
33945340
8986996
5468793
76993157
4475329
18904330
33799031
8494317
5164512
76567505
4481868
18911123
33762539
7986845
4764413
82696065
4480468
19014613
33890086
10971572
6779266
85502730
4562170
19215368
33950225
11853765
7438672
--STOP--
++STRT++
76431865
4419332
18928644
33827123
7431894
4581593
75749420
4466602
18850181
33780703
8793384
5190748
77554751
4424783
18933979
33916923
9078860
5568190
77028885
4476999
18862269
33771918
8399173
5046840
76650455
4484865
18912713
33765602
7771033
4782072
82395353
4494030
19057373
33922347
11056570
6744841
88069586
4498021
19190434
33986612
11701020
7381662
--STOP--
++STRT++
76509904
4429606
18828030
33773644
7521818
4444951
76049708
4472156
18871490
33876213
8822798
5297369
77826794
4461073
18895227
33901136
8945632
5363382
76998291
4481859
18913920
33822332
8411556
4963376
76719029
4483476
18893814
33777383
7804796
4809228
82082964
4495603
19065488
33916199
11094799
6703467
86652464
4566177
19271499
33944530
11845115
7390599
--STOP--
++STRT++
76353591
4477616
18935816
33879252
7637039
4653965
76329604
4477232
18900996
33807932
8923969
5313765
78071614
4427975
18873531
33963195
9010778
5456330
77026103
4477821
18850619
33793104
8556985
5080254
76830081
4483850
18895845
33816923
7982182
4835070
83965305
4427464
19109822
33917060
11097953
6725162
86774293
4506990
19220353
33921027
11803681
7308631
--STOP--
++STRT++
76543855
4480740
18862153
33794701
7721055
4712320
76083810
4478875
18797848
33772767
8601619
5233949
77806268
4426982
18928475
33892158
8992160
5503642
76903469
4474670
18893082
33784869
8463939
5068356
76689119
4481535
18882829
33804802
8027186
4851507
81986381
4474484
19116580
33958449
11157940
6776326
86944395
4561590
19215041
33958666
11712490
7504919
--STOP--
++STRT++
76407337
4419021
18848936
33862540
7696433
4638823
76062243
4418772
18851010
33893890
8901589
5198059
77852785
4491041
18924011
33833318
8993092
5477776
76917670
4425391
18924370
33787784
8412103
4963738
76720954
4427619
18899869
33796490
7769385
4766294
82079090
4425583
19048381
33951529
11034019
6781495
86165287
4500386
19176553
33921459
11685433
7497183
--STOP--
++STRT++
76385500
4476830
18888677
33820243
7497263
4660837
75795511
4476096
18900978
33812590
9035264
5376078
77844660
4420761
18937407
33868882
9145514
5468126
76970362
4468757
18910047
33786667
8553892
5180898
76860859
4494692
18865543
33794243
7910378
4819155
83268056
4479245
19124785
33890172
10981221
6807612
86799246
4598048
19325161
34003116
11567937
7449704
--STOP--
++STRT++
76611745
4486275
18826032
33832124
7839653
4715462
76249634
4476077
18828722
33772634
8954298
5351700
77945476
4422985
18883463
33911386
9003407
5533522
77274464
4476670
18834059
33876655
8462210
4998962
76635734
4481763
18857029
33779059
8239060
4884618
84220840
4433982
19041068
33894305
10940275
6832823
86634136
4512792
19259910
33933580
11799279
7509050
--STOP--
++STRT++
76466167
4475628
18924048
33768985
7808390
4928435
76957037
4473407
18918705
33748747
8745672
5205456
77834612
4422980
18914841
33907225
9110569
5550833
77011571
4472940
18847987
33813310
8623126
5098537
76819977
4486277
18897443
33751783
8119559
5064529
82767042
4506226
19140068
33969555
11104582
6721416
86923618
4578099
19319385
33943998
11730411
7552429
--STOP--
++STRT++
76476239
4463574
18827411
33872336
7767008
4655130
76270010
4411712
18807229
33806730
8667074
5223638
77808295
4544761
18915172
34000206
9183728
5497475
76935167
4420011
18845569
33796142
8379426
4870490
76623670
4432707
18880307
33780897
8058282
4906663
83923087
4428254
19047296
34037045
11083639
6789121
87791120
4573299
19144736
33915980
11646099
7342115
--STOP--
++STRT++
76510030
4508935
18913247
33751320
7709276
4845019
76230704
4527670
18898403
33743896
8869896
5299857
78135839
4428932
18954718
33861310
9226512
5583093
77045776
4478150
18890530
33771730
8729078
5256373
76747419
4484005
18846549
33770831
8370502
4950671
82975218
4437762
19045604
33924226
11082690
6708031
86950024
4543091
19176297
33910409
11796210
7361019
--STOP--
++STRT++
76499866
4485120
18890745
33849348
7824522
4843285
76196396
4470646
18796104
33760331
8877436
5383961
77772219
4492775
18883319
33876938
9109915
5402725
77052170
4418828
18902234
33898940
8552821
5073422
76736587
4483119
18882783
33901794
8294094
4935715
83246229
4484090
19054004
33867640
10979359
6677972
87927979
4567994
19229890
33939566
11798183
7479130
--STOP--
++STRT++
76447803
4493804
18940320
33791848
7580600
4697716
76013809
4477181
18899653
33857709
8769672
5212287
78119788
4428572
18911627
33924759
9234477
5627302
77184455
4486910
18904411
33775725
8681290
5089657
76701733
4483171
18876761
33778344
8125456
4899445
83220256
4548650
19104428
33947787
11136475
6670183
85859829
4579817
19311491
34029453
11606425
7276515
--STOP--
++STRT++
76523676
4428264
18934585
33828414
7691195
4548141
76084568
4414761
18892069
33795400
8891901
5304331
77892773
4481878
18944019
33821620
9043216
5505729
76774382
4478874
18873940
33771954
8625960
5094256
76732603
4479597
18879879
33805329
7947240
4824504
83159072
4488384
19147570
33917862
11163252
6787652
87371457
4512987
19183188
33922952
11651651
7417685
--STOP--
++STRT++
76462030
4462934
18881902
33805691
7701043
4750769
76291223
4472541
18819845
33757134
8881833
5361737
78043047
4425459
18930875
33883666
9037490
5433799
76936859
4481379
18922565
33779272
8380495
5027627
76632357
4480799
18833133
33866986
7867192
4875447
84204238
4493758
19066008
33934676
11006978
6726845
86846499
4512910
19166849
33909429
11777023
7297605
--STOP--
++STRT++
76374550
4468823
18847506
33820383
7819545
4793997
76081727
4470175
18916151
33755370
8754126
5233647
77625266
4422652
18923633
33847204
8973466
5382819
76958077
4475968
18851257
33837589
8385150
5046878
76624845
4485183
18927486
33784459
7886506
4836178
83448534
4484204
19105885
33918361
11105554
6731768
88648402
4590307
19245702
34067456
11606859
7270253
--STOP--
++STRT++
76491037
4518809
18947457
33895674
7732251
4815369
76055945
4471062
18907162
33785745
8779455
5295405
77848677
4424548
18962520
33993586
8996026
5426723
76970480
4476902
18875201
33778535
8334570
5054992
76608869
4480568
18860087
33768918
8108785
4854414
83972310
4425917
19087578
33942405
10988679
6663496
87499309
4504360
19209167
33917645
11883538
7539768
--STOP--
++STRT++
76466591
4482479
18953794
33804267
7733558
4647540
76199439
4473964
18835681
33777129
8903896
5408590
78085757
4432018
18897763
33894628
9014822
5428194
76847937
4484741
18845240
33780407
8509867
5064742
76722142
4476557
18891180
33816956
8118785
4949406
83372252
4423617
19049222
33978091
11046930
6734910
85855694
4507947
19169361
34056859
11736358
7343965
--STOP--
++STRT++
76438092
4469306
18857779
33828860
7526765
4781331
76195287
4463015
18845976
33771990
8721725
5227608
77772862
4424947
18889077
33914427
9023599
5491014
76935933
4483892
18834251
33822542
8275965
4964433
76781753
4484337
18821994
33781622
8093692
4921220
83645621
4478481
19119095
33919233
11059028
6647893
87820559
4566447
19140955
33938396
11696880
7378153
--STOP--
++STRT++
76556128
4482636
18830403
33889837
7790871
4719851
76172087
4476917
18890968
33825049
9071381
5281268
77749838
4420668
18895575
33922656
9047928
5451733
77063781
4480270
18846075
33779322
8371775
5041970
76593003
4485279
18826899
33787440
8077352
4893406
83246957
4499424
19135157
33918118
10991901
6711644
86350618
4657800
19264031
33988097
11601954
7288846
--STOP--
++STRT++
76479295
4423327
18935919
33835422
8023294
4867416
76159924
4442264
18871002
33816156
8820541
5195777
77980300
4484579
18969251
33832560
9024953
5415440
76882017
4475944
18920481
33773040
8489033
5039988
76653109
4417943
18872225
33801858
8005379
4784778
84592002
4441513
19100292
33878745
11162860
6649413
86378520
4511973
19211375
33911449
11800680
7449537
--STOP--
++STRT++
76499506
4468990
18907004
33799319
7775612
4721954
76185316
4471758
18816459
33779928
8820129
5376886
78182844
4421946
18873427
33911195
9038162
5443895
77001949
4483783
18837561
33819699
8341998
4928208
76732324
4480014
18896086
33857704
8029127
4846652
83218898
4490182
19096526
33923778
11074791
6757573
88984319
4573152
19163713
34062067
11687234
7476673
--STOP--
++STRT++
76443829
4489497
18918510
33883266
7627510
4634085
76066544
4419551
18835580
33820309
8730330
5271379
78298443
4479781
18966312
33835188
8966831
5343471
76954634
4425619
18854001
33802615
8431242
4959623
76707722
4432932
18874950
33795724
8171348
4978099
83781485
4479902
19052638
33948877
11088994
6753209
87695067
4625623
19205584
33950367
11692192
7391187
--STOP--
++STRT++
76519859
4425853
18898700
33764532
7776784
4716335
76154578
4481566
18845827
33853773
8895899
5370418
77920548
4429439
18982724
33896799
8990952
5483542
76971134
4475287
18845541
33850422
8395299
4951415
76695559
4484357
18923256
33771284
8033919
4812524
83356511
4430153
19111374
34010858
11069739
6669844
87082173
4507696
19226103
33917444
11725887
7480395
--STOP--
++STRT++
76545371
4433031
18869166
33753326
7803473
4646438
76119827
4415250
18896113
33809338
8796322
5331244
77834429
4487303
18903800
33893322
9202014
5493153
77225127
4428708
18868427
33771635
8452147
4923134
76694562
4424324
18927046
33797936
7826483
4732373
83130436
4427190
19116055
33882670
11160986
6677001
87716747
4508123
19220540
33934012
11761335
7372696
--STOP--
++STRT++
76470585
4488295
18903653
33782558
7533745
4709773
76076032
4469848
18894536
33759102
8881872
5321356
78295449
4423448
18981268
33867443
8960560
5383120
77030657
4482117
18946527
33793256
8372268
4925458
76740423
4481911
18861605
33768773
8097072
4852902
83441538
4489420
19109289
33978322
11180752
6760172
87577782
4501204
19204945
33995424
11740271
7398148
--STOP--
++STRT++
76583805
4424364
18919211
33789023
7799540
4693994
76059088
4477471
18829129
33821260
8874012
5360390
77824381
4421397
18886780
33830612
9032648
5476216
76913939
4483949
18856244
33783691
8390047
5037725
76785832
4498324
18843814
33783825
7908292
4806451
82131210
4428673
19078362
33993785
10960015
6621704
86424004
4504371
19281836
34093521
11657352
7296210
--STOP--
++STRT++
76398777
4426238
18886237
33752493
7713445
4722886
76114313
4466448
18872500
33803592
8664776
5158647
77607937
4424034
18889419
33950563
9030881
5535974
76958954
4480040
18939460
33777969
8371239
4984950
76764820
4430363
18858683
33826945
7780549
4739641
83780055
4426573
19069001
33965949
10979753
6617177
86386272
4506878
19222649
33916620
11692343
7354833
--STOP--
++STRT++
76432616
4422356
18891725
33870564
7687608
4701913
76291509
4532981
18866899
33835826
8852004
5243241
77641940
4423207
18945365
33915244
9178332
5529686
76946131
4483647
18845518
33810974
8421722
5068934
76776859
4482652
18848498
33788363
8016712
4814697
83124291
4432517
19064862
33935754
10936079
6676854
86416823
4565958
19210642
34000912
11719403
7478743
--STOP--
++STRT++
76584321
4429746
18905845
33837623
7702785
4745479
76202895
4477511
18836657
33776941
8622688
5314560
77708813
4422747
18903778
33885590
9033972
5520416
77094645
4525910
18912534
33781716
8499821
5116226
76702637
4480040
18897790
33785275
8116208
4923829
83875810
4492784
19037145
33938222
11004460
6708053
87179731
4499448
19204791
34026713
11741297
7409946
--STOP--
++STRT++
76475609
4484388
18856677
33869273
7646896
4645923
76167245
4411345
18888253
33830398
8761164
5345601
77760543
4485670
18974712
33826857
9063488
5377183
76920685
4434509
18852545
33850754
8536788
5111573
76698123
4428170
18873000
33845811
7923504
4755670
84566240
4486251
19181987
33894275
11221913
6736524
87746835
4572407
19235433
33915004
11735041
7509910
--STOP--
++STRT++
76542279
4468411
18846266
33777666
7739458
4936321
76189549
4472068
18826237
33796698
8847415
5206631
77769668
4434057
18933202
33872524
9178884
5502527
76874578
4481761
18936858
33879098
8453342
5103900
76799087
4477733
18842907
33835572
8247296
5005010
84537287
4489922
19100300
33884475
10990095
6755150
87315094
4576079
19164540
34009776
11947403
7470409
--STOP--
++STRT++
76470959
4510668
18846006
33784125
7904254
4658185
76179283
4476949
18828942
33777382
8836444
5148744
77722394
4425469
18932909
33874668
9039427
5457379
76991197
4481429
18897112
33803374
8580682
5101621
76722299
4479870
18897755
33770486
7992767
4876631
82502770
4501227
19117799
33912953
11023648
6727173
88240400
4508993
19231069
33924230
11857446
7432025
--STOP--
++STRT++
76440511
4473754
18866997
33778490
7839169
4838122
76027970
4475150
18899710
33793562
8911432
5371286
77845095
4423028
18939048
33910571
9026382
5483565
77027678
4479538
18908872
33785921
8508157
5058933
76709286
4529369
18854275
33780845
8029743
4916914
82718823
4424122
19037426
33937527
11063799
6662281
87184013
4501794
19159452
33926522
11654137
7300988
--STOP--
++STRT++
76446944
4434019
18902236
33762581
7851352
4556609
75962220
4419155
18887980
33938650
8858275
5232339
78006939
4478297
18992436
33854110
9005546
5429283
76962755
4435986
18924772
33841159
8654233
5178077
76534469
4419895
18946321
33924368
8273504
4994511
84682154
4495157
19156638
33970412
11054190
6662703
87901159
4568211
19301832
34000011
11781826
7456568
--STOP--
++STRT++
76454745
4481760
18828760
33859172
8007965
4930650
76046006
4421555
18892189
33933156
8603116
5203780
77731894
4486479
18938264
33881578
9006749
5430650
76850222
4421592
18881481
33802583
8333581
4962139
76709094
4426128
18913693
33724945
7925570
4784760
83080502
4426452
19090680
33978495
10962348
6769112
86854942
4502783
19140208
33921767
11670086
7382506
--STOP--
++STRT++
76467374
4538910
18870948
33820134
7663883
4596868
76106069
4469344
18830894
33782515
8725415
5194459
77870992
4430575
18937656
33839708
8959809
5408768
77115375
4484366
18893796
33783030
8318556
4988377
76778804
4486993
18820874
33775520
7850083
4784511
82986081
4431889
19063609
33960949
11073308
6692495
87372328
4512724
19192420
34049874
11676052
7445058
--STOP--
++STRT++
76503999
4423675
18867074
33842277
7695327
4724249
76212605
4467155
18851844
33812568
8690222
5231706
77791582
4489138
18967078
33828255
8982096
5496770
77088243
4487079
18907920
33779377
8440489
4893603
76737915
4424986
18843973
33776061
7981070
4851998
83539271
4538367
19136338
33882421
11144699
6711103
86420798
4501912
19152974
33953102
11709478
7394782
--STOP--
++STRT++
76482887
4517071
18803693
33750720
7690669
4729518
76244770
4465061
18933378
33784402
9075998
5192846
78137566
4425704
18951275
33902476
9173612
5631070
76986541
4480609
18895537
33818998
8577374
5087412
76800212
4483420
18867853
33778366
8154318
4756471
83500145
4428156
19104784
33963332
10967593
6641635
87846780
4505255
19217909
33919696
11706665
7373605
--STOP--
++STRT++
76529896
4482705
18790608
33801161
7550972
4760130
76207763
4472010
18885557
33780435
8893943
5284230
77780675
4427037
18894082
33946890
9042284
5519187
77007502
4490326
18900732
33777803
8447424
5116425
76719552
4486062
18910079
33739389
8036022
5002799
82384357
4487468
19044725
33936640
11058611
6807944
87527831
4505597
19297137
34109740
11695185
7452729
--STOP--
++STRT++
76490716
4480315
18863647
33797004
7804340
4759918
76153873
4472949
18881713
33763931
8987953
5403402
77841229
4547277
18897014
33854928
9173049
5378893
76985448
4481205
18926014
33898574
8437186
5069447
76836904
4536300
18888478
33772603
7896874
4844016
83455196
4496549
19092448
33919404
11087976
6767345
87757686
4567119
19190045
34003806
11646352
7267661
--STOP--
++STRT++
76610172
4493389
18874033
33793866
7845873
4840629
75987685
4468641
18933372
33838772
9052597
5314377
77875455
4428314
18949819
33857399
9164425
5464495
76950782
4479524
18838652
33864327
8567147
5122955
76797922
4488393
18924133
33831291
8242694
4924077
83535800
4505032
19132649
33892633
11202385
6651470
87253845
4580659
19204101
33981033
11896134
7462715
--STOP--
++STRT++
76388830
4485089
18888789
33769013
7590842
4803666
76086224
4470663
18888795
33782145
8494668
5174968
77968672
4424496
18894718
33866531
8928170
5463709
76978028
4475176
18848464
33783612
8410726
5094565
76746748
4485226
18916023
33767407
7979742
4803176
82473994
4484754
19083557
33835756
10987863
6711195
86547734
4572732
19244109
33993152
11717566
7412729
--STOP--
++STRT++
76459050
4473863
18833464
33833104
7681528
4785525
76128726
4473680
18819107
33810341
8734606
5283634
77681969
4427352
18894343
33959808
8926953
5366601
76885717
4481926
18851639
33823379
8422842
5100012
76711913
4530118
18894287
33809735
7930208
4821706
83085496
4481795
19146993
33920060
11041464
6710656
87279960
4575471
19199558
33919736
11652897
7496415
--STOP--
++STRT++
76531574
4476484
18792064
33850019
7537933
4605062
76074153
4414516
18809948
33829882
8868749
5245453
77855897
4474943
18881536
33910317
9067389
5496055
76913293
4424182
18898973
33874044
8431485
4878646
76650365
4425743
18871138
33816958
7973906
4838684
82799175
4485837
19066126
33959600
11051234
6709267
87176888
4509572
19309011
33998763
11823188
7463303
--STOP--
++STRT++
76336294
4474331
18928271
33820864
7654313
4675446
76023296
4474318
18854689
33810751
8750315
5195223
78044451
4425382
18976916
33903038
9106521
5473929
77074577
4466028
18837034
33838888
8628936
5123113
76722157
4480622
18869904
33776351
8071152
4910308
83092890
4427609
19061937
33982748
11065634
6800067
86805292
4504719
19159328
33924607
11826306
7452517
--STOP--
++STRT++
76578726
4424007
18934568
33845859
7804968
4693048
76074714
4410694
18887650
33809486
8883344
5233550
77903680
4485207
18884814
33836537
9105333
5464494
76844482
4486069
18948256
33722055
8636851
4927837
76847104
4425781
18967582
33783143
7955807
4702334
83550804
4431732
19008988
33952895
11022863
6662812
87616446
4508350
19242195
33925013
11769379
7284710
--STOP--
++STRT++
76317770
4462849
18862765
33788399
7696091
4746301
76469727
4472531
18865470
33790019
9127779
5356681
78126262
4425834
18932289
33834476
9204964
5476762
76890622
4485677
18959018
33762757
8554639
5065143
76807868
4420846
18907929
33813094
8100113
4779677
82502649
4415383
19131869
34031282
11062209
6654482
86600383
4513983
19240364
33921280
11828235
7436244
--STOP--
++STRT++
76518363
4426371
18952142
33840169
7629631
4549380
76267397
4416493
18905277
33861506
8917309
5222629
77790451
4516661
18985937
33834323
9134822
5394824
76836938
4422772
18881095
33806520
8414100
4929153
76610215
4431526
18940762
33801242
8120899
4810859
83211562
4425236
19089618
33982531
11025741
6587524
88421248
4518705
19218199
33921438
11854935
7338181
--STOP--
++STRT++
76454898
4482726
18884389
33764946
7702687
4765209
76013406
4475398
18924239
33769681
8889772
5242778
77811651
4428564
18985874
33876424
9101154
5461621
76756840
4527486
18890967
33903478
8576255
5089929
76677677
4487687
18884252
33767071
7954242
4815579
84346168
4490364
19096528
33887281
11054119
6700143
87310093
4574924
19289169
33997066
11737911
7462522
--STOP--
++STRT++
76563547
4481284
18875445
33769512
7621108
4767453
76147834
4466968
18830946
33761895
8915460
5303018
77954341
4428087
19044101
33872761
9194902
5583785
77043484
4530302
18838547
33782480
8536074
5016245
76825511
4489470
18881767
33786557
7913351
4832541
83792971
4500438
19149917
33919357
10969605
6666855
89224952
4508977
19168498
33898433
11743601
7296790
--STOP--
++STRT++
76479601
4429800
18872495
33815495
7516283
4694317
76134665
4412959
18899540
33838755
9026886
5447640
78025541
4486878
18976087
33859856
9094633
5397222
77043356
4431570
18833379
33849084
8557163
4990298
76759554
4426525
18873154
33839141
8037481
4749483
83626556
4534018
19106038
33995042
11082723
6752393
87686860
4570703
19209059
33936979
11781743
7341048
--STOP--
++STRT++
76523813
4510143
18878146
33800805
7907417
4904910
76032331
4463523
18830136
33801611
8933697
5327031
77858018
4420974
18891548
33882545
9018420
5467675
76898513
4476382
18832499
33883230
8340542
4952154
76385234
4486500
18912937
33761424
7870096
4793080
83895575
4427545
19125707
33945724
10833363
6552187
87446702
4509660
19173512
33990048
11690351
7406844
--STOP--
++STRT++
76555829
4449832
18882395
33829554
7846951
4735188
76251899
4476954
18901996
33816335
8727370
5300194
77812493
4492331
18927562
33832396
9053194
5433126
77130683
4475408
18944036
33789123
8337469
4898650
76700093
4430756
18874705
33831482
7805957
4684090
82942388
4432725
19124177
33872601
11005013
6702302
88404270
4502445
19199360
34010848
11838348
7393832
--STOP--
++STRT++
76385781
4478807
18931718
33844355
7634249
4713660
76203580
4478347
18894518
33770224
8745263
5208312
77742435
4426494
18879475
33862930
9051867
5537812
76732209
4481195
18908733
33797116
8493749
4971320
76644703
4482397
18879031
33780111
7945707
4883311
83217629
4485765
19185987
33872465
11110996
6734976
87614725
4571900
19144355
33950708
11736302
7365664
--STOP--
++STRT++
76438582
4467959
18797418
33773356
7717703
4816693
76246109
4470758
18963644
33773210
8727867
5308708
77660111
4433060
18886597
33891272
9043192
5471120
77025991
4485691
18923620
33785677
8329593
4980973
76585795
4478438
18925836
33888990
7946479
4804756
83119717
4499713
19084753
33943591
11027241
6630737
86673336
4592857
19111856
33993948
11669273
7400330
--STOP--
++STRT++
76509914
4427871
18945227
33842575
7709320
4675538
76246921
4413633
18924509
33819706
9007129
5417167
77835959
4501152
18881367
33837209
9114882
5496083
76848098
4487637
18914621
33782654
8605010
5053523
76793346
4420914
18902779
33805935
8010006
4801892
82351539
4432966
19126280
34022763
10911848
6648404
87217693
4510953
19178546
33922485
11618318
7404230
--STOP--
++STRT++
76451837
4483531
18867502
33815376
7929084
4861941
76299692
4472611
18898384
33755657
8810441
5230691
77656044
4488525
18971044
33917731
9062619
5362881
77035251
4425096
18886251
33814109
8344253
5073170
76759451
4489491
18816848
33875577
7963185
4798446
83319280
4500003
19115398
33881778
10997021
6773803
88190446
4573299
19256185
33925261
11600676
7352701
--STOP--
++STRT++
76396478
4470042
18852623
33868786
7618814
4730056
76224173
4474543
18882048
33774256
8672393
5209884
78004905
4427288
18912566
33876454
8968530
5374455
77024238
4521806
18852100
33824591
8370734
4974882
76845039
4523470
18840531
33835589
8073368
4896524
83966362
4494875
19107194
33978788
11001485
6661081
88475471
4565956
19248005
33955518
11659452
7469072
--STOP--
++STRT++
76519098
4424055
18834531
33716697
7725357
4614148
76070903
4415407
18905528
33811768
8960931
5188555
77781811
4481433
18904651
33885329
9038405
5440652
76908488
4476882
18879035
33799005
8529815
5071737
76711631
4426605
18823775
33786589
7955323
4746328
83600140
4427280
19032105
33890769
11072986
6686830
86893395
4502628
19130951
33949297
11727239
7357799
--STOP--
++STRT++
76505594
4424864
18864763
33855212
7639611
4654521
76081612
4410137
18830037
33849172
8707196
5217145
77991202
4491313
18911657
33829632
8979042
5393740
76924792
4423408
18987480
33804640
8560408
5061860
76633030
4425296
18850198
33811440
8064235
4820099
82955787
4422636
19085490
33897395
10932278
6672166
87649962
4506824
19137439
34038325
11737576
7295802
--STOP--
++STRT++
76474758
4433129
18900592
33857280
8046773
4755304
76372025
4404697
18891954
33930739
8918241
5284437
77903816
4494278
18960502
33859409
9233493
5394489
77152601
4473022
18836712
33839472
8853202
5178411
76319872
4418524
18898007
33866048
8184579
4813059
83455042
4495262
19125013
33868738
11012214
6616435
86146810
4506296
19241055
33987429
11770857
7384775
--STOP--
++STRT++
76509193
4423568
18903592
33833771
7773183
4715016
76075830
4456452
18915618
33819566
8712386
5208188
77876716
4536787
18993925
33830203
8985223
5453614
76984778
4472759
18943819
33822020
8382407
4878070
76318751
4422023
18920616
33801347
7797962
4729701
83138066
4430688
19026816
34022866
11017180
6719602
86896482
4504869
19172614
33917520
11711703
7516255
--STOP--
