0.005462
0.005194
0.005349
0.005342
0.005474
0.005083
0.005543
0.005297
0.005414
0.005130
0.005438
0.005401
0.005402
0.005248
0.005407
0.005332
0.005423
0.005211
0.005502
0.005443
0.005370
0.005367
0.005491
0.005327
0.005311
0.005289
0.005253
0.005256
0.005381
0.005262
0.005481
0.005382
0.005414
0.005148
0.005485
0.005284
0.005388
0.005298
0.005392
0.005341
0.005375
0.005238
0.005281
0.005229
0.005244
0.005561
0.005253
0.005331
0.005644
0.005265
0.005244
0.005236
0.005423
0.005234
0.005424
0.005303
0.005390
0.005293
0.005517
0.005244
0.005227
0.005441
0.005277
0.005406
0.005220
0.005233
0.005065
0.005318
0.005433
0.005249
0.005648
0.005216
0.005397
0.005201
0.005273
0.005440
0.005208
0.005221
0.005401
0.005118
0.005461
0.005224
0.005388
0.005129
0.005317
0.005481
0.005330
0.005379
0.005473
0.005207
0.005277
0.005425
0.005296
0.005353
0.005319
0.005365
0.005553
0.005207
0.005443
0.005535
0.005291
0.005371
0.005305
0.005473
0.005292
0.005341
0.005307
0.005247
0.005404
0.005402
0.005444
0.005463
0.005366
0.005379
0.005428
0.005221
0.005437
0.005262
0.005579
0.005509
0.005407
0.005339
0.005150
0.005193
0.005194
0.005286
0.005406
0.005267
0.005322
0.005394
0.005363
0.005246
0.005215
0.005256
0.005353
0.005106
0.005170
0.005312
0.005421
0.005223
0.005462
0.005146
0.005424
0.005324
0.005208
0.005210
0.005381
0.005256
0.005254
0.005269
0.005226
0.005246
0.005259
0.005400
0.005298
0.005352
0.005277
0.005501
0.005280
0.005361
0.005411
0.005287
0.005385
0.005238
0.005136
0.005147
0.005193
0.005535
0.005235
0.005281
0.005226
0.005341
0.005271
0.005393
0.005329
0.005397
0.005346
0.005185
0.005477
0.005179
0.005511
0.005304
0.005485
0.005309
0.005659
0.005131
0.005340
0.005281
0.005281
0.005325
0.005480
0.005247
0.005326
0.005291
0.005387
0.005404
0.005309
0.005257
0.005263
0.005178
0.005314
0.005308
0.005361
0.005504
0.005320
0.005491
0.005348
0.005325
0.005425
0.005299
0.005402
0.005353
0.005383
0.005280
0.005432
0.005190
0.005532
0.005208
0.005390
0.005330
0.005314
0.005348
0.005515
0.005315
0.005460
0.005298
0.005420
0.005312
0.005498
0.005233
0.005359
0.005430
0.005295
0.005271
0.005308
0.005268
0.005259
0.005480
0.005342
0.005419
0.005271
0.005466
0.005363
0.005427
0.005340
0.005358
0.005213
0.005483
0.005240
0.005440
0.005317
0.005508
0.005290
0.005359
0.005285
0.005358
0.005345
0.005328
0.005289
0.005259
0.005282
0.005285
0.005190
0.005427
0.005687
0.005302
0.005459
0.005128
0.005580
0.005441
0.005279
0.005508
0.005390
0.005495
0.005291
0.005347
0.005283
0.005308
0.005351
0.005258
0.005380
0.005178
0.005465
0.005329
0.005408
0.005289
0.005322
0.005550
0.005507
0.005347
0.005221
0.005476
0.005175
0.005441
0.005185
0.005454
0.005176
0.005392
0.005407
0.005644
0.005207
0.005324
0.005240
0.005181
0.005389
0.005471
0.005404
0.005471
0.005255
0.005307
0.005401
0.005343
0.005367
0.005190
0.005273
0.005284
0.005452
0.005347
0.005514
0.005318
0.005194
0.005368
0.005239
0.005363
0.005217
0.005303
0.005491
0.005440
0.005171
0.005378
0.005580
0.005187
0.005466
0.005256
0.005374
0.005378
0.005192
0.005208
0.005492
0.005375
0.005308
0.005252
0.005585
0.005169
0.005594
0.005244
0.005216
0.005341
0.005204
0.005219
0.005288
0.005269
0.005146
0.005328
0.005260
0.005279
0.005358
0.005432
0.005175
0.005526
0.005151
0.005366
0.005260
0.005333
0.005131
0.005285
0.005294
0.005229
0.005407
0.005314
0.005314
0.005354
0.005520
0.005264
0.005271
0.005252
0.005309
0.005567
0.005470
0.005389
0.005430
0.005351
0.005174
0.005397
0.005282
0.005550
0.005294
0.005430
0.005447
0.005382
0.005448
0.005236
0.005473
0.005372
0.005376
0.005169
0.005411
0.005270
0.005460
0.005137
0.005217
0.005283
0.005486
0.005317
0.005400
0.005263
0.005362
0.005310
0.005267
0.005382
0.005263
0.005425
0.005176
0.005537
0.005170
0.005415
0.005087
0.005454
0.005194
0.005474
0.005049
0.005626
0.005212
0.005355
0.005552
0.005439
0.005225
0.005499
0.005382
0.005305
0.005385
0.005365
0.005400
0.005132
0.005552
0.005243
0.005449
0.005354
0.005404
0.005294
0.005479
0.005238
0.005416
0.005382
0.005496
0.005376
0.005418
0.005161
0.005329
0.005294
0.005553
0.005392
0.005355
0.005230
0.005108
0.005313
0.005451
0.005296
0.005412
0.005131
0.005125
0.005196
0.005161
0.005402
0.005404
0.005189
0.005378
0.005216
0.005276
0.005278
0.005100
0.005275
0.005485
0.005383
0.005315
0.005387
0.005564
0.005314
0.005334
0.005265
0.005381
0.005384
0.005356
0.005301
0.005354
0.005171
0.005324
0.005383
0.005234
0.005382
0.005294
0.005098
0.005359
0.005133
0.005160
0.005277
0.005292
0.005366
0.005410
0.005241
0.005301
0.005304
0.005619
0.005262
0.005553
0.005241
0.005477
0.005262
0.005217
0.005320
0.005468
0.005172
0.005357
0.005359
0.005178
0.005326
0.005207
0.005350
0.005379
0.005413
0.005304
0.005235
0.005280
0.005502
0.005243
0.005333
0.005303
0.005223
0.005229
0.005377
0.005300
0.005546
0.005337
0.005483
0.005364
0.005219
0.005435
0.005183
0.005475
0.005379
0.005443
0.005222
0.005313
0.005336
0.005265
0.005225
0.005535
0.005290
0.005152
0.005534
0.005068
0.005403
0.005234
0.005376
0.005219
0.005346
0.005231
0.005480
0.005305
0.005492
0.005577
0.005265
0.005611
0.005197
0.005456
0.005374
0.005421
0.005247
0.005343
0.005294
0.005395
0.005387
0.005477
0.005359
0.005464
0.005383
0.005301
0.005202
0.005135
0.005392
0.005378
0.005205
0.005287
0.005345
0.005221
0.005351
0.005330
0.005133
0.005302
0.005413
0.005288
0.005567
0.005269
0.005244
0.005491
0.005420
0.005241
0.005289
0.005300
0.005152
0.005531
0.005340
0.005257
0.005443
0.005397
0.005384
0.005203
0.005519
0.005211
0.005424
0.005315
0.005295
0.005512
0.005353
0.005247
0.005247
0.005290
0.005144
0.005349
0.005293
0.005302
0.005266
0.005527
0.005317
0.005509
0.005328
0.005530
0.005302
0.005199
0.005259
0.005268
0.005266
0.005403
0.005270
0.005388
0.005294
0.005319
0.005430
0.005516
0.005523
0.005450
0.005211
0.005295
0.005467
0.005242
0.005313
0.005519
0.005189
0.005433
0.005281
0.005566
0.005175
0.005256
0.005233
0.005271
0.005138
0.005279
0.005394
0.005401
0.005118
0.005256
0.005229
0.005165
0.005215
0.005366
0.005308
0.005373
0.005549
0.005364
0.005355
0.005450
0.005612
0.005179
0.005464
0.005326
0.005313
0.005470
0.005497
0.005021
0.005516
0.005419
0.005333
0.005336
0.005485
0.005169
0.005511
0.005278
0.005339
0.005442
0.005361
0.005323
0.005552
0.005556
0.005424
0.005308
0.005429
0.005233
0.005354
0.005289
0.005728
0.005147
0.005508
0.005488
0.005582
0.005114
0.005379
0.005212
0.005478
0.005107
0.005543
0.005452
0.005497
0.005240
0.005613
0.005314
0.005456
0.005353
0.005335
0.005078
0.005268
0.005279
0.005376
0.005279
0.005429
0.005418
0.005425
0.005302
0.005442
0.005330
0.005429
0.005368
0.005229
0.005246
0.005179
0.005342
0.005220
0.005283
0.005387
0.005193
0.005337
0.005384
0.005321
0.005452
0.005246
0.005308
0.005276
0.005224
0.005260
0.005359
0.005496
0.005361
0.005286
0.005313
0.005451
0.005401
0.005358
0.005246
0.005272
0.005261
0.005431
0.005497
0.005432
0.005295
0.005245
0.005367
0.005343
0.005495
0.005340
0.005343
0.005305
0.005270
0.005297
0.005194
0.005313
0.005116
0.005290
0.005310
0.005407
0.005202
0.005578
0.005269
0.005544
0.005282
0.005492
0.005286
0.005437
0.005327
0.005306
0.005128
0.005223
0.005269
0.005250
0.005361
0.005320
0.005406
0.005300
0.005449
0.005359
0.005348
0.005355
0.005228
0.005184
0.005416
0.005337
0.005399
0.005234
0.005522
0.005392
0.005346
0.005264
0.005549
0.005117
0.005492
0.005175
0.005243
0.005285
0.005479
0.005348
0.005519
0.005218
0.005483
0.005123
0.005547
0.005160
0.005392
0.005308
0.005455
0.005103
0.005619
0.005251
0.005381
0.005211
0.005288
0.005219
0.005680
0.005275
0.005525
0.005196
0.005577
0.005017
0.005518
0.005199
0.005405
0.005014
0.005453
0.005188
0.005473
0.005234
0.005446
0.005146
0.005388
0.005234
0.005413
0.005067
0.005463
0.005189
0.005453
0.005242
0.005679
0.005230
0.005466
0.005313
0.005296
0.005351
0.005332
0.005378
0.005468
0.005327
0.005323
0.005351
0.005374
0.005189
0.005358
0.005337
0.005587
0.005231
0.005450
0.005264
0.005434
0.005303
0.005277
0.005172
0.005369
0.005509
0.005269
0.005256
0.005177
0.005180
0.005404
0.005238
0.005364
0.005574
0.005459
0.005444
0.005371
0.005258
0.005355
0.005230
0.005183
0.005189
0.005371
0.005377
0.005619
0.005369
0.005557
0.005298
0.005427
0.005451
0.005414
0.005442
0.005448
0.005395
0.005377
0.005459
0.005219
0.005360
0.005425
0.005389
0.005403
0.005304
0.005391
0.005266
0.005215
0.005275
0.005213
0.005154
0.005431
0.005334
0.005464
0.005531
0.005106
0.005334
0.005211
0.005320
0.005205
0.005387
0.005516
0.005363
0.005315
0.005371
0.005458
0.005226
0.005448
0.005321
0.005673
0.005177
0.005196
0.005144
0.005351
0.005414
0.005172
0.005573
0.005272
0.005402
0.005127
0.005380
0.005263
0.005331
0.005311
0.005204
0.005351
0.005433
0.005246
0.005417
0.005451
0.005242
0.005192
0.005439
0.005145
0.005453
0.005289
0.005346
0.005443
0.005224
0.005497
0.005428
0.005363
0.005273
0.005419
0.005312
0.005256
0.005397
0.005166
0.005423
0.005195
0.005447
0.005296
0.005294
0.005162
0.005213
0.005255
0.005581
0.005356
0.005391
0.005369
0.005275
0.005411
0.005290
0.005289
0.005433
