1.152596
1.101427
1.112563
1.104732
1.107962
1.100996
1.152957
1.108780
1.097878
1.107730
1.104428
1.157509
1.111999
1.111896
1.110015
1.101505
1.097428
1.154951
1.103971
1.100429
1.100095
1.098384
1.098446
1.143145
1.101311
1.106552
1.108691
1.110070
1.104679
1.156024
1.104415
1.110951
1.105153
1.108467
1.105584
1.161822
1.114798
1.105250
1.120697
1.113909
1.106263
1.155622
1.109742
1.114555
1.110608
1.115924
1.109954
1.155769
1.107579
1.108395
1.105003
1.108789
1.152647
1.109938
1.106981
1.097587
1.100807
1.106182
1.161449
1.108062
1.106657
1.114133
1.109705
1.098539
1.159943
1.108730
1.109645
1.096059
1.109128
1.159722
1.101799
1.105825
1.102236
1.153669
1.108050
1.120210
1.115552
1.112853
1.111098
1.158251
1.103849
1.110890
1.105978
1.100142
1.105895
1.152941
1.110553
1.104665
1.102086
1.105880
1.101552
1.153655
1.100289
1.107879
1.099692
1.098409
1.105989
1.158453
1.101198
1.105889
1.104608
1.100251
1.110751
1.150002
1.111183
1.100278
1.106491
1.117285
1.105433
1.154559
1.106710
1.110345
1.107583
1.100762
1.103327
1.161406
1.109091
1.107955
1.103480
1.104383
1.108983
1.154618
1.098199
1.112114
1.104097
1.110424
1.109641
1.147691
1.101471
1.104627
1.096680
1.104678
1.107139
1.168814
1.110233
1.108555
1.103970
1.115243
1.113959
1.155396
1.112069
1.102578
1.112619
1.111506
1.103125
1.153293
1.110715
1.108522
1.102827
1.105781
1.117527
1.159579
1.096351
1.105623
1.105297
1.122020
1.100154
1.153135
1.107732
1.106426
1.101807
1.104053
1.152790
1.103690
1.103366
1.112909
1.107408
1.097346
1.156913
1.113407
1.107342
1.104884
1.118809
1.112929
1.156864
1.112391
1.106175
1.108711
1.102857
1.100718
1.105656
1.163302
1.113781
1.110751
1.110412
1.107180
1.164582
1.116532
1.097960
1.107189
1.104782
1.099987
1.104177
1.151341
1.108879
1.097082
1.101761
1.108832
1.157443
1.103920
1.103457
1.108969
1.100753
1.109279
1.146816
1.114934
1.106583
1.104764
1.106168
1.108223
1.104156
1.162773
1.107266
1.111321
1.100415
1.104692
1.101051
1.157333
1.113076
1.105917
1.108336
1.105084
1.104975
1.153943
1.105673
1.111148
1.114596
1.122039
1.110147
1.156194
1.108911
1.104502
1.104231
1.104092
1.108432
1.153206
1.113089
1.109771
1.100505
1.100230
1.101894
1.152428
1.104887
1.100830
1.101906
1.101933
1.102031
1.155149
1.107014
1.110794
1.108054
1.106913
1.114527
1.157093
1.105493
1.117531
1.105698
1.108270
1.102839
1.161436
1.104171
1.107344
1.110829
1.103784
1.111435
1.167867
1.109643
1.103013
1.099071
1.104691
1.102853
1.149602
1.099632
1.104274
1.114751
1.106143
1.111572
1.155860
1.105308
1.113565
1.106720
1.115858
1.097487
1.154288
1.106363
1.118845
1.113226
1.113907
1.113374
1.157701
1.104266
1.106572
1.107929
1.109525
1.108169
1.167141
1.101923
1.107184
1.106457
1.111247
1.101886
1.163811
1.112708
1.101835
1.104712
1.099723
1.103335
1.151866
1.100738
1.104607
1.107356
1.092964
1.112177
1.164409
1.103319
1.102827
1.109137
1.106971
1.106689
1.166039
1.107651
1.105846
1.121988
1.119986
1.108449
1.156895
1.116228
1.100744
1.104491
1.109442
1.111404
1.156807
1.116076
1.108869
1.111923
1.112891
1.105984
1.168152
1.104851
1.108551
1.104010
1.104694
1.096903
1.149144
1.102577
1.105828
1.099975
1.099370
1.104915
1.161732
1.111058
1.101955
1.103379
1.105654
1.101893
1.157740
1.099649
1.097837
1.106153
1.110242
1.102609
1.161635
1.105076
1.113076
1.114750
1.123493
1.122081
1.165090
1.112145
1.101684
1.101738
1.100430
1.102894
1.158096
1.100439
1.106209
1.100394
1.096163
1.114970
1.154186
1.097061
1.101295
1.106573
1.118804
1.105716
1.155434
1.110644
1.109985
1.108981
1.114625
1.106380
1.161396
1.101457
1.110445
1.102378
1.110303
1.102645
1.161680
1.111150
1.105619
1.108001
1.104827
1.103753
1.162975
1.113728
1.118101
1.117651
1.106148
1.114232
1.161583
1.106090
1.101643
1.096790
1.103743
1.102346
1.147139
1.112952
1.111041
1.106210
1.105457
1.145447
1.104162
1.112426
1.106826
1.114927
1.105787
1.167938
1.105004
1.110605
1.118835
1.111886
1.104451
1.161501
1.105739
1.108568
1.102046
1.107760
1.105732
1.154920
1.112645
1.115696
1.104364
1.105232
1.111710
1.161008
1.111420
1.104742
1.105683
1.106621
1.107016
1.148727
1.103160
1.108553
1.117448
1.098377
1.105934
1.156363
1.109393
1.099147
1.103270
1.100861
1.117240
1.153781
1.102746
1.111686
1.104332
1.103197
1.106204
1.153355
1.107707
1.102557
1.114211
1.118663
1.101537
1.163907
1.102183
1.103582
1.105793
1.109722
1.116568
1.099769
1.104881
1.096312
1.101334
1.102764
1.155473
1.108528
1.102802
1.104659
1.105576
1.102504
1.158203
1.105596
1.106170
1.113033
1.108790
1.098547
1.154709
1.108254
1.103981
1.107623
1.102794
1.103991
1.165247
1.116508
1.111342
1.098667
1.109582
1.106867
1.167860
1.103564
1.106674
1.106682
1.112325
1.127428
1.159507
1.103445
1.106841
1.111627
1.107423
1.096869
1.151424
1.107165
1.097850
1.100750
1.103905
1.144746
1.107301
1.113483
1.098454
1.105520
1.114144
1.157449
1.110357
1.110095
1.106751
1.117786
1.103349
1.151518
1.108399
1.104937
1.111028
1.102978
1.111679
1.156780
1.116666
1.109508
1.102954
1.107056
1.107944
1.149209
1.109705
1.106755
1.100959
1.104287
1.105893
1.111284
1.171993
1.111686
1.106382
1.103095
1.108109
1.165168
1.106082
1.108065
1.100932
1.111598
1.105348
1.164850
1.120017
1.102663
1.100921
1.104166
1.104901
1.111599
1.158371
1.105738
1.117526
1.105849
1.112166
1.105410
1.104599
1.114080
1.119377
1.100218
1.160686
1.106179
1.111759
1.111126
1.107277
1.110143
1.164965
1.108663
1.117527
1.099718
1.107637
1.099215
1.152595
1.101465
1.102133
1.104054
1.107737
1.108863
1.158575
1.101368
1.101761
1.106800
1.113981
1.103059
1.164295
1.113198
1.113839
1.112195
1.111483
1.110667
1.167068
1.112302
1.108259
1.100179
1.097543
1.114441
1.168009
1.105112
1.100522
1.101282
1.102637
1.111709
1.173696
1.115275
1.103342
1.115091
1.102315
1.107788
1.147783
1.104774
1.112018
1.103262
1.115594
1.102910
1.165309
1.105665
1.110768
1.097962
1.109014
1.109666
1.166995
1.108649
1.100938
1.110081
1.106111
1.107761
1.164079
1.109921
1.102255
1.103639
1.104302
1.107062
1.161305
1.105641
1.108744
1.101731
1.106123
1.107288
1.143762
1.110653
1.108423
1.103702
1.100354
1.095913
1.159550
1.101758
1.105638
1.103282
1.101937
1.109507
1.157517
1.108573
1.102656
1.106649
1.106595
1.108832
1.149849
1.102033
1.105880
1.108071
1.102339
1.099664
1.159733
1.096225
1.104985
1.107010
1.111477
1.100777
1.147334
1.104823
1.112784
1.115953
1.099241
1.103692
1.163073
1.105907
1.104289
1.107160
1.109163
1.100185
1.152821
1.107181
1.111765
1.104357
1.109303
1.107491
1.162162
1.114200
1.113021
1.104193
1.109861
1.106986
1.169500
1.107760
1.108154
1.111046
1.106308
1.106902
1.158526
1.103757
1.112175
1.109239
1.100284
1.098831
1.158627
1.107693
1.112740
1.107827
1.110532
1.101563
1.156978
1.106397
1.103065
1.106345
1.102286
1.106037
1.148864
1.101995
1.101064
1.102167
1.103378
1.105778
1.150566
1.098370
1.112026
1.106982
1.113735
1.101975
1.154882
1.108202
1.112260
1.102543
1.112438
1.109296
1.163295
1.097531
1.106223
1.103817
1.097210
1.099667
1.150213
1.109348
1.099924
1.100718
1.106042
1.111142
1.156489
1.100226
1.101135
1.103081
1.099673
1.097480
1.144811
1.099899
1.100203
1.097862
1.107649
1.106421
1.161290
1.107525
1.104218
1.111501
1.111695
1.103964
1.155921
1.108163
1.106104
1.106866
1.107202
1.105106
1.161356
1.107906
1.100706
1.115027
1.109201
1.106400
1.159197
1.109503
1.108283
1.104928
1.114233
1.107962
1.150901
1.107677
1.103226
1.097784
1.109051
1.105646
1.157068
1.102987
1.100483
1.099721
1.112905
1.103667
1.154555
1.113444
1.107547
1.097410
1.121455
1.107168
1.161951
1.104558
1.111735
1.101305
1.107019
1.102145
1.112782
1.158204
1.118819
1.102397
1.103138
1.104083
1.109622
1.156574
1.109513
1.112233
1.107288
1.107497
1.108919
1.151627
1.111090
1.120107
1.107921
1.107772
1.164104
1.100720
1.108650
1.106794
1.100471
1.113510
1.172628
1.115922
1.106014
1.111772
1.110271
1.099440
1.151487
1.101892
1.104198
1.102502
1.105863
1.113299
1.150119
1.101858
1.108032
1.102619
1.104863
1.116640
1.158857
1.104637
1.111565
1.123717
1.110701
1.107939
1.146880
1.104640
1.115328
1.104361
1.109403
1.105206
1.156368
1.103775
1.105104
1.106734
1.100349
1.096793
1.142497
1.107955
1.111282
1.100414
1.105114
1.115280
1.161450
1.095289
1.106820
1.105242
1.110476
1.109952
1.155940
1.107235
1.113127
1.103123
1.096594
1.109764
1.107320
1.153166
1.119246
1.100137
1.098526
1.108204
1.101375
1.159317
1.107745
1.107390
1.106024
1.111702
1.105865
1.156495
1.115558
1.109412
1.114779
1.157594
1.113641
1.102923
1.119136
1.116790
1.174089
1.103509
1.101640
1.112787
1.104412
1.111325
1.159323
1.102750
1.103868
1.112676
1.110314
1.108936
1.157088
1.120615
1.110545
1.116250
1.114076
1.157158
1.112653
1.106942
1.107557
1.097692
1.104049
1.107978
1.146752
1.104974
1.106511
1.106843
1.104895
1.152475
1.107622
1.099707
1.111165
1.108987
1.100488
1.152423
1.110685
1.102652
1.102238
1.105765
1.162864
1.111809
1.113391
1.113088
1.109316
1.100286
1.116786
1.107507
1.105429
1.111070
1.105717
1.151634
1.110913
1.102305
1.103818
1.105046
1.157612
1.101478
1.101980
1.105443
1.153685
1.107706
1.102802
1.105088
1.099944
1.103495
1.149295
1.101678
1.115880
