1.147322
1.098518
1.117534
1.123594
1.123789
1.163239
1.099445
1.107547
1.102346
1.104901
1.174208
1.107648
1.102854
1.115950
1.105104
1.108029
1.105591
1.100808
1.096980
1.096255
1.105058
1.157255
1.109330
1.094907
1.104064
1.109572
1.102695
1.156675
1.101811
1.102290
1.106051
1.105102
1.106947
1.108867
1.151239
1.109519
1.096919
1.113115
1.105247
1.101473
1.153325
1.107715
1.112778
1.112035
1.111999
1.110484
1.159911
1.106528
1.099916
1.104332
1.149400
1.110816
1.108607
1.105520
1.107398
1.112538
1.163305
1.095385
1.100056
1.104678
1.095067
1.104001
1.157658
1.113865
1.120980
1.113088
1.103598
1.105597
1.163119
1.116422
1.111601
1.097799
1.110469
1.107909
1.151524
1.116214
1.103416
1.114723
1.100622
1.109096
1.154572
1.109588
1.107296
1.117440
1.106862
1.119351
1.150682
1.105297
1.117686
1.105136
1.103791
1.112233
1.154662
1.101001
1.111388
1.113092
1.100011
1.149661
1.108306
1.103261
1.110778
1.109754
1.100471
1.159719
1.106179
1.113264
1.108832
1.104229
1.105514
1.161264
1.102968
1.100299
1.102557
1.109224
1.155914
1.107108
1.116739
1.110706
1.108615
1.103041
1.164210
1.116351
1.103680
1.105502
1.105700
1.109316
1.151726
1.108166
1.111118
1.100051
1.108885
1.110154
1.151742
1.107956
1.100604
1.106052
1.109419
1.099201
1.150395
1.098773
1.107084
1.119889
1.108281
1.099511
1.157851
1.100163
1.108243
1.105763
1.107525
1.158640
1.112071
1.115901
1.105944
1.113167
1.109028
1.162868
1.117463
1.109835
1.105962
1.117114
1.108300
1.153837
1.111828
1.115141
1.104771
1.099151
1.101521
1.153177
1.105068
1.110283
1.117010
1.110259
1.110810
1.155608
1.110021
1.102037
1.106628
1.109297
1.109553
1.164926
1.104967
1.107985
1.098681
1.118867
1.107771
1.163974
1.102179
1.118237
1.101456
1.108900
1.102185
1.153929
1.111494
1.107949
1.104470
1.104970
1.111819
1.158062
1.106160
1.104015
1.105907
1.099725
1.106845
1.153307
1.104011
1.100924
1.098636
1.113905
1.106818
1.155141
1.103868
1.103935
1.106060
1.111546
1.105420
1.164040
1.107891
1.103190
1.111471
1.106497
1.120171
1.163049
1.121321
1.110781
1.113203
1.113283
1.111757
1.166568
1.101672
1.100814
1.106147
1.115201
1.117598
1.163078
1.111915
1.105744
1.113094
1.110708
1.152537
1.105678
1.105845
1.104708
1.104863
1.114116
1.157875
1.108307
1.102644
1.105145
1.108502
1.104993
1.160985
1.109813
1.103763
1.110449
1.109074
1.103791
1.157762
1.103532
1.107392
1.098506
1.101807
1.109551
1.157908
1.106293
1.107794
1.105859
1.111395
1.102812
1.164131
1.108167
1.106892
1.106302
1.104741
1.105296
1.145493
1.104145
1.101942
1.112106
1.109286
1.104660
1.158003
1.108393
1.109834
1.105942
1.117292
1.118695
1.161359
1.095581
1.108810
1.104437
1.114164
1.109319
1.149640
1.101366
1.099907
1.101869
1.112044
1.110120
1.151606
1.103528
1.110200
1.104053
1.106275
1.120745
1.158256
1.100864
1.107924
1.107934
1.104779
1.106323
1.147819
1.101070
1.106218
1.100819
1.107983
1.103157
1.151575
1.101382
1.103195
1.106749
1.108598
1.103826
1.155675
1.119470
1.111004
1.104909
1.111847
1.110070
1.146775
1.111861
1.115790
1.108492
1.103560
1.100266
1.100674
1.152183
1.109996
1.101467
1.105078
1.107332
1.115236
1.165751
1.107249
1.110180
1.109051
1.105058
1.106068
1.169162
1.109603
1.101045
1.101112
1.105314
1.156782
1.120939
1.113513
1.114149
1.115124
1.108123
1.151789
1.108375
1.105240
1.113578
1.117385
1.102547
1.154248
1.104717
1.113773
1.100804
1.109447
1.106016
1.156508
1.116284
1.096500
1.104197
1.108252
1.099413
1.105251
1.164746
1.105198
1.105824
1.108647
1.098537
1.109314
1.152413
1.103730
1.109068
1.095985
1.100378
1.100364
1.149364
1.105622
1.106288
1.113242
1.108885
1.106718
1.162269
1.108100
1.106876
1.109463
1.112702
1.109375
1.153850
1.111298
1.099463
1.111186
1.100244
1.106160
1.160713
1.112337
1.109505
1.110887
1.098453
1.107984
1.156294
1.111875
1.115288
1.117134
1.107735
1.100526
1.152811
1.105975
1.112947
1.108376
1.098136
1.155100
1.098033
1.115504
1.114784
1.106616
1.112740
1.100636
1.153953
1.105633
1.102604
1.106192
1.100683
1.104201
1.161817
1.104137
1.109201
1.104225
1.111461
1.115117
1.160536
1.103155
1.106122
1.113793
1.109335
1.104935
1.161728
1.108753
1.105939
1.106971
1.113747
1.105954
1.161428
1.101979
1.101324
1.104111
1.109711
1.100428
1.150281
1.101187
1.102048
1.105005
1.096324
1.172262
1.111814
1.106749
1.115299
1.116066
1.118849
1.155097
1.108776
1.102173
1.104140
1.105099
1.104805
1.161949
1.103682
1.105206
1.101505
1.105056
1.101404
1.150809
1.110259
1.101408
1.112138
1.104836
1.100286
1.153616
1.102167
1.099656
1.107768
1.102004
1.151050
1.103626
1.099764
1.102097
1.108028
1.101351
1.105424
1.104421
1.105561
1.112238
1.101039
1.155982
1.107106
1.111303
1.107769
1.103808
1.120836
1.160652
1.103117
1.115274
1.109259
1.109936
1.111969
1.158943
1.106423
1.103822
1.115645
1.115397
1.111928
1.160249
1.107359
1.102659
1.107527
1.104433
1.155822
1.101812
1.108715
1.099983
1.103550
1.098222
1.161209
1.109919
1.104218
1.102889
1.108911
1.104466
1.161632
1.111514
1.101061
1.107391
1.107068
1.112274
1.160342
1.107010
1.112290
1.107529
1.103582
1.162271
1.110868
1.120614
1.105527
1.119049
1.100430
1.149096
1.102147
1.100247
1.107820
1.103145
1.104756
1.154490
1.100873
1.110165
1.103201
1.100280
1.097670
1.147330
1.105555
1.110447
1.100149
1.100086
1.151820
1.113314
1.112977
1.111959
1.155486
1.108258
1.106114
1.105558
1.111452
1.116529
1.107313
1.111499
1.113492
1.108770
1.111958
1.150680
1.112497
1.112270
1.112066
1.107368
1.107771
1.164706
1.110971
1.103882
1.102770
1.106754
1.108890
1.160604
1.109145
1.105790
1.103838
1.115761
1.106884
1.162471
1.103529
1.106232
1.114057
1.113653
1.105068
1.158480
1.099752
1.106762
1.104444
1.104900
1.107762
1.157765
1.103988
1.108493
1.103546
1.105873
1.111247
1.156445
1.124639
1.100892
1.098701
1.109642
1.108149
1.159137
1.110760
1.112015
1.101767
1.110604
1.110860
1.151464
1.104531
1.101134
1.101465
1.105211
1.097569
1.165210
1.104975
1.099013
1.105491
1.112702
1.113461
1.161963
1.116956
1.111667
1.110953
1.108177
1.104824
1.158346
1.104228
1.106270
1.115970
1.098867
1.121403
1.145556
1.105180
1.103750
1.103445
1.107915
1.114845
1.172143
1.101294
1.102230
1.113017
1.100193
1.107019
1.155858
1.117165
1.109900
1.103430
1.104952
1.102392
1.144942
1.105041
1.111294
1.106593
1.116873
1.108740
1.158024
1.105819
1.101034
1.104441
1.108378
1.102319
1.160494
1.108441
1.107414
1.116299
1.103322
1.112833
1.166198
1.104703
1.105940
1.104448
1.107727
1.108947
1.152409
1.104735
1.105922
1.106792
1.109372
1.102403
1.154402
1.102051
1.108575
1.094230
1.107338
1.112636
1.155878
1.108704
1.107972
1.109366
1.105406
1.109927
1.155159
1.110852
1.108734
1.102746
1.112234
1.102332
1.154242
1.121295
1.130923
1.117561
1.107243
1.107591
1.145582
1.117368
1.104586
1.105039
1.106258
1.123597
1.160460
1.105195
1.108502
1.096446
1.097334
1.098317
1.150570
1.110195
1.108287
1.104418
1.103954
1.112812
1.162034
1.105309
1.114858
1.104326
1.112959
1.106772
1.165421
1.103038
1.104683
1.111596
1.109509
1.104381
1.163303
1.105185
1.108669
1.105573
1.121250
1.110818
1.156855
1.113127
1.109814
1.108036
1.112477
1.099998
1.169926
1.116363
1.103039
1.111494
1.103209
1.157244
1.102622
1.105335
1.107167
1.104515
1.103755
1.156848
1.105017
1.115831
1.104497
1.106282
1.116713
1.159445
1.108273
1.106484
1.111465
1.098036
1.109595
1.104873
1.146128
1.105259
1.102326
1.101280
1.102445
1.103418
1.159140
1.103016
1.109790
1.110536
1.097877
1.109836
1.166916
1.105372
1.100246
1.106254
1.112523
1.112305
1.150663
1.105114
1.101763
1.105278
1.112191
1.108145
1.159330
1.103884
1.110201
1.112165
1.106718
1.109191
1.159942
1.104774
1.105671
1.109846
1.109381
1.114061
1.159876
1.109436
1.100472
1.115942
1.105572
1.120972
1.157024
1.111434
1.103813
1.108160
1.110587
1.104150
1.149286
1.103203
1.105388
1.111336
1.109119
1.099898
1.156265
1.102705
1.106896
1.099609
1.105461
1.159129
1.098814
1.107295
1.107965
1.105878
1.111835
1.106965
1.165373
1.103412
1.114545
1.112706
1.109439
1.108764
1.154719
1.113626
1.107740
1.111325
1.106659
1.114029
1.160405
1.107120
1.104870
1.111466
1.096223
1.103520
1.166810
1.118894
1.113552
1.121364
1.108964
1.156219
1.103731
1.106102
1.110276
1.107205
1.113840
1.166222
1.108720
1.102021
1.103474
1.115679
1.117415
1.149486
1.109527
1.105009
1.113047
1.108794
1.103835
1.158138
1.096379
1.111382
1.112369
1.112765
1.114154
1.161690
1.106570
1.111165
1.107106
1.105388
1.105177
1.153632
1.109260
1.105510
1.111388
1.109665
1.100743
1.153285
1.103726
1.110080
1.108468
1.100919
1.106063
1.164185
1.102710
1.099178
1.096097
1.112914
1.105972
1.166839
1.106348
1.103683
1.123758
1.104523
1.106859
1.159927
1.098923
1.113485
1.112359
1.108977
1.105413
1.162642
1.108827
1.106339
1.105083
1.109403
1.103388
1.107413
1.111670
1.111396
1.098607
1.109490
1.100562
1.111560
1.151151
1.104054
1.103454
1.111281
1.100992
1.100340
1.134433
1.098800
1.107711
1.099734
1.152524
1.105234
1.108455
1.118494
1.110266
1.113941
1.152107
1.112780
1.106920
1.105737
1.104359
1.103681
1.152235
1.105131
1.107689
1.102170
1.103149
1.106344
1.159316
1.096029
1.110077
1.104149
1.113675
1.109511
1.159986
1.096746
1.109152
1.104860
