0.036808
0.036527
0.036130
0.036284
0.036464
0.036247
0.036413
0.036288
0.036332
0.036665
0.036950
0.036837
0.036623
0.036809
0.036220
0.036715
0.036582
0.036787
0.036773
0.037313
0.036669
0.036758
0.036748
0.037341
0.037024
0.036920
0.036761
0.036738
0.036686
0.036985
0.036843
0.036421
0.036821
0.037007
0.036555
0.036592
0.036971
0.036609
0.036920
0.037132
0.037152
0.037132
0.036953
0.036935
0.036494
0.036775
0.036666
0.036836
0.036973
0.036701
0.036731
0.036354
0.036844
0.037014
0.036699
0.036563
0.037030
0.036817
0.036797
0.036341
0.036560
0.036242
0.036756
0.036550
0.037055
0.036718
0.036901
0.036115
0.036394
0.036888
0.036969
0.036707
0.036650
0.036133
0.036531
0.036268
0.036538
0.036381
0.036497
0.036531
0.036832
0.036752
0.036360
0.036553
0.036394
0.036699
0.036329
0.036388
0.036372
0.036641
0.036744
0.036959
0.037004
0.036892
0.036619
0.037027
0.036722
0.036505
0.036745
0.036640
0.036271
0.036447
0.036287
0.036705
0.036626
0.036935
0.036594
0.036176
0.036136
0.037037
0.036785
0.036361
0.036209
0.036296
0.036132
0.036618
0.036833
0.037167
0.036719
0.036326
0.036679
0.036940
0.036275
0.036825
0.036496
0.036784
0.036270
0.036348
0.036769
0.036683
0.036628
0.036734
0.036589
0.036611
0.036636
0.036769
0.036688
0.036822
0.036612
0.036866
0.037063
0.037129
0.036864
0.036895
0.036774
0.036640
0.036859
0.036453
0.036586
0.035969
0.036419
0.036572
0.036877
0.036235
0.036951
0.036606
0.036816
0.036749
0.036590
0.036581
0.036935
0.036490
0.036828
0.036838
0.037095
0.036832
0.036789
0.036393
0.036149
0.036138
0.036423
0.036668
0.037098
0.036044
0.036113
0.036552
0.036344
0.036170
0.037077
0.036513
0.036780
0.036714
0.036752
0.036605
0.037189
0.037146
0.036659
0.036412
0.037441
0.036490
0.036637
0.036646
0.036786
0.036311
0.036549
0.036578
0.036421
0.036591
0.036550
0.036171
0.036677
0.036426
0.036685
0.037112
0.037196
0.036364
0.036427
0.036733
0.036640
0.036245
0.036528
0.036478
0.036778
0.036511
0.036391
0.036090
0.036350
0.036165
0.036499
0.036621
0.036655
0.036907
0.036988
0.036244
0.036446
0.036173
0.036453
0.036452
0.037103
0.036995
0.037034
0.036543
0.036604
0.037038
0.036449
0.036474
0.036758
0.036609
0.036344
0.036135
0.036052
0.036311
0.036446
0.036317
0.036512
0.036980
0.036568
0.036788
0.036551
0.036266
0.036493
0.036752
0.036447
0.036626
0.036498
0.036381
0.036455
0.036698
0.036698
0.036757
0.036712
0.036881
0.037057
0.036885
0.036518
0.036552
0.036997
0.036824
0.036872
0.036278
0.036525
0.036598
0.036241
0.036826
0.036911
0.036801
0.036586
0.036498
0.036344
0.036657
0.036263
0.036715
0.036485
0.037018
0.036806
0.036273
0.036401
0.037335
0.036780
0.036587
0.036473
0.037034
0.036477
0.036542
0.036253
0.036543
0.036261
0.036626
0.036267
0.036786
0.036785
0.036743
0.036438
0.036881
0.036803
0.036794
0.036618
0.036849
0.036544
0.036513
0.036443
0.037269
0.036952
0.036693
0.036757
0.037263
0.037066
0.037344
0.037244
0.037226
0.036932
0.036564
0.037193
0.037212
0.036437
0.036929
0.036917
0.037197
0.036712
0.036505
0.036905
0.037134
0.036718
0.036769
0.036661
0.036745
0.036473
0.036129
0.036845
0.036598
0.036366
0.036646
0.036904
0.036600
0.036467
0.035901
0.035964
0.036355
0.036577
0.036459
0.036957
0.036545
0.036700
0.036615
0.036948
0.036837
0.036991
0.036807
0.036597
0.036548
0.036331
0.036744
0.036827
0.036915
0.036805
0.036395
0.036332
0.036515
0.036429
0.036745
0.036235
0.036544
0.036880
0.036313
0.036353
0.036654
0.036962
0.036420
0.036139
0.036989
0.036848
0.036599
0.036564
0.036728
0.036637
0.036462
0.036516
0.036774
0.036599
0.036371
0.036926
0.036601
0.036900
0.036143
0.036315
0.036461
0.036683
0.036533
0.037067
0.037107
0.036467
0.036473
0.036423
0.036816
0.036728
0.036715
0.036918
0.036946
0.036585
0.036730
0.036665
0.036638
0.036464
0.036457
0.036786
0.036899
0.037010
0.036690
0.036424
0.036741
0.036380
0.036525
0.036747
0.036892
0.036441
0.036364
0.036004
0.036275
0.036292
0.036102
0.036138
0.036558
0.036413
0.036212
0.036316
0.036446
0.036253
0.036192
0.036625
0.036412
0.036306
0.036204
0.036784
0.036509
0.036446
0.036569
0.036576
0.036785
0.036604
0.036631
0.036691
0.036569
0.036708
0.037052
0.036698
0.036880
0.036386
0.036863
0.036440
0.036920
0.036677
0.036792
0.036838
0.036665
0.036737
0.036557
0.036520
0.036392
0.036234
0.036700
0.036423
0.036290
0.036856
0.036394
0.036620
0.036035
0.036471
0.036188
0.036240
0.036550
0.036837
0.036659
0.036742
0.036324
0.036450
0.036563
0.036454
0.036787
0.036729
0.036381
0.036790
0.036410
0.036492
0.036446
0.036306
0.036635
0.037192
0.036886
0.036542
0.036091
0.036517
0.036123
0.036166
0.036645
0.036881
0.036835
0.036275
0.036647
0.036754
0.036716
0.037021
0.036824
0.036972
0.036511
0.036547
0.036824
0.036858
0.036637
0.036855
0.036879
0.036879
0.036803
0.037117
0.036977
0.037066
0.036990
0.037157
0.036855
0.036584
0.037098
0.036862
0.036917
0.036946
0.036783
0.036700
0.036310
0.036417
0.036635
0.036698
0.036592
0.037081
0.036797
0.036134
0.036161
0.036802
0.036385
0.036986
0.036528
0.037032
0.036678
0.036955
0.036591
0.036623
0.036879
0.036235
0.036709
0.036425
0.036826
0.036951
0.036622
0.037012
0.036310
0.036496
0.036484
0.036702
0.036466
0.036437
0.036708
0.036375
0.036354
0.036658
0.037379
0.036896
0.036447
0.036697
0.037352
0.036602
0.036801
0.037349
0.037242
0.036731
0.037133
0.036943
0.037157
0.036962
0.037365
0.036744
0.036880
0.036450
0.037051
0.036696
0.037066
0.036737
0.036632
0.036218
0.036348
0.036185
0.036225
0.036164
0.036264
0.036344
0.036906
0.036594
0.036708
0.036660
0.036847
0.036277
0.036417
0.036916
0.036985
0.036742
0.036480
0.036734
0.036669
0.036215
0.036270
0.036688
0.036699
0.036474
0.036743
0.036779
0.036581
0.036488
0.036590
0.036894
0.037057
0.036308
0.036894
0.037007
0.037187
0.036424
0.036978
0.036592
0.037073
0.036758
0.037183
0.036951
0.036753
0.036347
0.036988
0.036700
0.036754
0.037065
0.037098
0.036556
0.036436
0.036831
0.036638
0.036378
0.036422
0.037202
0.037271
0.036836
0.036800
0.037076
0.036965
0.036901
0.036702
0.036563
0.036444
0.036656
0.036546
0.036484
0.036470
0.036295
0.036928
0.036534
0.036834
0.036864
0.036703
0.036794
0.036733
0.036377
0.036626
0.036426
0.036164
0.036407
0.036671
0.036772
0.036653
0.036725
0.036889
0.037255
0.036699
0.037055
0.036338
0.036987
0.036492
0.036935
0.036606
0.036882
0.037014
0.036748
0.036474
0.036667
0.036675
0.036893
0.036781
0.037017
0.036596
0.036591
0.036580
0.036618
0.036518
0.037022
0.036874
0.036470
0.036288
0.036518
0.036793
0.036735
0.036739
0.036756
0.037136
0.036886
0.036532
0.036662
0.036660
0.036635
0.036446
0.037038
0.036721
0.036811
0.036515
0.037058
0.036768
0.036503
0.036416
0.036742
0.036347
0.036304
0.036645
0.035933
0.036374
0.036645
0.036358
0.036791
0.036838
0.036722
0.036650
0.036394
0.036646
0.036987
0.037068
0.036912
0.036547
0.036789
0.036811
0.036299
0.036414
0.036516
0.036586
0.036807
0.036876
0.036625
0.036983
0.036733
0.036664
0.036865
0.036912
0.036986
0.036533
0.036649
0.036881
0.036319
0.036660
0.037008
0.036706
0.036572
0.036998
0.036828
0.037132
0.036749
0.036993
0.037065
0.036910
0.036889
0.036271
0.036840
0.036654
0.036387
0.037108
0.036604
0.036480
0.036188
0.036978
0.036109
0.036100
0.036311
0.037222
0.036811
0.036604
0.036691
0.036686
0.036281
0.036490
0.036418
0.036894
0.037072
0.036368
0.036526
0.036361
0.036151
0.036362
0.036548
0.036406
0.036066
0.036343
0.036553
0.036215
0.036276
0.036777
0.036925
0.036929
0.036333
0.036168
0.036109
0.036500
0.036247
0.036736
0.036872
0.036817
0.036267
0.036499
0.036611
0.036649
0.036397
0.036631
0.036816
0.036690
0.036876
0.037108
0.036775
0.036791
0.036677
0.036909
0.036851
0.036505
0.036683
0.036380
0.036301
0.035757
0.036047
0.036182
0.036085
0.036282
0.036316
0.036727
0.036524
0.036830
0.036576
0.036767
0.036685
0.036789
0.036565
0.036447
0.036704
0.037080
0.037289
0.037040
0.036727
0.036906
0.036655
0.036689
0.036710
0.036759
0.036816
0.037278
0.036753
0.037194
0.036880
0.036648
0.036518
0.036587
0.036656
0.036868
0.036805
0.036475
0.036736
0.036335
0.036711
0.036811
0.036418
0.036627
0.036467
0.036959
0.037007
0.036852
0.037079
0.037237
0.037097
0.036966
0.037322
0.037042
0.036745
0.036997
0.037174
0.036952
0.036552
0.036954
0.036560
0.036551
0.036905
0.036421
0.036420
0.036937
0.036063
0.036650
0.037030
0.036562
0.036321
0.036458
0.036536
0.036804
0.036720
0.036429
0.036964
0.036945
0.036508
0.036532
0.036641
0.036354
0.036510
0.036657
0.036850
0.036946
0.036740
0.036647
0.036874
0.036302
0.036276
0.036503
0.036909
0.036765
0.037004
0.037138
0.036644
0.036844
0.036374
0.036331
0.036147
0.036530
0.036381
0.036458
0.036700
0.036326
0.036270
0.036806
0.036451
0.036865
0.036977
0.036423
0.036629
0.036629
0.036845
0.036713
0.036625
0.036642
0.037070
0.036666
0.036820
0.036738
0.036847
0.036754
0.036992
0.036900
0.036384
0.036716
0.036720
0.036650
0.036985
0.036664
0.037082
0.036847
0.036489
0.036161
0.036454
0.036517
0.036560
0.036744
0.036517
0.037042
0.037180
0.037347
0.037041
0.036599
0.036781
0.036661
0.036204
0.036583
0.036304
0.036824
0.036826
0.036564
0.036555
0.036711
0.036182
0.036408
0.036524
0.036024
