0.578817
0.614544
0.595353
0.593161
0.615530
0.609470
0.608969
0.595649
0.599221
0.591281
0.602451
0.595959
0.577340
0.599563
0.593528
0.628803
0.613866
0.593869
0.586356
0.607046
0.597552
0.603024
0.578157
0.600509
0.604588
0.611477
0.591273
0.595891
0.607631
0.593469
0.609876
0.594645
0.590904
0.587346
0.583798
0.596644
0.583735
0.590817
0.582149
0.580015
0.583679
0.590676
0.579055
0.601510
0.605022
0.604130
0.593800
0.608615
0.587209
0.599692
0.590212
0.584628
0.596577
0.593489
0.596335
0.598223
0.591894
0.603571
0.587310
0.602651
0.596593
0.594136
0.610060
0.599866
0.605625
0.597284
0.596580
0.600634
0.607740
0.585075
0.612150
0.604381
0.602723
0.600419
0.604097
0.591933
0.598234
0.589030
0.569822
0.611518
0.603601
0.591544
0.607676
0.590863
0.600036
0.592073
0.611788
0.604886
0.584699
0.630333
0.597481
0.601029
0.604050
0.581987
0.605200
0.590643
0.593809
0.602979
0.600309
0.572642
0.587105
0.587414
0.593534
0.589892
0.581703
0.586700
0.584424
0.589284
0.606433
0.598683
0.583064
0.603877
0.579148
0.607250
0.591968
0.610450
0.605944
0.591811
0.597019
0.618331
0.614428
0.579037
0.618888
0.588874
0.583699
0.605741
0.591065
0.614905
0.602662
0.605631
0.597412
0.599707
0.631216
0.612309
0.609751
0.608848
0.598089
0.593808
0.607163
0.581323
0.585453
0.586885
0.588866
0.583842
0.593765
0.601841
0.605049
0.617394
0.622488
0.603026
0.613024
0.606199
0.597602
0.604971
0.602215
0.603764
0.596057
0.605275
0.596189
0.612470
0.609047
0.578985
0.592219
0.584889
0.592965
0.604843
0.583121
0.614279
0.586746
0.583532
0.598905
0.593142
0.586274
0.588586
0.584600
0.583715
0.592613
0.593336
0.587041
0.593115
0.585998
0.590210
0.585632
0.607116
0.606043
0.605926
0.620799
0.594848
0.605005
0.608045
0.612539
0.605767
0.593334
0.598830
0.603180
0.597751
0.611319
0.600339
0.599596
0.587221
0.591893
0.603905
0.574499
0.611675
0.614124
0.595911
0.610663
0.587452
0.603572
0.590903
0.594074
0.598664
0.603344
0.610555
0.606538
0.608941
0.609394
0.600725
0.606879
0.625271
0.599442
0.593163
0.601412
0.598192
0.586976
0.612093
0.593521
0.610747
0.620764
0.596956
0.617440
0.594819
0.596413
0.605961
0.612909
0.602792
0.597779
0.599561
0.610351
0.588201
0.590195
0.591741
0.607058
0.595625
0.596271
0.600106
0.602082
0.596739
0.602830
0.584245
0.594371
0.578239
0.587558
0.607348
0.625989
0.595924
0.616569
0.596995
0.585923
0.601528
0.605664
0.607826
0.627124
0.628680
0.604657
0.602188
0.612052
0.579791
0.600999
0.595044
0.621780
0.603548
0.613019
0.595371
0.602697
0.601007
0.593867
0.602433
0.590926
0.589875
0.588670
0.590188
0.585218
0.599251
0.607801
0.603828
0.606788
0.593215
0.584028
0.593677
0.590497
0.589989
0.601307
0.600526
0.594877
0.607996
0.603792
0.608793
0.599761
0.613451
0.605096
0.584677
0.592142
0.609327
0.597081
0.595619
0.599180
0.602277
0.601515
0.613698
0.604728
0.601161
0.596789
0.605594
0.606348
0.591723
0.601803
0.584292
0.599920
0.590937
0.602435
0.598148
0.596054
0.579227
0.582785
0.607526
0.599725
0.590242
0.582685
0.606626
0.598244
0.593651
0.582880
0.595023
0.593791
0.620256
0.593573
0.584307
0.599512
0.584181
0.589601
0.590273
0.607852
0.588510
0.577784
0.597055
0.599069
0.602863
0.589162
0.589142
0.578659
0.596383
0.627885
0.588214
0.592853
0.595937
0.602996
0.591899
0.603294
0.592668
0.591421
0.596344
0.605114
0.591936
0.613877
0.590410
0.592333
0.594659
0.602572
0.602465
0.584214
0.594473
0.616756
0.605103
0.596579
0.592545
0.601545
0.594157
0.600190
0.589998
0.598444
0.586014
0.600981
0.607577
0.599087
0.585606
0.604406
0.602568
0.581225
0.587454
0.598272
0.603549
0.602774
0.582686
0.594843
0.602481
0.575999
0.593538
0.591131
0.586147
0.603602
0.591590
0.574694
0.605213
0.591030
0.576376
0.595009
0.597558
0.574447
0.581536
0.585665
0.585847
0.579865
0.580231
0.590402
0.601562
0.600914
0.600136
0.584123
0.601138
0.600206
0.599239
0.594857
0.606063
0.582649
0.613197
0.612260
0.606121
0.606542
0.607309
0.580139
0.596129
0.612397
0.578301
0.580336
0.606941
0.603798
0.608796
0.598851
0.582299
0.582384
0.588157
0.591394
0.595954
0.605208
0.591501
0.590075
0.586836
0.588919
0.577864
0.592625
0.610687
0.582660
0.591165
0.606078
0.592882
0.581616
0.596138
0.606229
0.584891
0.606087
0.585990
0.580435
0.591725
0.594552
0.591841
0.586274
0.583331
0.597589
0.588002
0.576496
0.583128
0.603098
0.594709
0.608570
0.592628
0.586240
0.601763
0.594924
0.587994
0.592202
0.602416
0.587094
0.581846
0.581444
0.610701
0.609871
0.601893
0.593613
0.583774
0.582854
0.586654
0.576392
0.598753
0.587739
0.596806
0.596446
0.592013
0.578882
0.584740
0.588248
0.611071
0.573601
0.583798
0.598311
0.585219
0.594104
0.584666
0.605970
0.588894
0.582415
0.585046
0.589765
0.587040
0.621889
0.587492
0.588454
0.608174
0.600045
0.589664
0.577190
0.599520
0.608222
0.585730
0.585885
0.609057
0.600709
0.586226
0.602503
0.595558
0.601179
0.600815
0.581195
0.607026
0.586216
0.600419
0.581367
0.589586
0.602964
0.591375
0.620715
0.589611
0.610134
0.611798
0.577348
0.596170
0.593110
0.582637
0.601165
0.598446
0.587102
0.596165
0.594840
0.596560
0.596101
0.601597
0.594507
0.603386
0.586739
0.604223
0.595967
0.595992
0.601312
0.591395
0.593873
0.589832
0.570781
0.590437
0.576628
0.586615
0.593145
0.582131
0.611859
0.595940
0.586494
0.592131
0.591946
0.584936
0.588140
0.599747
0.620355
0.570855
0.601780
0.604595
0.597581
0.603011
0.591504
0.585784
0.591362
0.583385
0.585574
0.577782
0.586699
0.611129
0.601173
0.582425
0.585727
0.607123
0.583223
0.580584
0.582266
0.591780
0.584223
0.582555
0.592216
0.608918
0.587253
0.613248
0.600882
0.573741
0.590301
0.599455
0.608876
0.586364
0.585486
0.576946
0.604889
0.581409
0.590101
0.602121
0.581814
0.580088
0.592214
0.593689
0.584251
0.580271
0.594493
0.594267
0.589225
0.583731
0.603912
0.587429
0.590861
0.580459
0.585977
0.598640
0.594521
0.585340
0.580292
0.604762
0.593555
0.581978
0.587042
0.589150
0.587729
0.596698
0.609762
0.593934
0.600816
0.590320
0.587639
0.585544
0.590495
0.582411
0.587745
0.599784
0.590478
0.598615
0.589021
0.582326
0.587491
0.578439
0.569114
0.607186
0.585472
0.581062
0.599667
0.597933
0.604253
0.583561
0.591464
0.590554
0.599539
0.580333
0.593978
0.582409
0.583482
0.595930
0.593513
0.586486
0.588861
0.586788
0.602871
0.612422
0.594988
0.579668
0.610040
0.591772
0.585864
0.597582
0.601621
0.586170
0.592399
0.588777
0.586297
0.614054
0.590208
0.592923
0.586992
0.578067
0.585259
0.589335
0.581525
0.595912
0.607027
0.585620
0.586172
0.585801
0.575667
0.594317
0.589539
0.589036
0.603603
0.576434
0.579978
0.582992
0.599540
0.585372
0.595972
0.589428
0.587347
0.596861
0.597629
0.594211
0.588280
0.594271
0.587128
0.594674
0.593473
0.593982
0.602350
0.599593
0.578478
0.581606
0.592651
0.584682
0.596819
0.602178
0.586577
0.595668
0.587906
0.572936
0.601012
0.589714
0.598895
0.586690
0.582060
0.581635
0.586294
0.589504
0.577805
0.580733
0.587017
0.600732
0.596717
0.584137
0.593986
0.587516
0.586692
0.601675
0.583135
0.589667
0.582458
0.583708
0.601377
0.595438
0.590187
0.586478
0.612451
0.600024
0.581662
0.603610
0.588150
0.585283
0.601407
0.582344
0.580973
0.583521
0.585449
0.596461
0.601044
0.598259
0.580698
0.577682
0.589956
0.576682
0.575093
0.578130
0.578796
0.584379
0.592706
0.596207
0.588494
0.585682
0.581345
0.585445
0.592807
0.592819
0.587989
0.582806
0.590449
0.573079
0.583942
0.623853
0.592951
0.594578
0.598576
0.605047
0.584670
0.599049
0.593972
0.592537
0.601491
0.586630
0.582241
0.593855
0.585400
0.601302
0.587685
0.576707
0.610026
0.599397
0.606416
0.587438
0.595156
0.586865
0.608602
0.578190
0.590517
0.604927
0.578682
0.591310
0.594354
0.583761
0.579950
0.583411
0.575388
0.596339
0.581235
0.596881
0.585725
0.586964
0.602227
0.606394
0.601102
0.605436
0.586122
0.598328
0.603720
0.583330
0.587138
0.596427
0.589981
0.585347
0.598055
0.607691
0.576725
0.574484
0.588583
0.581012
0.609862
0.575287
0.581556
0.586298
0.576808
0.592048
0.598652
0.581297
0.578119
0.591665
0.574123
0.588341
0.601068
0.572922
0.582180
0.576435
0.587910
0.589549
0.574295
0.591103
0.588452
0.596149
0.613209
0.592318
0.576329
0.609067
0.593178
0.600758
0.603870
0.585242
0.584305
0.611169
0.590974
0.585380
0.601251
0.602386
0.577895
0.586693
0.577277
0.600673
0.580881
0.605484
0.578804
0.592139
0.592949
0.608582
0.600047
0.585809
0.613955
0.585808
0.589709
0.594995
0.574387
0.570401
0.582557
0.603029
0.611158
0.602641
0.577407
0.610433
0.582899
0.587838
0.597315
0.575824
0.604672
0.596487
0.601626
0.604542
0.595859
0.596277
0.607042
0.613044
0.579867
0.597726
0.582147
0.599836
0.609472
0.598917
0.590661
0.595305
0.601825
0.584519
0.589583
0.589748
0.599198
0.608037
0.591462
0.599639
0.593266
0.596644
0.579504
0.604330
0.591384
0.601826
0.586419
0.600864
0.624787
0.591380
0.602352
0.605674
0.595423
0.598410
0.607465
0.574068
0.588531
0.608542
0.584203
0.594826
0.586446
0.617563
0.594116
0.587718
0.601647
0.597669
0.578295
0.591273
0.585014
0.587956
0.584122
0.610932
0.586013
0.588222
0.602139
0.591989
0.587528
0.603277
0.587812
0.618624
0.600369
0.586177
0.615762
0.596019
0.586084
0.588603
0.598519
0.591931
0.587030
0.591586
0.606561
0.591119
