0.002687
0.002981
0.002604
0.002825
0.002993
0.003033
0.003066
0.002734
0.002906
0.002855
0.002631
0.002991
0.002963
0.002765
0.002754
0.002943
0.002790
0.003200
0.003050
0.003174
0.002741
0.002940
0.002809
0.002762
0.002977
0.002912
0.002685
0.002950
0.002921
0.002955
0.002829
0.003090
0.002987
0.003067
0.002888
0.002884
0.002820
0.002877
0.002831
0.002722
0.002903
0.003011
0.002575
0.002998
0.002745
0.003083
0.002731
0.002938
0.002522
0.002965
0.002766
0.002987
0.002508
0.002820
0.002752
0.003021
0.002728
0.002843
0.002813
0.002922
0.002832
0.002981
0.002620
0.003173
0.002717
0.002877
0.002694
0.002974
0.002986
0.003202
0.003010
0.003229
0.002870
0.002931
0.003079
0.002809
0.002810
0.002870
0.002785
0.002899
0.002692
0.002743
0.002997
0.002864
0.002872
0.002814
0.003056
0.002896
0.002867
0.002745
0.002966
0.002844
0.002870
0.003007
0.002952
0.002671
0.002872
0.002926
0.002609
0.003037
0.002617
0.003025
0.002815
0.003063
0.002689
0.003067
0.002808
0.002812
0.002976
0.002999
0.002735
0.002855
0.002753
0.002780
0.002786
0.002862
0.003099
0.002736
0.002869
0.002884
0.002886
0.002958
0.003027
0.002627
0.002771
0.002840
0.002827
0.002590
0.002762
0.002747
0.002687
0.002765
0.002886
0.002687
0.003094
0.002905
0.002908
0.002688
0.003023
0.002952
0.002908
0.003007
0.002865
0.002651
0.002934
0.002891
0.002999
0.002666
0.002933
0.002589
0.002803
0.002940
0.003013
0.002885
0.003042
0.002749
0.002971
0.002656
0.003000
0.002864
0.002981
0.002872
0.002927
0.002893
0.003059
0.002898
0.003119
0.003114
0.003036
0.002947
0.002899
0.002790
0.002593
0.002972
0.002598
0.002990
0.003013
0.003157
0.002941
0.003110
0.002998
0.003141
0.002958
0.002771
0.003025
0.002789
0.002911
0.002950
0.003031
0.002933
0.003101
0.002670
0.003000
0.003084
0.002956
0.002785
0.002972
0.002678
0.002658
0.002990
0.003089
0.002970
0.003114
0.002593
0.003062
0.002755
0.003183
0.002856
0.002942
0.002765
0.003379
0.002492
0.002940
0.002455
0.003076
0.002760
0.003310
0.002515
0.003107
0.002801
0.003279
0.002804
0.003275
0.002722
0.003058
0.002652
0.003140
0.002696
0.003130
0.003083
0.002966
0.002773
0.003190
0.002545
0.002891
0.002503
0.002970
0.002660
0.003124
0.002933
0.003101
0.002862
0.003278
0.002625
0.002886
0.002820
0.002691
0.003076
0.003034
0.002537
0.002950
0.002839
0.002912
0.003083
0.003151
0.003011
0.002858
0.002999
0.002788
0.002986
0.002835
0.003082
0.002932
0.003072
0.002996
0.003038
0.003117
0.002929
0.003105
0.003144
0.002972
0.003067
0.002815
0.002942
0.002991
0.002877
0.003084
0.003003
0.003084
0.003008
0.002930
0.003059
0.002948
0.002874
0.003037
0.003019
0.002877
0.003090
0.002728
0.002991
0.002761
0.003101
0.002888
0.002750
0.002716
0.003018
0.002757
0.002918
0.002880
0.002838
0.003091
0.002805
0.002870
0.002837
0.002928
0.002510
0.002619
0.002910
0.002927
0.002833
0.003278
0.002925
0.002797
0.002918
0.002901
0.002725
0.002580
0.002656
0.002889
0.002960
0.002806
0.002702
0.002855
0.002925
0.002857
0.002958
0.003095
0.002867
0.002944
0.002911
0.002766
0.002570
0.002792
0.002609
0.002894
0.002629
0.002956
0.002508
0.002870
0.002784
0.002618
0.002736
0.002929
0.002621
0.002801
0.002972
0.002430
0.002768
0.002895
0.002681
0.002857
0.002909
0.002819
0.002824
0.002540
0.003330
0.002791
0.002815
0.002641
0.003037
0.002563
0.002905
0.002712
0.002796
0.002796
0.002749
0.002788
0.003097
0.002747
0.002890
0.003021
0.002941
0.002710
0.002546
0.002827
0.002702
0.002802
0.002957
0.002834
0.002627
0.003020
0.002850
0.003123
0.002911
0.003001
0.002794
0.002862
0.002956
0.002801
0.002848
0.002915
0.002936
0.002916
0.002938
0.002961
0.002638
0.003090
0.002715
0.003049
0.002782
0.003180
0.002645
0.002921
0.002694
0.003074
0.002742
0.003026
0.003085
0.003054
0.002850
0.003171
0.002865
0.002922
0.002613
0.002883
0.002788
0.002856
0.002848
0.003144
0.003002
0.002898
0.002892
0.002750
0.002888
0.002692
0.003007
0.003011
0.002917
0.002997
0.002940
0.003098
0.003031
0.002958
0.002964
0.003216
0.002938
0.002746
0.002925
0.002797
0.003086
0.002756
0.003298
0.002871
0.003261
0.002827
0.003003
0.002766
0.003037
0.003033
0.002891
0.002852
0.002822
0.003022
0.002950
0.002673
0.002862
0.002506
0.002854
0.002567
0.002926
0.002611
0.002875
0.002858
0.002439
0.002857
0.002691
0.002760
0.002803
0.002626
0.003110
0.003026
0.002788
0.002952
0.002742
0.002966
0.002759
0.002774
0.002755
0.002923
0.003020
0.002997
0.003086
0.002971
0.002895
0.002889
0.002822
0.002984
0.002869
0.002957
0.002862
0.003023
0.002910
0.003021
0.003079
0.003023
0.002910
0.002885
0.002795
0.002910
0.002919
0.002993
0.002758
0.002792
0.002766
0.003033
0.002737
0.002727
0.003061
0.002992
0.002752
0.002845
0.002831
0.002912
0.003191
0.002712
0.002839
0.003029
0.002797
0.002911
0.003017
0.002632
0.002671
0.002495
0.002887
0.002808
0.002829
0.002835
0.002906
0.002796
0.003131
0.002721
0.003195
0.002724
0.002997
0.002690
0.002935
0.002822
0.002933
0.002763
0.002996
0.002799
0.003082
0.002891
0.003185
0.002772
0.003010
0.002847
0.002899
0.002619
0.003124
0.002869
0.003057
0.002864
0.002866
0.002606
0.002864
0.002844
0.003018
0.002710
0.002774
0.002608
0.002709
0.002785
0.002821
0.002688
0.002818
0.003003
0.002749
0.002804
0.002890
0.003085
0.002822
0.002947
0.002826
0.002707
0.002901
0.002806
0.002991
0.002823
0.002943
0.002850
0.002985
0.002778
0.002988
0.002828
0.003008
0.002677
0.002826
0.002715
0.002853
0.002850
0.002570
0.002904
0.002845
0.002774
0.003019
0.002854
0.002929
0.002923
0.003086
0.002815
0.003010
0.003032
0.003336
0.003004
0.003044
0.002850
0.003147
0.002889
0.003127
0.002663
0.003167
0.002627
0.003153
0.002755
0.003325
0.002710
0.002916
0.002644
0.003081
0.002804
0.003333
0.002663
0.002756
0.002351
0.003053
0.002884
0.002997
0.002790
0.003072
0.002701
0.003106
0.002951
0.002859
0.002737
0.002896
0.002844
0.002860
0.002979
0.002905
0.002593
0.002695
0.002713
0.002553
0.002949
0.003006
0.002771
0.003011
0.002936
0.002740
0.002679
0.002837
0.003044
0.003135
0.002808
0.002989
0.002734
0.002687
0.002934
0.002620
0.002673
0.002896
0.002951
0.003167
0.003003
0.003052
0.002856
0.002926
0.003072
0.002714
0.003048
0.002946
0.002851
0.002816
0.003172
0.003035
0.003095
0.003084
0.003031
0.002980
0.002925
0.002916
0.002874
0.002983
0.002843
0.002851
0.002929
0.002827
0.002710
0.002931
0.002880
0.002912
0.003027
0.003055
0.003135
0.002833
0.002915
0.002741
0.002800
0.002690
0.002921
0.002657
0.002980
0.002746
0.002876
0.002905
0.003014
0.002844
0.002998
0.002654
0.002710
0.002589
0.002682
0.002693
0.002817
0.002874
0.002843
0.002870
0.002996
0.002637
0.002951
0.002658
0.002928
0.002850
0.002969
0.002585
0.002709
0.002475
0.002806
0.002947
0.002994
0.002841
0.003183
0.002740
0.003035
0.002900
0.002852
0.002812
0.002807
0.003042
0.002884
0.002988
0.002580
0.002972
0.002750
0.003066
0.002747
0.002999
0.002634
0.003129
0.002865
0.003194
0.002611
0.002751
0.002608
0.002901
0.002795
0.002746
0.002574
0.002913
0.002572
0.003190
0.002716
0.003081
0.002699
0.002897
0.002634
0.002819
0.002823
0.002841
0.002797
0.002768
0.002579
0.002799
0.002683
0.003166
0.002751
0.003032
0.002483
0.002984
0.002982
0.002976
0.002940
0.003047
0.002673
0.003056
0.002430
0.003011
0.002720
0.003116
0.003056
0.002820
0.002767
0.003119
0.002823
0.002949
0.002901
0.002913
0.002764
0.002964
0.003027
0.002948
0.002638
0.002933
0.002917
0.002708
0.002833
0.002926
0.002868
0.002765
0.002849
0.002909
0.003094
0.002684
0.003049
0.002721
0.002911
0.002792
0.002860
0.002795
0.003006
0.002889
0.002892
0.002946
0.003087
0.002923
0.002859
0.002850
0.002821
0.002977
0.002958
0.002995
0.003087
0.003046
0.002850
0.002969
0.003004
0.003110
0.002697
0.003136
0.002873
0.003039
0.002852
0.002986
0.002669
0.002975
0.002872
0.002932
0.002786
0.002792
0.002879
0.002968
0.002738
0.002939
0.002613
0.002954
0.002693
0.002951
0.002510
0.002937
0.002643
0.002977
0.002595
0.003238
0.002806
0.003205
0.002757
0.002967
0.002646
0.003176
0.002627
0.002997
0.002524
0.002975
0.002744
0.002946
0.002640
0.002864
0.002706
0.002965
0.002686
0.003396
0.002826
0.003169
0.002710
0.003029
0.002837
0.003086
0.002749
0.003206
0.002836
0.002950
0.002624
0.003093
0.002700
0.003202
0.002893
0.002953
0.002683
0.003171
0.002853
0.003140
0.002822
0.002754
0.002763
0.002760
0.002704
0.002862
0.002676
0.002802
0.002627
0.003154
0.002532
0.002977
0.002700
0.002813
0.002610
0.002821
0.002492
0.002872
0.002605
0.002888
0.002493
0.002835
0.002851
0.002961
0.003139
0.002702
0.002896
0.002708
0.002983
0.003105
0.002883
0.003051
0.002812
0.002980
0.003108
0.002935
0.002950
0.002814
0.002976
0.002986
0.002785
0.002867
0.002781
0.002825
0.003066
0.002869
0.002881
0.002878
0.002756
0.002673
0.002706
0.003130
0.002947
0.002847
0.003059
0.003107
0.002855
0.002910
0.002789
0.002699
0.002823
0.003055
0.002549
0.002889
0.002513
0.002970
0.002987
0.002631
0.003124
0.002941
0.002942
0.002896
0.002890
0.002922
0.002695
0.002812
0.002998
0.002774
0.002964
0.002793
0.002796
0.002918
0.002970
0.002796
0.002839
0.002830
0.002848
0.002827
0.002890
0.002722
0.002924
0.002829
0.002758
0.002824
0.002724
0.003076
0.002730
0.002910
