1.506513
1.457385
1.563086
1.444628
1.501773
1.437221
1.504644
1.497828
1.467210
1.485387
1.448840
1.500225
1.442902
1.486422
1.459346
1.488362
1.471901
1.491100
1.493702
1.491391
1.515002
1.440141
1.538612
1.449756
1.502095
1.443322
1.505154
1.446839
1.520448
1.435034
1.503267
1.448108
1.507491
1.435637
1.536480
1.532391
1.446980
1.494493
1.453506
1.494840
1.469202
1.496507
1.457356
1.497213
1.508129
1.484733
1.583576
1.441169
1.506064
1.429319
1.500334
1.493045
1.449042
1.512389
1.456228
1.504435
1.451206
1.498035
1.452190
1.494806
1.446139
1.493517
1.447109
1.493188
1.452983
1.498966
1.503139
1.443648
1.554492
1.457064
1.505530
1.449406
1.566701
1.435242
1.506715
1.447444
1.501419
1.436213
1.493038
1.448396
1.498945
1.496235
1.460957
1.497334
1.454025
1.493965
1.454798
1.493279
1.460157
1.491173
1.437774
1.512045
1.441385
1.492296
1.495687
1.451940
1.500602
1.438731
1.515042
1.445122
1.500595
1.440292
1.510164
1.443380
1.535694
1.447534
1.505248
1.430804
1.505630
1.448613
1.523777
1.499606
1.438796
1.498734
1.456390
1.491742
1.453747
1.494039
1.453224
1.500528
1.439679
1.486886
1.452247
1.498253
1.442590
1.496428
1.453644
1.497036
1.450941
1.484305
1.490135
1.448094
1.503506
1.428916
1.503335
1.442543
1.497413
1.457399
1.501974
1.445712
1.502627
1.434851
1.569081
1.445286
1.502957
1.489888
1.474507
1.494228
1.502672
1.489479
1.546211
1.502328
1.513627
1.452702
1.502073
1.451775
1.548200
1.440927
1.502187
1.438933
1.504249
1.433592
1.501221
1.437561
1.495859
1.447153
1.499792
1.451053
1.487191
1.500483
1.437172
1.504184
1.449994
1.487436
1.455418
1.541313
1.431485
1.515733
1.437298
1.496348
1.453640
1.490073
1.476793
1.493095
1.458624
1.490728
1.516330
1.439386
1.497149
1.496050
1.491158
1.448640
1.496864
1.444617
1.497575
1.444941
1.499172
1.445965
1.504841
1.447676
1.495162
1.443626
1.502525
1.491238
1.439028
1.493780
1.452645
1.495020
1.454817
1.485293
1.444985
1.501297
1.447174
1.492592
1.438398
1.488627
1.455505
1.485131
1.453188
1.498549
1.457062
1.486825
1.449208
1.495302
1.496009
1.447425
1.499476
1.446475
1.493355
1.443299
1.495112
1.439846
1.490569
1.457428
1.514428
1.440630
1.527725
1.438394
1.513097
1.493353
1.458300
1.496271
1.454679
1.494307
1.450066
1.488891
1.442210
1.489858
1.454675
1.494600
1.450741
1.493081
1.446834
1.487939
1.451327
1.499817
1.438826
1.503732
1.448318
1.500267
1.497185
1.428266
1.502897
1.444806
1.493619
1.439569
1.546156
1.459046
1.501021
1.439594
1.497711
1.441843
1.497166
1.458268
1.497589
1.500419
1.439571
1.499231
1.446636
1.504337
1.449245
1.491159
1.441960
1.499961
1.441212
1.487762
1.438585
1.513280
1.441164
1.485633
1.447041
1.496440
1.481588
1.487205
1.446299
1.499604
1.509995
1.442119
1.502973
1.485005
1.494103
1.433801
1.495319
1.450683
1.513965
1.444751
1.529769
1.446551
1.516438
1.498730
1.454927
1.495988
1.495207
1.494504
1.458614
1.491282
1.468810
1.488987
1.472196
1.505200
1.479839
1.495464
1.462621
1.491713
1.529414
1.445576
1.607055
1.452327
1.514876
1.435447
1.509217
1.444999
1.512703
1.442776
1.539241
1.438028
1.518806
1.484303
1.450367
1.505061
1.445399
1.507571
1.445092
1.486605
1.444369
1.482734
1.451524
1.493952
1.462158
1.503362
1.485928
1.495353
1.494304
1.458426
1.495441
1.448753
1.490659
1.437768
1.494498
1.453601
1.529932
1.436274
1.536698
1.457650
1.507914
1.440740
1.500965
1.495473
1.444360
1.484242
1.442219
1.498506
1.443815
1.489860
1.455554
1.489213
1.449322
1.487965
1.443443
1.499124
1.443576
1.486955
1.448217
1.500355
1.445843
1.494781
1.450280
1.496726
1.509548
1.442536
1.498630
1.446942
1.514433
1.444999
1.530387
1.455811
1.497626
1.443810
1.497570
1.437397
1.512135
1.448284
1.503309
1.449388
1.496755
1.494190
1.453140
1.493577
1.444957
1.480949
1.445223
1.497572
1.438866
1.494597
1.441874
1.493289
1.442351
1.490895
1.436541
1.506179
1.454923
1.494421
1.469396
1.500694
1.502349
1.441231
1.545049
1.444751
1.522250
1.455328
1.521416
1.442355
1.501206
1.440283
1.526112
1.446775
1.572187
1.496691
1.454934
1.495210
1.446307
1.494350
1.462319
1.496382
1.447680
1.487747
1.446014
1.487178
1.502148
1.454027
1.489056
1.450497
1.492729
1.444153
1.534555
1.443005
1.503923
1.448467
1.541103
1.439801
1.498533
1.444741
1.545404
1.437824
1.518847
1.509276
1.464156
1.497304
1.476993
1.530691
1.555077
1.503397
1.445336
1.500082
1.487397
1.449793
1.488803
1.472850
1.483127
1.445184
1.494438
1.442644
1.492781
1.442389
1.490433
1.443630
1.502143
1.439807
1.504688
1.445978
1.514394
1.450720
1.493641
1.496985
1.442550
1.501006
1.447631
1.498989
1.427907
1.496961
1.447267
1.498108
1.441582
1.494463
1.499822
1.498751
1.446317
1.507304
1.441293
1.497862
1.551879
1.439428
1.496719
1.444008
1.492591
1.446104
1.487129
1.450233
1.490298
1.439695
1.493048
1.450029
1.485116
1.439080
1.495541
1.448880
1.492308
1.446366
1.484547
1.505264
1.435416
1.498457
1.447510
1.511314
1.434023
1.494639
1.439971
1.508953
1.426723
1.498793
1.439640
1.505426
1.448395
1.493343
1.443568
1.492831
1.451227
1.491207
1.441446
1.498129
1.447628
1.504271
1.439130
1.502770
1.473086
1.486126
1.491836
1.450545
1.495615
1.440332
1.480781
1.447489
1.480198
1.478334
1.491708
1.449300
1.483592
1.461902
1.495166
1.501618
1.440271
1.502166
1.440723
1.502344
1.437605
1.503966
1.449409
1.496222
1.443977
1.501026
1.434860
1.507479
1.442333
1.498169
1.448071
1.507712
1.483963
1.444297
1.494633
1.447580
1.487445
1.444297
1.491528
1.439555
1.487775
1.438695
1.486113
1.444473
1.486860
1.504886
1.433799
1.502137
1.443990
1.497254
1.444363
1.497293
1.438704
1.523897
1.423718
1.501735
1.447476
1.497068
1.447601
1.498571
1.480129
1.500037
1.443133
1.504020
1.499781
1.433528
1.527258
1.445069
1.516251
1.441278
1.479631
1.449049
1.484312
1.451197
1.491474
1.446229
1.478084
1.446769
1.480734
1.439833
1.493647
1.449670
1.484879
1.452143
1.483090
1.505410
1.434410
1.500082
1.415974
1.499524
1.448538
1.492667
1.440008
1.498189
1.444221
1.500253
1.440192
1.498491
1.453568
1.496884
1.436176
1.491517
1.441566
1.494952
1.430491
1.509971
1.436588
1.498255
1.479824
1.492098
1.494584
1.442722
1.488573
1.437769
1.500722
1.440550
1.499785
1.435100
1.484544
1.450244
1.508001
1.448830
1.494512
1.451838
1.489515
1.522315
1.432391
1.504698
1.445865
1.501499
1.434572
1.502171
1.437971
1.501558
1.444035
1.504307
1.448558
1.504040
1.434869
1.499173
1.442630
1.515547
1.437788
1.505283
1.477798
1.446863
1.496831
1.444998
1.491698
1.446141
1.490281
1.442639
1.488985
1.519916
1.497983
1.467413
1.482282
1.437465
1.496729
1.463782
1.479767
1.532501
1.436024
1.501912
1.439955
1.552620
1.443830
1.503761
1.416514
1.500989
1.441070
1.531310
1.436921
1.520104
1.439112
1.504501
1.441727
1.495899
1.441649
1.499758
1.493467
1.442002
1.500331
1.442338
1.479318
1.441737
1.488477
1.457383
1.485370
1.444433
1.483514
1.445837
1.484157
1.449709
1.489393
1.445638
1.490994
1.443147
1.490654
1.444694
1.490187
1.502614
1.441787
1.496656
1.435212
1.525018
1.445668
1.503829
1.441126
1.494145
1.444054
1.499792
1.454599
1.509783
1.435825
1.500554
1.437626
1.497201
1.428231
1.505857
1.436991
1.492231
1.489267
1.457229
1.491008
1.442312
1.494891
1.462534
1.490920
1.448983
1.517245
1.437715
1.502424
1.450296
1.501000
1.447879
1.494987
1.447221
1.499169
1.506986
1.470062
1.503855
1.436209
1.527507
1.430776
1.514307
1.443309
1.498410
1.454509
1.499062
1.432905
1.501180
1.443542
1.489167
1.489194
1.496249
1.485763
1.443457
1.520358
1.439507
1.495250
1.444255
1.489955
1.442192
1.487219
1.454285
1.491495
1.449820
1.486274
1.447917
1.497128
1.459960
1.535604
1.495103
1.447351
1.514081
1.489769
1.500571
1.440909
1.498085
1.436876
1.500407
1.441387
1.491731
1.441162
1.504596
1.448578
1.502258
1.447207
1.502214
1.490125
1.456918
1.490402
1.487271
1.485378
1.504458
1.493260
1.458742
1.496200
1.486797
1.495392
1.556608
1.458111
1.538786
1.438922
1.545018
1.438363
1.538127
1.436477
1.510411
1.447090
1.528869
1.454874
1.514539
1.496456
1.459257
1.488291
1.467648
1.497575
1.473113
1.489641
1.455880
1.497756
1.470841
1.497489
1.446071
1.485148
1.468538
1.492923
1.505429
1.449070
1.514673
1.440771
1.509902
1.444207
1.504405
1.441102
1.494131
1.435557
1.502770
1.443999
1.496313
1.446236
1.513446
1.446491
1.497885
1.441702
1.501415
1.496026
1.455049
1.487909
1.499731
1.512498
1.445801
1.497063
1.455122
1.495492
1.444199
1.551294
1.505941
1.449946
1.497985
1.441992
1.490651
1.445491
1.526875
1.438223
1.539718
1.504878
1.446804
1.504854
1.450138
1.492167
1.450076
1.495938
1.453419
1.492512
1.450411
1.496347
1.439550
1.501261
1.436999
1.498500
1.444832
1.495435
1.443704
1.500473
1.524770
1.452395
1.491235
1.451057
1.480970
1.451285
1.501100
1.445549
1.493656
1.445854
1.496463
1.444104
1.486322
1.442357
1.492412
1.441040
1.486229
1.500390
1.439107
1.506968
1.439327
1.505927
1.450463
1.504397
1.444617
1.499742
1.443081
1.494376
1.449232
1.496247
1.476801
1.488004
1.500634
1.449858
1.525354
1.441938
1.490606
1.502541
1.498364
1.450902
1.490079
1.452761
1.500887
1.461150
1.493041
1.447564
1.483228
1.502269
1.435212
1.508055
1.438307
1.505864
1.436726
1.495837
1.452403
1.493264
1.439402
1.495957
1.461816
