0.615243
0.602085
0.595394
0.610843
0.593101
0.585486
0.580644
0.589744
0.600348
0.581823
0.603628
0.577002
0.589548
0.581040
0.601556
0.590606
0.580287
0.582872
0.593392
0.595467
0.607215
0.602206
0.599601
0.593087
0.604064
0.591483
0.599513
0.596916
0.617292
0.608107
0.596328
0.584841
0.605618
0.601672
0.596557
0.602073
0.605540
0.592288
0.598298
0.597040
0.599156
0.599032
0.598583
0.603915
0.597315
0.593130
0.606077
0.592754
0.588122
0.577902
0.587866
0.583260
0.600475
0.610678
0.598573
0.585349
0.580691
0.599108
0.581807
0.569211
0.600321
0.594681
0.599340
0.580892
0.591850
0.576866
0.585872
0.592482
0.601596
0.596510
0.600123
0.582935
0.594140
0.597062
0.602723
0.596586
0.586884
0.595845
0.600306
0.579977
0.602144
0.587249
0.606626
0.591622
0.601509
0.597424
0.592648
0.592307
0.583944
0.589145
0.585575
0.597080
0.576010
0.597001
0.585391
0.586061
0.600664
0.595106
0.593851
0.600050
0.591024
0.592835
0.586219
0.602461
0.573953
0.585048
0.599849
0.588777
0.598479
0.601672
0.608822
0.586283
0.585333
0.596913
0.586377
0.588654
0.595859
0.587058
0.584560
0.579296
0.591596
0.581614
0.580014
0.586067
0.580631
0.581412
0.587899
0.586562
0.586112
0.591234
0.591973
0.582616
0.585130
0.585863
0.592699
0.594251
0.586614
0.586382
0.584815
0.614259
0.590905
0.582530
0.604200
0.578929
0.595732
0.596472
0.586925
0.595213
0.586956
0.579395
0.598709
0.595051
0.589961
0.579419
0.577005
0.595499
0.598648
0.594846
0.578403
0.593854
0.582674
0.595066
0.592968
0.579639
0.604789
0.602556
0.590267
0.591269
0.587235
0.589286
0.591988
0.623989
0.582204
0.609660
0.603649
0.600423
0.586371
0.582097
0.584052
0.592873
0.603094
0.590967
0.607129
0.598354
0.620892
0.590271
0.601153
0.589613
0.596130
0.611450
0.608344
0.597214
0.601589
0.594210
0.610922
0.598806
0.595918
0.588868
0.579558
0.599353
0.582730
0.595001
0.590860
0.591168
0.583383
0.585567
0.589159
0.595993
0.603160
0.601381
0.580302
0.588635
0.593223
0.581871
0.586329
0.595304
0.594337
0.581069
0.589445
0.582305
0.576588
0.600033
0.589804
0.584911
0.609467
0.597020
0.595862
0.610931
0.597622
0.587284
0.589561
0.600956
0.591431
0.592433
0.602256
0.586886
0.589089
0.594832
0.606557
0.581893
0.583454
0.578832
0.596499
0.582944
0.604095
0.585850
0.600100
0.608531
0.604331
0.612214
0.604398
0.589392
0.600977
0.586550
0.602775
0.600417
0.595568
0.606885
0.594543
0.591425
0.585704
0.586102
0.589134
0.601972
0.595262
0.603462
0.596624
0.590028
0.597022
0.586300
0.607913
0.606583
0.586575
0.608228
0.592992
0.582015
0.608394
0.596328
0.598623
0.600812
0.579774
0.603977
0.613850
0.608033
0.606902
0.595524
0.591441
0.579384
0.571977
0.578957
0.608425
0.593948
0.586160
0.602594
0.585480
0.582162
0.586707
0.604921
0.583835
0.600096
0.597652
0.613720
0.599947
0.596795
0.620577
0.615614
0.593389
0.605602
0.603786
0.616547
0.589633
0.591051
0.583171
0.593585
0.605110
0.592597
0.602935
0.585039
0.577094
0.593492
0.588906
0.606046
0.591588
0.592504
0.591481
0.603252
0.583976
0.598001
0.593211
0.579980
0.579587
0.583496
0.605261
0.596884
0.604859
0.596917
0.594200
0.586930
0.612229
0.611434
0.589790
0.582623
0.592466
0.593400
0.603397
0.584249
0.584917
0.585318
0.597023
0.601007
0.588234
0.592531
0.581157
0.599742
0.583282
0.581749
0.583147
0.587622
0.596513
0.586629
0.593869
0.595886
0.588341
0.589911
0.581556
0.594448
0.602298
0.606405
0.600710
0.581075
0.597328
0.586333
0.605234
0.610294
0.589865
0.589698
0.598862
0.602303
0.610324
0.586614
0.589427
0.585842
0.587111
0.587549
0.597193
0.595567
0.607945
0.607713
0.594576
0.604533
0.598234
0.597427
0.603270
0.577113
0.583129
0.584090
0.582577
0.595265
0.609023
0.582312
0.588095
0.599065
0.585820
0.578503
0.593638
0.602261
0.583490
0.592142
0.574052
0.590098
0.596476
0.574888
0.577810
0.574908
0.578646
0.603251
0.588773
0.616819
0.594653
0.590047
0.589999
0.578777
0.602969
0.600251
0.592325
0.594866
0.598458
0.579390
0.582717
0.589935
0.579325
0.605916
0.589266
0.596745
0.584542
0.592205
0.595349
0.589385
0.576000
0.592665
0.610409
0.590025
0.584274
0.596323
0.595843
0.598036
0.584312
0.590194
0.607246
0.591289
0.609090
0.594247
0.587950
0.599478
0.599873
0.598982
0.582428
0.584119
0.592881
0.592021
0.594955
0.609540
0.619789
0.587750
0.597539
0.604015
0.587041
0.585964
0.607898
0.588919
0.608084
0.589291
0.599402
0.581896
0.589172
0.589530
0.588930
0.600355
0.581467
0.576009
0.619010
0.601691
0.579484
0.583746
0.572529
0.588133
0.581201
0.577896
0.599115
0.584912
0.584399
0.616710
0.584287
0.594297
0.593246
0.586387
0.592541
0.603026
0.587308
0.600499
0.591997
0.609983
0.608086
0.584581
0.612294
0.579802
0.621418
0.586345
0.584061
0.591317
0.585998
0.593330
0.579923
0.592677
0.596637
0.582814
0.590449
0.597039
0.581870
0.584764
0.580524
0.602550
0.582690
0.586947
0.576214
0.577733
0.590186
0.586482
0.605603
0.600334
0.589258
0.587213
0.593504
0.598777
0.578999
0.598905
0.603566
0.596078
0.588627
0.590200
0.591100
0.600989
0.586175
0.603215
0.589835
0.582358
0.582631
0.580013
0.587264
0.598978
0.593739
0.606011
0.600785
0.596100
0.600253
0.578499
0.585296
0.591362
0.595507
0.580962
0.596981
0.609618
0.610488
0.594097
0.587473
0.589759
0.605647
0.598169
0.612947
0.611780
0.602414
0.610145
0.600070
0.593240
0.606425
0.584754
0.588459
0.591571
0.606867
0.606210
0.601688
0.597349
0.579932
0.586975
0.591313
0.598950
0.599946
0.592308
0.600689
0.582857
0.589941
0.584804
0.596689
0.578420
0.574821
0.588589
0.580127
0.603936
0.584865
0.591227
0.578367
0.578702
0.597871
0.592048
0.585871
0.591152
0.602810
0.591149
0.589439
0.608191
0.592255
0.598251
0.602362
0.585862
0.573796
0.582502
0.588275
0.581163
0.600294
0.597272
0.580735
0.589371
0.588759
0.582670
0.584960
0.589469
0.608763
0.593862
0.596940
0.598504
0.588848
0.590663
0.597331
0.593201
0.572035
0.587240
0.596335
0.587279
0.588383
0.601955
0.597893
0.599088
0.592982
0.599145
0.586939
0.580328
0.572153
0.575478
0.602341
0.571784
0.614067
0.600576
0.608037
0.601734
0.598360
0.581984
0.601202
0.598225
0.607266
0.586586
0.589645
0.571627
0.583684
0.594758
0.591025
0.586190
0.595230
0.603684
0.607545
0.583032
0.590420
0.603831
0.607763
0.590617
0.603643
0.591892
0.589521
0.599682
0.602885
0.605734
0.581477
0.620478
0.586590
0.596615
0.590990
0.592823
0.585688
0.585394
0.588899
0.577051
0.599735
0.581047
0.594784
0.592058
0.596010
0.606374
0.577601
0.589115
0.579842
0.584015
0.589174
0.586019
0.610997
0.591852
0.580121
0.590790
0.597398
0.601205
0.584925
0.591269
0.610671
0.600847
0.590424
0.580724
0.581668
0.610281
0.604690
0.592862
0.595401
0.601162
0.595138
0.587053
0.595055
0.589061
0.607276
0.579014
0.579119
0.601759
0.585022
0.588701
0.597009
0.589743
0.602308
0.610410
0.571427
0.596359
0.593107
0.593479
0.581067
0.606314
0.592992
0.601017
0.600476
0.585909
0.606462
0.593153
0.592132
0.611988
0.592739
0.597181
0.593822
0.575181
0.584824
0.584908
0.598654
0.586321
0.615204
0.592491
0.590964
0.591726
0.610494
0.578621
0.589319
0.580922
0.581539
0.585347
0.589958
0.600286
0.580007
0.588182
0.581848
0.599378
0.579142
0.588171
0.592024
0.580485
0.589465
0.585294
0.584523
0.573340
0.581930
0.598325
0.591878
0.585655
0.589589
0.595215
0.598714
0.616377
0.578016
0.588521
0.586982
0.585941
0.596903
0.590368
0.606155
0.585412
0.600782
0.601676
0.589431
0.587090
0.588423
0.599528
0.597066
0.591328
0.586509
0.591501
0.610888
0.601502
0.585042
0.592525
0.590088
0.598016
0.584676
0.591500
0.586308
0.594783
0.587766
0.579218
0.593392
0.578206
0.579176
0.604850
0.582051
0.612649
0.579600
0.603545
0.604673
0.581516
0.594287
0.586588
0.581815
0.580525
0.592189
0.577631
0.598493
0.601012
0.596630
0.586525
0.599381
0.604456
0.610611
0.583647
0.589566
0.602083
0.600975
0.578857
0.601522
0.598701
0.594702
0.592685
0.591357
0.572268
0.581342
0.591602
0.600097
0.570859
0.593326
0.602637
0.590463
0.596973
0.585855
0.597176
0.590148
0.584614
0.584330
0.574437
0.585889
0.573928
0.594086
0.592093
0.604741
0.604921
0.597434
0.602483
0.603455
0.594568
0.606232
0.592905
0.606022
0.587285
0.609272
0.589854
0.586621
0.574866
0.592121
0.593574
0.605163
0.588072
0.593311
0.589374
0.597269
0.612449
0.595336
0.598431
0.587800
0.597534
0.585541
0.584965
0.583585
0.587933
0.589313
0.580157
0.588912
0.599554
0.584426
0.588789
0.572347
0.582288
0.587532
0.582787
0.591246
0.591460
0.586995
0.583755
0.563736
0.601972
0.589766
0.592050
0.585701
0.590228
0.591221
0.592485
0.598410
0.591307
0.566860
0.594681
0.609551
0.591713
0.594125
0.593482
0.595192
0.583353
0.591060
0.588648
0.575472
0.591859
0.591491
0.584173
0.587894
0.593413
0.604257
0.591979
0.585222
0.596641
0.593846
0.592427
0.582424
0.605459
0.598828
0.593200
0.606467
0.597920
0.595451
0.578352
0.577490
0.588999
0.602869
0.595597
0.584071
0.593166
0.594149
0.587709
0.582357
0.583002
0.594807
0.581336
0.592392
0.604860
0.584098
0.584988
0.605858
0.588025
0.593528
0.590997
0.585375
0.587188
0.607960
0.572979
0.593485
0.597186
0.589967
0.593895
0.580978
0.591249
0.575372
0.585244
0.589430
0.594792
0.603619
0.601878
0.577092
0.573077
0.581628
0.593964
0.595709
0.590923
0.596750
0.591293
0.601706
0.597088
