1.503254
1.503809
1.455451
1.492082
1.448022
1.494372
1.448713
1.488165
1.441903
1.489096
1.444882
1.495618
1.448885
1.492955
1.452247
1.493758
1.502416
1.446647
1.512400
1.454995
1.499766
1.448773
1.499350
1.452909
1.510969
1.458234
1.496896
1.441438
1.501132
1.451288
1.498968
1.492603
1.446936
1.516858
1.445318
1.503162
1.452870
1.511922
1.449508
1.502131
1.447202
1.498045
1.443041
1.485413
1.449155
1.500616
1.445590
1.493281
1.486194
1.449919
1.491872
1.455730
1.500263
1.441612
1.503260
1.458799
1.505958
1.482679
1.497124
1.445723
1.506769
1.449677
1.446350
1.499030
1.443564
1.496155
1.451027
1.494920
1.452798
1.494288
1.452091
1.486234
1.450767
1.503506
1.443484
1.496076
1.502371
1.447855
1.504908
1.442273
1.493638
1.445167
1.498368
1.425614
1.504079
1.458714
1.495465
1.505547
1.443835
1.526116
1.454517
1.519680
1.448455
1.496148
1.447981
1.490183
1.451858
1.492050
1.449509
1.498646
1.453051
1.508923
1.498853
1.454711
1.496421
1.447556
1.497087
1.443683
1.502915
1.499841
1.498195
1.448763
1.498934
1.490126
1.498730
1.451441
1.451517
1.502953
1.442678
1.521584
1.444591
1.533885
1.452104
1.484747
1.458425
1.497789
1.449543
1.534446
1.501187
1.449512
1.501190
1.464259
1.497372
1.469194
1.502449
1.515571
1.489581
1.451437
1.495510
1.447264
1.493585
1.498985
1.442414
1.505224
1.447100
1.502227
1.452691
1.497470
1.446302
1.501022
1.445862
1.499736
1.445088
1.494039
1.439901
1.518866
1.446489
1.492088
1.486842
1.450361
1.498541
1.447687
1.494709
1.445410
1.511586
1.455761
1.496768
1.446024
1.503754
1.449857
1.499368
1.443074
1.503473
1.446705
1.500799
1.500151
1.453296
1.508160
1.451402
1.505820
1.450018
1.505985
1.450194
1.500083
1.454444
1.492959
1.442960
1.487100
1.446704
1.497822
1.498460
1.437109
1.493458
1.450345
1.486521
1.444630
1.498240
1.447219
1.489464
1.450679
1.489920
1.487391
1.499915
1.436147
1.511092
1.448299
1.496514
1.497871
1.447398
1.493246
1.452819
1.500356
1.442999
1.501281
1.453280
1.501751
1.455378
1.491914
1.450948
1.500863
1.441720
1.501130
1.450729
1.494813
1.494068
1.437864
1.494762
1.463491
1.494641
1.442552
1.485606
1.448136
1.495645
1.461084
1.497960
1.441153
1.501001
1.447934
1.500343
1.498938
1.444844
1.607105
1.448262
1.490667
1.453012
1.502546
1.447496
1.501240
1.457580
1.495083
1.456927
1.501604
1.501554
1.448591
1.499996
1.459395
1.500866
1.471035
1.487234
1.438996
1.500287
1.448640
1.498116
1.451900
1.496815
1.452488
1.491234
1.493727
1.455424
1.497362
1.447071
1.493563
1.460216
1.502890
1.450521
1.503077
1.451285
1.488271
1.447711
1.506578
1.446834
1.493933
1.516662
1.430947
1.504679
1.448946
1.492430
1.455039
1.494516
1.500873
1.506652
1.443148
1.502813
1.446694
1.496847
1.469030
1.495227
1.499979
1.445394
1.487194
1.447834
1.499683
1.447251
1.489590
1.452021
1.499607
1.450456
1.499134
1.447810
1.517087
1.442089
1.505559
1.495199
1.453175
1.500458
1.493102
1.497318
1.451873
1.491850
1.449192
1.499394
1.470280
1.494981
1.437287
1.501867
1.508404
1.452656
1.495212
1.451745
1.493328
1.448083
1.495738
1.444989
1.492150
1.456733
1.503006
1.444506
1.488977
1.445421
1.513198
1.445440
1.491634
1.499338
1.442392
1.496711
1.442217
1.506307
1.443801
1.498288
1.445541
1.507135
1.487881
1.478435
1.475839
1.502693
1.452790
1.502480
1.508445
1.452967
1.508221
1.449046
1.492090
1.447274
1.569350
1.465400
1.504326
1.447737
1.502501
1.444231
1.489157
1.496067
1.472571
1.498968
1.448506
1.496117
1.451254
1.496796
1.443610
1.504800
1.515515
1.493692
1.450766
1.501039
1.450499
1.499150
1.501044
1.441305
1.491344
1.452688
1.500464
1.449544
1.500774
1.452705
1.493691
1.452658
1.498184
1.448319
1.500271
1.443081
1.500289
1.441557
1.495879
1.498734
1.431813
1.502341
1.443132
1.495109
1.438911
1.497231
1.445680
1.502820
1.445420
1.497806
1.447035
1.491809
1.447059
1.501410
1.451532
1.500653
1.499342
1.441638
1.492977
1.448535
1.502560
1.447362
1.497072
1.444911
1.500796
1.449376
1.505190
1.446396
1.493704
1.448764
1.499426
1.445506
1.498755
1.436614
1.493362
1.503254
1.446621
1.490970
1.446903
1.499852
1.437668
1.503680
1.446866
1.493027
1.447133
1.493231
1.448180
1.497265
1.497204
1.446167
1.495109
1.457525
1.489355
1.433207
1.463397
1.448616
1.475715
1.441097
1.490355
1.440631
1.490570
1.436630
1.495183
1.448197
1.504567
1.447340
1.482226
1.444785
1.514582
1.431988
1.484308
1.488106
1.430760
1.482972
1.437807
1.484252
1.427945
1.487935
1.424850
1.473886
1.432847
1.490643
1.426598
1.475255
1.445036
1.496954
1.431567
1.483437
1.473648
1.477517
1.462523
1.492028
1.429655
1.488097
1.517918
1.427176
1.570628
1.440163
1.487401
1.431483
1.516516
1.440173
1.485033
1.440374
1.477636
1.437511
1.493890
1.442321
1.505938
1.434760
1.483181
1.433120
1.483910
1.433589
1.475494
1.481955
1.431170
1.480299
1.473626
1.493080
1.447560
1.490569
1.535831
1.433347
1.559984
1.432147
1.489015
1.430079
1.491364
1.485715
1.430392
1.494158
1.431093
1.487919
1.433589
1.478357
1.448686
1.488559
1.427635
1.494894
1.467303
1.526690
1.479951
1.432468
1.474464
1.439044
1.493593
1.435893
1.468940
1.439828
1.493626
1.435172
1.516906
1.439790
1.482260
1.417789
1.482318
1.440983
1.491422
1.450239
1.494157
1.432474
1.431154
1.491867
1.434208
1.493990
1.443325
1.503174
1.437852
1.500744
1.431481
1.470393
1.433417
1.489480
1.426163
1.497074
1.445139
1.503929
1.430043
1.488235
1.432261
1.484018
1.429466
1.431581
1.478607
1.438946
1.472288
1.432273
1.490521
1.418309
1.523166
1.427555
1.493411
1.438686
1.472478
1.445087
1.482602
1.434084
1.486651
1.427452
1.495247
1.435337
1.488586
1.433115
1.496979
1.431402
1.487811
1.434396
1.489973
1.428818
1.538363
1.490234
1.444966
1.484736
1.434259
1.480707
1.433865
1.474516
1.432974
1.477019
1.437839
1.488491
1.428253
1.488194
1.424731
1.492373
1.440489
1.482428
1.431999
1.485708
1.432222
1.481848
1.433841
1.481498
1.445954
1.493872
1.429721
1.490199
1.493379
1.442543
1.492570
1.429100
1.482325
1.437235
1.482862
1.442472
1.483727
1.446369
1.470490
1.439050
1.489520
1.431208
1.481051
1.432749
1.586346
1.447596
1.550052
1.489176
1.435165
1.490445
1.433035
1.486269
1.457569
1.485731
1.483318
1.480676
1.417559
1.490868
1.446927
1.463960
1.432865
1.483403
1.439007
1.482786
1.427998
1.485072
1.449152
1.488987
1.442157
1.514545
1.428078
1.492504
1.497934
1.431676
1.484278
1.449233
1.482327
1.443624
1.487453
1.431498
1.483279
1.435851
1.479408
1.432002
1.478643
1.435256
1.471344
1.441392
1.485105
1.435375
1.493645
1.438248
1.485481
1.445604
1.491836
1.436098
1.471847
1.436720
1.494070
1.445866
1.489994
1.492250
1.433587
1.484863
1.435514
1.506576
1.473436
1.489568
1.425008
1.490472
1.436935
1.481819
1.436530
1.490433
1.428258
1.495739
1.430079
1.486185
1.450076
1.477941
1.556729
1.433427
1.475818
1.426479
1.480438
1.428323
1.489606
1.437671
1.510228
1.425740
1.505148
1.443365
1.525994
1.436189
1.499935
1.433306
1.494105
1.447527
1.548874
1.439512
1.476828
1.497477
1.423180
1.487228
1.442491
1.480047
1.431347
1.484878
1.449460
1.493342
1.442376
1.464519
1.441515
1.486890
1.439493
1.488380
1.419641
1.478513
1.433766
1.481448
1.448720
1.478612
1.435148
1.489870
1.432201
1.477907
1.447432
1.474125
1.522375
1.429479
1.484624
1.437919
1.484939
1.431208
1.487165
1.438589
1.481392
1.439312
1.479146
1.437681
1.486208
1.440233
1.468775
1.441681
1.488686
1.431636
1.483573
1.439896
1.481955
1.428545
1.484764
1.425463
1.485222
1.430865
1.532239
1.468713
1.440574
1.493405
1.432971
1.481930
1.427520
1.491551
1.439435
1.489736
1.434814
1.490115
1.421596
1.490051
1.429011
1.495046
1.428182
1.496594
1.429061
1.481921
1.442089
1.486979
1.447311
1.488663
1.424618
1.483406
1.445541
1.481435
1.433629
1.479624
1.427389
1.487232
1.480854
1.432392
1.480942
1.435711
1.485574
1.426329
1.494893
1.443328
1.485452
1.433015
1.487417
1.448306
1.524877
1.417119
1.495761
1.439173
1.485141
1.429462
1.490212
1.442115
1.480303
1.431634
1.477958
1.438573
1.481537
1.430874
1.489575
1.482075
1.435666
1.489182
1.435509
1.485694
1.426185
1.484211
1.432237
1.464433
1.429829
1.486998
1.429484
1.478611
1.423869
1.471726
1.441628
1.487789
1.433756
1.478685
1.459218
1.499133
1.454892
1.487056
1.439190
1.477145
1.454035
1.477675
1.489310
1.435980
1.488230
1.434470
1.479756
1.427691
1.492604
1.437665
1.485735
1.439044
1.471510
1.432278
1.489677
1.420965
1.501174
1.438086
1.494200
1.442934
1.471788
1.444131
1.480975
1.431520
1.486717
1.436690
1.474396
1.435739
1.492838
1.483508
1.428939
1.488548
1.430722
1.478597
1.429791
1.493935
1.431629
1.488969
1.435888
1.491975
1.432126
1.479774
1.426011
1.485047
1.442610
1.485522
1.441831
1.480884
1.433117
1.485582
1.496716
1.437166
1.491135
1.427972
1.488679
1.438561
1.475995
1.439770
1.475652
1.439031
1.489035
1.443810
1.496123
1.491625
1.436334
1.498398
1.435043
1.485140
1.452988
1.492187
1.439508
1.482873
1.433070
1.493810
1.479756
1.428823
1.484158
1.438122
1.495633
1.435166
1.486279
1.446038
1.473858
1.440036
1.495678
1.450960
1.488927
1.430146
1.483268
1.437765
1.428593
1.472315
1.422344
1.482693
1.434883
1.480452
1.477721
1.437279
1.492228
1.436755
1.485391
1.450584
1.485743
1.441056
1.484921
1.436139
1.491101
1.419142
1.507181
