1.101085
1.148418
1.106659
1.098589
1.102746
1.101704
1.113160
1.166863
1.109101
1.103314
1.098581
1.108061
1.101110
1.149355
1.104501
1.102017
1.103391
1.109309
1.103229
1.151433
1.104343
1.108541
1.104964
1.111910
1.100011
1.160318
1.103896
1.113098
1.112369
1.112248
1.107218
1.157310
1.107694
1.101999
1.105730
1.103924
1.102067
1.150690
1.109149
1.099777
1.102556
1.107849
1.108208
1.152510
1.098719
1.106566
1.109217
1.100940
1.109764
1.155341
1.114012
1.110921
1.106137
1.108697
1.103522
1.160563
1.116363
1.104233
1.105412
1.110158
1.110051
1.159066
1.104525
1.112223
1.107369
1.106955
1.107786
1.149004
1.098475
1.101704
1.108146
1.107056
1.105070
1.151431
1.097895
1.108277
1.103407
1.104548
1.105221
1.152914
1.101629
1.098412
1.109722
1.100624
1.100492
1.155796
1.106049
1.113091
1.102694
1.099226
1.106826
1.167014
1.106000
1.103102
1.112435
1.103889
1.101783
1.102155
1.108166
1.107613
1.103925
1.108130
1.159174
1.105524
1.109430
1.101210
1.094065
1.106945
1.149344
1.107219
1.107515
1.099091
1.105962
1.150298
1.102763
1.110884
1.101156
1.111110
1.096353
1.155863
1.109053
1.112669
1.108403
1.110748
1.111222
1.158348
1.103987
1.107947
1.101205
1.105875
1.109615
1.151050
1.104306
1.103517
1.107224
1.113979
1.113560
1.156533
1.114061
1.101885
1.103686
1.113046
1.151164
1.103166
1.113186
1.108021
1.148235
1.111310
1.098742
1.112369
1.104878
1.119941
1.153290
1.096830
1.109898
1.100197
1.103622
1.105089
1.109083
1.153118
1.106966
1.104724
1.098873
1.108058
1.106257
1.160729
1.116992
1.105738
1.110842
1.113848
1.115440
1.156011
1.109210
1.101125
1.109115
1.107594
1.100151
1.152036
1.099471
1.101398
1.104248
1.102617
1.105116
1.176323
1.111682
1.106741
1.106891
1.113918
1.163656
1.107140
1.111229
1.104548
1.103614
1.118127
1.154598
1.107761
1.104349
1.109592
1.106401
1.105384
1.109038
1.144430
1.106557
1.107322
1.106959
1.104554
1.106798
1.169199
1.106215
1.107944
1.112199
1.107410
1.106104
1.155909
1.118138
1.104971
1.096806
1.103277
1.107484
1.158349
1.102267
1.100305
1.098331
1.110063
1.104152
1.159892
1.102441
1.107724
1.102040
1.107333
1.106608
1.157491
1.098252
1.106364
1.106076
1.100678
1.104720
1.152230
1.102787
1.110829
1.110700
1.111891
1.103566
1.167038
1.105513
1.107727
1.108325
1.100025
1.104588
1.160288
1.104336
1.103814
1.109745
1.108711
1.113703
1.157347
1.101598
1.104049
1.096300
1.104169
1.114770
1.159319
1.109314
1.105055
1.105497
1.116741
1.109741
1.156336
1.112800
1.104501
1.113651
1.107593
1.105171
1.159657
1.104433
1.102538
1.111802
1.114296
1.104160
1.157044
1.111608
1.108468
1.099998
1.110653
1.099523
1.150064
1.106421
1.107502
1.100385
1.102201
1.108877
1.152618
1.094069
1.103334
1.108446
1.092861
1.102900
1.156593
1.106437
1.114618
1.109462
1.105668
1.103598
1.153988
1.112035
1.108669
1.103311
1.104178
1.108956
1.157124
1.124898
1.105757
1.106449
1.107014
1.108805
1.152032
1.103886
1.111409
1.105845
1.111550
1.109320
1.152962
1.100376
1.102725
1.107136
1.098673
1.100619
1.146488
1.104265
1.095526
1.112145
1.103177
1.100565
1.154734
1.110427
1.100271
1.106300
1.112520
1.111702
1.165819
1.122739
1.105764
1.109255
1.100974
1.103373
1.162676
1.104228
1.112581
1.114919
1.106896
1.120940
1.162144
1.111456
1.111333
1.104119
1.111186
1.115985
1.150336
1.105942
1.108309
1.102795
1.107761
1.100354
1.147754
1.101933
1.101473
1.107559
1.102327
1.099127
1.146584
1.104952
1.106830
1.108078
1.101954
1.103418
1.167064
1.108277
1.119061
1.104143
1.111874
1.106135
1.160903
1.114873
1.102480
1.111701
1.111964
1.106638
1.165862
1.112451
1.108239
1.100287
1.104118
1.100982
1.148977
1.110976
1.106262
1.106869
1.102046
1.094987
1.151772
1.111086
1.106111
1.100781
1.105753
1.111784
1.168754
1.105151
1.112279
1.105708
1.114002
1.127748
1.164249
1.112309
1.110106
1.107446
1.107257
1.111786
1.154308
1.104346
1.106823
1.104088
1.103760
1.122445
1.168154
1.106306
1.103914
1.107264
1.117777
1.106843
1.149302
1.100200
1.099179
1.100120
1.100220
1.100941
1.152990
1.094406
1.107245
1.102889
1.097092
1.109018
1.157191
1.108462
1.104947
1.104554
1.113103
1.099440
1.152995
1.100499
1.102087
1.108189
1.109276
1.107042
1.162270
1.108398
1.104336
1.107775
1.110709
1.107761
1.157026
1.121014
1.108213
1.111930
1.106956
1.107694
1.160418
1.106027
1.117064
1.102574
1.105401
1.099956
1.100937
1.109151
1.104313
1.104569
1.157401
1.113020
1.109726
1.103582
1.110110
1.110990
1.161878
1.114862
1.101064
1.102560
1.109086
1.103261
1.165825
1.107468
1.106356
1.106429
1.103572
1.108032
1.151429
1.102028
1.108717
1.103438
1.109018
1.109772
1.162271
1.110437
1.104113
1.108963
1.106225
1.118785
1.152572
1.099677
1.106267
1.102931
1.102142
1.101898
1.158686
1.100823
1.097209
1.109575
1.103187
1.105465
1.160756
1.110324
1.101497
1.100927
1.105203
1.160189
1.108044
1.098500
1.103907
1.108333
1.104592
1.176494
1.109027
1.101277
1.100148
1.109131
1.102317
1.100216
1.105028
1.114548
1.106370
1.108285
1.156470
1.107046
1.110578
1.109144
1.108677
1.104351
1.155522
1.102498
1.106115
1.103949
1.115561
1.113299
1.160359
1.114165
1.112130
1.112190
1.104928
1.157509
1.118463
1.103927
1.106328
1.105870
1.109985
1.099073
1.147322
1.101770
1.105487
1.110011
1.098231
1.114106
1.153022
1.101504
1.106967
1.116117
1.099978
1.099707
1.146064
1.104900
1.101690
1.100734
1.106746
1.102143
1.146430
1.096525
1.103897
1.101270
1.108873
1.105904
1.149014
1.107316
1.104988
1.112470
1.107472
1.106143
1.156534
1.112377
1.114091
1.109440
1.103699
1.106661
1.161776
1.109629
1.109098
1.104832
1.102524
1.102510
1.161423
1.104814
1.109340
1.115445
1.102966
1.104014
1.142609
1.102906
1.098640
1.100186
1.103105
1.104654
1.151117
1.098259
1.103902
1.107255
1.114485
1.110813
1.160818
1.099399
1.104579
1.108847
1.099822
1.104385
1.153374
1.108319
1.098769
1.113385
1.110243
1.103434
1.107691
1.146964
1.110107
1.106910
1.113786
1.109958
1.110542
1.163617
1.105437
1.108581
1.103958
1.111780
1.105387
1.154606
1.104597
1.099951
1.093533
1.100787
1.099355
1.152706
1.100126
1.099603
1.100058
1.097928
1.108705
1.158797
1.104553
1.104404
1.112254
1.110625
1.103298
1.157398
1.116356
1.105485
1.102801
1.104279
1.113884
1.159100
1.098943
1.107874
1.104669
1.107219
1.111639
1.164687
1.109077
1.102562
1.106175
1.105534
1.113114
1.148705
1.097154
1.105397
1.106146
1.102866
1.110371
1.155504
1.104305
1.114442
1.110098
1.111203
1.108391
1.151343
1.105478
1.114585
1.110062
1.108602
1.099728
1.148453
1.108371
1.104663
1.107183
1.107204
1.106404
1.160777
1.100318
1.101339
1.102858
1.100324
1.105217
1.155264
1.111497
1.099353
1.101243
1.103254
1.102981
1.149547
1.097319
1.103844
1.097595
1.101820
1.094731
1.151706
1.108226
1.105765
1.104957
1.106615
1.112905
1.152821
1.105453
1.106162
1.111824
1.107621
1.097556
1.164328
1.106682
1.112313
1.105646
1.118346
1.100186
1.152828
1.107185
1.111218
1.108663
1.105830
1.098740
1.102965
1.162940
1.106280
1.108770
1.104523
1.113540
1.152904
1.102297
1.107703
1.105271
1.104917
1.101966
1.150190
1.099626
1.102478
1.103772
1.111429
1.112458
1.154078
1.104556
1.115119
1.104730
1.107301
1.107114
1.162626
1.106379
1.102187
1.105755
1.107371
1.106326
1.115839
1.150974
1.106487
1.105761
1.106589
1.104803
1.111177
1.150279
1.099215
1.108501
1.099527
1.100190
1.108673
1.152312
1.102995
1.107853
1.106332
1.100525
1.104272
1.154108
1.108353
1.097869
1.108726
1.105167
1.121546
1.166043
1.102108
1.106253
1.106988
1.099858
1.109144
1.153022
1.116626
1.105599
1.108679
1.101422
1.102531
1.155766
1.101004
1.097961
1.112124
1.109551
1.103858
1.162644
1.108683
1.102881
1.102906
1.103741
1.111233
1.152918
1.103498
1.113169
1.103332
1.108669
1.111654
1.153949
1.110517
1.104973
1.106113
1.097972
1.102685
1.153411
1.105272
1.106573
1.106888
1.112634
1.108269
1.147940
1.109214
1.106066
1.106585
1.114954
1.116566
1.165012
1.114777
1.116303
1.112059
1.113647
1.110806
1.162321
1.101878
1.108742
1.107070
1.113613
1.108460
1.150008
1.098444
1.101555
1.095328
1.097508
1.098424
1.161191
1.109288
1.093105
1.107055
1.101646
1.105553
1.163042
1.105699
1.110318
1.102251
1.106308
1.112746
1.155782
1.107789
1.101576
1.110186
1.107573
1.106403
1.152506
1.110661
1.107064
1.112730
1.104482
1.113162
1.158840
1.102431
1.105269
1.109062
1.100032
1.101928
1.155745
1.105444
1.104061
1.097817
1.112430
1.099399
1.150846
1.103446
1.105747
1.097387
1.104542
1.109548
1.153079
1.111578
1.101229
1.106519
1.111667
1.106415
1.163793
1.113164
1.110124
1.113024
1.103939
1.108133
1.157545
1.107984
1.107381
1.102785
1.108341
1.102688
1.150346
1.101871
1.107103
1.104418
1.106908
1.116000
1.160144
1.098774
1.102225
1.105427
1.104115
1.098767
1.145578
1.103720
1.109368
1.115014
1.104204
1.108776
1.164514
1.115655
1.113537
1.112897
1.113252
1.103263
1.161356
1.104157
1.111189
1.110516
1.104672
1.117293
1.154742
1.111904
1.111478
1.106381
1.106894
1.105617
1.164822
1.110050
1.097151
1.118261
1.102753
1.100170
1.149751
1.100158
1.105244
1.103789
1.109949
1.150689
1.099090
1.098763
1.098116
1.099378
1.099496
1.167154
1.107801
1.110712
1.108699
1.103208
1.101119
1.161967
1.101058
1.109957
1.097866
1.110477
1.102613
1.155419
1.110639
1.107025
1.121562
