0.016128
0.016235
0.016282
0.016087
0.016090
0.016176
0.016176
0.016203
0.016200
0.016082
0.016228
0.016256
0.016206
0.016131
0.016158
0.016311
0.016317
0.016027
0.016064
0.016122
0.016238
0.016180
0.016178
0.016351
0.016077
0.016104
0.016159
0.016278
0.016130
0.016197
0.016118
0.016317
0.016079
0.016017
0.016065
0.016077
0.016103
0.016244
0.016015
0.016121
0.016140
0.016245
0.016315
0.016233
0.016249
0.016141
0.016129
0.016030
0.016120
0.016128
0.016460
0.016062
0.016501
0.016359
0.016396
0.016276
0.016216
0.016272
0.016346
0.016011
0.016303
0.016141
0.016133
0.016138
0.016298
0.016250
0.016104
0.015972
0.016304
0.016308
0.015990
0.016071
0.016162
0.016031
0.016123
0.016162
0.016097
0.016114
0.016195
0.016331
0.016270
0.016344
0.016179
0.016312
0.016209
0.016421
0.016271
0.016157
0.016161
0.016196
0.016282
0.016214
0.016223
0.016158
0.016113
0.016227
0.016225
0.016262
0.016216
0.016249
0.016239
0.016207
0.016150
0.016190
0.016205
0.016252
0.016205
0.016198
0.016190
0.016167
0.016097
0.016206
0.016227
0.016201
0.016212
0.016248
0.016222
0.016244
0.016123
0.016115
0.016317
0.016351
0.016194
0.016298
0.016310
0.016289
0.016236
0.016341
0.016266
0.016370
0.016335
0.016292
0.016132
0.016215
0.016199
0.016243
0.016107
0.016446
0.016296
0.016304
0.016281
0.016436
0.016265
0.016077
0.016157
0.016418
0.016357
0.016265
0.016146
0.016150
0.016095
0.016277
0.016300
0.016388
0.016380
0.016410
0.016257
0.016315
0.016183
0.016283
0.016384
0.016295
0.016495
0.016228
0.016401
0.016253
0.016370
0.016410
0.016233
0.016191
0.016021
0.016047
0.016078
0.016180
0.016116
0.016231
0.016265
0.016107
0.015931
0.016128
0.016073
0.015973
0.016037
0.016520
0.016044
0.016247
0.016037
0.016182
0.016180
0.016216
0.016258
0.016407
0.016290
0.016207
0.016362
0.016053
0.016077
0.016411
0.016331
0.016037
0.016246
0.016142
0.016290
0.016205
0.016102
0.016108
0.016246
0.015994
0.016080
0.016027
0.016157
0.016093
0.016161
0.016116
0.016262
0.016126
0.016290
0.016217
0.016251
0.016249
0.016225
0.016042
0.016064
0.016161
0.016226
0.016209
0.016327
0.016191
0.016152
0.016137
0.016302
0.016261
0.016341
0.016038
0.016266
0.016207
0.016047
0.016136
0.016411
0.016223
0.016191
0.016225
0.016282
0.016312
0.016170
0.016121
0.016230
0.016329
0.016213
0.016185
0.016163
0.016307
0.016239
0.016271
0.016266
0.016391
0.016381
0.016314
0.016297
0.016332
0.016116
0.016165
0.016269
0.016288
0.016128
0.016146
0.016346
0.016259
0.016152
0.016171
0.016190
0.016285
0.016194
0.016220
0.016137
0.016137
0.016133
0.016179
0.016080
0.016345
0.016215
0.016266
0.016179
0.016048
0.016074
0.016093
0.016096
0.016142
0.016191
0.016026
0.016171
0.016267
0.016220
0.016090
0.016014
0.016088
0.016143
0.016221
0.016221
0.016341
0.016303
0.016248
0.016278
0.016375
0.016246
0.016302
0.016064
0.016220
0.016227
0.015995
0.016159
0.016129
0.016250
0.016130
0.016210
0.016283
0.016160
0.016066
0.015991
0.016040
0.016071
0.016062
0.016140
0.016173
0.016204
0.016271
0.016226
0.016251
0.016381
0.016421
0.016227
0.016165
0.016034
0.016117
0.016050
0.016068
0.016177
0.016099
0.016355
0.016251
0.016151
0.016185
0.016176
0.016369
0.016218
0.016351
0.015987
0.016160
0.016177
0.016259
0.016202
0.016348
0.016260
0.016286
0.016398
0.016143
0.016344
0.016078
0.016214
0.016130
0.016196
0.016307
0.016201
0.016359
0.016184
0.016268
0.016284
0.016222
0.016098
0.016082
0.016348
0.016211
0.016320
0.016158
0.016250
0.016291
0.016376
0.016191
0.016311
0.016144
0.016282
0.016262
0.016234
0.016364
0.016262
0.016295
0.016214
0.016320
0.016145
0.016374
0.016204
0.016192
0.016169
0.016150
0.016220
0.016211
0.016056
0.016319
0.016245
0.016132
0.016134
0.016177
0.016156
0.016198
0.016248
0.016205
0.016173
0.016122
0.016401
0.016108
0.016269
0.016108
0.016210
0.016284
0.016292
0.016237
0.016263
0.016116
0.016390
0.016357
0.016197
0.016090
0.016311
0.016153
0.016261
0.016278
0.016272
0.016011
0.016129
0.016201
0.016315
0.016197
0.016245
0.016331
0.016290
0.016354
0.016146
0.016390
0.016205
0.016052
0.016103
0.016274
0.016074
0.016260
0.016089
0.016413
0.016177
0.016016
0.016254
0.016190
0.016051
0.016047
0.016226
0.016221
0.016114
0.015965
0.016360
0.016207
0.016219
0.016163
0.016277
0.016218
0.016103
0.016254
0.016222
0.016040
0.016083
0.016130
0.016118
0.016169
0.016343
0.016016
0.015934
0.016182
0.016151
0.016231
0.016103
0.016357
0.016102
0.016281
0.016356
0.016188
0.016214
0.016158
0.016211
0.016321
0.016308
0.016220
0.016329
0.016344
0.016169
0.016100
0.016133
0.016113
0.016102
0.016221
0.016227
0.016108
0.016204
0.016206
0.016394
0.016008
0.016188
0.016315
0.016244
0.016174
0.016132
0.016262
0.016119
0.016019
0.016052
0.016341
0.016374
0.016336
0.016336
0.016167
0.016076
0.016155
0.016207
0.016414
0.016241
0.016313
0.016373
0.016332
0.016296
0.016155
0.016338
0.016292
0.016108
0.016080
0.016298
0.016152
0.016265
0.015975
0.016129
0.016168
0.016185
0.016176
0.016304
0.016383
0.016293
0.016319
0.016120
0.016282
0.016108
0.016353
0.016139
0.016186
0.016220
0.016304
0.016385
0.016278
0.016083
0.016276
0.016082
0.016152
0.016088
0.016309
0.016241
0.016039
0.016169
0.016262
0.016144
0.016125
0.016112
0.016215
0.016051
0.016193
0.016082
0.016152
0.016179
0.016118
0.016105
0.016125
0.016090
0.016221
0.016221
0.016328
0.016102
0.016190
0.016115
0.016278
0.016196
0.016283
0.016142
0.016253
0.016172
0.016454
0.016236
0.016203
0.016206
0.016225
0.016147
0.016386
0.016199
0.016159
0.016073
0.016141
0.016012
0.016218
0.016027
0.016163
0.016132
0.016173
0.016108
0.016084
0.015949
0.016099
0.016192
0.016125
0.016101
0.016139
0.016052
0.016227
0.016352
0.016083
0.016163
0.016328
0.016293
0.016182
0.016277
0.016047
0.016086
0.016349
0.016048
0.016279
0.016008
0.016227
0.016222
0.016322
0.016208
0.016243
0.016185
0.016201
0.016051
0.016179
0.016167
0.016136
0.016184
0.016184
0.016171
0.016112
0.016268
0.016241
0.016343
0.016307
0.016124
0.016074
0.016119
0.016295
0.016225
0.016241
0.016258
0.016345
0.016094
0.016223
0.016205
0.016293
0.016097
0.016017
0.016025
0.016006
0.016134
0.016072
0.016249
0.016354
0.016091
0.016161
0.016378
0.016256
0.016149
0.016095
0.016277
0.016135
0.016187
0.016194
0.016268
0.016401
0.016112
0.016070
0.016324
0.016245
0.016095
0.016102
0.016122
0.016187
0.016045
0.016329
0.016001
0.016087
0.016148
0.016097
0.016103
0.015995
0.016260
0.016095
0.016229
0.016147
0.016351
0.016156
0.016178
0.016094
0.016127
0.016202
0.016153
0.016019
0.016146
0.016217
0.016262
0.016106
0.016058
0.016152
0.016173
0.016116
0.016289
0.016180
0.016047
0.016102
0.016088
0.016224
0.015989
0.016005
0.016319
0.016097
0.016181
0.016117
0.016210
0.016079
0.015991
0.016120
0.016274
0.016041
0.015965
0.016072
0.016086
0.016317
0.016138
0.016223
0.016188
0.016231
0.016055
0.016195
0.016293
0.016125
0.016225
0.016173
0.016271
0.016092
0.016275
0.016209
0.016236
0.016271
0.016110
0.016027
0.016088
0.016164
0.016239
0.016345
0.016489
0.016117
0.015869
0.016175
0.016062
0.016146
0.016111
0.016086
0.016254
0.016181
0.016097
0.016035
0.016171
0.016206
0.016112
0.016308
0.016311
0.016234
0.016340
0.016331
0.016150
0.016219
0.016708
0.016282
0.016197
0.016135
0.016207
0.016074
0.016197
0.016271
0.016293
0.016292
0.016236
0.016406
0.016131
0.016225
0.016192
0.016254
0.015986
0.016124
0.016147
0.016056
0.015986
0.016040
0.016190
0.016276
0.016141
0.016290
0.016062
0.016203
0.016066
0.016360
0.016019
0.015904
0.015964
0.016193
0.015921
0.016115
0.016251
0.016299
0.015963
0.016135
0.016168
0.015999
0.016103
0.016009
0.016221
0.016153
0.016235
0.016206
0.016146
0.016180
0.016090
0.016283
0.016088
0.016123
0.016018
0.016401
0.016085
0.016118
0.016194
0.016144
0.016351
0.016262
0.016209
0.016093
0.016392
0.016295
0.016198
0.016273
0.016360
0.016390
0.016088
0.016182
0.016109
0.016206
0.016186
0.016131
0.016298
0.016149
0.016221
0.016183
0.016291
0.016133
0.016359
0.016302
0.016363
0.016320
0.016208
0.016319
0.016281
0.016329
0.016375
0.016416
0.016517
0.016560
0.016259
0.016346
0.016336
0.016547
0.016350
0.016353
0.016236
0.016209
0.016172
0.016280
0.016234
0.016017
0.016182
0.015859
0.016062
0.016229
0.016051
0.015963
0.016084
0.016202
0.016181
0.015923
0.016004
0.016184
0.016247
0.016124
0.016220
0.016273
0.016349
0.016372
0.016223
0.016145
0.016067
0.015983
0.016208
0.016091
0.016062
0.016321
0.016293
0.016190
0.016218
0.016099
0.016134
0.016242
0.016049
0.016206
0.016262
0.016414
0.016124
0.016180
0.016262
0.016322
0.016090
0.016253
0.016266
0.016400
0.016222
0.016379
0.016456
0.016230
0.016308
0.016187
0.016085
0.016041
0.016216
0.016248
0.016354
0.016136
0.016286
0.016358
0.016280
0.016231
0.016252
0.016334
0.016333
0.016015
0.016153
0.016245
0.016174
0.016104
0.016511
0.016203
0.016196
0.016106
0.016214
0.016132
0.016482
0.016334
0.016291
0.016188
0.016228
0.016074
0.016235
0.016298
0.016291
0.016120
0.016312
0.016355
0.016339
0.016274
0.016305
0.016382
0.016172
0.016283
0.016174
0.016260
0.016238
0.016259
0.016344
0.016144
0.016136
0.016252
0.016319
0.016297
0.016353
0.016055
0.016285
0.016425
0.016240
0.016320
0.016343
0.016358
0.016046
0.016282
0.016387
0.016268
