0.018963
0.018975
0.018966
0.018958
0.018993
0.019009
0.019055
0.019036
0.018967
0.018927
0.018962
0.019008
0.019021
0.018989
0.019008
0.019058
0.019004
0.018901
0.018954
0.018981
0.018985
0.018905
0.018980
0.019009
0.019019
0.018906
0.018952
0.018983
0.018990
0.018983
0.018939
0.018916
0.018964
0.018965
0.018989
0.018937
0.019057
0.018970
0.018945
0.018990
0.018981
0.018937
0.019010
0.018938
0.018946
0.018959
0.018972
0.018993
0.018977
0.018964
0.018987
0.018996
0.018967
0.018974
0.018962
0.018991
0.018957
0.018967
0.018944
0.019069
0.018941
0.018967
0.018944
0.018971
0.018966
0.018968
0.018942
0.018976
0.018974
0.018994
0.018946
0.019025
0.018975
0.018949
0.018963
0.018970
0.018968
0.018946
0.018935
0.018955
0.018957
0.018996
0.019021
0.018967
0.018960
0.018927
0.018950
0.018962
0.018991
0.018930
0.018951
0.019023
0.019000
0.018915
0.018921
0.018974
0.018989
0.018885
0.018953
0.018969
0.018977
0.018908
0.018956
0.018976
0.018953
0.018892
0.018935
0.018984
0.018992
0.018906
0.018995
0.019069
0.018970
0.019009
0.018945
0.018940
0.019062
0.019034
0.018989
0.019012
0.019007
0.018919
0.018987
0.018963
0.019060
0.018952
0.019032
0.019000
0.018944
0.018917
0.018968
0.018988
0.018982
0.018921
0.018957
0.018969
0.018979
0.018969
0.018996
0.018965
0.019030
0.019038
0.019004
0.018976
0.018986
0.018962
0.018949
0.018963
0.018991
0.019022
0.018974
0.018923
0.018965
0.018960
0.018992
0.019003
0.018974
0.018969
0.019063
0.019036
0.018983
0.019012
0.018969
0.018979
0.018950
0.018959
0.018948
0.018913
0.018957
0.018941
0.018961
0.018952
0.019000
0.019024
0.018971
0.018981
0.018985
0.019026
0.018935
0.018928
0.018997
0.018978
0.019024
0.018944
0.018934
0.018976
0.018994
0.018993
0.018931
0.018970
0.018954
0.018975
0.018991
0.018918
0.018973
0.018992
0.019005
0.018985
0.018929
0.018985
0.019012
0.019012
0.018933
0.018950
0.018995
0.019007
0.018959
0.018988
0.018973
0.018989
0.018870
0.018987
0.018957
0.018976
0.019088
0.018981
0.018975
0.018975
0.018956
0.018914
0.018954
0.018950
0.019023
0.018979
0.018973
0.018918
0.019036
0.018955
0.019010
0.018998
0.018956
0.018968
0.018999
0.018911
0.018918
0.018951
0.019016
0.019012
0.018935
0.018935
0.019015
0.018952
0.018994
0.018972
0.018997
0.018991
0.018968
0.018980
0.018991
0.018961
0.018915
0.018962
0.018975
0.018963
0.019020
0.018978
0.018905
0.018998
0.018943
0.018962
0.019037
0.018976
0.018879
0.018965
0.018987
0.019005
0.019085
0.018951
0.018921
0.019025
0.018987
0.019052
0.018915
0.018987
0.018993
0.018968
0.019006
0.018980
0.018976
0.018930
0.018990
0.019004
0.018966
0.018942
0.019004
0.019000
0.019015
0.018919
0.018935
0.018990
0.018988
0.018927
0.018974
0.019046
0.018953
0.018988
0.019026
0.018865
0.018915
0.018963
0.018960
0.019010
0.018955
0.018987
0.018954
0.018952
0.018953
0.018961
0.018937
0.018987
0.018889
0.018987
0.018952
0.018934
0.018877
0.018960
0.018982
0.019040
0.018888
0.018959
0.018987
0.018974
0.018932
0.018979
0.018979
0.018991
0.018947
0.018941
0.018933
0.018979
0.018952
0.018933
0.018934
0.018992
0.018968
0.018960
0.019002
0.019001
0.018934
0.019033
0.018985
0.018994
0.019011
0.018991
0.018981
0.018956
0.018925
0.018932
0.018992
0.018985
0.019009
0.018974
0.018966
0.019014
0.018957
0.018946
0.019022
0.018949
0.019121
0.019017
0.018958
0.018937
0.018962
0.018950
0.018974
0.018993
0.018953
0.018948
0.018957
0.018988
0.018976
0.018985
0.018902
0.019006
0.018967
0.018989
0.019002
0.019024
0.019006
0.018929
0.018981
0.019015
0.018958
0.018918
0.019032
0.018972
0.018958
0.019125
0.018947
0.019001
0.018972
0.018992
0.018972
0.019022
0.019018
0.018954
0.019024
0.019012
0.018980
0.018914
0.018959
0.018968
0.018953
0.018973
0.018919
0.018939
0.018967
0.018991
0.018980
0.018992
0.018968
0.018976
0.018948
0.018975
0.018960
0.018925
0.019105
0.019041
0.019046
0.018981
0.018941
0.018991
0.019031
0.019031
0.018927
0.018946
0.018983
0.018972
0.018933
0.018983
0.019042
0.018994
0.018924
0.018990
0.018960
0.018998
0.018866
0.019000
0.019063
0.018968
0.019080
0.018969
0.019004
0.018922
0.018957
0.019027
0.019018
0.018957
0.018951
0.018948
0.018974
0.019065
0.018966
0.018940
0.018957
0.019002
0.018885
0.018975
0.019011
0.018993
0.018981
0.018989
0.018928
0.018966
0.019072
0.018977
0.018987
0.018973
0.019028
0.018969
0.018939
0.018977
0.019040
0.018984
0.018897
0.018981
0.018963
0.018961
0.018996
0.018965
0.018968
0.018955
0.018962
0.018989
0.018965
0.018961
0.018937
0.018956
0.018961
0.018899
0.019004
0.018952
0.019070
0.018889
0.018983
0.018950
0.018967
0.018980
0.018936
0.018969
0.018970
0.018980
0.018985
0.019052
0.019062
0.018956
0.018941
0.018945
0.018968
0.018970
0.018983
0.019041
0.018977
0.018944
0.018967
0.018978
0.018958
0.018965
0.018938
0.018968
0.018982
0.018965
0.018946
0.019030
0.018988
0.018956
0.018945
0.018965
0.019001
0.018974
0.018913
0.018980
0.019042
0.019000
0.018916
0.018929
0.018954
0.018972
0.018982
0.019002
0.018969
0.018960
0.018961
0.018954
0.018932
0.018964
0.018983
0.018975
0.018972
0.018965
0.018912
0.018967
0.018961
0.018975
0.018987
0.018918
0.018951
0.019014
0.018956
0.018967
0.018961
0.018961
0.019080
0.018993
0.018954
0.018974
0.018972
0.018943
0.018935
0.019007
0.018992
0.018974
0.018940
0.018968
0.018995
0.018956
0.018850
0.018940
0.019063
0.018983
0.018921
0.019005
0.018978
0.018952
0.018985
0.018996
0.018941
0.018957
0.018956
0.019021
0.019024
0.018895
0.018976
0.018973
0.019007
0.018876
0.018927
0.019000
0.019028
0.018924
0.018977
0.018978
0.019001
0.018888
0.018955
0.018967
0.019002
0.018967
0.018944
0.019088
0.018970
0.018965
0.018986
0.018970
0.018985
0.018975
0.018969
0.018950
0.018987
0.018956
0.018937
0.018982
0.018986
0.018972
0.018970
0.018985
0.018956
0.018959
0.018990
0.018921
0.018981
0.018955
0.018945
0.018974
0.018988
0.019015
0.018985
0.018999
0.018997
0.018931
0.018983
0.019002
0.018910
0.019007
0.018976
0.018982
0.018942
0.018976
0.018945
0.019010
0.019009
0.018903
0.018972
0.019011
0.018943
0.018936
0.018984
0.019014
0.019010
0.018965
0.018972
0.018937
0.018970
0.019035
0.019046
0.018920
0.018965
0.018983
0.018964
0.019009
0.018989
0.018960
0.018990
0.018998
0.018972
0.018966
0.018963
0.019033
0.018989
0.018997
0.018968
0.019031
0.018951
0.018945
0.018965
0.018983
0.018984
0.018965
0.018967
0.018992
0.019010
0.018996
0.018966
0.018987
0.019013
0.018980
0.018881
0.018947
0.019030
0.018975
0.019005
0.018905
0.018958
0.018942
0.019018
0.018966
0.018940
0.018977
0.019034
0.019046
0.019009
0.018952
0.018965
0.018999
0.018974
0.018998
0.019018
0.018967
0.018954
0.018954
0.018962
0.018987
0.018977
0.018950
0.018982
0.018980
0.018934
0.018959
0.018973
0.018992
0.018989
0.018982
0.018937
0.018942
0.018974
0.019057
0.019071
0.019012
0.018957
0.018944
0.019001
0.018984
0.018976
0.018970
0.018966
0.018967
0.018960
0.018901
0.018971
0.018989
0.018990
0.018992
0.018952
0.018978
0.018966
0.018980
0.018901
0.018975
0.018957
0.018991
0.018937
0.018986
0.018975
0.018965
0.018959
0.018899
0.018966
0.018954
0.019007
0.019004
0.019069
0.018883
0.018956
0.018922
0.018984
0.018963
0.018953
0.019029
0.018980
0.018968
0.018962
0.018994
0.018992
0.018981
0.018927
0.019029
0.018958
0.019029
0.018945
0.018990
0.019006
0.018974
0.018977
0.018880
0.018941
0.019041
0.018995
0.018882
0.018983
0.018978
0.019073
0.019004
0.018886
0.018954
0.018958
0.018958
0.019043
0.018977
0.018951
0.018980
0.018996
0.018981
0.018959
0.018974
0.019045
0.018949
0.018950
0.018954
0.018991
0.018942
0.018976
0.018971
0.018961
0.019027
0.018904
0.019026
0.018959
0.018947
0.018944
0.018967
0.018975
0.018980
0.018964
0.018924
0.018972
0.019017
0.019073
0.018941
0.018979
0.018982
0.018970
0.018959
0.019003
0.018917
0.018922
0.018983
0.018996
0.018880
0.018979
0.019016
0.019012
0.019068
0.019010
0.018954
0.019021
0.018978
0.018935
0.018982
0.019001
0.019033
0.018930
0.018960
0.018992
0.018975
0.018935
0.019029
0.019013
0.018941
0.018971
0.018969
0.018995
0.018994
0.018929
0.019050
0.018963
0.018971
0.019006
0.019015
0.019031
0.019002
0.019003
0.018996
0.018988
0.018919
0.018984
0.019063
0.018988
0.019083
0.018994
0.018969
0.019054
0.018946
0.018960
0.018951
0.018982
0.018932
0.018977
0.018970
0.018986
0.018941
0.019003
0.019021
0.018970
0.018964
0.018957
0.018998
0.018907
0.018952
0.018953
0.018982
0.018996
0.018944
0.018956
0.018990
0.018977
0.019001
0.018979
0.019000
0.018987
0.018968
0.018989
0.018880
0.018973
0.018984
0.019065
0.018905
0.018988
0.019029
0.018982
0.018967
0.018966
0.018999
0.019025
0.018974
0.018997
0.018968
0.018987
0.018966
0.018941
0.018967
0.018980
0.018944
0.018934
0.018939
0.018984
0.018971
0.018914
0.019040
0.018997
0.019074
0.018993
0.018940
0.018992
0.019024
0.018930
0.018983
0.019007
0.018967
0.018900
0.018951
0.018970
0.018973
0.018918
0.018946
0.018954
0.018985
0.018893
0.018948
0.018953
0.018972
0.018971
0.018953
0.018976
0.018958
0.018979
0.018926
0.019075
0.019009
0.019015
0.018927
0.019000
0.018964
0.019006
0.018971
0.018955
0.018954
0.018965
0.018979
0.018981
0.018947
0.018973
0.018989
0.018969
0.018981
0.018946
0.018949
0.018996
0.018968
0.018985
0.018910
