0.004703
0.004655
0.004652
0.004653
0.004634
0.004636
0.004678
0.004632
0.004690
0.004657
0.004652
0.004635
0.004675
0.004637
0.004666
0.004663
0.004651
0.004639
0.004648
0.004663
0.004622
0.004661
0.004664
0.004662
0.004689
0.004640
0.004652
0.004623
0.004663
0.004657
0.004648
0.004684
0.004637
0.004673
0.004643
0.004638
0.004667
0.004666
0.004686
0.004635
0.004667
0.004657
0.004658
0.004645
0.004649
0.004685
0.004647
0.004649
0.004663
0.004620
0.004662
0.004664
0.004673
0.004643
0.004675
0.004639
0.004673
0.004678
0.004680
0.004641
0.004657
0.004665
0.004641
0.004670
0.004668
0.004647
0.004655
0.004633
0.004653
0.004640
0.004638
0.004658
0.004645
0.004657
0.004672
0.004673
0.004651
0.004652
0.004632
0.004656
0.004661
0.004644
0.004649
0.004654
0.004645
0.004673
0.004645
0.004662
0.004633
0.004670
0.004665
0.004658
0.004634
0.004647
0.004641
0.004637
0.004663
0.004684
0.004645
0.004633
0.004640
0.004667
0.004627
0.004656
0.004666
0.004648
0.004682
0.004636
0.004627
0.004638
0.004642
0.004667
0.004627
0.004656
0.004640
0.004644
0.004684
0.004661
0.004636
0.004618
0.004655
0.004657
0.004651
0.004687
0.004651
0.004642
0.004664
0.004624
0.004664
0.004654
0.004659
0.004650
0.004633
0.004659
0.004638
0.004638
0.004659
0.004642
0.004652
0.004676
0.004665
0.004678
0.004648
0.004677
0.004677
0.004664
0.004640
0.004629
0.004674
0.004641
0.004661
0.004665
0.004644
0.004723
0.004637
0.004658
0.004676
0.004636
0.004672
0.004664
0.004635
0.004669
0.004680
0.004663
0.004658
0.004672
0.004639
0.004650
0.004652
0.004656
0.004651
0.004650
0.004644
0.004670
0.004650
0.004681
0.004670
0.004635
0.004650
0.004672
0.004672
0.004654
0.004633
0.004658
0.004625
0.004649
0.004713
0.004647
0.004636
0.004627
0.004679
0.004617
0.004639
0.004650
0.004660
0.004640
0.004673
0.004675
0.004650
0.004666
0.004645
0.004646
0.004632
0.004658
0.004681
0.004672
0.004639
0.004619
0.004666
0.004636
0.004659
0.004669
0.004637
0.004673
0.004643
0.004672
0.004680
0.004632
0.004676
0.004641
0.004681
0.004640
0.004659
0.004667
0.004647
0.004674
0.004652
0.004626
0.004659
0.004669
0.004644
0.004671
0.004651
0.004640
0.004650
0.004651
0.004672
0.004663
0.004657
0.004650
0.004625
0.004652
0.004653
0.004663
0.004669
0.004627
0.004686
0.004637
0.004653
0.004657
0.004652
0.004627
0.004654
0.004659
0.004642
0.004654
0.004672
0.004658
0.004674
0.004669
0.004672
0.004661
0.004672
0.004665
0.004676
0.004682
0.004654
0.004640
0.004670
0.004658
0.004668
0.004663
0.004663
0.004654
0.004667
0.004660
0.004677
0.004657
0.004669
0.004631
0.004638
0.004650
0.004662
0.004658
0.004676
0.004657
0.004677
0.004664
0.004678
0.004679
0.004676
0.004664
0.004675
0.004668
0.004651
0.004683
0.004662
0.004658
0.004641
0.004649
0.004654
0.004645
0.004610
0.004658
0.004628
0.004674
0.004669
0.004632
0.004663
0.004653
0.004651
0.004645
0.004658
0.004663
0.004658
0.004662
0.004639
0.004659
0.004673
0.004669
0.004647
0.004645
0.004655
0.004631
0.004673
0.004688
0.004641
0.004700
0.004657
0.004640
0.004640
0.004636
0.004652
0.004644
0.004658
0.004645
0.004660
0.004651
0.004670
0.004670
0.004641
0.004669
0.004664
0.004677
0.004661
0.004659
0.004650
0.004704
0.004649
0.004669
0.004678
0.004668
0.004682
0.004640
0.004649
0.004635
0.004651
0.004663
0.004654
0.004665
0.004657
0.004678
0.004659
0.004660
0.004634
0.004651
0.004661
0.004635
0.004682
0.004696
0.004661
0.004629
0.004649
0.004654
0.004687
0.004679
0.004680
0.004675
0.004701
0.004656
0.004654
0.004665
0.004652
0.004650
0.004669
0.004671
0.004664
0.004683
0.004661
0.004653
0.004652
0.004651
0.004659
0.004639
0.004665
0.004644
0.004673
0.004659
0.004684
0.004620
0.004645
0.004654
0.004650
0.004671
0.004670
0.004631
0.004652
0.004649
0.004655
0.004653
0.004651
0.004664
0.004684
0.004642
0.004666
0.004675
0.004648
0.004688
0.004627
0.004656
0.004670
0.004680
0.004675
0.004653
0.004668
0.004666
0.004659
0.004681
0.004669
0.004662
0.004626
0.004647
0.004660
0.004625
0.004646
0.004634
0.004643
0.004649
0.004627
0.004646
0.004640
0.004676
0.004684
0.004660
0.004679
0.004666
0.004649
0.004667
0.004665
0.004648
0.004666
0.004629
0.004690
0.004633
0.004632
0.004676
0.004631
0.004657
0.004656
0.004658
0.004654
0.004642
0.004649
0.004669
0.004652
0.004678
0.004667
0.004683
0.004632
0.004642
0.004661
0.004636
0.004651
0.004657
0.004655
0.004670
0.004638
0.004669
0.004627
0.004654
0.004661
0.004644
0.004648
0.004673
0.004675
0.004649
0.004663
0.004657
0.004684
0.004648
0.004679
0.004667
0.004682
0.004661
0.004648
0.004670
0.004629
0.004666
0.004671
0.004665
0.004606
0.004636
0.004659
0.004622
0.004665
0.004653
0.004655
0.004679
0.004650
0.004665
0.004673
0.004642
0.004716
0.004681
0.004640
0.004673
0.004673
0.004652
0.004655
0.004668
0.004687
0.004672
0.004624
0.004670
0.004682
0.004655
0.004682
0.004642
0.004665
0.004629
0.004675
0.004658
0.004650
0.004650
0.004619
0.004650
0.004680
0.004664
0.004656
0.004645
0.004659
0.004629
0.004650
0.004669
0.004647
0.004650
0.004637
0.004644
0.004680
0.004636
0.004682
0.004640
0.004668
0.004664
0.004627
0.004648
0.004662
0.004632
0.004648
0.004651
0.004663
0.004647
0.004639
0.004659
0.004696
0.004674
0.004670
0.004649
0.004664
0.004648
0.004663
0.004649
0.004628
0.004680
0.004619
0.004664
0.004687
0.004676
0.004645
0.004650
0.004658
0.004635
0.004679
0.004676
0.004678
0.004638
0.004693
0.004666
0.004637
0.004647
0.004629
0.004631
0.004679
0.004621
0.004646
0.004679
0.004625
0.004662
0.004680
0.004652
0.004671
0.004633
0.004638
0.004619
0.004652
0.004642
0.004651
0.004665
0.004640
0.004682
0.004658
0.004655
0.004649
0.004649
0.004648
0.004618
0.004646
0.004676
0.004652
0.004643
0.004665
0.004667
0.004637
0.004644
0.004638
0.004626
0.004640
0.004622
0.004672
0.004654
0.004645
0.004658
0.004631
0.004640
0.004666
0.004625
0.004667
0.004650
0.004642
0.004690
0.004626
0.004656
0.004627
0.004658
0.004662
0.004628
0.004667
0.004638
0.004662
0.004664
0.004664
0.004660
0.004635
0.004643
0.004631
0.004662
0.004648
0.004639
0.004635
0.004660
0.004660
0.004647
0.004645
0.004685
0.004662
0.004661
0.004674
0.004633
0.004664
0.004661
0.004654
0.004670
0.004649
0.004648
0.004684
0.004636
0.004669
0.004662
0.004605
0.004673
0.004638
0.004658
0.004666
0.004676
0.004678
0.004649
0.004666
0.004649
0.004669
0.004670
0.004647
0.004643
0.004641
0.004667
0.004659
0.004654
0.004652
0.004678
0.004692
0.004634
0.004666
0.004667
0.004647
0.004647
0.004659
0.004629
0.004674
0.004657
0.004647
0.004670
0.004647
0.004673
0.004653
0.004682
0.004643
0.004677
0.004670
0.004632
0.004669
0.004659
0.004644
0.004638
0.004670
0.004639
0.004682
0.004643
0.004654
0.004687
0.004662
0.004671
0.004647
0.004695
0.004635
0.004664
0.004663
0.004650
0.004659
0.004676
0.004644
0.004668
0.004677
0.004652
0.004655
0.004614
0.004656
0.004656
0.004665
0.004655
0.004672
0.004621
0.004625
0.004659
0.004643
0.004696
0.004676
0.004642
0.004653
0.004666
0.004642
0.004661
0.004629
0.004634
0.004663
0.004675
0.004637
0.004672
0.004651
0.004643
0.004677
0.004701
0.004653
0.004685
0.004654
0.004627
0.004673
0.004636
0.004655
0.004674
0.004710
0.004666
0.004684
0.004662
0.004674
0.004635
0.004673
0.004652
0.004656
0.004634
0.004677
0.004663
0.004650
0.004649
0.004679
0.004648
0.004637
0.004617
0.004681
0.004692
0.004653
0.004675
0.004685
0.004675
0.004670
0.004643
0.004664
0.004643
0.004643
0.004652
0.004639
0.004651
0.004644
0.004637
0.004653
0.004660
0.004647
0.004649
0.004635
0.004654
0.004621
0.004659
0.004674
0.004660
0.004669
0.004643
0.004670
0.004626
0.004662
0.004651
0.004654
0.004659
0.004642
0.004661
0.004624
0.004654
0.004664
0.004650
0.004695
0.004651
0.004643
0.004671
0.004663
0.004651
0.004671
0.004621
0.004655
0.004687
0.004635
0.004646
0.004658
0.004644
0.004660
0.004620
0.004665
0.004661
0.004648
0.004633
0.004626
0.004654
0.004639
0.004660
0.004660
0.004644
0.004648
0.004653
0.004648
0.004650
0.004641
0.004658
0.004679
0.004677
0.004626
0.004653
0.004662
0.004650
0.004616
0.004640
0.004656
0.004645
0.004663
0.004677
0.004660
0.004652
0.004656
0.004641
0.004660
0.004659
0.004661
0.004644
0.004652
0.004669
0.004641
0.004678
0.004621
0.004653
0.004671
0.004644
0.004644
0.004658
0.004639
0.004633
0.004651
0.004667
0.004660
0.004687
0.004646
0.004673
0.004663
0.004679
0.004697
0.004635
0.004685
0.004627
0.004669
0.004664
0.004635
0.004659
0.004663
0.004645
0.004665
0.004653
0.004649
0.004632
0.004633
0.004684
0.004612
0.004669
0.004657
0.004626
0.004645
0.004662
0.004658
0.004621
0.004670
0.004670
0.004650
0.004661
0.004653
0.004656
0.004662
0.004643
0.004628
0.004648
0.004670
0.004658
0.004658
0.004678
0.004657
0.004681
0.004636
0.004675
0.004631
0.004628
0.004636
0.004631
0.004673
0.004633
0.004641
0.004669
0.004653
0.004655
0.004665
0.004665
0.004649
0.004639
0.004643
0.004671
0.004664
0.004644
0.004643
0.004622
0.004663
0.004668
0.004675
0.004652
0.004681
0.004685
0.004667
0.004668
0.004655
0.004660
0.004638
0.004647
0.004660
0.004654
0.004671
0.004671
0.004633
0.004661
0.004644
0.004680
0.004637
0.004648
0.004676
0.004666
0.004651
0.004673
0.004675
0.004636
0.004667
0.004635
