1.501655
1.488997
1.449608
1.493398
1.438735
1.497122
1.456256
1.518784
1.443453
1.493944
1.447709
1.505765
1.440379
1.505267
1.453759
1.509087
1.466769
1.501693
1.514666
1.493357
1.521861
1.443549
1.502045
1.450011
1.496697
1.444207
1.500209
1.494772
1.514338
1.444729
1.497284
1.515403
1.434772
1.524358
1.439933
1.489114
1.443050
1.495681
1.449986
1.500561
1.437548
1.497317
1.448673
1.502052
1.444868
1.482373
1.453290
1.502556
1.442906
1.497821
1.497531
1.452507
1.490182
1.452984
1.491522
1.447961
1.499911
1.437226
1.493245
1.450502
1.497078
1.531260
1.450236
1.508663
1.438377
1.498415
1.449892
1.496208
1.446933
1.492252
1.446732
1.555298
1.488768
1.444604
1.503888
1.455076
1.558825
1.450377
1.491186
1.449136
1.491359
1.441290
1.498515
1.476026
1.499413
1.491498
1.446251
1.496230
1.440985
1.496720
1.440141
1.503040
1.439304
1.499537
1.447948
1.496309
1.443490
1.494639
1.479040
1.495317
1.442199
1.501497
1.457403
1.494546
1.489051
1.442280
1.523239
1.439139
1.497674
1.451810
1.508329
1.442921
1.500028
1.445238
1.501216
1.449124
1.484918
1.465264
1.505844
1.504804
1.451102
1.498887
1.472892
1.499050
1.440816
1.498548
1.460577
1.494170
1.440141
1.501530
1.454808
1.501076
1.444682
1.497566
1.449045
1.499638
1.442154
1.496084
1.555482
1.452373
1.496153
1.441366
1.505297
1.450547
1.499529
1.493464
1.455188
1.492517
1.445775
1.504256
1.448414
1.507895
1.437378
1.503457
1.444483
1.494660
1.448884
1.489200
1.525096
1.451804
1.502875
1.447305
1.500287
1.444446
1.498668
1.451991
1.496957
1.461189
1.487255
1.454603
1.490273
1.486810
1.543597
1.496820
1.502746
1.491641
1.445310
1.496304
1.444546
1.497772
1.433351
1.508166
1.444823
1.498899
1.541237
1.448979
1.499371
1.454877
1.523061
1.453227
1.497513
1.477218
1.498725
1.454519
1.503792
1.483803
1.495862
1.452933
1.524083
1.490117
1.451232
1.497417
1.451003
1.492077
1.437443
1.504738
1.456657
1.497009
1.448107
1.493876
1.452036
1.495171
1.460751
1.494807
1.466619
1.494252
1.507918
1.445972
1.501379
1.447375
1.495835
1.453053
1.495261
1.450304
1.516787
1.451715
1.496934
1.455910
1.508799
1.444070
1.500372
1.448709
1.547837
1.503423
1.450573
1.533454
1.445418
1.502572
1.447732
1.508520
1.437100
1.497767
1.455169
1.538282
1.446408
1.497935
1.447538
1.589152
1.488736
1.442450
1.482829
1.446101
1.488845
1.447282
1.495712
1.449495
1.494914
1.438476
1.505843
1.455109
1.498007
1.450158
1.558977
1.492111
1.438525
1.498338
1.453293
1.502592
1.440226
1.506992
1.448957
1.512559
1.446692
1.492310
1.444317
1.499457
1.474135
1.491050
1.446282
1.519209
1.504306
1.480037
1.501025
1.466325
1.486481
1.505553
1.490619
1.453289
1.504626
1.443901
1.496829
1.544919
1.439770
1.499291
1.448197
1.497662
1.435787
1.494934
1.448194
1.501967
1.447399
1.484198
1.460624
1.515446
1.454377
1.493487
1.440772
1.519780
1.448417
1.541739
1.496787
1.449665
1.490310
1.480765
1.501480
1.445473
1.492204
1.441805
1.494091
1.447953
1.488998
1.446460
1.487665
1.482122
1.494119
1.478883
1.445323
1.501149
1.437441
1.503173
1.446656
1.499693
1.448447
1.496174
1.454120
1.512426
1.446419
1.497712
1.451910
1.516072
1.437031
1.501099
1.437830
1.505318
1.485947
1.492550
1.499455
1.476099
1.505633
1.462326
1.522086
1.447214
1.540544
1.442361
1.550879
1.496857
1.441771
1.581583
1.449489
1.492121
1.441378
1.563699
1.466881
1.496713
1.539743
1.440022
1.494827
1.440930
1.492973
1.452201
1.497342
1.446727
1.524660
1.445465
1.503717
1.446013
1.492756
1.444836
1.541505
1.450054
1.502958
1.497977
1.452178
1.516631
1.488946
1.509904
1.440401
1.493434
1.478073
1.535749
1.448284
1.504045
1.438456
1.589422
1.493828
1.464148
1.512939
1.498464
1.490548
1.527386
1.490433
1.582330
1.456679
1.526327
1.445572
1.560011
1.445196
1.551769
1.449248
1.598318
1.495296
1.449613
1.488670
1.523123
1.488585
1.458283
1.486396
1.445999
1.495191
1.441171
1.490222
1.464971
1.500924
1.446036
1.490554
1.440010
1.499197
1.511251
1.443328
1.496930
1.445453
1.499715
1.485162
1.482553
1.445039
1.506949
1.447421
1.497330
1.450901
1.496597
1.436491
1.520710
1.502797
1.456853
1.494889
1.448177
1.504245
1.528837
1.491843
1.458910
1.492254
1.461602
1.501904
1.447610
1.496018
1.516718
1.433211
1.522744
1.447811
1.506445
1.442104
1.486668
1.448316
1.489206
1.452012
1.494632
1.441751
1.493802
1.437767
1.446569
1.484716
1.458425
1.499070
1.439136
1.493709
1.435702
1.501886
1.435312
1.532052
1.452032
1.501222
1.442226
1.478108
1.456995
1.487096
1.447484
1.520873
1.497967
1.450765
1.506878
1.448587
1.496263
1.457227
1.513968
1.449705
1.497997
1.454685
1.496797
1.450840
1.492693
1.462525
1.492600
1.443448
1.488339
1.493328
1.450885
1.480397
1.447912
1.500714
1.453186
1.495079
1.435801
1.501111
1.442358
1.493989
1.438358
1.501443
1.440299
1.496851
1.449819
1.499727
1.439008
1.496560
1.502615
1.441883
1.484296
1.438938
1.500182
1.441921
1.516507
1.434727
1.490106
1.445537
1.494915
1.452812
1.492204
1.448672
1.492537
1.444619
1.562808
1.498689
1.468774
1.493539
1.439885
1.499213
1.475744
1.497394
1.436510
1.525846
1.488979
1.476022
1.500890
1.449701
1.513665
1.447004
1.502655
1.457003
1.501914
1.440882
1.563767
1.456549
1.495905
1.447324
1.557109
1.497835
1.453982
1.496115
1.435882
1.498813
1.437585
1.512684
1.446230
1.495736
1.432172
1.489631
1.436770
1.497353
1.437203
1.492812
1.439302
1.497477
1.487974
1.440068
1.490598
1.443535
1.493144
1.437254
1.504529
1.442943
1.506675
1.461041
1.495735
1.445681
1.499631
1.439486
1.490603
1.448822
1.491956
1.440318
1.494601
1.452033
1.516458
1.491793
1.447238
1.506423
1.476898
1.500673
1.440180
1.496391
1.458222
1.487616
1.450819
1.482820
1.439603
1.489001
1.433825
1.504969
1.442461
1.491490
1.540793
1.442099
1.492815
1.440392
1.513628
1.448976
1.488852
1.436730
1.506985
1.452045
1.481127
1.451348
1.484902
1.447432
1.536437
1.447657
1.498280
1.456484
1.535772
1.523009
1.446711
1.522560
1.447537
1.493175
1.447633
1.519541
1.438921
1.505838
1.447331
1.502686
1.431548
1.491398
1.504871
1.438357
1.495553
1.445224
1.491497
1.450865
1.539531
1.447831
1.499250
1.476955
1.482944
1.448447
1.502620
1.461880
1.482659
1.442359
1.491958
1.542623
1.486580
1.510595
1.433007
1.499242
1.439807
1.500264
1.435699
1.548328
1.440308
1.507349
1.440054
1.526418
1.441144
1.505918
1.481204
1.470434
1.489509
1.449606
1.483591
1.449502
1.483741
1.446409
1.504664
1.461397
1.504488
1.444095
1.496757
1.471921
1.511700
1.507421
1.442076
1.554384
1.442616
1.495631
1.503755
1.502925
1.429841
1.493506
1.439126
1.506533
1.440483
1.495140
1.450169
1.493005
1.456405
1.492343
1.491022
1.445827
1.538092
1.443315
1.484750
1.448356
1.480713
1.440481
1.528141
1.453166
1.493556
1.447586
1.494623
1.472226
1.487071
1.500656
1.433748
1.499597
1.423987
1.510571
1.450861
1.494385
1.446111
1.497652
1.475603
1.499345
1.442142
1.505585
1.454494
1.495992
1.453522
1.491458
1.439784
1.505027
1.497512
1.449779
1.509901
1.453026
1.492152
1.435730
1.521331
1.443240
1.487032
1.449358
1.486874
1.448393
1.484578
1.437577
1.491405
1.440403
1.493648
1.440701
1.477767
1.447195
1.500393
1.497153
1.446023
1.506810
1.441129
1.489009
1.446324
1.495823
1.453731
1.487067
1.436443
1.503069
1.445935
1.494817
1.447402
1.519169
1.446883
1.525085
1.442046
1.500240
1.481708
1.450725
1.475178
1.448065
1.491269
1.436994
1.488607
1.457158
1.486948
1.443337
1.495565
1.445148
1.502577
1.453051
1.494859
1.441593
1.505849
1.446205
1.497997
1.522030
1.443371
1.498519
1.442753
1.505517
1.446789
1.496607
1.442704
1.497374
1.455011
1.502353
1.444711
1.494223
1.438202
1.497141
1.447229
1.492275
1.440784
1.517236
1.437328
1.492371
1.502617
1.434831
1.484039
1.448471
1.487430
1.437039
1.504845
1.441971
1.510840
1.431371
1.495156
1.448859
1.482953
1.443038
1.517696
1.438582
1.492475
1.451487
1.469996
1.513842
1.522231
1.500953
1.458760
1.501615
1.435585
1.489990
1.496450
1.500898
1.448713
1.493828
1.437570
1.501435
1.455460
1.499707
1.494353
1.450466
1.486108
1.431175
1.491385
1.441457
1.487672
1.437040
1.490208
1.437184
1.492380
1.441675
1.481736
1.451828
1.477187
1.447242
1.494338
1.451072
1.476788
1.441991
1.492954
1.447785
1.491780
1.497253
1.433256
1.498103
1.463728
1.497140
1.492706
1.498433
1.444675
1.506581
1.460630
1.494474
1.432852
1.497544
1.445689
1.494182
1.432307
1.503111
1.484366
1.451213
1.477425
1.450183
1.487271
1.454443
1.479080
1.454323
1.490643
1.435594
1.490245
1.460026
1.518957
1.446478
1.496189
1.443326
1.495595
1.443252
1.548208
1.499018
1.438116
1.495829
1.447713
1.504886
1.454186
1.491526
1.452107
1.505375
1.442264
1.488919
1.450309
1.494445
1.443622
1.496623
1.434916
1.502951
1.492756
1.434278
1.517214
1.437660
1.499597
1.440387
1.480427
1.455587
1.497415
1.442355
1.491090
1.435824
1.491458
1.436650
1.490416
1.448889
1.485172
1.436406
1.493216
1.448783
1.516854
1.494923
1.513260
1.503560
1.437636
1.494440
1.442438
1.499243
1.456099
1.496037
1.439186
1.488027
1.443400
1.434694
1.487416
1.451358
1.474839
1.439361
1.488488
1.453540
1.496985
1.443986
1.486039
1.448801
1.516175
1.442337
1.491539
1.511693
1.440542
1.486004
1.434362
1.505215
1.440175
1.493542
1.442919
1.497392
1.453109
1.493448
1.443261
1.498195
1.443382
