1.508687
1.506968
1.463032
1.510708
1.458677
1.506723
1.463877
1.510682
1.465422
1.509505
1.452906
1.510619
1.452430
1.531603
1.510635
1.495354
1.514802
1.457235
1.500105
1.453066
1.508186
1.454668
1.509201
1.462819
1.501234
1.501545
1.451724
1.501967
1.467147
1.500842
1.451144
1.506777
1.454507
1.510569
1.455156
1.505811
1.472091
1.505602
1.509624
1.451354
1.501965
1.451832
1.504068
1.456098
1.509523
1.458461
1.547699
1.460930
1.560644
1.449674
1.505023
1.511481
1.483926
1.546488
1.460025
1.509795
1.452059
1.510854
1.451939
1.454487
1.498202
1.449560
1.506748
1.448455
1.505565
1.452109
1.505090
1.454864
1.506638
1.514562
1.462735
1.507336
1.461328
1.510172
1.459617
1.505935
1.462479
1.509516
1.452722
1.510964
1.455211
1.507616
1.506547
1.462777
1.515067
1.462798
1.506229
1.457702
1.542608
1.453424
1.509761
1.456688
1.509484
1.458545
1.548167
1.511033
1.458779
1.506740
1.448390
1.516533
1.458939
1.503706
1.451000
1.505951
1.452856
1.502271
1.531272
1.455824
1.511631
1.451466
1.501075
1.455489
1.514273
1.457258
1.507791
1.453612
1.511973
1.458901
1.505325
1.462410
1.510373
1.503249
1.453560
1.508231
1.454621
1.520731
1.462615
1.506545
1.464401
1.508731
1.458329
1.504986
1.467450
1.506191
1.536961
1.451836
1.505514
1.451060
1.510928
1.447341
1.512760
1.455217
1.504426
1.463016
1.517830
1.450272
1.504823
1.505748
1.466859
1.506672
1.459802
1.509395
1.455058
1.519653
1.457024
1.509818
1.457419
1.498613
1.470936
1.540379
1.507514
1.480431
1.507575
1.505899
1.509601
1.457595
1.506622
1.471248
1.510716
1.460464
1.501805
1.506412
1.453458
1.506308
1.454876
1.506685
1.453038
1.506687
1.452486
1.577328
1.458471
1.527084
1.534543
1.450395
1.501387
1.456920
1.569292
1.455310
1.507618
1.498586
1.527895
1.508411
1.451460
1.544954
1.457687
1.506786
1.459544
1.524424
1.456260
1.555648
1.457986
1.541333
1.503741
1.458541
1.498375
1.456436
1.508991
1.447866
1.504695
1.458467
1.505280
1.473484
1.505538
1.453395
1.503085
1.502668
1.455160
1.542285
1.454700
1.510523
1.457123
1.512465
1.455249
1.500322
1.449114
1.503810
1.458435
1.506733
1.512966
1.466341
1.503607
1.453969
1.506994
1.459033
1.504196
1.457266
1.498060
1.451389
1.502615
1.452226
1.506863
1.449728
1.499915
1.505059
1.447415
1.502772
1.446488
1.497931
1.448477
1.503787
1.458465
1.508013
1.452701
1.510816
1.453617
1.505624
1.450039
1.504937
1.509364
1.457109
1.505549
1.465752
1.506717
1.478153
1.505334
1.463119
1.510923
1.453876
1.505475
1.458888
1.515572
1.513298
1.457232
1.507901
1.454659
1.512290
1.462476
1.515175
1.454595
1.503901
1.451768
1.503202
1.448702
1.503869
1.514659
1.449810
1.502145
1.450865
1.505500
1.489891
1.510034
1.512893
1.511875
1.468123
1.506933
1.513074
1.459727
1.504767
1.461451
1.499910
1.445245
1.505474
1.465054
1.510820
1.476903
1.513021
1.476162
1.506401
1.457932
1.505454
1.507356
1.470075
1.517261
1.506050
1.550132
1.450951
1.510723
1.475285
1.505087
1.506730
1.461673
1.506986
1.461589
1.516181
1.449255
1.502001
1.453371
1.505282
1.462595
1.503039
1.465239
1.524293
1.515136
1.465210
1.514820
1.456486
1.509622
1.448463
1.506279
1.459736
1.508291
1.447324
1.506192
1.457931
1.507237
1.516857
1.454862
1.523222
1.455305
1.550046
1.456179
1.505373
1.454586
1.506675
1.457643
1.526227
1.506580
1.454881
1.512854
1.455543
1.507048
1.461058
1.544725
1.458950
1.505444
1.461269
1.506643
1.450848
1.513355
1.508396
1.454536
1.504308
1.456416
1.505526
1.459396
1.501416
1.452283
1.505280
1.481729
1.510448
1.454265
1.505584
1.565026
1.459583
1.564144
1.457156
1.512519
1.454591
1.507639
1.455175
1.543063
1.457245
1.502017
1.499555
1.449639
1.506892
1.451529
1.522752
1.462349
1.506639
1.454705
1.509129
1.453412
1.516711
1.539090
1.461096
1.508857
1.455362
1.517289
1.455967
1.553932
1.460671
1.505607
1.459101
1.538213
1.509485
1.493608
1.513560
1.485431
1.499174
1.466272
1.501824
1.454999
1.506685
1.455890
1.504782
1.469065
1.504738
1.512861
1.460526
1.503982
1.487352
1.523085
1.459022
1.504288
1.474801
1.509107
1.451275
1.506738
1.507009
1.509282
1.507045
1.460600
1.502748
1.457057
1.506503
1.454834
1.514430
1.453086
1.531308
1.505752
1.458937
1.501572
1.527752
1.501130
1.452815
1.501761
1.473097
1.510558
1.460930
1.519283
1.459876
1.506876
1.516242
1.471114
1.513056
1.454566
1.513326
1.506362
1.454670
1.506624
1.455430
1.506757
1.464459
1.510816
1.459047
1.546212
1.462619
1.510922
1.618540
1.459581
1.541506
1.454900
1.511136
1.493845
1.506456
1.463001
1.510462
1.458419
1.514502
1.508714
1.458631
1.508244
1.455714
1.514564
1.462578
1.506576
1.462967
1.510585
1.466565
1.506565
1.462732
1.507196
1.507126
1.454591
1.506391
1.455138
1.508048
1.454548
1.506243
1.465822
1.506658
1.461356
1.506390
1.506775
1.468586
1.506742
1.463650
1.509168
1.458926
1.506830
1.462385
1.512610
1.458959
1.506284
1.516624
1.505097
1.510548
1.464052
1.510571
1.458815
1.506462
1.462476
1.512636
1.458750
1.508570
1.455903
1.514448
1.567341
1.458399
1.506651
1.454499
1.506947
1.454762
1.506857
1.496587
1.508794
1.464069
1.584980
1.508069
1.454704
1.510772
1.458321
1.515771
1.454950
1.514868
1.458939
1.508360
1.494068
1.508226
1.507089
1.462804
1.510866
1.458519
1.508073
1.455071
1.514906
1.455099
1.505518
1.462595
1.510210
1.458969
1.506803
1.462822
1.510553
1.506723
1.462448
1.510438
1.454622
1.507552
1.454546
1.506836
1.462901
1.510782
1.459113
1.507078
1.462705
1.510652
1.506722
1.462330
1.553477
1.460586
1.510616
1.454718
1.510683
1.460433
1.531636
1.462635
1.531281
1.510336
1.494954
1.506576
1.463338
1.510491
1.458814
1.506938
1.471981
1.535074
1.470431
1.510998
1.516508
1.458720
1.506712
1.462695
1.506108
1.454806
1.509541
1.455057
1.531740
1.454483
1.506289
1.508669
1.454720
1.514804
1.455000
1.551530
1.456107
1.514937
1.462696
1.510417
1.454835
1.514430
1.459212
1.507709
1.506703
1.462705
1.517057
1.454748
1.510484
1.458762
1.507267
1.462854
1.511245
1.459098
1.506603
1.462607
1.510443
1.515622
1.454742
1.514838
1.454843
1.507028
1.454629
1.507029
1.454676
1.506560
1.454551
1.526852
1.458366
1.530775
1.510973
1.458759
1.506877
1.464565
1.510852
1.458603
1.506983
1.462809
1.511045
1.456276
1.516211
1.507630
1.454329
1.510471
1.458516
1.506618
1.462516
1.510933
1.458635
1.506740
1.462801
1.510348
1.458036
1.515911
1.455256
1.502267
1.506043
1.454853
1.506801
1.456118
1.513261
1.454691
1.512980
1.454667
1.507131
1.455947
1.514784
1.513383
1.462823
1.512191
1.458873
1.514248
1.463868
1.513519
1.462566
1.508324
1.454582
1.514819
1.462504
1.511051
1.511560
1.458882
1.541386
1.454385
1.510847
1.459604
1.507284
1.454792
1.514286
1.458878
1.508663
1.454477
1.518753
1.506789
1.454548
1.507268
1.449694
1.507432
1.454731
1.506910
1.464009
1.514913
1.461384
1.506753
1.463980
1.503785
1.510635
1.458573
1.508325
1.454642
1.510804
1.458730
1.506752
1.462979
1.506727
1.462912
1.510564
1.506352
1.462833
1.511018
1.460465
1.532025
1.464455
1.595001
1.462339
1.506668
1.454493
1.506923
1.559918
1.454593
1.510672
1.454892
1.506904
1.455985
1.507411
1.454695
1.510505
1.458991
1.507579
1.505950
1.462360
1.508925
1.454730
1.511391
1.502019
1.506960
1.465111
1.514674
1.462141
1.510440
1.460009
1.506773
1.515104
1.454708
1.510533
1.463794
1.510642
1.459059
1.510993
1.463841
1.511921
1.454707
1.509268
1.454664
1.507924
1.505703
1.462631
1.506858
1.464646
1.506543
1.535235
1.539128
1.463929
1.521380
1.510632
1.484093
1.506338
1.462928
1.562634
1.458881
1.558727
1.454295
1.601291
1.507041
1.462640
1.510793
1.459021
1.506830
1.463492
1.511071
1.493001
1.507698
1.594383
1.458879
1.577545
1.458818
1.510101
1.458636
1.506933
1.462396
1.510869
1.506318
1.551017
1.506748
1.515231
1.506767
1.455858
1.509539
1.458258
1.510183
1.506762
1.462700
1.510471
1.458648
1.529821
1.458689
1.519291
1.458716
1.506407
1.665580
1.462544
1.576462
1.458708
1.506864
1.475812
1.508010
1.456133
1.514756
1.463588
1.517753
1.506827
1.470242
1.510756
1.458812
1.559299
1.485235
1.547880
1.462810
1.507647
1.511915
1.519185
1.546683
1.454701
1.510394
1.465548
1.506797
1.484373
1.506600
1.516877
1.455011
1.579537
1.464865
1.510630
1.458434
1.507710
1.454817
1.562049
1.460259
1.508039
1.507485
1.465752
1.514057
1.462678
1.512228
1.458828
1.507026
1.455751
1.514452
1.485208
1.506707
1.508907
1.459041
1.506760
1.463548
1.506605
1.454413
1.561346
1.454752
1.591282
1.505338
1.454827
1.506994
1.454675
1.509559
1.452008
1.501418
1.454750
1.505635
1.460935
1.502174
1.456127
1.505982
1.460967
1.506509
1.511263
1.455204
1.523320
1.462317
1.541466
1.454671
1.511097
1.455339
1.513050
1.452261
1.500585
1.455784
1.507172
1.510827
1.476012
1.503724
1.474796
1.499775
1.485538
1.501668
1.497142
1.503624
1.451653
1.496322
1.607269
1.457240
1.500357
1.468505
1.539541
1.462577
1.504217
1.457433
1.536228
1.510633
1.453199
1.505982
1.459370
1.534907
1.460615
1.503536
1.448265
1.515173
1.459551
1.501494
1.457195
1.504172
1.507803
1.451079
1.510661
1.453142
1.508497
1.457177
1.505149
1.453620
1.504470
1.454731
1.506781
1.455033
1.501816
1.503321
1.448266
1.506339
1.463078
1.501745
1.451367
1.501017
1.449876
1.504718
1.481668
1.508881
1.452334
1.499167
1.452963
1.505172
1.507994
1.454578
