0.031695
0.037298
0.032642
0.037720
0.032129
0.035531
0.036892
0.037275
0.032414
0.038382
0.034169
0.037992
0.033250
0.041285
0.033640
0.037793
0.036326
0.041667
0.036127
0.038965
0.035851
0.043058
0.034698
0.038966
0.035462
0.037471
0.038457
0.036792
0.033569
0.040583
0.036163
0.034474
0.038271
0.037963
0.036048
0.035381
0.035855
0.035438
0.033009
0.036400
0.035255
0.036858
0.034061
0.035283
0.037993
0.036063
0.034764
0.036510
0.038636
0.033936
0.034428
0.038647
0.036499
0.033012
0.038148
0.037005
0.036662
0.037104
0.037523
0.040166
0.030983
0.037304
0.036030
0.038457
0.032979
0.039189
0.035772
0.037798
0.035637
0.037356
0.038702
0.035934
0.036198
0.037402
0.040771
0.032976
0.035104
0.034821
0.037058
0.035293
0.036056
0.039214
0.037630
0.033954
0.036868
0.038646
0.035303
0.039540
0.034417
0.038409
0.034478
0.034840
0.036859
0.039509
0.032287
0.038704
0.040087
0.039347
0.035369
0.038154
0.040000
0.035532
0.035601
0.037127
0.038329
0.038233
0.033002
0.037402
0.042210
0.034692
0.036824
0.038364
0.040972
0.032628
0.034010
0.039821
0.033887
0.036409
0.036264
0.038013
0.037329
0.035686
0.036494
0.038297
0.036630
0.036328
0.039520
0.033790
0.034661
0.037145
0.035237
0.035516
0.035237
0.036132
0.040044
0.036225
0.037046
0.034311
0.038285
0.035014
0.034400
0.036755
0.034613
0.035818
0.035238
0.035153
0.036179
0.037499
0.037021
0.038408
0.038628
0.036222
0.034552
0.040244
0.035224
0.034037
0.034288
0.036665
0.033329
0.037341
0.037837
0.040119
0.034829
0.038376
0.037457
0.038408
0.036310
0.041847
0.037845
0.036791
0.033543
0.037908
0.036418
0.038238
0.032937
0.038473
0.037311
0.037518
0.033583
0.041323
0.033710
0.039967
0.035050
0.037478
0.035765
0.037491
0.037665
0.039348
0.038049
0.037002
0.037491
0.039684
0.037644
0.033775
0.036304
0.037430
0.039275
0.035069
0.037335
0.032273
0.039494
0.032888
0.039411
0.034475
0.040422
0.031307
0.039811
0.036234
0.036031
0.033122
0.040678
0.034312
0.038430
0.033284
0.039216
0.032834
0.038262
0.034111
0.036094
0.037681
0.038581
0.034720
0.034460
0.038667
0.037563
0.037265
0.035102
0.039060
0.034600
0.039575
0.036174
0.038473
0.034444
0.040616
0.036544
0.036396
0.041855
0.035818
0.036509
0.035606
0.038471
0.035464
0.039982
0.035929
0.037261
0.033338
0.040976
0.036660
0.036386
0.035069
0.039107
0.037328
0.038017
0.037244
0.040051
0.035265
0.041103
0.037577
0.033824
0.036725
0.035523
0.037166
0.037569
0.039579
0.034878
0.037768
0.036819
0.037273
0.036724
0.039150
0.035632
0.038131
0.036663
0.037022
0.035133
0.035652
0.037832
0.036248
0.037959
0.036530
0.039260
0.035391
0.036492
0.036655
0.035032
0.037837
0.037013
0.034818
0.034087
0.036596
0.032409
0.036502
0.035989
0.038911
0.035690
0.037399
0.037332
0.036290
0.039225
0.034675
0.036677
0.036898
0.036178
0.036023
0.033636
0.038898
0.040970
0.035869
0.036088
0.039047
0.039058
0.035404
0.036423
0.041153
0.033397
0.034150
0.038288
0.038751
0.036033
0.037989
0.033105
0.038109
0.033610
0.037875
0.038784
0.035964
0.038360
0.038503
0.033885
0.033561
0.037859
0.038947
0.034580
0.036523
0.038242
0.032414
0.036220
0.035147
0.036226
0.031794
0.037626
0.037280
0.034326
0.030943
0.040644
0.038227
0.033686
0.035799
0.040607
0.036837
0.032793
0.038199
0.035420
0.038233
0.035424
0.042457
0.034565
0.038292
0.036626
0.040507
0.036557
0.037749
0.035950
0.042950
0.034645
0.034893
0.035838
0.041831
0.034896
0.032864
0.035660
0.040026
0.037158
0.033316
0.035167
0.039699
0.038578
0.034930
0.039225
0.036911
0.033602
0.035212
0.039598
0.036904
0.034361
0.038869
0.036627
0.035349
0.034806
0.038710
0.036967
0.039442
0.037981
0.037285
0.039311
0.033445
0.037555
0.040083
0.033838
0.034202
0.036014
0.035959
0.034377
0.034768
0.037853
0.038369
0.036881
0.035431
0.038250
0.037147
0.036398
0.034631
0.037305
0.039629
0.036343
0.032797
0.038412
0.038331
0.033627
0.038671
0.037313
0.037804
0.033897
0.036025
0.037550
0.044340
0.035257
0.038299
0.037374
0.040199
0.033385
0.035463
0.037425
0.034100
0.033837
0.039127
0.035799
0.036361
0.034813
0.040707
0.039312
0.035951
0.034595
0.040349
0.037156
0.036142
0.039889
0.034858
0.035063
0.033917
0.039481
0.039278
0.031815
0.036928
0.038042
0.036363
0.034721
0.037948
0.037017
0.032858
0.034116
0.040500
0.035664
0.033644
0.033223
0.038507
0.034524
0.035136
0.033210
0.045145
0.035451
0.034764
0.034423
0.042135
0.035124
0.036783
0.038075
0.041368
0.036213
0.034909
0.037885
0.038875
0.033992
0.034842
0.038661
0.033775
0.037251
0.035956
0.039735
0.039376
0.036536
0.039104
0.037394
0.037663
0.033926
0.037959
0.035681
0.034348
0.034931
0.037192
0.037011
0.035012
0.036125
0.039486
0.039699
0.034832
0.037370
0.038473
0.038989
0.033881
0.035105
0.040156
0.037924
0.034338
0.033703
0.035750
0.035224
0.036030
0.039994
0.037966
0.033374
0.034965
0.036768
0.036270
0.038989
0.036331
0.039502
0.036555
0.034372
0.041619
0.034397
0.035748
0.033941
0.037438
0.036974
0.039093
0.033769
0.037864
0.038358
0.030610
0.038293
0.038741
0.036733
0.038690
0.035341
0.040397
0.034730
0.037966
0.036707
0.039333
0.032726
0.038911
0.034410
0.036926
0.033205
0.037636
0.037062
0.038348
0.036079
0.038181
0.039405
0.034438
0.041380
0.032914
0.038564
0.038854
0.036888
0.035220
0.035008
0.036867
0.038988
0.033261
0.035494
0.037556
0.038989
0.033723
0.034883
0.041842
0.033658
0.036570
0.035896
0.038313
0.035584
0.035189
0.036380
0.034352
0.036600
0.034335
0.036328
0.034845
0.035386
0.037834
0.035513
0.035425
0.037047
0.037102
0.034274
0.038173
0.039081
0.035562
0.035421
0.040086
0.035398
0.034890
0.034592
0.037788
0.038222
0.034049
0.037048
0.036750
0.035978
0.035158
0.032946
0.034840
0.037154
0.036082
0.035347
0.035491
0.035627
0.034949
0.034878
0.038758
0.033802
0.034612
0.039870
0.038839
0.038571
0.034408
0.038573
0.036163
0.036363
0.033255
0.037152
0.035988
0.033640
0.033937
0.038884
0.035639
0.032609
0.038270
0.037611
0.032969
0.036359
0.037341
0.036531
0.033438
0.035061
0.042318
0.037763
0.034001
0.040383
0.038355
0.034536
0.034582
0.038861
0.036877
0.035754
0.035781
0.037091
0.036857
0.033174
0.039324
0.037715
0.037420
0.031858
0.043561
0.035626
0.035704
0.034883
0.041274
0.036697
0.033995
0.039189
0.039279
0.034523
0.032459
0.037023
0.040069
0.034348
0.034898
0.037410
0.035774
0.038969
0.036092
0.037400
0.037659
0.035949
0.036868
0.040729
0.034498
0.036080
0.038951
0.039834
0.032980
0.035148
0.039017
0.032936
0.033533
0.039494
0.040105
0.034407
0.042530
0.035542
0.038982
0.039359
0.039107
0.040402
0.036367
0.035754
0.035814
0.039654
0.033968
0.035892
0.035959
0.037899
0.036444
0.037030
0.038655
0.036472
0.037962
0.036701
0.037284
0.033150
0.039422
0.036990
0.033496
0.035313
0.036550
0.037786
0.034035
0.035820
0.039003
0.032066
0.035283
0.035383
0.041921
0.037281
0.035229
0.036890
0.040206
0.036584
0.036177
0.042005
0.038113
0.035333
0.039299
0.039568
0.035581
0.036224
0.037087
0.036994
0.032970
0.037721
0.037624
0.038184
0.033126
0.038426
0.038422
0.038376
0.036642
0.038983
0.036015
0.039051
0.034032
0.041549
0.035836
0.037947
0.038067
0.034128
0.036318
0.040702
0.040989
0.036233
0.033430
0.038204
0.039252
0.035546
0.033783
0.038660
0.039006
0.036732
0.033489
0.038995
0.038521
0.034235
0.036490
0.036369
0.039936
0.035424
0.038007
0.035632
0.036507
0.031679
0.037660
0.039333
0.031603
0.038825
0.040631
0.038222
0.034386
0.036763
0.036922
0.035569
0.035722
0.034384
0.033959
0.038269
0.038255
0.035148
0.037308
0.039378
0.039294
0.034545
0.036589
0.038188
0.035956
0.033198
0.037181
0.035957
0.037414
0.035590
0.035215
0.034756
0.033654
0.033592
0.038433
0.035598
0.038332
0.032372
0.035559
0.036991
0.038841
0.036925
0.034212
0.037298
0.033395
0.038892
0.034286
0.037656
0.035211
0.034286
0.031300
0.038128
0.036050
0.037700
0.040209
0.035733
0.040811
0.036154
0.036787
0.035864
0.038062
0.038338
0.035670
0.034308
0.039042
0.039241
0.037538
0.037573
0.041368
0.038309
0.033408
0.038937
0.037065
0.037150
0.030948
0.035916
0.038750
0.035143
0.034494
0.041650
0.036183
0.037222
0.037284
0.035795
0.032861
0.035238
0.036071
0.034725
0.038908
0.035694
0.039967
0.035715
0.037952
0.034133
0.036752
0.038810
0.034453
0.035794
0.032938
0.040267
0.034474
0.038196
0.034901
0.036212
0.032180
0.037755
0.039003
0.035379
0.035981
0.034821
0.039763
0.034345
0.038613
0.034422
0.038941
0.033672
0.041475
0.034316
0.035389
0.032697
0.040641
0.036630
0.034237
0.037971
0.038496
0.036825
0.034122
0.037313
0.039459
0.035760
0.039418
0.034130
0.039756
0.035760
0.039122
0.035953
0.040288
0.034349
0.039709
0.036603
0.038620
0.035274
0.033841
0.034390
0.039109
0.034380
0.038739
0.036148
0.039498
0.036123
0.039401
0.039952
0.034053
0.036988
0.035702
0.038222
0.037089
0.035316
0.034915
0.039822
0.032816
0.040708
0.035445
0.038841
0.033158
0.037983
0.038048
0.037047
0.035188
0.035121
0.038511
0.035623
0.033683
0.036630
0.038982
0.036764
0.036487
0.040792
0.036196
0.034464
0.038025
0.035271
0.034064
0.036908
0.039178
0.033903
0.032999
0.036585
0.037746
0.035797
0.034143
0.033538
0.039714
0.033859
0.039587
0.037322
0.040872
0.036293
0.038169
0.031793
0.040145
0.035930
0.037880
0.037542
0.038839
0.036973
0.036156
0.037122
0.034393
