0.016047
0.016177
0.016190
0.016172
0.016046
0.016051
0.016028
0.016081
0.016046
0.016189
0.016246
0.016207
0.016308
0.016097
0.016145
0.016154
0.016236
0.016082
0.015987
0.016031
0.016000
0.016039
0.016104
0.016045
0.016234
0.016101
0.016111
0.016074
0.016189
0.016277
0.016229
0.016346
0.016263
0.016104
0.016177
0.016242
0.016135
0.016117
0.016208
0.016050
0.016243
0.016095
0.016233
0.016241
0.016270
0.016320
0.016097
0.016204
0.016337
0.016227
0.016249
0.016333
0.015939
0.016247
0.016117
0.016125
0.016199
0.016176
0.015980
0.016172
0.016235
0.016151
0.016130
0.016067
0.016167
0.016071
0.016282
0.016137
0.016059
0.016274
0.016208
0.016284
0.015964
0.016257
0.016334
0.016057
0.016067
0.016413
0.016340
0.016032
0.016204
0.016226
0.016306
0.016387
0.016144
0.016148
0.016120
0.016252
0.016021
0.016169
0.016131
0.016063
0.016320
0.016195
0.016276
0.016171
0.015998
0.016134
0.016159
0.016219
0.016201
0.016152
0.016252
0.016074
0.016389
0.016209
0.016095
0.016114
0.016233
0.016228
0.016031
0.016177
0.016141
0.016234
0.016402
0.016254
0.016034
0.016332
0.016126
0.016212
0.016216
0.016114
0.016081
0.016428
0.016121
0.016232
0.016225
0.016388
0.016103
0.016212
0.016344
0.016140
0.015771
0.016146
0.016330
0.016206
0.016043
0.016129
0.016333
0.016278
0.016122
0.016394
0.016088
0.016048
0.016356
0.016182
0.016061
0.015847
0.016135
0.016050
0.016111
0.016161
0.016180
0.016030
0.016250
0.016389
0.016056
0.016185
0.016292
0.016140
0.016224
0.016325
0.016185
0.016366
0.016290
0.016037
0.016411
0.016370
0.016376
0.016207
0.016151
0.016054
0.016367
0.016134
0.016110
0.016352
0.016352
0.016004
0.016299
0.016183
0.015961
0.016166
0.016054
0.016226
0.016060
0.016113
0.016164
0.016027
0.016258
0.016030
0.015968
0.016367
0.016145
0.016049
0.016203
0.015970
0.016118
0.016195
0.016267
0.016188
0.016252
0.016201
0.016290
0.016152
0.016265
0.016058
0.016111
0.016165
0.016297
0.016064
0.016192
0.016233
0.016163
0.016326
0.016331
0.016183
0.016270
0.016298
0.015857
0.016117
0.016038
0.016046
0.016026
0.016074
0.016072
0.016291
0.016302
0.016214
0.016157
0.016386
0.016222
0.016262
0.016051
0.016135
0.016098
0.015999
0.016195
0.016098
0.015987
0.016135
0.016214
0.016275
0.016178
0.016089
0.016248
0.016033
0.015926
0.016284
0.016056
0.016259
0.016350
0.016284
0.016195
0.016295
0.016267
0.016347
0.015996
0.016219
0.016077
0.016102
0.016174
0.016221
0.016298
0.016399
0.016220
0.016231
0.016109
0.016079
0.016169
0.016242
0.016078
0.016379
0.016204
0.016218
0.016200
0.016436
0.016076
0.016134
0.016239
0.016170
0.016144
0.016353
0.016196
0.016231
0.016233
0.016337
0.016151
0.016380
0.016169
0.016230
0.016186
0.016232
0.016522
0.016207
0.016159
0.016333
0.016146
0.016218
0.016308
0.016373
0.016394
0.016354
0.016419
0.016060
0.016093
0.016200
0.016095
0.016204
0.016048
0.016211
0.016127
0.016155
0.016455
0.016119
0.016220
0.016271
0.016164
0.016167
0.016148
0.016300
0.016182
0.016297
0.016121
0.016239
0.016186
0.016462
0.016180
0.016257
0.016110
0.016129
0.016247
0.015974
0.016171
0.016192
0.016023
0.016193
0.016047
0.016128
0.016011
0.016284
0.016012
0.016159
0.016236
0.016010
0.016054
0.016113
0.016324
0.016312
0.016254
0.016336
0.016415
0.016204
0.016287
0.016076
0.016164
0.015960
0.016224
0.016196
0.016048
0.016032
0.016116
0.016435
0.016107
0.016234
0.016464
0.016172
0.016389
0.016108
0.016054
0.016152
0.016280
0.016009
0.016143
0.016146
0.015980
0.016033
0.016286
0.016183
0.016306
0.016309
0.016285
0.016242
0.016194
0.016166
0.016198
0.016224
0.016132
0.016104
0.016311
0.016114
0.016190
0.016250
0.016170
0.016245
0.016293
0.016099
0.016487
0.016152
0.016175
0.016160
0.016137
0.016170
0.016222
0.016226
0.016320
0.016171
0.016108
0.016165
0.016134
0.016201
0.016054
0.016410
0.016314
0.016286
0.016257
0.016161
0.016129
0.016266
0.016177
0.016111
0.016043
0.016054
0.016301
0.016127
0.016246
0.016201
0.016342
0.016313
0.016174
0.016288
0.016078
0.016245
0.016143
0.016188
0.016198
0.016310
0.016024
0.016102
0.016397
0.016176
0.016120
0.016280
0.016268
0.016323
0.016488
0.016194
0.016212
0.016393
0.016344
0.016152
0.016142
0.016127
0.016023
0.016112
0.016156
0.016200
0.016097
0.016201
0.015985
0.016389
0.016144
0.016063
0.016128
0.016106
0.016014
0.016111
0.016164
0.016123
0.016056
0.016098
0.016092
0.016175
0.016234
0.016006
0.016045
0.016111
0.016056
0.015912
0.016004
0.016343
0.015918
0.016208
0.016032
0.016300
0.016168
0.016148
0.016186
0.016307
0.016140
0.016295
0.016123
0.016147
0.016172
0.016067
0.016161
0.016242
0.016203
0.016173
0.016136
0.016244
0.016024
0.016337
0.016174
0.016040
0.016245
0.016091
0.016213
0.016191
0.016407
0.016302
0.016182
0.016208
0.016136
0.016356
0.016240
0.016120
0.016271
0.016079
0.016051
0.016112
0.016218
0.016173
0.016401
0.016160
0.016092
0.016308
0.016061
0.016159
0.016138
0.016070
0.016018
0.016149
0.016174
0.015987
0.016058
0.016255
0.016214
0.016210
0.015951
0.016056
0.016174
0.015995
0.016154
0.016329
0.016237
0.016438
0.016008
0.016060
0.016178
0.016073
0.016112
0.016176
0.016272
0.016273
0.016104
0.016013
0.016093
0.016318
0.016266
0.016141
0.016248
0.016005
0.016089
0.016205
0.016127
0.016082
0.016372
0.016038
0.016286
0.016334
0.016125
0.016041
0.016055
0.016035
0.015907
0.016202
0.016117
0.016140
0.016203
0.016140
0.016121
0.016212
0.016185
0.016011
0.016100
0.016183
0.016254
0.016042
0.016135
0.016095
0.016149
0.016210
0.016136
0.016192
0.016147
0.016153
0.015975
0.016103
0.016190
0.016221
0.016173
0.016210
0.016196
0.016203
0.016289
0.016075
0.016023
0.016303
0.016088
0.016044
0.016146
0.016142
0.016193
0.016115
0.016094
0.016162
0.016031
0.016073
0.016068
0.016144
0.016322
0.016194
0.016302
0.016058
0.016262
0.016206
0.016115
0.016331
0.016217
0.016109
0.016119
0.015999
0.016138
0.016065
0.015998
0.016059
0.016070
0.016295
0.016165
0.016334
0.016374
0.016000
0.016275
0.016194
0.016264
0.016148
0.016042
0.016258
0.016174
0.016078
0.016098
0.016093
0.016110
0.016047
0.016172
0.016247
0.016089
0.016211
0.016136
0.016113
0.016183
0.016225
0.016180
0.016292
0.016255
0.016062
0.016081
0.015984
0.016252
0.016173
0.016048
0.016033
0.016250
0.016157
0.016088
0.016157
0.016269
0.016338
0.016183
0.016212
0.016033
0.016150
0.016021
0.016057
0.016150
0.015998
0.016127
0.016168
0.016103
0.016083
0.016314
0.016512
0.016140
0.016076
0.016174
0.016261
0.016187
0.016089
0.016202
0.016131
0.016323
0.016166
0.016108
0.016187
0.016252
0.016165
0.016165
0.016273
0.016281
0.016130
0.016214
0.016395
0.016111
0.016222
0.016298
0.016346
0.015960
0.016161
0.016099
0.016239
0.016127
0.016086
0.016117
0.016201
0.016264
0.016211
0.016215
0.016190
0.016083
0.016044
0.016127
0.016112
0.016194
0.016023
0.015986
0.016099
0.016132
0.016071
0.016052
0.016081
0.016262
0.016154
0.016178
0.016198
0.016328
0.016330
0.016319
0.016245
0.016399
0.016268
0.016157
0.016200
0.016209
0.016155
0.016121
0.016094
0.016062
0.016080
0.016285
0.016236
0.016259
0.016043
0.016143
0.015971
0.016179
0.016165
0.016214
0.016022
0.016089
0.016096
0.016128
0.016138
0.016041
0.016143
0.016200
0.016147
0.015885
0.016067
0.016257
0.016264
0.016267
0.016243
0.016290
0.016193
0.016227
0.016311
0.016321
0.016243
0.016215
0.016285
0.016095
0.016077
0.015969
0.016095
0.016073
0.016129
0.016112
0.016205
0.016144
0.016116
0.016146
0.016118
0.016191
0.016213
0.016183
0.016387
0.016127
0.016244
0.015943
0.016242
0.016171
0.016051
0.015882
0.015928
0.016164
0.016104
0.016104
0.016055
0.016045
0.016136
0.016132
0.016234
0.016089
0.016086
0.016269
0.016270
0.016031
0.016209
0.016197
0.016169
0.016268
0.016029
0.016401
0.016220
0.016138
0.016123
0.016361
0.016296
0.016059
0.016073
0.015951
0.016095
0.016091
0.016148
0.016158
0.016290
0.016396
0.016499
0.016382
0.016165
0.016264
0.016206
0.016068
0.016174
0.016165
0.016288
0.016075
0.016201
0.016049
0.016204
0.016100
0.016230
0.016101
0.016179
0.016095
0.016191
0.016240
0.016323
0.016027
0.016447
0.016321
0.016195
0.016133
0.016144
0.016226
0.016241
0.015979
0.016332
0.016290
0.016329
0.016169
0.016029
0.016162
0.016127
0.016084
0.016299
0.016187
0.016266
0.016440
0.016138
0.016134
0.016298
0.016295
0.016192
0.016171
0.016159
0.016153
0.016251
0.016215
0.015981
0.016119
0.016221
0.016373
0.016138
0.016321
0.016272
0.016201
0.016343
0.016320
0.016345
0.016390
0.016085
0.016167
0.016203
0.016264
0.016228
0.016281
0.016179
0.016228
0.016146
0.016301
0.016345
0.016296
0.016096
0.015997
0.016175
0.016043
0.016035
0.016339
0.016254
0.016149
0.016206
0.016162
0.016236
0.016166
0.016121
0.016285
0.016120
0.016219
0.016143
0.016289
0.016152
0.016354
0.016327
0.016210
0.016267
0.016385
0.016144
0.016379
0.016299
0.016209
0.016241
0.016448
0.016278
0.016154
0.016120
0.016346
0.016249
0.016190
0.016083
0.016177
0.016176
0.016187
0.016296
0.016282
0.016147
0.016303
0.016242
0.016391
0.016155
0.016300
0.016323
0.016151
0.016320
0.016488
0.016275
0.016096
0.016321
0.016209
0.016316
0.016488
0.016372
0.016198
0.016188
0.016160
0.016314
0.016093
0.016229
0.016265
0.016194
0.016111
0.016314
0.016269
0.016215
0.016056
0.016088
0.016104
0.015992
0.016262
0.016251
