0.031853
0.032073
0.032200
0.032243
0.032252
0.032101
0.032165
0.032005
0.031952
0.031912
0.031893
0.032148
0.032082
0.032006
0.032370
0.032121
0.032195
0.032134
0.032303
0.032289
0.032100
0.032212
0.032118
0.031867
0.032020
0.032263
0.032059
0.032039
0.032068
0.031991
0.031949
0.032041
0.032159
0.032116
0.032236
0.032272
0.032016
0.031946
0.032003
0.032011
0.032156
0.032048
0.032086
0.032142
0.032175
0.032026
0.032134
0.032154
0.032175
0.031956
0.032168
0.031863
0.032125
0.032109
0.032080
0.031859
0.032142
0.031944
0.032008
0.032081
0.031960
0.032001
0.032121
0.032159
0.032151
0.032106
0.032374
0.032008
0.032122
0.032121
0.032010
0.032510
0.032164
0.032196
0.032027
0.032103
0.032149
0.032163
0.032083
0.032150
0.032223
0.031922
0.031957
0.032158
0.032065
0.032027
0.032122
0.032180
0.032128
0.032259
0.032137
0.032037
0.031905
0.032176
0.031926
0.032176
0.031869
0.032043
0.032161
0.032057
0.032084
0.032182
0.032322
0.032042
0.032012
0.032138
0.032094
0.031861
0.031842
0.032136
0.032144
0.032124
0.032235
0.032100
0.031908
0.032003
0.032058
0.031959
0.032100
0.031970
0.032067
0.031816
0.032241
0.032250
0.032129
0.031978
0.032068
0.032030
0.031871
0.031967
0.031926
0.031990
0.031959
0.032081
0.032221
0.032110
0.031890
0.031780
0.032048
0.032312
0.032063
0.032022
0.032145
0.032048
0.032122
0.032046
0.031972
0.032138
0.032319
0.031966
0.032196
0.031989
0.032063
0.032331
0.031977
0.032209
0.032073
0.031940
0.031920
0.032250
0.031933
0.032090
0.032222
0.032122
0.032332
0.032058
0.032302
0.031977
0.032042
0.031865
0.032148
0.032045
0.032062
0.032101
0.031997
0.031890
0.032096
0.032038
0.032100
0.032103
0.032056
0.032108
0.032135
0.032014
0.032319
0.031963
0.032036
0.032039
0.031876
0.032037
0.032032
0.032111
0.031945
0.031938
0.032306
0.032084
0.031930
0.032087
0.031957
0.031980
0.032055
0.032056
0.031875
0.032139
0.032017
0.031840
0.032140
0.032062
0.032098
0.032110
0.032214
0.032157
0.032141
0.032250
0.032159
0.032163
0.032199
0.032146
0.031971
0.032213
0.032219
0.032403
0.032203
0.032212
0.032294
0.031883
0.031958
0.032083
0.032056
0.032226
0.032145
0.032040
0.032073
0.032148
0.032043
0.031803
0.031911
0.032053
0.032153
0.032154
0.031933
0.032024
0.032026
0.032189
0.031968
0.031988
0.032104
0.031994
0.032079
0.032153
0.031954
0.032113
0.031973
0.032071
0.032266
0.032284
0.032106
0.032208
0.032169
0.032144
0.032378
0.032061
0.032274
0.032274
0.032418
0.031958
0.032219
0.032080
0.032290
0.032097
0.032035
0.031949
0.032029
0.032019
0.032088
0.031829
0.032305
0.032089
0.031961
0.031873
0.032063
0.032036
0.032123
0.032218
0.032029
0.032222
0.032137
0.031950
0.031985
0.032122
0.031850
0.032104
0.032112
0.032224
0.032123
0.031884
0.032243
0.031836
0.031809
0.032322
0.031973
0.032142
0.032061
0.031832
0.032070
0.032082
0.031998
0.032228
0.032032
0.031848
0.032022
0.031790
0.031875
0.032157
0.032004
0.031838
0.032025
0.031978
0.032074
0.031940
0.032301
0.032046
0.031920
0.032042
0.032016
0.032151
0.032018
0.032187
0.032186
0.032122
0.032132
0.032057
0.031900
0.032031
0.032026
0.032114
0.032020
0.032152
0.032170
0.032185
0.031873
0.032108
0.031998
0.031889
0.031901
0.032146
0.031887
0.032000
0.031899
0.031897
0.031942
0.031993
0.032013
0.031976
0.032092
0.032156
0.031876
0.031984
0.031854
0.031930
0.032109
0.031999
0.032127
0.032043
0.031980
0.031904
0.032049
0.031956
0.032154
0.032041
0.032089
0.032315
0.031939
0.031994
0.032184
0.032042
0.031998
0.032180
0.032020
0.031989
0.032056
0.032215
0.032094
0.032076
0.032058
0.032121
0.032130
0.032084
0.032219
0.032055
0.032101
0.032038
0.031995
0.031985
0.031858
0.032227
0.032132
0.032209
0.032014
0.032212
0.032179
0.031916
0.032070
0.031823
0.032211
0.031904
0.032003
0.032047
0.032119
0.032107
0.031972
0.032111
0.032044
0.032142
0.032124
0.032098
0.032227
0.032074
0.032090
0.032080
0.032133
0.032010
0.031779
0.031834
0.032075
0.032022
0.031893
0.032143
0.032164
0.032102
0.032021
0.031973
0.032181
0.032180
0.032076
0.032180
0.032020
0.032043
0.032018
0.032116
0.032230
0.032177
0.032035
0.032023
0.032119
0.032065
0.032071
0.031972
0.032182
0.032041
0.032075
0.032023
0.031917
0.032322
0.032047
0.032289
0.032086
0.032209
0.032045
0.032082
0.032181
0.032067
0.032100
0.031961
0.032157
0.032059
0.031918
0.032120
0.031918
0.032168
0.032192
0.032365
0.032255
0.032263
0.032056
0.032139
0.032353
0.032222
0.031971
0.032052
0.032060
0.031949
0.032185
0.032175
0.032192
0.031985
0.032102
0.031955
0.031904
0.032046
0.032143
0.032051
0.032001
0.032050
0.032045
0.032103
0.032093
0.032223
0.032170
0.032065
0.032180
0.032012
0.032156
0.032183
0.032025
0.032119
0.032121
0.032249
0.032313
0.032053
0.032138
0.031816
0.031908
0.032218
0.031856
0.032212
0.032061
0.031987
0.031913
0.032303
0.032182
0.032136
0.031927
0.032057
0.031934
0.031886
0.032187
0.031960
0.032090
0.032172
0.032108
0.031931
0.031977
0.032118
0.032108
0.032112
0.032208
0.032041
0.032128
0.032115
0.032055
0.032122
0.032054
0.031931
0.032049
0.032003
0.032057
0.032000
0.032151
0.031935
0.032210
0.032125
0.032039
0.032194
0.032171
0.032083
0.031936
0.032170
0.032058
0.032220
0.032172
0.032201
0.032150
0.032122
0.032209
0.031934
0.032183
0.031962
0.032035
0.032040
0.032195
0.032323
0.032043
0.032170
0.032228
0.032067
0.032026
0.031854
0.032281
0.032033
0.032018
0.032320
0.032159
0.032338
0.032149
0.032190
0.032088
0.032105
0.032028
0.032088
0.032006
0.032023
0.032044
0.032135
0.032299
0.032154
0.031908
0.032161
0.032094
0.032047
0.032115
0.032037
0.031915
0.031940
0.032222
0.031963
0.032123
0.031892
0.032136
0.032059
0.032088
0.031969
0.031995
0.032140
0.032126
0.032149
0.032010
0.032163
0.032166
0.032026
0.032109
0.032046
0.032135
0.031955
0.031989
0.032061
0.032292
0.032098
0.032097
0.032086
0.032342
0.032154
0.032125
0.032025
0.032053
0.031938
0.032029
0.032191
0.032273
0.032174
0.032194
0.032076
0.032069
0.031964
0.032248
0.032409
0.032134
0.032066
0.032289
0.032006
0.032217
0.031858
0.031820
0.032030
0.032103
0.032137
0.031989
0.032011
0.032210
0.031915
0.031939
0.032370
0.032017
0.032188
0.031917
0.032019
0.031981
0.032089
0.032187
0.032210
0.032005
0.031943
0.032116
0.032142
0.032185
0.032112
0.032100
0.031962
0.032035
0.032093
0.032001
0.032078
0.032088
0.031833
0.032246
0.032176
0.031969
0.031940
0.032243
0.031968
0.031880
0.031903
0.032070
0.032122
0.031963
0.031973
0.031961
0.032220
0.032237
0.032038
0.032018
0.032275
0.032080
0.032324
0.031984
0.031991
0.031914
0.032063
0.031996
0.031956
0.032023
0.032148
0.032330
0.032096
0.032061
0.032298
0.032124
0.032195
0.031899
0.032109
0.032223
0.032162
0.032309
0.032175
0.032119
0.031876
0.032034
0.031937
0.032120
0.032108
0.032169
0.032182
0.031943
0.031921
0.032234
0.032171
0.032075
0.031996
0.031994
0.032204
0.032056
0.032026
0.032217
0.032096
0.032041
0.032120
0.032124
0.031975
0.031969
0.032037
0.032272
0.032031
0.032084
0.032038
0.032261
0.032039
0.032155
0.032174
0.032043
0.031972
0.032071
0.031907
0.032128
0.032057
0.032077
0.032118
0.032039
0.031905
0.032163
0.032135
0.032133
0.032286
0.032115
0.032045
0.032134
0.032030
0.032017
0.032130
0.032217
0.032103
0.032134
0.032151
0.032106
0.032135
0.032248
0.031976
0.032227
0.032126
0.032206
0.032097
0.031915
0.032011
0.032034
0.032016
0.031972
0.032110
0.032230
0.032089
0.032123
0.032171
0.032320
0.032112
0.032069
0.032230
0.031993
0.032061
0.031989
0.032061
0.032119
0.032041
0.032042
0.031905
0.032085
0.032027
0.032022
0.032329
0.032087
0.032095
0.032105
0.031960
0.032012
0.032111
0.032050
0.032017
0.032259
0.032253
0.032224
0.032052
0.032213
0.032057
0.032127
0.031886
0.031906
0.032244
0.032185
0.032091
0.032112
0.032091
0.032086
0.032116
0.032009
0.031972
0.031995
0.032078
0.032121
0.031902
0.032005
0.032073
0.032175
0.031967
0.032066
0.032015
0.032038
0.032070
0.032161
0.031904
0.032146
0.032251
0.031925
0.032104
0.031991
0.032056
0.032035
0.032043
0.032151
0.031957
0.031979
0.031867
0.032076
0.032243
0.032254
0.032054
0.032199
0.032193
0.031988
0.031905
0.031999
0.031975
0.032115
0.032033
0.032148
0.031967
0.032078
0.031969
0.031936
0.032192
0.032263
0.032042
0.032047
0.032015
0.031991
0.032045
0.032202
0.032012
0.031872
0.032260
0.032080
0.032166
0.032155
0.032165
0.031937
0.032131
0.032220
0.031983
0.032050
0.032153
0.031984
0.032114
0.031999
0.032022
0.031971
0.032001
0.032119
0.032172
0.032013
0.032045
0.032081
0.031734
0.032099
0.031881
0.031844
0.032208
0.032023
0.032067
0.031939
0.032226
0.031957
0.032074
0.031887
0.032029
0.032029
0.032302
0.032127
0.031970
0.032063
0.032089
0.032135
0.032165
0.031991
0.031923
0.032194
0.032119
0.032150
0.032155
0.032110
0.032068
0.032085
0.032024
0.032253
0.031987
0.031945
0.032140
0.032295
0.031922
0.032214
0.032068
0.032155
0.031973
0.032053
0.032070
0.032023
0.032154
0.032057
0.032066
0.032156
0.032124
0.032007
0.031943
0.032172
0.032121
0.032147
0.032052
0.031979
0.032171
0.031947
0.032051
0.031913
0.032127
0.032088
0.032076
0.032170
0.032196
0.032084
0.031980
0.032213
0.032036
0.032001
0.031935
0.031906
0.031993
0.032083
0.032379
0.032293
0.031994
0.032039
0.032081
0.032155
0.032033
0.032124
0.032033
