0.580445
0.576293
0.600361
0.599179
0.594275
0.596421
0.585654
0.608174
0.592880
0.587908
0.594323
0.604095
0.598290
0.592191
0.592933
0.598855
0.603804
0.587702
0.602520
0.602162
0.589214
0.589683
0.601938
0.605712
0.593505
0.593416
0.591332
0.595351
0.585637
0.583675
0.596429
0.591902
0.587950
0.591890
0.591270
0.594018
0.596124
0.591572
0.612404
0.591253
0.582854
0.589488
0.580394
0.585723
0.582977
0.569132
0.592520
0.594833
0.576349
0.595977
0.596088
0.585201
0.597400
0.590690
0.604191
0.600402
0.608952
0.593960
0.593392
0.596315
0.589549
0.594215
0.596241
0.586932
0.604092
0.585373
0.613186
0.589345
0.586180
0.597419
0.598285
0.588655
0.591027
0.597388
0.600886
0.592266
0.613858
0.595661
0.581668
0.598795
0.599828
0.590530
0.586855
0.577976
0.585293
0.600299
0.582282
0.610930
0.587795
0.600167
0.594465
0.585731
0.587556
0.601857
0.590898
0.600640
0.604053
0.585271
0.599641
0.601089
0.589318
0.590283
0.593761
0.584437
0.583209
0.599777
0.587487
0.604169
0.593086
0.603211
0.585743
0.592305
0.592518
0.580771
0.593974
0.600279
0.587952
0.587647
0.596472
0.599704
0.590548
0.590173
0.589641
0.598838
0.592599
0.598828
0.591704
0.574340
0.583768
0.593406
0.597738
0.590477
0.581669
0.593308
0.585476
0.582462
0.603724
0.606464
0.592619
0.597958
0.599441
0.593156
0.585039
0.602131
0.589007
0.605557
0.587216
0.583434
0.585081
0.583954
0.588478
0.579570
0.584178
0.596358
0.596214
0.586247
0.583076
0.586514
0.580588
0.592172
0.601557
0.588590
0.578391
0.578793
0.590650
0.588842
0.586504
0.581668
0.598134
0.595157
0.597396
0.590199
0.595300
0.608013
0.580542
0.592561
0.605263
0.592319
0.602660
0.603637
0.585128
0.581431
0.605640
0.597271
0.599082
0.590818
0.601087
0.594176
0.596053
0.594940
0.596897
0.593921
0.608282
0.595855
0.598888
0.578035
0.582754
0.590500
0.592273
0.579396
0.592248
0.585204
0.600606
0.599617
0.622853
0.605396
0.599590
0.604519
0.592764
0.589389
0.599818
0.602438
0.588667
0.595928
0.590966
0.602930
0.582749
0.587877
0.586597
0.590907
0.600455
0.585270
0.603800
0.608044
0.603864
0.591300
0.600140
0.602773
0.586597
0.573397
0.594266
0.590887
0.575708
0.585607
0.576960
0.602057
0.581971
0.596561
0.586139
0.585365
0.598908
0.596079
0.595542
0.585319
0.572696
0.601801
0.582640
0.581979
0.588746
0.577289
0.588100
0.583870
0.574556
0.592683
0.589130
0.585899
0.574622
0.599757
0.577297
0.595321
0.596125
0.601956
0.577285
0.593420
0.610481
0.602926
0.588789
0.595193
0.588748
0.584949
0.586791
0.595559
0.588056
0.585909
0.601883
0.593941
0.601362
0.585921
0.581498
0.576972
0.579552
0.592521
0.600583
0.609255
0.592596
0.601317
0.587326
0.589938
0.592365
0.589434
0.592358
0.578740
0.582240
0.592085
0.592386
0.586625
0.587134
0.587725
0.593837
0.598000
0.595481
0.599087
0.588695
0.586922
0.598182
0.600849
0.594909
0.594953
0.584085
0.592481
0.586838
0.592174
0.587536
0.585771
0.594982
0.597457
0.574678
0.580610
0.595272
0.587122
0.593558
0.581765
0.584169
0.584102
0.584197
0.576153
0.596464
0.592589
0.592633
0.599491
0.583596
0.594403
0.612118
0.584026
0.582894
0.597218
0.582683
0.599525
0.590784
0.614097
0.612412
0.602808
0.590712
0.607237
0.608191
0.580723
0.594613
0.588186
0.588695
0.584024
0.583531
0.584838
0.601772
0.588102
0.599549
0.596308
0.583139
0.592775
0.582764
0.581187
0.592324
0.592867
0.575172
0.584560
0.581542
0.599209
0.576565
0.600002
0.579608
0.591472
0.605800
0.582502
0.588867
0.595056
0.602428
0.592685
0.608208
0.593726
0.596434
0.591435
0.603945
0.607544
0.604456
0.610783
0.599694
0.616656
0.606668
0.598247
0.591931
0.608701
0.582062
0.590222
0.579003
0.592847
0.600590
0.587512
0.609262
0.599884
0.604969
0.621065
0.591517
0.589744
0.600183
0.588155
0.599990
0.593545
0.605901
0.616781
0.608683
0.602102
0.596476
0.604545
0.598628
0.602367
0.577992
0.586417
0.590363
0.575223
0.593108
0.605541
0.567085
0.587370
0.583390
0.586969
0.583889
0.593125
0.601402
0.590537
0.577708
0.588886
0.577881
0.595740
0.577515
0.589961
0.590979
0.592596
0.600633
0.604656
0.589995
0.590282
0.577427
0.586616
0.582390
0.589218
0.587340
0.585789
0.581118
0.591894
0.593332
0.589526
0.590729
0.593668
0.586947
0.612895
0.592075
0.594005
0.584275
0.589121
0.597336
0.596258
0.580852
0.600772
0.611851
0.586009
0.580915
0.597159
0.590263
0.589072
0.586858
0.602375
0.586384
0.597116
0.590640
0.592118
0.583287
0.588085
0.599829
0.609345
0.587548
0.588214
0.597949
0.602082
0.593066
0.587933
0.585135
0.597998
0.576893
0.599711
0.588655
0.587683
0.590650
0.594595
0.588725
0.617330
0.587583
0.601840
0.595907
0.607537
0.594254
0.601466
0.592725
0.605654
0.578316
0.587937
0.581146
0.581492
0.581082
0.597553
0.595580
0.605135
0.606709
0.584083
0.596398
0.612676
0.590037
0.592353
0.584833
0.601752
0.585536
0.593548
0.592015
0.599062
0.600225
0.587652
0.598750
0.590531
0.602435
0.581698
0.577808
0.608440
0.595479
0.584954
0.585477
0.584335
0.579617
0.586114
0.584803
0.600062
0.600356
0.578661
0.592634
0.592450
0.586289
0.592443
0.593358
0.591959
0.589427
0.594562
0.577079
0.594062
0.598075
0.578808
0.582372
0.591935
0.580782
0.580523
0.596622
0.582606
0.590553
0.581626
0.582591
0.589747
0.575117
0.600774
0.598321
0.597357
0.580050
0.588400
0.593908
0.599506
0.608783
0.618358
0.604847
0.597538
0.596644
0.578501
0.594271
0.593355
0.593704
0.580956
0.595984
0.598557
0.592447
0.598686
0.591513
0.600037
0.589714
0.597865
0.575416
0.572420
0.575981
0.592112
0.590380
0.588823
0.588932
0.586146
0.582031
0.595414
0.590293
0.582689
0.588611
0.578630
0.582161
0.578042
0.577252
0.597410
0.597427
0.600941
0.602884
0.605009
0.598158
0.609624
0.601838
0.597585
0.587368
0.585425
0.595552
0.593179
0.580036
0.600906
0.589571
0.567028
0.580908
0.581058
0.587213
0.590635
0.578845
0.589506
0.595961
0.595140
0.590595
0.599425
0.604150
0.603685
0.591966
0.585647
0.596955
0.571285
0.570077
0.585070
0.579673
0.582900
0.585218
0.579897
0.604338
0.601796
0.595762
0.589283
0.589875
0.585952
0.583839
0.584071
0.592108
0.590009
0.575350
0.597250
0.584954
0.591195
0.603259
0.587967
0.596485
0.600520
0.598053
0.591125
0.584954
0.581484
0.595474
0.593653
0.606881
0.596711
0.599564
0.586605
0.582907
0.607369
0.588519
0.579542
0.595819
0.587669
0.589590
0.593388
0.611498
0.602205
0.590513
0.591870
0.585879
0.602101
0.595011
0.581585
0.599913
0.581006
0.581775
0.590891
0.587645
0.579319
0.600922
0.597510
0.592622
0.591597
0.585743
0.596878
0.590241
0.599860
0.585486
0.584793
0.591505
0.589021
0.582953
0.581800
0.583873
0.588913
0.593723
0.598094
0.597645
0.591339
0.582513
0.582005
0.583439
0.585606
0.581195
0.591304
0.595274
0.611356
0.612367
0.599548
0.595369
0.594558
0.577755
0.596248
0.581146
0.583073
0.577368
0.586194
0.590031
0.591156
0.590791
0.599626
0.609027
0.601167
0.579913
0.576094
0.584636
0.595086
0.592570
0.597833
0.587114
0.599345
0.594468
0.591213
0.595002
0.604794
0.589257
0.584724
0.592508
0.609388
0.583748
0.604109
0.581212
0.593827
0.594217
0.589256
0.591609
0.600697
0.598740
0.601134
0.594321
0.593803
0.591107
0.584545
0.587035
0.594875
0.590089
0.587915
0.584167
0.595002
0.577800
0.574595
0.589056
0.583750
0.588360
0.597476
0.590867
0.600741
0.604663
0.584399
0.604148
0.597023
0.599374
0.603466
0.593545
0.592606
0.603685
0.608458
0.613432
0.617465
0.605381
0.597703
0.600948
0.600480
0.604549
0.603763
0.591070
0.588128
0.606685
0.597242
0.594515
0.587806
0.580214
0.600788
0.584878
0.586481
0.595258
0.591942
0.594004
0.588699
0.598516
0.595689
0.592216
0.588899
0.600756
0.585194
0.584585
0.589686
0.622057
0.586434
0.606105
0.595665
0.592324
0.580499
0.580190
0.595378
0.586873
0.603326
0.604762
0.596895
0.587841
0.572775
0.588721
0.589586
0.587439
0.575492
0.589963
0.593573
0.607687
0.592343
0.605462
0.583129
0.593846
0.579032
0.593544
0.607420
0.601384
0.600275
0.600024
0.581928
0.600895
0.587327
0.580141
0.600163
0.582505
0.596698
0.588600
0.593603
0.584936
0.597728
0.576715
0.594517
0.609660
0.590700
0.599181
0.580591
0.589554
0.599996
0.584413
0.590184
0.587791
0.599188
0.596846
0.608501
0.588708
0.584146
0.602032
0.592988
0.586489
0.588444
0.601470
0.597327
0.594350
0.603649
0.602015
0.589978
0.585713
0.593408
0.608876
0.581886
0.595329
0.586239
0.602360
0.600356
0.570327
0.596475
0.612542
0.598871
0.588983
0.600369
0.606668
0.595013
0.594360
0.589641
0.601449
0.583603
0.604666
0.592968
0.573986
0.596583
0.591462
0.584137
0.593842
0.602570
0.598685
0.596684
0.598202
0.592130
0.597931
0.594703
0.610068
0.607885
0.589468
0.598335
0.607763
0.589117
0.596562
0.603856
0.600454
0.595824
0.585118
0.596849
0.601150
0.580161
0.581160
0.587637
0.597214
0.599931
0.602818
0.584690
0.590043
0.585694
0.589340
0.592792
0.590872
0.612327
0.595160
0.621871
0.600160
0.603066
0.589568
0.599639
0.604476
0.586948
0.604719
0.597778
0.612042
0.591514
0.592517
0.584990
0.587913
0.591060
0.588716
0.594248
0.585473
0.605303
0.604796
0.586338
0.588228
0.607462
0.584563
0.597657
0.585892
0.593307
0.585075
0.572020
0.580943
0.585600
0.572251
0.598519
0.591627
0.587961
0.589305
0.586817
0.589991
0.586308
0.595039
0.582413
0.582179
0.606533
0.597410
0.573923
0.573093
0.577941
0.594260
0.590284
