0.018545
0.018597
0.018592
0.018597
0.018599
0.018580
0.018579
0.018626
0.018584
0.018560
0.018708
0.018613
0.018638
0.018576
0.018526
0.018551
0.018559
0.018664
0.018684
0.018568
0.018543
0.018551
0.018586
0.018548
0.018602
0.018623
0.018652
0.018594
0.018524
0.018504
0.018592
0.018638
0.018537
0.018481
0.018554
0.018602
0.018552
0.018509
0.018545
0.018637
0.018563
0.018508
0.018568
0.018580
0.018614
0.018587
0.018561
0.018531
0.018588
0.018628
0.018563
0.018607
0.018532
0.018635
0.018567
0.018592
0.018591
0.018591
0.018577
0.018599
0.018581
0.018554
0.018528
0.018619
0.018610
0.018572
0.018548
0.018602
0.018589
0.018555
0.018589
0.018632
0.018585
0.018572
0.018488
0.018573
0.018723
0.018586
0.018540
0.018598
0.018593
0.018568
0.018609
0.018630
0.018479
0.018548
0.018622
0.018629
0.018621
0.018622
0.018587
0.018615
0.018588
0.018595
0.018577
0.018702
0.018591
0.018572
0.018558
0.018603
0.018583
0.018592
0.018599
0.018603
0.018660
0.018487
0.018582
0.018639
0.018642
0.018487
0.018559
0.018597
0.018577
0.018607
0.018609
0.018558
0.018577
0.018685
0.018569
0.018643
0.018592
0.018624
0.018588
0.018637
0.018619
0.018600
0.018592
0.018586
0.018593
0.018610
0.018648
0.018546
0.018627
0.018736
0.018576
0.018573
0.018584
0.018621
0.018624
0.018588
0.018617
0.018668
0.018613
0.018581
0.018551
0.018659
0.018571
0.018559
0.018584
0.018628
0.018592
0.018660
0.018616
0.018545
0.018647
0.018591
0.018630
0.018623
0.018554
0.018600
0.018556
0.018612
0.018564
0.018641
0.018564
0.018627
0.018558
0.018529
0.018627
0.018598
0.018632
0.018562
0.018598
0.018635
0.018597
0.018616
0.018629
0.018650
0.018514
0.018625
0.018609
0.018589
0.018550
0.018677
0.018599
0.018583
0.018595
0.018604
0.018581
0.018572
0.018590
0.018605
0.018523
0.018604
0.018666
0.018622
0.018577
0.018618
0.018610
0.018604
0.018567
0.018604
0.018644
0.018550
0.018599
0.018572
0.018567
0.018534
0.018608
0.018613
0.018562
0.018562
0.018585
0.018595
0.018563
0.018522
0.018585
0.018571
0.018619
0.018692
0.018561
0.018627
0.018630
0.018586
0.018613
0.018602
0.018612
0.018580
0.018567
0.018612
0.018637
0.018558
0.018579
0.018530
0.018621
0.018599
0.018637
0.018571
0.018566
0.018589
0.018548
0.018580
0.018649
0.018573
0.018550
0.018565
0.018636
0.018637
0.018615
0.018581
0.018578
0.018617
0.018587
0.018555
0.018590
0.018598
0.018560
0.018632
0.018629
0.018616
0.018534
0.018588
0.018623
0.018633
0.018619
0.018584
0.018613
0.018586
0.018597
0.018571
0.018560
0.018590
0.018625
0.018548
0.018666
0.018601
0.018585
0.018654
0.018651
0.018619
0.018603
0.018565
0.018599
0.018590
0.018646
0.018538
0.018578
0.018642
0.018574
0.018560
0.018590
0.018585
0.018536
0.018569
0.018610
0.018631
0.018621
0.018437
0.018554
0.018572
0.018628
0.018654
0.018544
0.018551
0.018674
0.018582
0.018598
0.018635
0.018685
0.018540
0.018595
0.018597
0.018672
0.018557
0.018559
0.018568
0.018564
0.018640
0.018593
0.018557
0.018595
0.018602
0.018542
0.018574
0.018641
0.018566
0.018581
0.018559
0.018551
0.018599
0.018656
0.018581
0.018541
0.018593
0.018549
0.018541
0.018591
0.018589
0.018608
0.018591
0.018640
0.018616
0.018577
0.018664
0.018619
0.018595
0.018619
0.018579
0.018606
0.018585
0.018770
0.018575
0.018579
0.018554
0.018618
0.018635
0.018578
0.018570
0.018586
0.018608
0.018564
0.018633
0.018538
0.018601
0.018570
0.018567
0.018522
0.018570
0.018588
0.018605
0.018604
0.018508
0.018627
0.018591
0.018597
0.018590
0.018610
0.018525
0.018607
0.018663
0.018594
0.018601
0.018580
0.018617
0.018608
0.018575
0.018582
0.018602
0.018628
0.018615
0.018556
0.018593
0.018607
0.018569
0.018588
0.018592
0.018635
0.018564
0.018540
0.018603
0.018597
0.018612
0.018574
0.018519
0.018560
0.018578
0.018630
0.018588
0.018624
0.018574
0.018555
0.018634
0.018609
0.018571
0.018597
0.018574
0.018572
0.018589
0.018564
0.018606
0.018553
0.018559
0.018562
0.018592
0.018570
0.018621
0.018596
0.018550
0.018556
0.018596
0.018579
0.018589
0.018596
0.018596
0.018592
0.018577
0.018574
0.018611
0.018632
0.018528
0.018604
0.018607
0.018565
0.018523
0.018587
0.018533
0.018604
0.018561
0.018582
0.018608
0.018552
0.018565
0.018660
0.018581
0.018546
0.018615
0.018587
0.018567
0.018485
0.018646
0.018626
0.018600
0.018514
0.018533
0.018571
0.018588
0.018538
0.018554
0.018608
0.018636
0.018504
0.018638
0.018556
0.018539
0.018640
0.018603
0.018613
0.018636
0.018661
0.018617
0.018615
0.018644
0.018570
0.018497
0.018595
0.018578
0.018609
0.018640
0.018591
0.018651
0.018628
0.018620
0.018653
0.018585
0.018624
0.018653
0.018599
0.018557
0.018607
0.018578
0.018658
0.018665
0.018607
0.018612
0.018618
0.018556
0.018581
0.018632
0.018562
0.018629
0.018581
0.018644
0.018614
0.018521
0.018611
0.018611
0.018591
0.018654
0.018641
0.018577
0.018579
0.018642
0.018532
0.018632
0.018548
0.018567
0.018557
0.018551
0.018621
0.018573
0.018577
0.018561
0.018607
0.018660
0.018571
0.018581
0.018617
0.018630
0.018555
0.018607
0.018603
0.018592
0.018557
0.018565
0.018614
0.018670
0.018554
0.018644
0.018590
0.018645
0.018530
0.018576
0.018614
0.018573
0.018576
0.018598
0.018640
0.018550
0.018608
0.018566
0.018538
0.018592
0.018575
0.018647
0.018577
0.018640
0.018593
0.018611
0.018568
0.018622
0.018597
0.018597
0.018593
0.018561
0.018554
0.018595
0.018607
0.018613
0.018572
0.018575
0.018601
0.018612
0.018526
0.018582
0.018593
0.018625
0.018493
0.018564
0.018597
0.018626
0.018606
0.018544
0.018619
0.018600
0.018597
0.018593
0.018588
0.018605
0.018599
0.018605
0.018609
0.018712
0.018600
0.018560
0.018616
0.018616
0.018524
0.018594
0.018593
0.018547
0.018634
0.018663
0.018568
0.018610
0.018608
0.018636
0.018646
0.018566
0.018578
0.018635
0.018597
0.018580
0.018591
0.018617
0.018681
0.018626
0.018555
0.018552
0.018575
0.018609
0.018553
0.018623
0.018658
0.018592
0.018590
0.018601
0.018734
0.018633
0.018619
0.018634
0.018582
0.018603
0.018646
0.018654
0.018685
0.018610
0.018676
0.018601
0.018619
0.018550
0.018641
0.018593
0.018649
0.018552
0.018590
0.018556
0.018609
0.018578
0.018588
0.018526
0.018598
0.018631
0.018636
0.018587
0.018523
0.018638
0.018626
0.018597
0.018591
0.018623
0.018574
0.018599
0.018592
0.018561
0.018569
0.018620
0.018572
0.018587
0.018597
0.018612
0.018660
0.018584
0.018583
0.018646
0.018627
0.018605
0.018566
0.018585
0.018599
0.018666
0.018626
0.018538
0.018590
0.018604
0.018653
0.018558
0.018602
0.018606
0.018609
0.018589
0.018599
0.018632
0.018521
0.018516
0.018590
0.018629
0.018644
0.018550
0.018643
0.018667
0.018697
0.018597
0.018626
0.018615
0.018655
0.018541
0.018559
0.018610
0.018607
0.018571
0.018590
0.018580
0.018593
0.018612
0.018624
0.018617
0.018577
0.018540
0.018602
0.018611
0.018631
0.018568
0.018655
0.018579
0.018557
0.018580
0.018585
0.018596
0.018625
0.018624
0.018618
0.018654
0.018623
0.018577
0.018586
0.018620
0.018601
0.018557
0.018605
0.018663
0.018588
0.018529
0.018622
0.018654
0.018585
0.018514
0.018590
0.018604
0.018593
0.018558
0.018721
0.018589
0.018586
0.018494
0.018614
0.018597
0.018558
0.018579
0.018546
0.018657
0.018590
0.018578
0.018603
0.018573
0.018588
0.018540
0.018614
0.018683
0.018551
0.018616
0.018615
0.018607
0.018652
0.018598
0.018574
0.018612
0.018589
0.018593
0.018624
0.018607
0.018577
0.018605
0.018625
0.018637
0.018580
0.018580
0.018598
0.018571
0.018551
0.018582
0.018584
0.018653
0.018635
0.018660
0.018660
0.018592
0.018612
0.018669
0.018578
0.018583
0.018566
0.018612
0.018547
0.018584
0.018600
0.018567
0.018609
0.018564
0.018565
0.018552
0.018617
0.018702
0.018515
0.018649
0.018593
0.018598
0.018612
0.018627
0.018570
0.018667
0.018557
0.018576
0.018601
0.018604
0.018598
0.018600
0.018624
0.018612
0.018568
0.018590
0.018584
0.018581
0.018647
0.018592
0.018562
0.018625
0.018613
0.018558
0.018567
0.018543
0.018596
0.018587
0.018618
0.018592
0.018573
0.018586
0.018644
0.018596
0.018600
0.018652
0.018614
0.018610
0.018519
0.018585
0.018570
0.018670
0.018678
0.018552
0.018586
0.018688
0.018605
0.018578
0.018596
0.018599
0.018590
0.018574
0.018562
0.018633
0.018584
0.018626
0.018574
0.018581
0.018565
0.018559
0.018586
0.018585
0.018587
0.018602
0.018585
0.018573
0.018561
0.018577
0.018608
0.018570
0.018661
0.018643
0.018580
0.018571
0.018566
0.018581
0.018611
0.018641
0.018597
0.018607
0.018635
0.018600
0.018522
0.018632
0.018611
0.018621
0.018523
0.018578
0.018597
0.018576
0.018650
0.018634
0.018666
0.018587
0.018627
0.018597
0.018615
0.018584
0.018587
0.018680
0.018663
0.018619
0.018575
0.018590
0.018590
0.018568
0.018604
0.018617
0.018640
0.018587
0.018557
0.018581
0.018608
0.018507
0.018584
0.018575
0.018618
0.018603
0.018498
0.018567
0.018596
0.018578
0.018586
0.018611
0.018616
0.018588
0.018595
0.018598
0.018580
0.018604
0.018681
0.018585
0.018635
0.018566
0.018566
0.018662
0.018648
0.018573
0.018634
0.018664
0.018573
0.018642
0.018576
0.018600
0.018576
0.018553
0.018550
0.018588
0.018581
0.018581
0.018555
0.018569
0.018627
0.018549
0.018585
0.018611
0.018601
0.018616
0.018621
0.018593
0.018687
0.018613
0.018646
0.018558
0.018509
0.018579
0.018677
0.018605
0.018615
0.018580
0.018567
0.018573
0.018609
0.018631
0.018626
0.018583
