0.032074
0.032158
0.032087
0.032157
0.032028
0.032255
0.032461
0.032142
0.032605
0.032194
0.032160
0.032140
0.032210
0.032234
0.032338
0.032304
0.032170
0.032096
0.032421
0.032249
0.032191
0.032313
0.032366
0.032267
0.032102
0.032272
0.032030
0.032094
0.032047
0.032328
0.032054
0.032302
0.032120
0.032083
0.032123
0.032446
0.031962
0.032038
0.032105
0.032162
0.032337
0.032206
0.032294
0.032349
0.032602
0.032313
0.032330
0.032248
0.032155
0.032479
0.032404
0.032581
0.032097
0.032172
0.032097
0.032174
0.032128
0.032060
0.031856
0.032074
0.032346
0.032292
0.032153
0.031988
0.032505
0.032522
0.032266
0.032332
0.032342
0.032203
0.032164
0.032311
0.032139
0.032284
0.032118
0.032038
0.032321
0.032303
0.032424
0.032505
0.032254
0.032100
0.031957
0.032072
0.032015
0.032094
0.032427
0.032230
0.032279
0.032107
0.032194
0.032050
0.032104
0.032333
0.032166
0.032503
0.032106
0.032202
0.032221
0.032146
0.031997
0.032254
0.031819
0.032164
0.031947
0.032069
0.032099
0.032173
0.032095
0.032041
0.032148
0.031948
0.032139
0.031949
0.031929
0.032141
0.032343
0.032216
0.032208
0.032127
0.032490
0.032205
0.032211
0.032481
0.032329
0.032229
0.032226
0.032319
0.032182
0.032240
0.032421
0.032399
0.032283
0.032124
0.032004
0.032238
0.032407
0.032145
0.032066
0.032202
0.032174
0.032016
0.032294
0.032183
0.032147
0.032141
0.032126
0.032155
0.032177
0.032060
0.032107
0.032251
0.032351
0.032226
0.032188
0.032110
0.032136
0.032206
0.032029
0.032121
0.032299
0.032087
0.032162
0.032208
0.032303
0.032188
0.032094
0.032026
0.031953
0.032054
0.032327
0.032314
0.032185
0.032281
0.032286
0.032274
0.032156
0.032189
0.032132
0.032449
0.032041
0.032253
0.032280
0.031897
0.032390
0.032236
0.032217
0.032382
0.032051
0.032526
0.032024
0.032079
0.032233
0.032244
0.032106
0.032024
0.032205
0.032257
0.032164
0.032210
0.032249
0.032193
0.031996
0.032106
0.032354
0.032248
0.032072
0.032293
0.032062
0.032235
0.032218
0.032189
0.032030
0.032113
0.032514
0.032267
0.032070
0.032020
0.032036
0.032190
0.032431
0.032305
0.032341
0.032382
0.032338
0.032491
0.032050
0.032064
0.032207
0.032326
0.032273
0.032019
0.032143
0.032217
0.032105
0.032148
0.032382
0.032489
0.032155
0.032164
0.032123
0.032155
0.032015
0.032359
0.032101
0.031943
0.032382
0.032309
0.032014
0.032013
0.032132
0.032018
0.032422
0.032314
0.032330
0.032095
0.032216
0.032205
0.031829
0.032184
0.032125
0.032237
0.032157
0.032142
0.032210
0.031914
0.032046
0.032085
0.032268
0.032079
0.032049
0.032202
0.032339
0.032137
0.032168
0.032038
0.032320
0.032044
0.031948
0.032197
0.032026
0.032205
0.032219
0.032459
0.032055
0.032211
0.032339
0.032281
0.032130
0.032114
0.032308
0.032249
0.032292
0.032239
0.032307
0.032064
0.032218
0.032251
0.032161
0.032185
0.031942
0.032111
0.032273
0.032151
0.032296
0.032305
0.032280
0.032087
0.032300
0.032323
0.032467
0.032247
0.032244
0.032268
0.032200
0.032302
0.031880
0.032273
0.032179
0.032184
0.032325
0.032184
0.032081
0.032113
0.032064
0.032101
0.032004
0.032279
0.032266
0.032234
0.032266
0.032007
0.031899
0.032245
0.032344
0.032024
0.032257
0.032200
0.032115
0.032206
0.032443
0.032218
0.032391
0.032433
0.032152
0.032093
0.032147
0.032152
0.032139
0.032109
0.032182
0.032318
0.032590
0.032509
0.032462
0.032367
0.032400
0.032188
0.032412
0.032273
0.032037
0.031899
0.032072
0.032085
0.032168
0.032128
0.032061
0.032057
0.032295
0.031984
0.032228
0.032400
0.032135
0.032109
0.031971
0.032312
0.032200
0.032193
0.032188
0.032225
0.032248
0.032164
0.032063
0.032036
0.032163
0.032221
0.031989
0.032103
0.032169
0.032565
0.032260
0.032267
0.032187
0.032256
0.032220
0.032305
0.032146
0.032108
0.032207
0.032465
0.032461
0.032326
0.032394
0.032564
0.032393
0.032243
0.032533
0.032550
0.032077
0.032150
0.032275
0.032010
0.032267
0.032423
0.032409
0.032083
0.032429
0.032368
0.032182
0.032045
0.032222
0.032301
0.032186
0.032280
0.032360
0.032259
0.032289
0.032343
0.032285
0.032121
0.032062
0.032459
0.032119
0.032590
0.032268
0.032256
0.031993
0.032062
0.032354
0.032252
0.032462
0.032093
0.032396
0.032130
0.032297
0.032198
0.032323
0.032246
0.032347
0.032231
0.032240
0.032306
0.032241
0.032474
0.032040
0.032081
0.032223
0.032116
0.031916
0.032084
0.032128
0.032192
0.032249
0.032088
0.032463
0.031975
0.032239
0.032108
0.032273
0.032212
0.032090
0.032179
0.031992
0.032057
0.032239
0.032242
0.032260
0.032271
0.032453
0.032185
0.031956
0.032105
0.032226
0.032066
0.032080
0.032077
0.032133
0.032178
0.032108
0.032252
0.032288
0.032411
0.032158
0.032181
0.032325
0.032292
0.032237
0.032347
0.032258
0.031817
0.032133
0.031960
0.032290
0.032215
0.032350
0.032067
0.032296
0.032113
0.032105
0.032078
0.032176
0.032152
0.032257
0.032079
0.032017
0.032257
0.032107
0.032247
0.032216
0.032030
0.031940
0.031906
0.032002
0.032041
0.032435
0.032388
0.032230
0.031985
0.032196
0.032063
0.032202
0.032290
0.032104
0.032227
0.032108
0.032192
0.032076
0.032272
0.032188
0.032131
0.032050
0.031985
0.032055
0.032085
0.032215
0.032201
0.032237
0.031985
0.031959
0.032135
0.032049
0.032008
0.032185
0.032196
0.032227
0.032217
0.031914
0.032290
0.032236
0.031976
0.032289
0.031998
0.032291
0.032071
0.032147
0.032019
0.032222
0.032209
0.032174
0.032158
0.032003
0.032110
0.032220
0.032119
0.032214
0.032140
0.031951
0.032143
0.032558
0.032180
0.032089
0.032360
0.032162
0.032097
0.032150
0.032085
0.032097
0.032595
0.032240
0.032043
0.032152
0.031983
0.032238
0.032453
0.032271
0.032236
0.032127
0.032146
0.032146
0.031892
0.032055
0.032312
0.032254
0.032266
0.032267
0.032172
0.032122
0.031887
0.032401
0.032049
0.032243
0.032334
0.032122
0.032048
0.032259
0.032030
0.032378
0.032197
0.032358
0.032154
0.032198
0.032251
0.032191
0.032213
0.032259
0.032167
0.031949
0.032151
0.031978
0.032157
0.032157
0.032039
0.032307
0.032003
0.031913
0.032010
0.032122
0.032044
0.032188
0.032283
0.032268
0.032159
0.032372
0.032267
0.032070
0.032308
0.032094
0.032314
0.032083
0.032151
0.032156
0.032236
0.032087
0.032351
0.032134
0.032048
0.032019
0.032088
0.032000
0.031900
0.032233
0.032028
0.032069
0.032059
0.032062
0.031989
0.032436
0.032299
0.032200
0.032123
0.032234
0.032030
0.032087
0.032284
0.031929
0.032145
0.032138
0.032465
0.032069
0.032161
0.032246
0.032103
0.032150
0.032243
0.032107
0.032102
0.032317
0.032280
0.032210
0.032274
0.032269
0.032152
0.032299
0.032298
0.032325
0.032062
0.032271
0.032242
0.032113
0.032163
0.032143
0.032018
0.032016
0.032132
0.032140
0.032117
0.032363
0.032246
0.031942
0.032137
0.032078
0.032369
0.032182
0.032234
0.032171
0.032104
0.032068
0.031995
0.032033
0.032132
0.032014
0.032115
0.032203
0.032077
0.032257
0.032180
0.031918
0.032199
0.032177
0.032154
0.032242
0.032062
0.032116
0.032200
0.032048
0.031850
0.032315
0.031954
0.032211
0.032243
0.032165
0.032081
0.032063
0.031998
0.032061
0.032096
0.032235
0.031880
0.032155
0.032060
0.032382
0.032291
0.032182
0.032133
0.032231
0.032087
0.032259
0.031993
0.031981
0.032231
0.032241
0.032180
0.032228
0.032276
0.032221
0.032304
0.032572
0.032282
0.032254
0.032253
0.032087
0.032047
0.032136
0.032363
0.032232
0.032074
0.032147
0.032356
0.032293
0.032213
0.031955
0.032204
0.032226
0.032102
0.032195
0.032403
0.032145
0.032220
0.032101
0.032308
0.032147
0.032249
0.032278
0.032155
0.032123
0.032194
0.032226
0.032216
0.032278
0.032173
0.032121
0.032045
0.032213
0.032263
0.032206
0.032379
0.031992
0.032021
0.032021
0.032217
0.032055
0.032251
0.032400
0.032171
0.032257
0.032250
0.032130
0.032431
0.032172
0.032272
0.032192
0.032118
0.032013
0.032503
0.032365
0.032333
0.032341
0.032405
0.032130
0.032099
0.032032
0.032124
0.032357
0.032146
0.032330
0.032130
0.032152
0.032278
0.032325
0.032327
0.032231
0.032206
0.032339
0.032136
0.032029
0.032379
0.032305
0.032083
0.032169
0.032052
0.032305
0.032103
0.032173
0.032129
0.032317
0.032367
0.032201
0.031945
0.032015
0.032044
0.032256
0.032153
0.032263
0.032082
0.032158
0.032119
0.032003
0.032093
0.032138
0.032311
0.032184
0.032071
0.032418
0.032224
0.032176
0.032313
0.031983
0.032339
0.032233
0.031986
0.032136
0.032341
0.032101
0.032180
0.032280
0.032229
0.031982
0.032053
0.032090
0.032185
0.032169
0.032244
0.032058
0.032055
0.032098
0.032027
0.032257
0.032027
0.032183
0.032122
0.032547
0.032189
0.032343
0.032339
0.032257
0.032465
0.032241
0.032261
0.032062
0.032059
0.032131
0.032169
0.032081
0.032279
0.032142
0.032135
0.032112
0.032175
0.031989
0.032455
0.032204
0.032283
0.032224
0.032231
0.032186
0.032295
0.032261
0.032015
0.032243
0.032287
0.032257
0.032030
0.031910
0.032063
0.031948
0.032156
0.032164
0.032193
0.032029
0.032190
0.031948
0.032156
0.032199
0.032027
0.032258
0.031957
0.032228
0.032171
0.031989
0.031969
0.032033
0.031974
0.032018
0.031997
0.032171
0.032058
0.031954
0.032145
0.032247
0.032307
0.032111
0.032163
0.032195
0.031816
0.032007
0.032073
0.032052
0.032138
0.032187
0.032419
0.032106
0.032127
0.032299
0.032420
0.031991
0.032182
0.032174
0.032101
0.031995
0.032019
0.031942
0.032128
0.032002
0.032312
0.032147
0.031946
0.031999
0.032107
0.032529
0.032075
0.032052
0.031919
0.032202
0.032254
0.032033
0.032052
0.032388
0.032231
0.032143
0.032210
