0.033116
0.040928
0.036191
0.041234
0.034951
0.038173
0.034167
0.038603
0.035996
0.038219
0.040765
0.036143
0.041606
0.035096
0.039035
0.034228
0.040409
0.034969
0.037398
0.033212
0.041477
0.037884
0.039776
0.035463
0.037712
0.034724
0.042300
0.037274
0.039975
0.036885
0.039365
0.041372
0.035096
0.035173
0.036801
0.040326
0.042365
0.032678
0.039332
0.035884
0.035391
0.039612
0.038685
0.039484
0.033795
0.035624
0.041964
0.038770
0.037197
0.032918
0.032427
0.042198
0.036805
0.035781
0.035661
0.033313
0.039735
0.035592
0.042324
0.036674
0.034279
0.040554
0.040068
0.038297
0.034430
0.037929
0.036505
0.040992
0.038319
0.034859
0.036464
0.037800
0.035964
0.036937
0.034381
0.036970
0.037138
0.040864
0.036309
0.036056
0.034836
0.043040
0.038981
0.035963
0.035607
0.040266
0.038758
0.032966
0.034261
0.039532
0.037475
0.036209
0.034850
0.038571
0.037540
0.039709
0.032875
0.038344
0.034839
0.038168
0.033452
0.034492
0.036916
0.039801
0.035285
0.036974
0.038215
0.038503
0.040746
0.034939
0.034921
0.040009
0.042484
0.041630
0.034493
0.036373
0.035751
0.035367
0.037326
0.037074
0.034903
0.035131
0.035279
0.033584
0.036110
0.034243
0.037884
0.034005
0.033325
0.034074
0.034658
0.036859
0.032556
0.034825
0.036956
0.038622
0.036339
0.037585
0.039196
0.036454
0.037526
0.037859
0.036711
0.041061
0.034091
0.034251
0.035503
0.036712
0.035254
0.040817
0.036492
0.036841
0.035122
0.038776
0.035495
0.040356
0.036980
0.040469
0.033918
0.037402
0.033427
0.041098
0.031963
0.039950
0.033919
0.039968
0.033533
0.043165
0.032045
0.038507
0.032965
0.043587
0.033985
0.043539
0.034004
0.038048
0.033108
0.036774
0.033086
0.038351
0.033660
0.037394
0.037013
0.035733
0.035001
0.038047
0.036539
0.037308
0.036976
0.039950
0.034467
0.042509
0.035235
0.039981
0.036829
0.041617
0.037338
0.038117
0.034944
0.036590
0.034977
0.035280
0.035771
0.035244
0.034556
0.039500
0.034833
0.037907
0.037285
0.036105
0.036248
0.035433
0.035128
0.032271
0.036957
0.035872
0.041138
0.032797
0.042277
0.036610
0.042105
0.035317
0.040324
0.034651
0.038346
0.036391
0.035108
0.034063
0.039723
0.032117
0.040142
0.034851
0.038024
0.036390
0.040239
0.034092
0.036592
0.034122
0.038234
0.033641
0.037422
0.034887
0.039591
0.037796
0.039570
0.034058
0.041275
0.036194
0.037566
0.037394
0.036519
0.035109
0.038108
0.035032
0.035947
0.036536
0.033947
0.033462
0.035745
0.035391
0.035888
0.036966
0.034810
0.042882
0.035607
0.034984
0.034613
0.035919
0.039501
0.037780
0.032209
0.034677
0.032864
0.039582
0.036336
0.035024
0.038630
0.034157
0.042050
0.031368
0.030043
0.034458
0.037594
0.039263
0.034539
0.035746
0.036892
0.033390
0.040222
0.034364
0.033599
0.035599
0.039757
0.036172
0.032987
0.035645
0.037881
0.040415
0.031387
0.032612
0.040178
0.042119
0.034736
0.036376
0.033686
0.038161
0.036838
0.031499
0.035705
0.037776
0.039710
0.034501
0.033185
0.043234
0.038590
0.037178
0.033672
0.037673
0.041112
0.036046
0.035378
0.034160
0.039356
0.038565
0.034135
0.036439
0.037176
0.041709
0.033307
0.034497
0.037250
0.043623
0.032381
0.035242
0.035294
0.043746
0.033219
0.037131
0.033967
0.037768
0.038566
0.031798
0.033670
0.036407
0.045622
0.031525
0.034611
0.037043
0.040565
0.033055
0.037142
0.033128
0.040281
0.039438
0.035957
0.034111
0.042235
0.036608
0.036181
0.036560
0.034750
0.041327
0.033527
0.035547
0.037760
0.038963
0.034844
0.035596
0.036955
0.039564
0.037543
0.035624
0.036799
0.036340
0.042965
0.037330
0.035096
0.032992
0.037231
0.034143
0.031786
0.035927
0.039332
0.041122
0.031553
0.036704
0.034795
0.044830
0.033807
0.033859
0.036336
0.040245
0.037088
0.030316
0.037112
0.038582
0.038258
0.034892
0.035297
0.040043
0.036073
0.033853
0.035092
0.042179
0.032575
0.032304
0.034265
0.039190
0.037877
0.033836
0.035223
0.034203
0.039611
0.033092
0.034098
0.035750
0.035395
0.037664
0.029318
0.037672
0.033663
0.039197
0.032474
0.034819
0.034070
0.040203
0.032532
0.036392
0.034388
0.038266
0.037739
0.031232
0.034221
0.037764
0.038187
0.035985
0.033955
0.036064
0.038686
0.033422
0.035879
0.033610
0.038662
0.036533
0.033526
0.034232
0.039980
0.038420
0.032066
0.036195
0.038228
0.039728
0.035590
0.037360
0.035977
0.036559
0.037151
0.033931
0.037785
0.039751
0.037605
0.034246
0.036596
0.037574
0.041138
0.032841
0.036983
0.034475
0.038446
0.034007
0.036909
0.037847
0.039472
0.033695
0.036238
0.036123
0.039138
0.033644
0.032556
0.033539
0.037862
0.033347
0.033838
0.031497
0.039995
0.033063
0.036028
0.035151
0.043309
0.032814
0.036293
0.034595
0.040002
0.038038
0.034651
0.034790
0.040398
0.035323
0.034827
0.036382
0.040663
0.037035
0.033815
0.032803
0.040643
0.039318
0.031044
0.034168
0.041296
0.037782
0.032669
0.034428
0.039350
0.036688
0.032974
0.034637
0.040626
0.037774
0.035247
0.034671
0.038032
0.038181
0.033902
0.033841
0.035276
0.038010
0.034354
0.036823
0.036461
0.037609
0.034025
0.036011
0.039086
0.038250
0.032266
0.039414
0.037602
0.031865
0.040638
0.035834
0.039809
0.032212
0.035596
0.036893
0.039493
0.034504
0.035975
0.036836
0.038109
0.038531
0.036758
0.036977
0.031595
0.032385
0.038443
0.036696
0.035118
0.033577
0.041960
0.037368
0.032282
0.037124
0.038669
0.039945
0.031913
0.034985
0.037152
0.037104
0.031381
0.036405
0.041268
0.036717
0.035650
0.036956
0.037637
0.037248
0.034523
0.035024
0.039005
0.035036
0.036191
0.033275
0.039005
0.035748
0.036483
0.034462
0.039174
0.033489
0.040300
0.035081
0.035972
0.034803
0.040450
0.036200
0.034418
0.035803
0.037735
0.039101
0.036441
0.036925
0.038675
0.033714
0.031046
0.034501
0.037113
0.035141
0.035888
0.036823
0.039195
0.034362
0.038426
0.034125
0.040626
0.034020
0.033522
0.029747
0.037018
0.033143
0.031363
0.034148
0.037410
0.034646
0.037448
0.034466
0.038851
0.037177
0.035645
0.032729
0.035827
0.037706
0.034831
0.033247
0.036791
0.039344
0.036413
0.035235
0.038889
0.037241
0.035538
0.032903
0.039974
0.034632
0.037187
0.034227
0.037711
0.032341
0.038963
0.033349
0.037013
0.038758
0.035735
0.039178
0.034259
0.035787
0.033132
0.039918
0.032199
0.035043
0.034467
0.039562
0.032307
0.038154
0.036277
0.038963
0.036151
0.037548
0.037686
0.037133
0.035773
0.034343
0.038138
0.034297
0.039184
0.033379
0.038400
0.036835
0.037666
0.036216
0.038489
0.035093
0.036999
0.036243
0.041433
0.033170
0.036229
0.036759
0.036831
0.035569
0.035489
0.040608
0.033632
0.034135
0.035052
0.036729
0.033031
0.037165
0.040563
0.033540
0.037431
0.037757
0.036888
0.035642
0.038775
0.038110
0.035362
0.037247
0.033264
0.035678
0.032117
0.038547
0.035781
0.036415
0.036657
0.038250
0.036153
0.036692
0.036709
0.036836
0.036677
0.037721
0.032431
0.038083
0.035888
0.038006
0.036123
0.037223
0.038618
0.037101
0.035445
0.036825
0.036984
0.037198
0.032394
0.035301
0.037984
0.035329
0.040558
0.034479
0.039795
0.033261
0.034474
0.037036
0.035784
0.034297
0.037863
0.036685
0.035623
0.037187
0.038491
0.034745
0.035987
0.032889
0.037585
0.032263
0.037107
0.037094
0.033961
0.037270
0.038633
0.039820
0.038774
0.035654
0.035956
0.040453
0.035892
0.034306
0.037916
0.034059
0.039308
0.035301
0.037649
0.039172
0.035484
0.037839
0.036637
0.037274
0.037967
0.031061
0.036590
0.035072
0.040356
0.037905
0.036866
0.034565
0.037403
0.039078
0.037888
0.036842
0.039837
0.035896
0.039020
0.035209
0.042484
0.036236
0.035559
0.040940
0.033296
0.037513
0.036257
0.037427
0.039603
0.036364
0.036598
0.034934
0.038405
0.036002
0.037667
0.034356
0.039813
0.037005
0.036245
0.030908
0.037285
0.033987
0.034944
0.035434
0.042421
0.037817
0.037453
0.036897
0.041187
0.038773
0.038814
0.037239
0.038314
0.036937
0.033470
0.035961
0.040014
0.035606
0.034212
0.036088
0.036808
0.035092
0.037563
0.039281
0.041422
0.035348
0.036641
0.035510
0.037702
0.035837
0.036444
0.040024
0.037510
0.034058
0.034575
0.037142
0.039341
0.034970
0.034673
0.037003
0.041498
0.036209
0.035679
0.034450
0.040721
0.039448
0.035432
0.037258
0.039359
0.037413
0.037151
0.035134
0.042048
0.035456
0.039314
0.033342
0.042564
0.036790
0.034829
0.036231
0.037031
0.035598
0.034643
0.034821
0.041170
0.035067
0.035370
0.035201
0.038980
0.034497
0.033900
0.033467
0.039166
0.036112
0.033827
0.035979
0.041305
0.034822
0.036837
0.033868
0.038741
0.037130
0.034066
0.035287
0.040005
0.037089
0.035395
0.034649
0.037982
0.034051
0.033143
0.032249
0.036083
0.036202
0.033824
0.037091
0.039212
0.036603
0.035856
0.037725
0.038264
0.036841
0.032573
0.037804
0.035386
0.038072
0.035521
0.035580
0.039359
0.039853
0.036301
0.036400
0.039911
0.039448
0.034092
0.037378
0.035458
0.036751
0.031174
0.030826
0.039616
0.039305
0.036734
0.032500
0.040474
0.035312
0.036315
0.033089
0.038238
0.035212
0.034643
0.032086
0.039503
0.032048
0.036762
0.031980
0.039059
0.038178
0.033594
0.032972
0.037672
0.036268
0.035423
0.035326
0.037287
0.037012
0.034631
0.033518
0.037157
0.035765
0.035901
0.030813
0.034762
0.038445
0.034924
0.034707
0.039786
0.038909
0.035616
0.034536
0.039120
0.039275
0.037292
0.035660
0.036709
0.036868
0.039722
0.039498
0.036577
0.037582
0.041040
0.036065
0.037160
0.037762
0.037979
0.033930
0.037431
0.035863
0.036803
0.034488
0.042228
0.036579
0.036883
0.034257
0.037397
0.035793
0.038529
0.034180
