0.019387
0.019369
0.019448
0.019492
0.019492
0.019424
0.019328
0.019389
0.019474
0.019429
0.019460
0.019419
0.019378
0.019407
0.019348
0.019441
0.019450
0.019433
0.019447
0.019436
0.019316
0.019434
0.019490
0.019492
0.019579
0.019498
0.019407
0.019403
0.019372
0.019544
0.019471
0.019445
0.019454
0.019484
0.019410
0.019438
0.019447
0.019412
0.019439
0.019329
0.019427
0.019439
0.019423
0.019462
0.019489
0.019345
0.019414
0.019429
0.019389
0.019394
0.019455
0.019493
0.019445
0.019393
0.019418
0.019450
0.019445
0.019423
0.019464
0.019468
0.019428
0.019457
0.019472
0.019446
0.019401
0.019493
0.019417
0.019389
0.019451
0.019494
0.019352
0.019387
0.019485
0.019426
0.019447
0.019501
0.019441
0.019431
0.019421
0.019461
0.019415
0.019548
0.019466
0.019455
0.019466
0.019510
0.019408
0.019460
0.019356
0.019488
0.019425
0.019446
0.019412
0.019461
0.019490
0.019477
0.019468
0.019538
0.019425
0.019441
0.019538
0.019386
0.019408
0.019510
0.019451
0.019539
0.019464
0.019437
0.019344
0.019397
0.019429
0.019455
0.019422
0.019504
0.019318
0.019402
0.019490
0.019495
0.019462
0.019530
0.019484
0.019490
0.019463
0.019424
0.019436
0.019499
0.019443
0.019397
0.019433
0.019582
0.019487
0.019426
0.019469
0.019457
0.019438
0.019494
0.019492
0.019453
0.019484
0.019328
0.019447
0.019432
0.019452
0.019421
0.019485
0.019426
0.019452
0.019383
0.019447
0.019424
0.019499
0.019355
0.019455
0.019533
0.019418
0.019454
0.019484
0.019472
0.019460
0.019490
0.019444
0.019439
0.019474
0.019518
0.019392
0.019425
0.019413
0.019460
0.019479
0.019476
0.019578
0.019415
0.019363
0.019426
0.019452
0.019281
0.019410
0.019378
0.019415
0.019428
0.019495
0.019432
0.019418
0.019377
0.019467
0.019356
0.019479
0.019453
0.019413
0.019464
0.019494
0.019449
0.019465
0.019502
0.019483
0.019437
0.019434
0.019436
0.019471
0.019405
0.019533
0.019524
0.019526
0.019393
0.019456
0.019470
0.019418
0.019543
0.019446
0.019356
0.019424
0.019437
0.019411
0.019451
0.019552
0.019542
0.019449
0.019441
0.019437
0.019434
0.019400
0.019488
0.019426
0.019367
0.019468
0.019459
0.019455
0.019412
0.019453
0.019411
0.019436
0.019461
0.019461
0.019470
0.019491
0.019479
0.019418
0.019409
0.019497
0.019337
0.019551
0.019428
0.019414
0.019569
0.019445
0.019395
0.019484
0.019480
0.019460
0.019482
0.019483
0.019508
0.019489
0.019408
0.019437
0.019480
0.019544
0.019532
0.019390
0.019350
0.019440
0.019485
0.019485
0.019437
0.019481
0.019383
0.019529
0.019462
0.019364
0.019419
0.019468
0.019380
0.019435
0.019386
0.019402
0.019427
0.019466
0.019463
0.019392
0.019458
0.019427
0.019471
0.019454
0.019479
0.019448
0.019427
0.019460
0.019319
0.019435
0.019487
0.019449
0.019405
0.019491
0.019360
0.019358
0.019410
0.019458
0.019413
0.019565
0.019441
0.019445
0.019378
0.019496
0.019453
0.019431
0.019448
0.019442
0.019481
0.019375
0.019470
0.019447
0.019453
0.019453
0.019461
0.019529
0.019335
0.019371
0.019442
0.019443
0.019444
0.019438
0.019430
0.019379
0.019436
0.019376
0.019432
0.019488
0.019446
0.019502
0.019459
0.019563
0.019392
0.019378
0.019397
0.019504
0.019434
0.019424
0.019368
0.019502
0.019448
0.019404
0.019442
0.019410
0.019453
0.019444
0.019357
0.019514
0.019486
0.019465
0.019478
0.019443
0.019464
0.019441
0.019517
0.019559
0.019436
0.019505
0.019482
0.019427
0.019416
0.019443
0.019503
0.019375
0.019423
0.019508
0.019469
0.019389
0.019484
0.019407
0.019416
0.019444
0.019442
0.019460
0.019401
0.019445
0.019469
0.019438
0.019432
0.019414
0.019404
0.019467
0.019515
0.019546
0.019459
0.019349
0.019428
0.019446
0.019548
0.019414
0.019401
0.019446
0.019520
0.019479
0.019464
0.019407
0.019487
0.019393
0.019441
0.019376
0.019478
0.019393
0.019435
0.019472
0.019400
0.019450
0.019462
0.019441
0.019377
0.019441
0.019471
0.019412
0.019440
0.019362
0.019457
0.019397
0.019446
0.019410
0.019462
0.019397
0.019365
0.019434
0.019560
0.019416
0.019450
0.019421
0.019440
0.019409
0.019573
0.019448
0.019513
0.019466
0.019488
0.019429
0.019549
0.019498
0.019535
0.019452
0.019482
0.019484
0.019532
0.019456
0.019483
0.019446
0.019333
0.019414
0.019394
0.019493
0.019449
0.019468
0.019466
0.019508
0.019453
0.019350
0.019416
0.019405
0.019451
0.019449
0.019450
0.019452
0.019430
0.019487
0.019446
0.019426
0.019416
0.019418
0.019585
0.019306
0.019419
0.019406
0.019415
0.019429
0.019416
0.019478
0.019513
0.019411
0.019397
0.019433
0.019443
0.019497
0.019392
0.019435
0.019426
0.019542
0.019450
0.019416
0.019416
0.019438
0.019510
0.019457
0.019461
0.019411
0.019430
0.019533
0.019430
0.019435
0.019426
0.019592
0.019478
0.019497
0.019413
0.019355
0.019518
0.019473
0.019409
0.019455
0.019409
0.019410
0.019456
0.019374
0.019461
0.019512
0.019490
0.019421
0.019447
0.019485
0.019450
0.019341
0.019558
0.019442
0.019438
0.019422
0.019455
0.019411
0.019530
0.019475
0.019473
0.019384
0.019447
0.019467
0.019463
0.019429
0.019409
0.019410
0.019529
0.019480
0.019434
0.019521
0.019371
0.019369
0.019502
0.019495
0.019466
0.019433
0.019436
0.019415
0.019414
0.019452
0.019468
0.019451
0.019484
0.019575
0.019440
0.019457
0.019497
0.019439
0.019429
0.019388
0.019444
0.019527
0.019460
0.019358
0.019468
0.019478
0.019466
0.019482
0.019466
0.019430
0.019372
0.019417
0.019456
0.019447
0.019450
0.019426
0.019358
0.019442
0.019438
0.019499
0.019479
0.019455
0.019478
0.019504
0.019472
0.019433
0.019477
0.019385
0.019453
0.019470
0.019424
0.019470
0.019449
0.019436
0.019445
0.019394
0.019480
0.019457
0.019431
0.019511
0.019459
0.019464
0.019483
0.019482
0.019461
0.019449
0.019407
0.019449
0.019494
0.019410
0.019460
0.019434
0.019412
0.019417
0.019461
0.019403
0.019443
0.019464
0.019437
0.019380
0.019403
0.019462
0.019375
0.019439
0.019531
0.019398
0.019535
0.019457
0.019458
0.019523
0.019430
0.019413
0.019547
0.019515
0.019500
0.019336
0.019460
0.019492
0.019469
0.019431
0.019516
0.019433
0.019483
0.019501
0.019491
0.019480
0.019571
0.019412
0.019456
0.019456
0.019494
0.019415
0.019447
0.019503
0.019444
0.019473
0.019477
0.019509
0.019558
0.019464
0.019421
0.019419
0.019384
0.019475
0.019435
0.019617
0.019456
0.019444
0.019411
0.019474
0.019516
0.019408
0.019405
0.019392
0.019364
0.019466
0.019442
0.019417
0.019442
0.019504
0.019422
0.019488
0.019469
0.019460
0.019553
0.019432
0.019390
0.019439
0.019456
0.019440
0.019436
0.019439
0.019480
0.019525
0.019426
0.019416
0.019452
0.019489
0.019473
0.019483
0.019476
0.019516
0.019505
0.019381
0.019499
0.019371
0.019415
0.019465
0.019418
0.019478
0.019442
0.019426
0.019411
0.019511
0.019433
0.019471
0.019457
0.019504
0.019509
0.019398
0.019445
0.019501
0.019468
0.019405
0.019456
0.019428
0.019375
0.019347
0.019395
0.019420
0.019400
0.019434
0.019471
0.019421
0.019435
0.019464
0.019414
0.019436
0.019366
0.019449
0.019521
0.019509
0.019467
0.019434
0.019478
0.019473
0.019446
0.019455
0.019525
0.019434
0.019522
0.019408
0.019359
0.019391
0.019531
0.019456
0.019438
0.019560
0.019458
0.019452
0.019434
0.019505
0.019499
0.019455
0.019415
0.019435
0.019440
0.019490
0.019482
0.019423
0.019391
0.019398
0.019454
0.019437
0.019474
0.019455
0.019391
0.019460
0.019398
0.019512
0.019497
0.019520
0.019422
0.019563
0.019435
0.019452
0.019363
0.019439
0.019493
0.019457
0.019381
0.019462
0.019480
0.019456
0.019514
0.019476
0.019455
0.019495
0.019557
0.019446
0.019360
0.019440
0.019562
0.019510
0.019420
0.019453
0.019433
0.019439
0.019337
0.019440
0.019474
0.019440
0.019400
0.019438
0.019471
0.019447
0.019467
0.019503
0.019499
0.019402
0.019476
0.019386
0.019440
0.019423
0.019535
0.019464
0.019422
0.019478
0.019499
0.019440
0.019508
0.019598
0.019427
0.019384
0.019449
0.019507
0.019526
0.019455
0.019542
0.019569
0.019463
0.019400
0.019523
0.019454
0.019439
0.019480
0.019369
0.019423
0.019443
0.019462
0.019465
0.019486
0.019403
0.019437
0.019446
0.019436
0.019524
0.019477
0.019478
0.019413
0.019427
0.019392
0.019436
0.019484
0.019468
0.019543
0.019409
0.019507
0.019528
0.019446
0.019445
0.019471
0.019412
0.019516
0.019446
0.019354
0.019434
0.019381
0.019523
0.019528
0.019461
0.019517
0.019377
0.019437
0.019450
0.019412
0.019466
0.019511
0.019382
0.019449
0.019464
0.019444
0.019449
0.019480
0.019481
0.019464
0.019462
0.019467
0.019411
0.019457
0.019433
0.019376
0.019423
0.019426
0.019415
0.019500
0.019505
0.019424
0.019447
0.019498
0.019435
0.019374
0.019454
0.019458
0.019513
0.019429
0.019462
0.019534
0.019418
0.019419
0.019444
0.019495
0.019486
0.019460
0.019376
0.019554
0.019481
0.019437
0.019497
0.019567
0.019388
0.019503
0.019487
0.019454
0.019556
0.019543
0.019505
0.019434
0.019474
0.019498
0.019560
0.019454
0.019539
0.019569
0.019494
0.019478
0.019419
0.019502
0.019439
0.019446
0.019357
0.019418
0.019494
0.019461
0.019448
0.019489
0.019429
0.019471
0.019546
0.019548
0.019479
0.019528
0.019485
0.019371
0.019471
0.019452
0.019398
0.019610
0.019497
0.019430
0.019526
0.019577
0.019408
0.019431
0.019548
0.019431
0.019489
0.019540
0.019503
0.019540
0.019524
0.019462
0.019532
0.019542
0.019451
0.019422
0.019450
0.019423
0.019449
0.019454
0.019459
0.019484
0.019475
0.019417
0.019546
0.019522
0.019363
0.019452
0.019489
0.019458
0.019402
0.019479
0.019369
