0.018691
0.018722
0.018758
0.018705
0.018752
0.018687
0.018699
0.018731
0.018696
0.018767
0.018767
0.018685
0.018713
0.018730
0.018701
0.018700
0.018699
0.018766
0.018717
0.018675
0.018728
0.018704
0.018752
0.018644
0.018712
0.018731
0.018802
0.018676
0.018677
0.018683
0.018741
0.018754
0.018755
0.018643
0.018711
0.018734
0.018697
0.018708
0.018731
0.018689
0.018754
0.018728
0.018695
0.018705
0.018739
0.018733
0.018710
0.018669
0.018791
0.018699
0.018732
0.018753
0.018721
0.018754
0.018718
0.018704
0.018697
0.018694
0.018733
0.018654
0.018733
0.018808
0.018754
0.018666
0.018734
0.018782
0.018718
0.018663
0.018671
0.018747
0.018697
0.018672
0.018732
0.018683
0.018726
0.018639
0.018731
0.018738
0.018817
0.018762
0.018760
0.018673
0.018703
0.018741
0.018717
0.018733
0.018766
0.018712
0.018715
0.018730
0.018732
0.018673
0.018739
0.018708
0.018752
0.018665
0.018721
0.018773
0.018750
0.018729
0.018727
0.018804
0.018740
0.018732
0.018701
0.018707
0.018722
0.018674
0.018718
0.018753
0.018717
0.018693
0.018745
0.018743
0.018770
0.018748
0.018750
0.018784
0.018771
0.018786
0.018653
0.018762
0.018727
0.018720
0.018804
0.018734
0.018675
0.018678
0.018706
0.018724
0.018775
0.018696
0.018762
0.018755
0.018725
0.018812
0.018751
0.018756
0.018677
0.018741
0.018718
0.018795
0.018658
0.018692
0.018717
0.018818
0.018703
0.018763
0.018777
0.018721
0.018680
0.018750
0.018675
0.018740
0.018791
0.018729
0.018693
0.018763
0.018698
0.018704
0.018710
0.018710
0.018717
0.018735
0.018754
0.018763
0.018750
0.018721
0.018715
0.018725
0.018742
0.018755
0.018733
0.018809
0.018754
0.018737
0.018705
0.018730
0.018716
0.018713
0.018707
0.018759
0.018753
0.018711
0.018775
0.018713
0.018742
0.018718
0.018731
0.018692
0.018727
0.018737
0.018771
0.018643
0.018695
0.018709
0.018767
0.018759
0.018727
0.018696
0.018753
0.018695
0.018704
0.018777
0.018670
0.018691
0.018719
0.018769
0.018678
0.018720
0.018724
0.018751
0.018670
0.018818
0.018809
0.018825
0.018668
0.018759
0.018716
0.018710
0.018723
0.018725
0.018729
0.018696
0.018770
0.018690
0.018714
0.018842
0.018759
0.018730
0.018810
0.018621
0.018816
0.018727
0.018784
0.018721
0.018728
0.018790
0.018736
0.018765
0.018671
0.018790
0.018748
0.018708
0.018690
0.018786
0.018708
0.018698
0.018722
0.018782
0.018752
0.018737
0.018712
0.018735
0.018688
0.018766
0.018756
0.018743
0.018683
0.018758
0.018694
0.018710
0.018724
0.018689
0.018697
0.018710
0.018761
0.018735
0.018725
0.018716
0.018712
0.018717
0.018820
0.018738
0.018733
0.018758
0.018747
0.018730
0.018742
0.018686
0.018752
0.018722
0.018670
0.018786
0.018745
0.018725
0.018696
0.018726
0.018755
0.018791
0.018783
0.018788
0.018706
0.018744
0.018686
0.018771
0.018698
0.018690
0.018753
0.018715
0.018777
0.018809
0.018739
0.018706
0.018711
0.018750
0.018716
0.018760
0.018725
0.018729
0.018624
0.018727
0.018771
0.018754
0.018708
0.018747
0.018802
0.018720
0.018643
0.018717
0.018783
0.018741
0.018640
0.018689
0.018737
0.018718
0.018671
0.018700
0.018705
0.018773
0.018697
0.018704
0.018691
0.018726
0.018716
0.018739
0.018742
0.018814
0.018725
0.018641
0.018724
0.018744
0.018718
0.018623
0.018681
0.018731
0.018688
0.018727
0.018732
0.018723
0.018731
0.018781
0.018735
0.018786
0.018720
0.018711
0.018710
0.018718
0.018804
0.018739
0.018783
0.018708
0.018779
0.018738
0.018732
0.018726
0.018746
0.018707
0.018739
0.018709
0.018687
0.018732
0.018735
0.018722
0.018724
0.018701
0.018751
0.018680
0.018719
0.018787
0.018700
0.018736
0.018688
0.018697
0.018745
0.018749
0.018652
0.018720
0.018726
0.018687
0.018764
0.018765
0.018731
0.018796
0.018646
0.018731
0.018707
0.018716
0.018746
0.018754
0.018659
0.018751
0.018736
0.018725
0.018780
0.018772
0.018700
0.018727
0.018821
0.018795
0.018758
0.018731
0.018651
0.018732
0.018754
0.018754
0.018651
0.018824
0.018698
0.018741
0.018668
0.018693
0.018698
0.018823
0.018716
0.018682
0.018765
0.018725
0.018713
0.018706
0.018733
0.018737
0.018716
0.018727
0.018779
0.018810
0.018715
0.018743
0.018809
0.018798
0.018735
0.018700
0.018711
0.018729
0.018796
0.018775
0.018704
0.018724
0.018703
0.018761
0.018705
0.018781
0.018751
0.018686
0.018688
0.018745
0.018776
0.018666
0.018731
0.018730
0.018775
0.018759
0.018736
0.018800
0.018719
0.018696
0.018742
0.018864
0.018792
0.018724
0.018710
0.018690
0.018768
0.018729
0.018759
0.018736
0.018728
0.018755
0.018717
0.018718
0.018764
0.018746
0.018748
0.018709
0.018626
0.018785
0.018745
0.018708
0.018720
0.018755
0.018720
0.018780
0.018752
0.018707
0.018796
0.018751
0.018795
0.018733
0.018698
0.018645
0.018715
0.018753
0.018678
0.018765
0.018708
0.018694
0.018657
0.018642
0.018706
0.018786
0.018706
0.018710
0.018758
0.018734
0.018813
0.018684
0.018698
0.018735
0.018765
0.018717
0.018704
0.018786
0.018713
0.018734
0.018740
0.018732
0.018709
0.018695
0.018763
0.018725
0.018703
0.018743
0.018739
0.018712
0.018699
0.018722
0.018753
0.018716
0.018688
0.018668
0.018683
0.018720
0.018810
0.018700
0.018739
0.018717
0.018724
0.018721
0.018709
0.018773
0.018754
0.018718
0.018688
0.018714
0.018765
0.018667
0.018725
0.018706
0.018684
0.018729
0.018737
0.018763
0.018656
0.018738
0.018724
0.018730
0.018718
0.018694
0.018800
0.018751
0.018719
0.018659
0.018738
0.018743
0.018750
0.018731
0.018721
0.018699
0.018777
0.018769
0.018697
0.018768
0.018770
0.018755
0.018732
0.018772
0.018722
0.018733
0.018778
0.018716
0.018702
0.018744
0.018687
0.018720
0.018758
0.018740
0.018844
0.018812
0.018725
0.018690
0.018793
0.018719
0.018748
0.018742
0.018753
0.018726
0.018733
0.018661
0.018780
0.018729
0.018731
0.018676
0.018707
0.018724
0.018771
0.018695
0.018723
0.018691
0.018728
0.018706
0.018709
0.018701
0.018736
0.018765
0.018734
0.018714
0.018725
0.018738
0.018738
0.018739
0.018753
0.018718
0.018761
0.018761
0.018720
0.018730
0.018720
0.018808
0.018780
0.018779
0.018750
0.018728
0.018704
0.018762
0.018661
0.018706
0.018753
0.018699
0.018707
0.018700
0.018736
0.018720
0.018777
0.018718
0.018751
0.018719
0.018678
0.018706
0.018770
0.018724
0.018767
0.018838
0.018813
0.018720
0.018758
0.018772
0.018794
0.018706
0.018757
0.018751
0.018664
0.018697
0.018784
0.018727
0.018734
0.018747
0.018731
0.018758
0.018763
0.018705
0.018686
0.018720
0.018787
0.018747
0.018677
0.018748
0.018709
0.018732
0.018683
0.018663
0.018693
0.018688
0.018672
0.018733
0.018790
0.018702
0.018774
0.018721
0.018783
0.018752
0.018896
0.018699
0.018665
0.018793
0.018722
0.018718
0.018696
0.018742
0.018766
0.018829
0.018648
0.018753
0.018707
0.018720
0.018673
0.018770
0.018710
0.018763
0.018654
0.018715
0.018742
0.018837
0.018743
0.018725
0.018740
0.018778
0.018746
0.018747
0.018702
0.018736
0.018790
0.018734
0.018721
0.018719
0.018715
0.018764
0.018734
0.018713
0.018675
0.018742
0.018773
0.018720
0.018690
0.018671
0.018740
0.018711
0.018688
0.018613
0.018707
0.018736
0.018722
0.018653
0.018796
0.018774
0.018725
0.018661
0.018729
0.018780
0.018702
0.018650
0.018826
0.018748
0.018757
0.018807
0.018733
0.018768
0.018730
0.018711
0.018753
0.018766
0.018733
0.018788
0.018721
0.018696
0.018726
0.018737
0.018790
0.018750
0.018817
0.018747
0.018705
0.018794
0.018760
0.018806
0.018673
0.018732
0.018731
0.018700
0.018708
0.018755
0.018747
0.018782
0.018732
0.018783
0.018746
0.018823
0.018724
0.018733
0.018777
0.018773
0.018758
0.018743
0.018730
0.018685
0.018667
0.018714
0.018726
0.018732
0.018741
0.018696
0.018741
0.018686
0.018813
0.018698
0.018683
0.018740
0.018730
0.018742
0.018724
0.018711
0.018791
0.018727
0.018684
0.018674
0.018724
0.018696
0.018733
0.018859
0.018663
0.018771
0.018754
0.018715
0.018671
0.018723
0.018756
0.018797
0.018623
0.018730
0.018682
0.018715
0.018705
0.018781
0.018689
0.018609
0.018708
0.018737
0.018708
0.018620
0.018686
0.018722
0.018734
0.018676
0.018710
0.018777
0.018706
0.018721
0.018693
0.018712
0.018724
0.018715
0.018708
0.018779
0.018809
0.018759
0.018704
0.018727
0.018712
0.018732
0.018713
0.018722
0.018793
0.018744
0.018751
0.018703
0.018699
0.018872
0.018782
0.018704
0.018656
0.018731
0.018759
0.018802
0.018754
0.018684
0.018707
0.018755
0.018729
0.018664
0.018689
0.018740
0.018785
0.018710
0.018740
0.018741
0.018700
0.018634
0.018727
0.018736
0.018711
0.018684
0.018706
0.018690
0.018731
0.018716
0.018732
0.018725
0.018710
0.018759
0.018842
0.018734
0.018730
0.018783
0.018678
0.018759
0.018742
0.018745
0.018725
0.018693
0.018692
0.018738
0.018664
0.018715
0.018778
0.018682
0.018694
0.018708
0.018704
0.018664
0.018693
0.018733
0.018736
0.018759
0.018730
0.018780
0.018731
0.018731
0.018739
0.018741
0.018796
0.018748
0.018748
0.018678
0.018760
0.018686
0.018694
0.018797
0.018713
0.018730
0.018745
0.018756
0.018697
0.018713
0.018727
0.018730
0.018636
0.018689
0.018716
0.018747
0.018663
0.018685
0.018721
0.018773
0.018699
0.018759
0.018718
0.018746
0.018708
0.018692
0.018770
0.018757
0.018694
0.018692
0.018720
0.018743
0.018705
0.018678
0.018762
0.018728
0.018766
0.018715
0.018712
0.018776
0.018756
0.018694
0.018755
0.018719
0.018711
0.018663
0.018704
0.018749
0.018709
0.018717
0.018689
0.018626
0.018713
0.018700
0.018716
0.018665
0.018733
0.018732
