1.145517
1.107745
1.101381
1.109719
1.113302
1.111068
1.149812
1.110484
1.100970
1.096458
1.095172
1.098986
1.155413
1.103404
1.107132
1.118119
1.113842
1.168865
1.105099
1.112513
1.112796
1.109828
1.106344
1.161162
1.107547
1.099320
1.104613
1.105418
1.098752
1.150809
1.108678
1.102367
1.105986
1.103034
1.112240
1.156879
1.104304
1.103299
1.107082
1.099015
1.108848
1.159765
1.100718
1.102638
1.103209
1.108660
1.100774
1.152330
1.114343
1.114179
1.103185
1.106469
1.111604
1.159821
1.108001
1.103184
1.111640
1.102095
1.151423
1.107808
1.108764
1.109335
1.107000
1.157372
1.127142
1.111195
1.100616
1.159159
1.114707
1.106790
1.109329
1.100517
1.098676
1.155308
1.112109
1.116808
1.111976
1.106518
1.164882
1.106362
1.110825
1.112614
1.105512
1.099132
1.162804
1.111390
1.116570
1.111838
1.111694
1.159898
1.110372
1.113252
1.112554
1.119867
1.107001
1.147406
1.107641
1.108012
1.106978
1.108268
1.112204
1.166721
1.114202
1.116847
1.104743
1.114269
1.098108
1.157794
1.112282
1.109812
1.105549
1.111321
1.122008
1.157242
1.103770
1.109109
1.103804
1.103798
1.118583
1.155806
1.106235
1.102981
1.104623
1.094740
1.106608
1.156279
1.096959
1.110767
1.113118
1.102730
1.114546
1.156268
1.103385
1.112519
1.112241
1.112835
1.097887
1.107285
1.107607
1.103522
1.112451
1.108127
1.161253
1.097681
1.108704
1.108499
1.112312
1.100519
1.156113
1.093848
1.112906
1.106353
1.104419
1.101395
1.165528
1.106137
1.101319
1.100580
1.100801
1.098918
1.148200
1.105091
1.105357
1.115054
1.100869
1.108301
1.161122
1.102919
1.111840
1.110313
1.118770
1.174896
1.105646
1.111138
1.109531
1.106237
1.109984
1.163289
1.114836
1.104714
1.113671
1.122920
1.100715
1.161490
1.102694
1.111825
1.104332
1.107692
1.098833
1.157457
1.121027
1.105301
1.111848
1.102979
1.108736
1.152070
1.104737
1.106889
1.101938
1.106569
1.110144
1.168791
1.109710
1.102827
1.108275
1.103691
1.114973
1.155119
1.117163
1.109568
1.124682
1.105137
1.108910
1.154894
1.104259
1.109597
1.105712
1.104660
1.107040
1.152166
1.104579
1.115772
1.112912
1.102705
1.111862
1.106294
1.106398
1.105322
1.104573
1.103814
1.151629
1.101093
1.102487
1.105628
1.094731
1.114187
1.156845
1.099256
1.106904
1.102502
1.114496
1.104831
1.156596
1.103218
1.113520
1.111297
1.100388
1.115943
1.156117
1.111166
1.107499
1.114798
1.105665
1.102013
1.152509
1.103889
1.104217
1.106614
1.106776
1.108549
1.162963
1.109872
1.103232
1.103922
1.097657
1.103778
1.158826
1.105441
1.106143
1.099285
1.107365
1.108354
1.159433
1.106232
1.106188
1.108386
1.109902
1.109313
1.170014
1.120019
1.112616
1.107289
1.105127
1.110312
1.165641
1.101359
1.111641
1.112164
1.114390
1.159487
1.101238
1.101101
1.103427
1.115622
1.104310
1.112275
1.153406
1.108805
1.108746
1.111115
1.096704
1.153270
1.107217
1.107603
1.102778
1.106421
1.105488
1.163363
1.105490
1.102244
1.104038
1.110892
1.097122
1.159921
1.098855
1.103691
1.108406
1.110099
1.105930
1.159198
1.115399
1.107059
1.113878
1.109932
1.103922
1.170122
1.121311
1.122713
1.102902
1.111832
1.107318
1.158490
1.101518
1.108410
1.099477
1.103181
1.100760
1.156078
1.105700
1.103681
1.109392
1.104395
1.100638
1.165177
1.105690
1.102921
1.115145
1.111894
1.111954
1.157602
1.111367
1.106589
1.110613
1.117099
1.155662
1.110984
1.106500
1.109399
1.106839
1.106885
1.159584
1.100990
1.102713
1.108052
1.101158
1.110124
1.158027
1.100960
1.108155
1.105002
1.116608
1.108057
1.161897
1.110585
1.113763
1.109413
1.100209
1.103108
1.169593
1.116520
1.107919
1.114219
1.107737
1.108417
1.153904
1.108913
1.110538
1.113324
1.113218
1.114534
1.161329
1.108352
1.108495
1.108697
1.110822
1.102761
1.155901
1.109434
1.113048
1.111748
1.105668
1.109471
1.151463
1.107916
1.112135
1.106757
1.116146
1.150671
1.107080
1.106912
1.106227
1.102444
1.111910
1.155293
1.111160
1.105114
1.111571
1.115845
1.105510
1.164868
1.100308
1.112396
1.106372
1.110459
1.113803
1.165546
1.108333
1.100515
1.106243
1.105214
1.119725
1.165612
1.096858
1.110484
1.108704
1.109542
1.109478
1.173887
1.108119
1.106174
1.108403
1.109121
1.112554
1.161445
1.114783
1.108671
1.116039
1.169393
1.110178
1.109173
1.106253
1.100857
1.109322
1.166429
1.106542
1.101123
1.108175
1.106426
1.106494
1.155334
1.113977
1.122831
1.110090
1.107368
1.160130
1.112055
1.111165
1.096066
1.113696
1.107724
1.155156
1.106795
1.107207
1.110100
1.113581
1.125222
1.162891
1.108414
1.104757
1.102818
1.110539
1.104170
1.166930
1.119591
1.114530
1.113940
1.110982
1.162577
1.112680
1.112557
1.114894
1.101772
1.111567
1.161423
1.112078
1.109519
1.100873
1.113202
1.111690
1.148871
1.105403
1.110391
1.117971
1.103302
1.116481
1.154645
1.108539
1.104012
1.112385
1.100608
1.103226
1.153852
1.104885
1.110450
1.103297
1.152239
1.103595
1.106350
1.103405
1.111873
1.113363
1.147090
1.113442
1.118784
1.105819
1.105339
1.109483
1.154518
1.116460
1.105148
1.113282
1.104528
1.112437
1.106397
1.110317
1.114137
1.106025
1.102000
1.159800
1.110661
1.111300
1.112388
1.111297
1.115179
1.156223
1.102610
1.107439
1.110654
1.103143
1.149454
1.103181
1.107994
1.110178
1.107074
1.107375
1.152499
1.102570
1.111873
1.120125
1.106225
1.102977
1.151351
1.108537
1.108616
1.114407
1.112806
1.158982
1.109422
1.110785
1.107576
1.103311
1.113201
1.167763
1.101735
1.108866
1.112784
1.112771
1.112937
1.159127
1.106239
1.100496
1.105617
1.101378
1.106230
1.161637
1.106096
1.113707
1.112090
1.109117
1.155608
1.109387
1.103458
1.104541
1.115252
1.104379
1.151712
1.112772
1.114286
1.104656
1.121203
1.118526
1.158295
1.104456
1.106783
1.111031
1.110564
1.105216
1.160953
1.106339
1.106093
1.099951
1.105287
1.113927
1.162177
1.112484
1.099591
1.103330
1.104056
1.114153
1.157947
1.104758
1.102495
1.102860
1.101206
1.161922
1.116146
1.110600
1.126336
1.116174
1.109533
1.169040
1.112023
1.113135
1.115705
1.105345
1.116250
1.154009
1.107074
1.107254
1.107752
1.106257
1.106626
1.155421
1.114554
1.101914
1.102874
1.112941
1.109474
1.162310
1.105080
1.113154
1.105521
1.110527
1.114476
1.152088
1.110356
1.111855
1.099322
1.111748
1.105758
1.166439
1.104317
1.122279
1.111316
1.111187
1.161523
1.115810
1.101157
1.114971
1.120094
1.116342
1.162695
1.112546
1.119307
1.102093
1.115089
1.102033
1.167321
1.106705
1.106504
1.108286
1.104889
1.107342
1.147098
1.107638
1.101019
1.105462
1.101228
1.099222
1.154559
1.104992
1.108914
1.111441
1.100461
1.103423
1.158975
1.102622
1.105828
1.106139
1.102359
1.112112
1.154792
1.113205
1.120141
1.115272
1.110911
1.113964
1.157564
1.111914
1.111449
1.120576
1.117587
1.117520
1.154753
1.103299
1.119888
1.105557
1.109717
1.160388
1.108115
1.110935
1.113410
1.107327
1.103241
1.166285
1.108817
1.110374
1.102871
1.111470
1.107668
1.153749
1.100402
1.100567
1.099643
1.102556
1.099833
1.157560
1.107986
1.108985
1.111465
1.117664
1.109023
1.153155
1.111515
1.113000
1.119604
1.126297
1.105757
1.162621
1.106047
1.105205
1.111264
1.114256
1.099491
1.159973
1.110274
1.106506
1.118822
1.109204
1.162561
1.106845
1.107437
1.111549
1.114898
1.101940
1.161784
1.099022
1.111642
1.103657
1.104668
1.103019
1.159206
1.118921
1.106273
1.101918
1.106666
1.108758
1.150606
1.101773
1.103179
1.104025
1.108863
1.115365
1.162263
1.107669
1.110242
1.107720
1.106960
1.108725
1.154813
1.111267
1.107110
1.107181
1.100902
1.115800
1.154827
1.104711
1.115249
1.107199
1.098047
1.111758
1.156775
1.104946
1.107011
1.101492
1.111800
1.152562
1.100751
1.102186
1.100491
1.102424
1.106862
1.098495
1.150040
1.108094
1.100418
1.105593
1.120616
1.104654
1.157608
1.117521
1.106717
1.109011
1.107986
1.154688
1.114371
1.102120
1.111191
1.119621
1.103565
1.156071
1.104598
1.125900
1.117571
1.102664
1.107555
1.159235
1.102116
1.114526
1.113508
1.102759
1.100497
1.155293
1.103209
1.108489
1.108467
1.107068
1.107689
1.154292
1.109369
1.104098
1.106507
1.102257
1.110819
1.161568
1.111331
1.109308
1.106858
1.100463
1.110310
1.157415
1.105571
1.112117
1.108419
1.105430
1.102211
1.164345
1.114536
1.101557
1.106003
1.103987
1.114697
1.154829
1.107160
1.098608
1.105705
1.104244
1.152175
1.098310
1.104864
1.105850
1.110595
1.109128
1.156621
1.102014
1.106587
1.103759
1.101249
1.107681
1.153197
1.100339
1.100520
1.104973
1.108801
1.108154
1.149417
1.105060
1.114148
1.106565
1.111087
1.112018
1.165403
1.109191
1.112167
1.110826
1.101334
1.101625
1.154529
1.103107
1.108241
1.105813
1.106059
1.100678
1.155552
1.106455
1.103990
1.104431
1.106889
1.097358
1.146559
1.114926
1.100551
1.100064
1.107397
1.101480
1.156047
1.107034
1.099367
1.112200
1.166826
1.107599
1.102435
1.113561
1.113357
1.113854
1.153024
1.103439
1.115535
1.121951
1.113836
1.103958
1.159029
1.102439
1.106446
1.101640
1.112952
1.150641
1.111599
1.115388
1.106392
1.098740
1.097650
1.154937
1.123223
1.119493
1.122076
1.103703
1.162229
1.112712
1.111907
1.109615
1.114801
1.158714
1.104690
1.111202
1.100532
1.106406
1.097449
1.148622
1.108439
1.105272
1.117156
1.116884
1.158873
1.109215
1.105346
1.110968
1.111494
1.107871
1.102877
1.105971
1.103912
1.111651
1.105915
1.152919
1.102080
1.104825
1.113491
1.109608
1.111240
1.160822
1.112496
1.116023
1.107545
1.103991
1.106177
1.152852
1.105338
1.118064
1.105543
