0.036738
0.036650
0.036750
0.036907
0.036751
0.037249
0.036951
0.036542
0.036664
0.036940
0.037183
0.037329
0.036869
0.036883
0.037157
0.037168
0.036824
0.036786
0.036713
0.036700
0.036654
0.036785
0.037115
0.036739
0.036759
0.036827
0.037318
0.037185
0.037291
0.036878
0.037008
0.036600
0.036658
0.037220
0.037070
0.037025
0.036728
0.037528
0.037142
0.037411
0.036835
0.037130
0.036916
0.037014
0.036836
0.036820
0.036300
0.036931
0.036700
0.036769
0.037253
0.036994
0.037352
0.037038
0.037064
0.036781
0.037392
0.037109
0.037026
0.037005
0.037075
0.037057
0.036631
0.036874
0.036854
0.037019
0.036860
0.036640
0.036698
0.036745
0.036743
0.036726
0.036543
0.037279
0.036304
0.036525
0.036407
0.036626
0.036498
0.036739
0.036613
0.036368
0.036625
0.036361
0.036137
0.036751
0.037002
0.036403
0.036696
0.036715
0.037279
0.036917
0.037033
0.036992
0.036782
0.036941
0.037100
0.037086
0.036956
0.036563
0.037071
0.036709
0.037390
0.037169
0.036941
0.036688
0.037182
0.036821
0.036573
0.036378
0.036780
0.036757
0.037126
0.036942
0.036889
0.036737
0.036620
0.036732
0.036320
0.036488
0.036345
0.036912
0.037292
0.037011
0.036970
0.037260
0.037231
0.036597
0.036910
0.036847
0.036664
0.037077
0.036850
0.037130
0.036731
0.036673
0.037314
0.036756
0.037386
0.037257
0.037525
0.037059
0.036867
0.037137
0.037198
0.036644
0.036565
0.036224
0.036873
0.036421
0.036588
0.036889
0.037773
0.037092
0.036763
0.036456
0.036808
0.037034
0.036639
0.036611
0.036835
0.036890
0.036551
0.036319
0.036958
0.036551
0.036431
0.036414
0.036739
0.037012
0.036791
0.037051
0.036739
0.037714
0.036770
0.036981
0.037033
0.036824
0.036589
0.037135
0.036650
0.037581
0.037103
0.037314
0.036782
0.037069
0.037181
0.037721
0.036886
0.037512
0.036927
0.037757
0.037037
0.037046
0.037035
0.037105
0.037148
0.036983
0.036642
0.036414
0.036379
0.037077
0.037203
0.037344
0.036642
0.036472
0.036370
0.036429
0.037217
0.036623
0.036773
0.036371
0.037214
0.037104
0.037085
0.037276
0.037329
0.037304
0.036940
0.036874
0.036892
0.037513
0.036709
0.037357
0.036775
0.036571
0.036754
0.037480
0.037539
0.037671
0.036808
0.037095
0.036848
0.036955
0.037148
0.036679
0.036600
0.036412
0.037452
0.037228
0.037021
0.036943
0.036826
0.037089
0.037051
0.036617
0.036722
0.037117
0.037327
0.036794
0.036829
0.036591
0.036713
0.037095
0.036777
0.037867
0.036814
0.036702
0.036734
0.037107
0.036865
0.036680
0.036392
0.036871
0.036840
0.036861
0.037241
0.037078
0.037357
0.036884
0.037253
0.037024
0.037649
0.037266
0.036921
0.037020
0.036758
0.036982
0.036764
0.036604
0.036500
0.036829
0.036461
0.037023
0.037310
0.037654
0.037229
0.037129
0.036906
0.037008
0.036809
0.037359
0.036480
0.036948
0.036676
0.037040
0.036499
0.037181
0.037267
0.036852
0.037127
0.036587
0.037115
0.036984
0.036775
0.036978
0.036524
0.037262
0.036928
0.036932
0.036343
0.037004
0.036872
0.037352
0.037031
0.037046
0.037219
0.036937
0.036637
0.036837
0.037416
0.036693
0.037585
0.036513
0.036832
0.036466
0.036402
0.036225
0.037140
0.036957
0.037112
0.037041
0.037090
0.036967
0.036868
0.036767
0.036812
0.037036
0.036938
0.037207
0.037713
0.037199
0.036505
0.036936
0.036585
0.036493
0.036554
0.037876
0.037019
0.036842
0.036424
0.036380
0.036655
0.036781
0.037077
0.037475
0.037239
0.037630
0.037106
0.037101
0.036595
0.036495
0.036934
0.036810
0.036823
0.037337
0.037161
0.037344
0.036966
0.036742
0.036443
0.036997
0.036611
0.037363
0.036985
0.036893
0.036445
0.036513
0.036356
0.037404
0.036621
0.036996
0.037014
0.037005
0.036653
0.036741
0.036515
0.036264
0.036870
0.036676
0.037135
0.037317
0.036859
0.037139
0.037385
0.037231
0.037225
0.037131
0.036889
0.036795
0.036348
0.036567
0.036632
0.036806
0.037128
0.036692
0.036507
0.036685
0.036736
0.037092
0.037155
0.036882
0.036763
0.037062
0.037211
0.036994
0.036825
0.036713
0.036987
0.036584
0.037194
0.037075
0.036778
0.036695
0.036501
0.036851
0.037292
0.037151
0.036691
0.037249
0.036708
0.037627
0.036973
0.037159
0.036806
0.036784
0.036934
0.037321
0.037160
0.037421
0.037253
0.037674
0.037412
0.036868
0.037215
0.037201
0.037235
0.037065
0.036572
0.036752
0.037042
0.036637
0.037148
0.036971
0.036541
0.037128
0.036398
0.036328
0.036366
0.036843
0.036849
0.037090
0.036478
0.036523
0.036076
0.036277
0.036149
0.037974
0.036969
0.036881
0.036669
0.036737
0.036317
0.036330
0.036437
0.036381
0.036404
0.036356
0.036172
0.036894
0.036528
0.036682
0.036351
0.036365
0.036337
0.036478
0.036485
0.036367
0.036194
0.036466
0.036540
0.035815
0.036554
0.036778
0.036739
0.037248
0.036954
0.036719
0.036681
0.036865
0.036735
0.036946
0.036653
0.036992
0.036817
0.036982
0.036641
0.037195
0.036853
0.036902
0.037057
0.037293
0.037166
0.037389
0.036953
0.037302
0.036867
0.036600
0.036948
0.037061
0.036667
0.036684
0.036585
0.036624
0.036228
0.036560
0.036439
0.036469
0.036539
0.036968
0.036676
0.036719
0.036593
0.037265
0.037092
0.037078
0.036848
0.036782
0.036787
0.036744
0.036858
0.037007
0.037021
0.037191
0.036807
0.037116
0.037093
0.036941
0.036746
0.036762
0.037166
0.036672
0.037013
0.036425
0.036673
0.036734
0.036686
0.036923
0.036920
0.036801
0.036476
0.037205
0.036774
0.036668
0.037110
0.036866
0.037016
0.037339
0.037195
0.037757
0.036655
0.036904
0.036323
0.036749
0.036576
0.036606
0.036775
0.037101
0.036728
0.036746
0.036469
0.036268
0.036623
0.037264
0.036711
0.036528
0.037110
0.036959
0.036723
0.036410
0.036576
0.036711
0.036614
0.037092
0.036603
0.036056
0.036072
0.036264
0.036991
0.036440
0.036273
0.036602
0.036433
0.036352
0.036329
0.036165
0.036291
0.036375
0.036400
0.036767
0.037111
0.036886
0.036615
0.036760
0.036457
0.036907
0.037250
0.036914
0.036435
0.037160
0.036828
0.036744
0.036915
0.036686
0.036886
0.036992
0.037053
0.037158
0.036987
0.036726
0.036878
0.036892
0.036881
0.036989
0.037387
0.037153
0.037111
0.036930
0.036974
0.037490
0.036907
0.036952
0.036791
0.036912
0.036778
0.036639
0.036728
0.036144
0.036817
0.036530
0.036976
0.037242
0.036659
0.036814
0.037110
0.036999
0.037255
0.037678
0.036822
0.037554
0.036676
0.036268
0.036289
0.036500
0.036910
0.036743
0.036421
0.036772
0.036689
0.036103
0.036552
0.036749
0.037361
0.037090
0.037503
0.037209
0.037576
0.036912
0.036700
0.036537
0.036685
0.036757
0.037237
0.036643
0.036890
0.036822
0.037088
0.036674
0.037000
0.037247
0.037517
0.037148
0.036815
0.036894
0.036894
0.036804
0.036887
0.036517
0.036743
0.036591
0.036622
0.036537
0.036655
0.036863
0.037141
0.036819
0.036610
0.036601
0.036804
0.037057
0.037279
0.036782
0.036665
0.036784
0.036714
0.036799
0.036528
0.036635
0.037513
0.036912
0.037401
0.036891
0.037083
0.037056
0.037324
0.037153
0.036890
0.036401
0.036674
0.036752
0.036738
0.037028
0.036997
0.037153
0.037185
0.036816
0.036748
0.037439
0.036837
0.036788
0.037008
0.036691
0.037035
0.037234
0.036699
0.036590
0.036640
0.037181
0.037215
0.037139
0.036903
0.036197
0.036355
0.036469
0.036343
0.037220
0.036376
0.036437
0.036801
0.036838
0.036927
0.036383
0.036614
0.036517
0.036358
0.036206
0.036985
0.037114
0.036616
0.036047
0.036691
0.036577
0.036473
0.036463
0.037232
0.036822
0.036802
0.037224
0.036649
0.036515
0.036684
0.036484
0.036706
0.036605
0.036466
0.036685
0.036448
0.036593
0.036898
0.036949
0.037346
0.036691
0.036556
0.036566
0.036341
0.037106
0.036776
0.036891
0.037164
0.037188
0.037037
0.036882
0.036300
0.036971
0.036160
0.036247
0.036058
0.036090
0.036289
0.036301
0.036733
0.036890
0.036653
0.036863
0.036741
0.036869
0.036774
0.036944
0.036972
0.036849
0.036908
0.037153
0.036998
0.037019
0.037083
0.036350
0.036462
0.036804
0.036496
0.037071
0.036901
0.036219
0.036178
0.037064
0.036596
0.036124
0.036838
0.036270
0.036899
0.036604
0.036916
0.036480
0.036984
0.036640
0.036481
0.036229
0.036578
0.036703
0.036907
0.036574
0.036811
0.036578
0.036835
0.036910
0.036415
0.036094
0.036435
0.036731
0.036553
0.036881
0.036501
0.036317
0.036656
0.036830
0.037108
0.036653
0.036818
0.036892
0.036130
0.036622
0.036615
0.036570
0.037283
0.036872
0.037368
0.036976
0.036985
0.037087
0.036575
0.037134
0.036711
0.036578
0.036613
0.036693
0.036324
0.036406
0.037015
0.036581
0.036292
0.036627
0.037097
0.037215
0.036959
0.036871
0.037073
0.036335
0.036961
0.036612
0.036857
0.037307
0.036927
0.036762
0.036440
0.036532
0.036642
0.035945
0.036118
0.036339
0.036233
0.036424
0.036550
0.036532
0.036928
0.036897
0.036788
0.037055
0.036655
0.036989
0.036826
0.037171
0.036888
0.036864
0.036681
0.036757
0.036818
0.037186
0.037073
0.036882
0.037632
0.036775
0.036800
0.036840
0.036551
0.037045
0.036704
0.036920
0.036728
0.037300
0.036968
0.036604
0.036504
0.036752
0.036333
0.037014
0.036787
0.037506
0.037016
0.037200
0.036969
0.036942
0.037117
0.037065
0.036901
0.036389
0.036375
0.037028
0.036996
0.037125
0.036701
0.037040
0.037034
0.036842
0.036817
0.036896
0.036766
0.037039
0.037178
0.036847
0.036956
0.036571
0.036889
0.037169
0.036957
0.036926
0.037410
0.036982
0.037084
0.036883
0.036830
0.036905
0.036724
0.036989
0.036498
0.036834
0.036396
0.036518
0.036481
0.036597
0.036447
0.036477
0.036652
0.036624
0.036757
0.036876
0.036863
0.036912
0.036565
0.036650
0.036718
0.036692
