0.588532
0.593266
0.583080
0.587065
0.587727
0.589980
0.607140
0.591093
0.596543
0.597806
0.594000
0.599619
0.597318
0.589438
0.599122
0.605649
0.587718
0.584127
0.588170
0.582759
0.597472
0.590674
0.582293
0.583917
0.596502
0.576903
0.589982
0.595126
0.574387
0.600093
0.603155
0.598222
0.605404
0.603239
0.587302
0.593222
0.618015
0.592427
0.600594
0.590105
0.588798
0.582498
0.597084
0.593997
0.591012
0.587687
0.599341
0.599498
0.590364
0.593033
0.582493
0.576503
0.596032
0.597283
0.585341
0.605620
0.592660
0.580702
0.575021
0.585761
0.574368
0.586979
0.581861
0.585252
0.594171
0.588571
0.584784
0.599634
0.591161
0.587076
0.595556
0.579658
0.598101
0.587806
0.580073
0.587562
0.586289
0.611576
0.584192
0.585763
0.590075
0.593282
0.571979
0.580978
0.584749
0.583254
0.587480
0.588220
0.605477
0.597853
0.594954
0.587981
0.595997
0.574881
0.592995
0.592010
0.580054
0.593999
0.605865
0.581880
0.593952
0.592932
0.590063
0.589944
0.623965
0.584556
0.595492
0.597722
0.574014
0.582689
0.591029
0.575480
0.582874
0.607253
0.611590
0.594313
0.599906
0.580779
0.600127
0.578270
0.589010
0.589571
0.593484
0.615464
0.577370
0.584843
0.591994
0.582091
0.606117
0.590211
0.610987
0.595427
0.591686
0.595173
0.574764
0.576846
0.589494
0.583591
0.615736
0.602995
0.575384
0.573047
0.597994
0.588766
0.579269
0.577491
0.600464
0.602468
0.576446
0.596301
0.591944
0.589090
0.577094
0.602103
0.604138
0.606575
0.582338
0.608853
0.591264
0.610883
0.585074
0.581017
0.588574
0.592295
0.602369
0.593762
0.627286
0.601947
0.588856
0.597008
0.603319
0.598954
0.604599
0.598159
0.618885
0.603829
0.610206
0.603318
0.602205
0.604441
0.600390
0.587749
0.575559
0.597883
0.586947
0.598163
0.610735
0.608945
0.590414
0.582772
0.580898
0.584093
0.587292
0.579988
0.594830
0.599153
0.585041
0.593765
0.606615
0.591450
0.601830
0.589340
0.596120
0.578737
0.592893
0.593481
0.605976
0.611820
0.581522
0.607263
0.586943
0.598385
0.591235
0.609422
0.593287
0.594944
0.593481
0.600811
0.589160
0.604689
0.603124
0.591160
0.588258
0.597422
0.597460
0.603674
0.591012
0.588960
0.598150
0.583782
0.581991
0.570265
0.580724
0.595645
0.592839
0.591795
0.590265
0.588878
0.586438
0.589152
0.591207
0.612151
0.586851
0.571715
0.588816
0.590048
0.593932
0.574619
0.591401
0.571573
0.587595
0.586560
0.595152
0.592837
0.611745
0.595931
0.606960
0.598587
0.593105
0.595295
0.590103
0.599566
0.586595
0.590449
0.596444
0.585393
0.598054
0.608420
0.590433
0.596403
0.591997
0.601273
0.603530
0.587345
0.593959
0.606074
0.607940
0.592850
0.599272
0.607920
0.612937
0.589326
0.579683
0.592634
0.594218
0.605305
0.614223
0.604607
0.594874
0.589803
0.603496
0.588375
0.600119
0.579780
0.591199
0.587757
0.590613
0.586804
0.602288
0.591023
0.592681
0.601400
0.585280
0.584517
0.582142
0.585341
0.577414
0.586107
0.601691
0.589866
0.587852
0.606142
0.598038
0.599116
0.602146
0.600989
0.596328
0.585475
0.586107
0.579800
0.604862
0.606405
0.599420
0.585302
0.578878
0.602409
0.588595
0.589045
0.588554
0.598277
0.586643
0.599095
0.604162
0.585443
0.579401
0.593060
0.590296
0.600137
0.585781
0.594099
0.589999
0.596875
0.575668
0.588870
0.581440
0.592841
0.595078
0.580591
0.588715
0.577869
0.585794
0.596060
0.595845
0.586654
0.604190
0.602952
0.592255
0.596297
0.581965
0.584392
0.601962
0.590045
0.594676
0.585982
0.577181
0.592783
0.586085
0.570505
0.577783
0.581630
0.588384
0.591669
0.607447
0.577299
0.579685
0.577988
0.594832
0.586254
0.594212
0.595765
0.599373
0.586357
0.595069
0.602551
0.597051
0.601152
0.591865
0.589497
0.602645
0.576117
0.580777
0.616652
0.574488
0.605825
0.607843
0.589223
0.596399
0.597844
0.584797
0.604248
0.594120
0.593188
0.578996
0.589805
0.590794
0.573893
0.600277
0.591760
0.596703
0.588393
0.604636
0.603931
0.595177
0.595931
0.596360
0.613099
0.605784
0.604531
0.597421
0.596725
0.606871
0.587263
0.585513
0.585042
0.609951
0.607800
0.580600
0.607912
0.591765
0.589622
0.599154
0.603400
0.589632
0.588958
0.582648
0.585131
0.600920
0.595268
0.583151
0.587831
0.586257
0.597513
0.575627
0.596747
0.579168
0.612347
0.589382
0.593312
0.587560
0.605889
0.583419
0.604224
0.599042
0.595977
0.593637
0.596724
0.597871
0.594365
0.603135
0.595919
0.613295
0.594994
0.601601
0.585117
0.591119
0.592438
0.583904
0.586007
0.596559
0.581836
0.583414
0.592093
0.606143
0.607204
0.590287
0.603106
0.591715
0.586520
0.602094
0.582861
0.588814
0.601136
0.598518
0.591586
0.588112
0.599791
0.591309
0.604780
0.601889
0.580468
0.576804
0.592653
0.574703
0.591610
0.596486
0.594767
0.607160
0.611537
0.578009
0.588015
0.589134
0.598064
0.605880
0.616090
0.606237
0.595181
0.585292
0.590145
0.593431
0.597830
0.587848
0.604438
0.593148
0.589577
0.612712
0.589841
0.588757
0.577360
0.588832
0.579053
0.592643
0.600103
0.589873
0.584440
0.582425
0.588414
0.607379
0.601484
0.600364
0.581796
0.582881
0.611344
0.602599
0.577677
0.588027
0.585168
0.569822
0.570992
0.591916
0.597640
0.584599
0.591260
0.598313
0.595949
0.588010
0.595099
0.585063
0.586625
0.594642
0.595795
0.601838
0.610165
0.591512
0.579937
0.607043
0.590528
0.580066
0.590582
0.573073
0.596464
0.586427
0.601945
0.586314
0.593081
0.582382
0.582316
0.586458
0.588596
0.581602
0.600567
0.590197
0.579995
0.593320
0.588494
0.573023
0.594730
0.607319
0.590617
0.581079
0.601469
0.611033
0.583212
0.592850
0.591755
0.581449
0.606623
0.585800
0.602248
0.582950
0.594872
0.596806
0.590171
0.597312
0.588349
0.585030
0.594188
0.580387
0.590481
0.605991
0.588865
0.594352
0.599221
0.598005
0.590491
0.587467
0.596413
0.590916
0.593022
0.576907
0.587389
0.587044
0.593045
0.600744
0.588801
0.583339
0.578645
0.596333
0.593941
0.580386
0.590990
0.593607
0.597831
0.582660
0.586030
0.595399
0.585511
0.584221
0.584589
0.582506
0.582473
0.580547
0.578717
0.580585
0.579444
0.582133
0.583443
0.584823
0.583004
0.578905
0.593307
0.575660
0.613244
0.597566
0.589225
0.624029
0.580300
0.603482
0.596210
0.614888
0.584090
0.594585
0.605533
0.587546
0.585544
0.596658
0.594179
0.578052
0.589924
0.586455
0.584297
0.583489
0.586817
0.579625
0.583802
0.602510
0.586446
0.598060
0.591850
0.616243
0.597660
0.598602
0.587250
0.589304
0.599734
0.587476
0.577988
0.584623
0.613141
0.607082
0.580131
0.600008
0.604534
0.582666
0.601751
0.583081
0.581122
0.605887
0.592304
0.601363
0.579291
0.605387
0.578376
0.586704
0.579459
0.586456
0.586656
0.591071
0.580908
0.615281
0.590451
0.601592
0.593744
0.600074
0.581381
0.580156
0.592234
0.572198
0.570459
0.589409
0.587919
0.574482
0.578867
0.584402
0.578780
0.581142
0.603244
0.605683
0.592913
0.587171
0.575664
0.593722
0.589562
0.586006
0.591809
0.578253
0.585510
0.589908
0.579695
0.572936
0.584981
0.593832
0.587577
0.600220
0.586307
0.599888
0.581176
0.582848
0.586275
0.602324
0.595364
0.578894
0.590004
0.575833
0.584873
0.599713
0.591956
0.601021
0.593428
0.596086
0.595387
0.588505
0.604652
0.585749
0.578974
0.597011
0.591781
0.592163
0.595732
0.591951
0.601287
0.595534
0.601221
0.581632
0.602684
0.619065
0.590535
0.582477
0.594319
0.605092
0.595089
0.615658
0.584030
0.578610
0.581577
0.599447
0.605062
0.600728
0.593173
0.599666
0.611344
0.590532
0.593685
0.586566
0.577881
0.578386
0.599601
0.591131
0.596845
0.594970
0.597183
0.576210
0.589163
0.588908
0.589704
0.602030
0.578073
0.592539
0.587350
0.589040
0.586555
0.605072
0.621551
0.611340
0.607634
0.585810
0.601463
0.584594
0.590599
0.592919
0.598616
0.598303
0.607349
0.611919
0.589555
0.596376
0.586811
0.591973
0.600804
0.601042
0.579346
0.574184
0.580296
0.580102
0.594286
0.606666
0.600267
0.576166
0.591225
0.573824
0.595676
0.591546
0.578827
0.586718
0.580702
0.588056
0.587746
0.575159
0.586390
0.586893
0.588818
0.585349
0.591477
0.580662
0.584716
0.595218
0.590543
0.589770
0.596440
0.596489
0.583183
0.581487
0.581154
0.589429
0.595289
0.604319
0.591199
0.576941
0.589251
0.592249
0.598255
0.598781
0.593722
0.582923
0.590687
0.573122
0.575639
0.578277
0.587040
0.591878
0.587859
0.591406
0.579643
0.583970
0.590819
0.599405
0.595151
0.586217
0.584782
0.595296
0.578402
0.582873
0.582395
0.596335
0.582326
0.592772
0.589682
0.582894
0.594182
0.602152
0.586071
0.583504
0.602471
0.595540
0.582482
0.584921
0.596823
0.601100
0.589371
0.589590
0.587215
0.599854
0.587397
0.586802
0.600572
0.574735
0.589803
0.578839
0.581516
0.583141
0.586796
0.608293
0.589442
0.589663
0.599296
0.592018
0.592290
0.597024
0.616545
0.606779
0.577383
0.583338
0.587794
0.601516
0.605584
0.608013
0.588399
0.581442
0.602849
0.600328
0.606957
0.597948
0.574788
0.599413
0.579340
0.586969
0.603124
0.591057
0.589026
0.572021
0.593100
0.600438
0.600994
0.592577
0.600982
0.610841
0.608386
0.597509
0.602896
0.609360
0.599985
0.592564
0.606957
0.585635
0.581200
0.590894
0.585861
0.579741
0.584136
0.587845
0.602239
0.593816
0.580602
0.584792
0.594853
0.601392
0.587027
0.607731
0.594636
0.584200
0.621412
0.584963
0.579888
0.610283
0.601008
0.611333
0.605671
0.592411
0.595787
0.605422
0.591477
0.599334
0.590929
0.578892
0.589077
0.583179
0.592606
0.587055
0.584906
0.594728
0.584525
0.602932
0.592771
0.601921
0.591494
0.589492
0.590276
0.576606
0.591604
0.597315
0.575602
