0.596485
0.581230
0.591946
0.587780
0.591538
0.617535
0.597051
0.596216
0.586759
0.593131
0.586917
0.584340
0.594225
0.598319
0.590418
0.582485
0.588480
0.589273
0.587561
0.612470
0.597669
0.601779
0.590561
0.594467
0.610181
0.596920
0.594801
0.597248
0.580114
0.587616
0.582038
0.587983
0.578833
0.617145
0.589168
0.597616
0.574527
0.582791
0.598779
0.597781
0.598238
0.589028
0.615661
0.585887
0.592624
0.602224
0.575373
0.586721
0.596844
0.598424
0.598355
0.605803
0.596752
0.593768
0.582448
0.604999
0.597682
0.590133
0.577989
0.574951
0.580003
0.595890
0.591540
0.588193
0.602540
0.588394
0.583045
0.587305
0.594649
0.582809
0.576994
0.593875
0.603243
0.594379
0.591735
0.577573
0.594731
0.583520
0.594420
0.595737
0.594150
0.601134
0.572558
0.586555
0.593806
0.590595
0.605891
0.587874
0.592841
0.609729
0.595998
0.599687
0.589925
0.598186
0.604153
0.585985
0.588069
0.586312
0.590135
0.589759
0.609549
0.615668
0.582024
0.588501
0.593784
0.584762
0.595603
0.592064
0.583915
0.583579
0.598161
0.603979
0.614047
0.595832
0.582005
0.576814
0.584408
0.578894
0.583681
0.577910
0.587762
0.593971
0.588299
0.585757
0.588386
0.591452
0.586866
0.591867
0.599806
0.597649
0.598284
0.589303
0.595132
0.601328
0.586507
0.585678
0.597492
0.576701
0.609176
0.583927
0.589295
0.590520
0.593233
0.595120
0.580122
0.612086
0.598258
0.620624
0.616568
0.584005
0.599621
0.597525
0.606802
0.579311
0.594858
0.593941
0.590315
0.596018
0.598453
0.582520
0.592635
0.585430
0.586634
0.583950
0.590217
0.584409
0.591983
0.596259
0.591858
0.591101
0.588682
0.595765
0.575710
0.596543
0.585646
0.599930
0.591952
0.577276
0.588728
0.578112
0.602439
0.608268
0.605167
0.595653
0.575506
0.612759
0.594706
0.594677
0.588270
0.574805
0.578667
0.575103
0.586313
0.609336
0.604534
0.586166
0.599652
0.578887
0.602394
0.586008
0.585410
0.597216
0.593010
0.577625
0.595606
0.589531
0.599396
0.614596
0.600695
0.611778
0.577884
0.591257
0.591167
0.581204
0.585625
0.593931
0.594223
0.582677
0.604942
0.591184
0.588118
0.586671
0.594551
0.595777
0.586019
0.571172
0.563768
0.585326
0.591887
0.584342
0.586953
0.616694
0.600826
0.608242
0.575723
0.585695
0.584512
0.580566
0.581049
0.584384
0.593160
0.577835
0.591351
0.580032
0.585024
0.595614
0.580681
0.599007
0.591945
0.612145
0.572258
0.582713
0.584225
0.587332
0.578404
0.593787
0.598996
0.603290
0.588944
0.583271
0.592708
0.580516
0.630427
0.601232
0.596936
0.581987
0.585394
0.585540
0.582407
0.575265
0.580480
0.579320
0.581795
0.579076
0.588345
0.569836
0.580724
0.576986
0.585513
0.581303
0.591222
0.593772
0.587405
0.588547
0.585462
0.591982
0.594800
0.595139
0.597081
0.592205
0.606103
0.597195
0.601011
0.611695
0.588097
0.588820
0.576808
0.590735
0.602908
0.597000
0.597516
0.603320
0.604689
0.600284
0.606015
0.593827
0.600780
0.591202
0.600365
0.589502
0.597534
0.598266
0.591971
0.578171
0.577716
0.583229
0.584033
0.592736
0.590780
0.596337
0.596875
0.595833
0.589800
0.578778
0.594420
0.579655
0.583478
0.609925
0.595785
0.609985
0.595610
0.592172
0.604724
0.590152
0.593475
0.600879
0.607298
0.595813
0.609047
0.589591
0.586636
0.595489
0.591514
0.586988
0.601661
0.586510
0.588505
0.594425
0.588441
0.589374
0.586151
0.599138
0.593043
0.587467
0.589509
0.624931
0.588431
0.589674
0.602169
0.591095
0.582571
0.584867
0.580833
0.598736
0.605674
0.614173
0.595980
0.579289
0.586911
0.579358
0.581103
0.606604
0.588459
0.576997
0.588797
0.599251
0.585266
0.583701
0.589428
0.582301
0.582374
0.579536
0.584372
0.586799
0.588190
0.600249
0.579912
0.587838
0.579083
0.581462
0.576754
0.585546
0.587020
0.586160
0.605309
0.604848
0.594893
0.604414
0.585847
0.613438
0.614412
0.582527
0.593219
0.590853
0.578866
0.585997
0.591339
0.601270
0.603731
0.596822
0.594474
0.593631
0.604939
0.596335
0.590871
0.595880
0.614581
0.582914
0.577820
0.585621
0.592135
0.583898
0.614149
0.589705
0.589866
0.571635
0.574283
0.579851
0.587068
0.580539
0.594834
0.607231
0.586885
0.588061
0.591122
0.582741
0.603744
0.606534
0.583673
0.590897
0.589229
0.585178
0.588337
0.590159
0.602089
0.604741
0.596620
0.601640
0.602997
0.586076
0.591754
0.592469
0.583109
0.609514
0.586052
0.596705
0.592297
0.582681
0.574143
0.591859
0.588862
0.586362
0.588432
0.598991
0.589854
0.593817
0.584366
0.595486
0.590157
0.597969
0.603421
0.601236
0.591582
0.599090
0.573346
0.594937
0.601994
0.592961
0.588000
0.607397
0.592831
0.585753
0.590729
0.583280
0.608218
0.578009
0.594245
0.597738
0.588072
0.602215
0.613297
0.589934
0.592094
0.590062
0.587703
0.580958
0.588138
0.591886
0.597112
0.595048
0.584367
0.601203
0.607574
0.599701
0.587719
0.596140
0.595956
0.608342
0.582746
0.591398
0.585188
0.604840
0.582304
0.581421
0.587177
0.596445
0.581512
0.580043
0.605036
0.585807
0.596006
0.612821
0.588038
0.595184
0.589784
0.581686
0.585055
0.586892
0.584800
0.587168
0.590502
0.584292
0.598310
0.591367
0.609925
0.584420
0.599265
0.596889
0.586896
0.586301
0.581727
0.601048
0.575693
0.571295
0.603278
0.591922
0.588298
0.586390
0.589735
0.590209
0.604812
0.589256
0.602047
0.588127
0.591571
0.607318
0.608138
0.580388
0.593224
0.575387
0.581719
0.595324
0.605763
0.618389
0.586573
0.597377
0.587026
0.604662
0.587762
0.583650
0.601959
0.589195
0.599282
0.616561
0.595417
0.605673
0.587528
0.589961
0.588718
0.575418
0.573538
0.594150
0.602210
0.599793
0.610870
0.592591
0.585769
0.594020
0.579186
0.584367
0.594707
0.580115
0.603433
0.594564
0.591768
0.598616
0.577081
0.582732
0.607596
0.576137
0.581623
0.585464
0.587897
0.581431
0.601146
0.595300
0.595661
0.576164
0.588580
0.580451
0.578885
0.596490
0.593846
0.585620
0.604903
0.600810
0.599673
0.579593
0.585983
0.611716
0.591450
0.588944
0.586673
0.589272
0.575312
0.585141
0.587088
0.601565
0.577713
0.588095
0.590996
0.589360
0.587750
0.583899
0.594004
0.616405
0.587966
0.590487
0.580050
0.600562
0.590259
0.588294
0.584936
0.595500
0.588815
0.597465
0.592978
0.591728
0.582150
0.593180
0.590578
0.595972
0.584603
0.606068
0.579849
0.598124
0.593446
0.607232
0.598604
0.581617
0.593447
0.591731
0.590163
0.582619
0.587751
0.591556
0.583408
0.574262
0.593046
0.589842
0.587621
0.600103
0.580792
0.581053
0.574853
0.596469
0.584937
0.577641
0.588547
0.594739
0.588896
0.587753
0.585902
0.588584
0.597472
0.586490
0.595866
0.593768
0.596589
0.599856
0.574755
0.566193
0.574949
0.588655
0.587618
0.592216
0.592847
0.576670
0.586245
0.589454
0.584542
0.578764
0.590052
0.587465
0.613799
0.606104
0.602428
0.596867
0.585498
0.592549
0.588537
0.588294
0.593454
0.589774
0.574868
0.578274
0.585290
0.584458
0.592833
0.587151
0.581156
0.589857
0.568172
0.572296
0.586589
0.582842
0.573197
0.595023
0.593470
0.611216
0.600943
0.589985
0.593375
0.595266
0.596350
0.581581
0.581859
0.591533
0.592874
0.606765
0.591470
0.610061
0.588882
0.581094
0.586129
0.601626
0.598825
0.590360
0.608986
0.614556
0.617027
0.607898
0.599886
0.597589
0.586343
0.594962
0.595567
0.596439
0.624645
0.608415
0.586843
0.598760
0.586595
0.603190
0.588684
0.594820
0.578538
0.598629
0.585534
0.586620
0.600167
0.592003
0.600151
0.585661
0.597557
0.602344
0.603679
0.591526
0.585985
0.599532
0.590470
0.598347
0.597431
0.578273
0.599077
0.593228
0.596642
0.585783
0.597195
0.594868
0.587080
0.581205
0.578278
0.582937
0.588557
0.586965
0.594093
0.609434
0.598853
0.587918
0.589598
0.589726
0.609830
0.604211
0.590882
0.587527
0.600068
0.606047
0.601142
0.607932
0.596323
0.607757
0.605527
0.598320
0.593198
0.600472
0.603235
0.612028
0.599652
0.581359
0.604256
0.601977
0.589277
0.601067
0.581413
0.594240
0.591338
0.592494
0.589867
0.588428
0.596683
0.598207
0.589714
0.579372
0.590871
0.583348
0.580483
0.594653
0.597219
0.573036
0.578540
0.596885
0.588397
0.579338
0.588867
0.589908
0.601609
0.581529
0.576241
0.591822
0.587521
0.591180
0.584479
0.609284
0.614144
0.600101
0.589705
0.600906
0.608150
0.581792
0.585751
0.573996
0.579902
0.576778
0.595186
0.581217
0.580929
0.599893
0.592275
0.589298
0.596176
0.593105
0.593159
0.602961
0.601875
0.573828
0.586875
0.596775
0.593832
0.588353
0.593014
0.574893
0.603076
0.577015
0.587679
0.591163
0.581663
0.579457
0.612284
0.591822
0.588670
0.613027
0.591426
0.580342
0.598571
0.574776
0.574178
0.600968
0.592513
0.609802
0.573877
0.597276
0.584362
0.585636
0.595022
0.589688
0.600560
0.606095
0.588499
0.591983
0.614783
0.603515
0.596043
0.593502
0.580749
0.575628
0.591804
0.582693
0.591448
0.581867
0.591318
0.581313
0.590024
0.589354
0.584499
0.597168
0.594933
0.595100
0.594439
0.585836
0.589790
0.594194
0.577648
0.622472
0.595422
0.587638
0.591165
0.586663
0.587383
0.608929
0.610464
0.589323
0.589314
0.589856
0.601274
0.604198
0.606678
0.580642
0.594683
0.589613
0.610273
0.588983
0.581764
0.585760
0.588337
0.577953
0.609573
0.585886
0.584887
0.589315
0.595637
0.591424
0.610104
0.605969
0.588512
0.604906
0.591081
0.587007
0.599048
0.596250
0.611328
0.576927
0.577163
0.582469
0.574189
0.585390
0.577754
0.575883
0.595646
0.591525
0.603177
0.609997
0.587849
0.597065
0.598862
0.611038
0.597710
0.598143
0.594313
0.602821
0.591716
0.613933
0.601838
0.595763
0.593296
0.579829
0.594140
0.600696
0.585753
0.586362
