1.143765
1.110508
1.115128
1.100271
1.103623
1.171403
1.115324
1.108537
1.114849
1.114372
1.105306
1.163370
1.119176
1.106549
1.111715
1.128692
1.107047
1.156861
1.108157
1.102004
1.107061
1.104720
1.112063
1.166001
1.106560
1.110869
1.105072
1.101723
1.106859
1.152704
1.112806
1.110915
1.110081
1.107145
1.149136
1.102960
1.103501
1.114931
1.102301
1.113964
1.164748
1.104949
1.110415
1.111474
1.112024
1.157036
1.099783
1.110923
1.101418
1.108184
1.108123
1.151095
1.107716
1.107368
1.113773
1.101156
1.109606
1.099979
1.111958
1.102117
1.100524
1.099869
1.150406
1.107600
1.109264
1.106324
1.107740
1.106547
1.161344
1.104645
1.120972
1.105206
1.109539
1.114881
1.107390
1.110124
1.104745
1.118162
1.103646
1.164016
1.112397
1.110915
1.099195
1.110170
1.107907
1.147801
1.106392
1.104650
1.114838
1.104229
1.104210
1.150768
1.109896
1.112123
1.107057
1.101249
1.155726
1.107250
1.098007
1.101426
1.097072
1.155152
1.099878
1.099657
1.105192
1.104824
1.105086
1.156468
1.101214
1.111380
1.114051
1.116114
1.107990
1.158232
1.099408
1.102917
1.116085
1.101716
1.105011
1.160239
1.107766
1.096647
1.113035
1.112532
1.115276
1.154485
1.111886
1.110204
1.111473
1.118265
1.108389
1.154718
1.112897
1.106450
1.107164
1.104908
1.107518
1.157366
1.105891
1.102344
1.109769
1.103896
1.101686
1.159359
1.104081
1.106846
1.103152
1.109486
1.105020
1.159820
1.097754
1.109069
1.106592
1.104539
1.108390
1.156623
1.105193
1.115749
1.102974
1.108540
1.102055
1.156331
1.103668
1.112729
1.114135
1.103416
1.108664
1.151191
1.102878
1.106909
1.103008
1.108609
1.102617
1.155134
1.099432
1.103268
1.106450
1.097465
1.105334
1.156379
1.099005
1.109063
1.101183
1.101119
1.102115
1.160196
1.098534
1.103906
1.113954
1.104662
1.115286
1.154539
1.105021
1.104526
1.103095
1.107923
1.114298
1.159328
1.123616
1.116855
1.106042
1.098138
1.103710
1.160642
1.110776
1.115122
1.102773
1.102731
1.102600
1.149096
1.108026
1.106509
1.102006
1.106949
1.153415
1.110561
1.108396
1.099963
1.114187
1.120402
1.156630
1.104175
1.111323
1.109784
1.106967
1.105156
1.157941
1.107793
1.100805
1.105077
1.115050
1.099339
1.155946
1.112694
1.114241
1.107746
1.098362
1.105571
1.160425
1.108446
1.112209
1.111941
1.110816
1.109592
1.151283
1.103041
1.104171
1.105231
1.098936
1.105707
1.155434
1.112666
1.102341
1.110829
1.122468
1.117488
1.156367
1.103581
1.109151
1.105209
1.111442
1.108231
1.159967
1.108583
1.110201
1.110271
1.106360
1.105285
1.161518
1.109650
1.110481
1.108066
1.110810
1.107358
1.157371
1.115415
1.104582
1.107322
1.108393
1.159838
1.107223
1.112141
1.103767
1.106866
1.104676
1.152861
1.109573
1.106248
1.101157
1.103999
1.107590
1.152561
1.105430
1.107713
1.109651
1.103638
1.103297
1.168559
1.104837
1.108688
1.113339
1.105728
1.114734
1.157772
1.099858
1.109876
1.107068
1.101739
1.103744
1.150912
1.105641
1.112231
1.108481
1.105404
1.104215
1.153565
1.107299
1.108426
1.102144
1.100316
1.109254
1.155579
1.105731
1.110442
1.105113
1.107380
1.111107
1.151093
1.114363
1.123997
1.117201
1.116999
1.161419
1.102643
1.121515
1.117558
1.109219
1.111145
1.158388
1.102961
1.105546
1.108947
1.107733
1.100619
1.154266
1.110539
1.120479
1.114562
1.111737
1.107530
1.151803
1.109007
1.113311
1.108181
1.103536
1.104194
1.156197
1.102451
1.112741
1.101157
1.102993
1.106489
1.155161
1.113748
1.103849
1.109524
1.102861
1.101485
1.152955
1.108136
1.106103
1.104484
1.118397
1.111249
1.169846
1.119922
1.117966
1.110976
1.107221
1.103150
1.159595
1.109506
1.110227
1.119457
1.109779
1.154220
1.113106
1.102050
1.096610
1.105841
1.107506
1.152063
1.109262
1.106451
1.107608
1.120622
1.100683
1.162447
1.106481
1.101903
1.108396
1.112787
1.116313
1.164880
1.111266
1.111746
1.103857
1.112694
1.103771
1.165056
1.103672
1.106868
1.104917
1.113183
1.108158
1.157595
1.104618
1.107917
1.112662
1.119840
1.111487
1.159999
1.105980
1.111962
1.104343
1.109217
1.101894
1.158217
1.100216
1.103914
1.100121
1.105343
1.105466
1.163360
1.107684
1.108661
1.100832
1.102087
1.108633
1.167085
1.105337
1.110393
1.103897
1.109790
1.100873
1.098018
1.097589
1.099844
1.159017
1.103965
1.115247
1.100160
1.115038
1.107147
1.106944
1.113200
1.115456
1.102203
1.112241
1.162748
1.103715
1.108418
1.105393
1.103669
1.103955
1.151417
1.106812
1.105616
1.100197
1.105050
1.111476
1.163022
1.119284
1.113531
1.103817
1.106554
1.153712
1.109469
1.108877
1.109068
1.112373
1.112704
1.162148
1.109608
1.114683
1.106002
1.103814
1.112453
1.155111
1.107927
1.103603
1.110769
1.104353
1.163313
1.114032
1.117086
1.101864
1.102985
1.101026
1.152570
1.099781
1.105330
1.098497
1.099780
1.103211
1.150235
1.109915
1.108417
1.100294
1.104967
1.120232
1.155860
1.117145
1.112954
1.114936
1.110594
1.153786
1.116432
1.107466
1.105256
1.105654
1.160824
1.104390
1.109356
1.104004
1.108067
1.103133
1.107281
1.104612
1.116758
1.117198
1.161075
1.115877
1.105007
1.108761
1.108650
1.156002
1.102443
1.102333
1.108422
1.109533
1.107097
1.154984
1.116092
1.101716
1.104799
1.108512
1.104845
1.156329
1.108619
1.109679
1.110852
1.103960
1.106570
1.111367
1.106712
1.108671
1.109786
1.162076
1.118433
1.115944
1.105927
1.102804
1.109027
1.151605
1.103354
1.099911
1.102531
1.159781
1.104091
1.107276
1.101210
1.104318
1.103596
1.159708
1.106559
1.104948
1.109544
1.109486
1.111462
1.118375
1.115427
1.109989
1.106694
1.103955
1.111875
1.107160
1.107861
1.105070
1.166533
1.110061
1.111142
1.102511
1.152039
1.109568
1.110294
1.111939
1.121487
1.110779
1.163302
1.110964
1.103722
1.113789
1.110233
1.103212
1.151415
1.102538
1.106669
1.100656
1.102480
1.113596
1.163371
1.111689
1.109491
1.102823
1.100290
1.100508
1.149216
1.111734
1.101960
1.105103
1.109913
1.107665
1.157925
1.105916
1.110687
1.112934
1.112541
1.109710
1.161302
1.107363
1.102632
1.105716
1.106260
1.102553
1.156770
1.110033
1.108714
1.108957
1.100505
1.102589
1.159147
1.112778
1.108860
1.101409
1.113111
1.114878
1.151990
1.103581
1.097407
1.118040
1.106679
1.099004
1.144755
1.099295
1.101859
1.106132
1.113434
1.114159
1.154485
1.114078
1.118921
1.113165
1.111000
1.161751
1.116162
1.100358
1.110233
1.104237
1.109904
1.155091
1.117449
1.108088
1.097681
1.109423
1.105739
1.101462
1.107166
1.106325
1.104659
1.100262
1.101011
1.151835
1.099065
1.109523
1.114424
1.100401
1.103687
1.153769
1.111720
1.101746
1.109332
1.104367
1.116128
1.152663
1.108839
1.108328
1.106793
1.105921
1.104373
1.161584
1.109952
1.108343
1.106778
1.098307
1.111074
1.163569
1.108372
1.103520
1.101833
1.107905
1.109672
1.158949
1.097011
1.111821
1.121373
1.112124
1.109347
1.154723
1.107303
1.105443
1.109759
1.102796
1.111635
1.160310
1.107878
1.103626
1.109053
1.107483
1.101495
1.156642
1.100435
1.113353
1.115648
1.106999
1.105404
1.157478
1.102981
1.106102
1.101984
1.104802
1.109851
1.162216
1.104087
1.113965
1.102233
1.101508
1.109154
1.152378
1.110916
1.104848
1.111620
1.098184
1.104385
1.150448
1.113149
1.104708
1.108213
1.114725
1.103169
1.157509
1.108117
1.115539
1.104219
1.103045
1.116172
1.162514
1.113819
1.115866
1.115254
1.110631
1.154348
1.113339
1.115193
1.098284
1.108020
1.106469
1.159195
1.109552
1.113118
1.118053
1.118291
1.103831
1.158225
1.097568
1.101618
1.104180
1.104048
1.111141
1.158958
1.100668
1.101895
1.105968
1.102742
1.108026
1.150885
1.097654
1.101141
1.101565
1.098214
1.105188
1.162121
1.102281
1.113888
1.114182
1.116415
1.104707
1.162389
1.104918
1.103401
1.106127
1.095395
1.117870
1.152537
1.107827
1.102544
1.115949
1.109998
1.104170
1.159830
1.105853
1.100160
1.102995
1.103502
1.112370
1.156960
1.099653
1.108628
1.103051
1.097724
1.101524
1.149755
1.105766
1.110531
1.104727
1.104885
1.105314
1.164330
1.115943
1.112633
1.111969
1.105216
1.110691
1.160116
1.106945
1.106512
1.109268
1.108627
1.100454
1.148783
1.113721
1.104594
1.106843
1.100032
1.098846
1.149382
1.096318
1.105680
1.109121
1.098669
1.099175
1.153482
1.110587
1.103542
1.104680
1.103263
1.102464
1.152798
1.102806
1.109689
1.103222
1.106984
1.105337
1.155511
1.109048
1.109335
1.103531
1.102877
1.112704
1.169016
1.099734
1.107830
1.111708
1.109842
1.103663
1.156539
1.100938
1.112717
1.108126
1.101477
1.106940
1.159833
1.104784
1.102051
1.103615
1.103944
1.152820
1.111848
1.106051
1.112119
1.107119
1.109136
1.101582
1.109203
1.109539
1.117684
1.108490
1.161719
1.109267
1.101643
1.101289
1.102040
1.102655
1.156967
1.111426
1.099986
1.108412
1.105037
1.104686
1.164129
1.117043
1.105240
1.106234
1.107694
1.099855
1.165649
1.101939
1.113185
1.111405
1.103523
1.100183
1.153746
1.099651
1.096249
1.103641
1.156884
1.099406
1.103433
1.109296
1.108941
1.107249
1.157361
1.102346
1.114841
1.102278
1.108688
1.113540
1.157850
1.095314
1.108175
1.100825
1.111547
1.116133
1.161427
1.109723
1.107030
1.109502
1.117457
1.151773
1.111104
1.110339
1.113528
1.106634
1.102059
1.159560
1.106912
1.101541
1.105694
1.102086
1.102611
1.161725
1.105309
1.105344
1.099906
1.103404
1.156792
1.102426
1.117364
1.097561
1.123568
1.101863
1.107607
1.103149
1.115104
1.100961
1.154457
1.101250
1.101922
1.108935
1.101836
1.109817
1.165389
1.100836
1.107610
1.108523
1.113771
1.167090
1.108102
1.107970
1.109313
