0.003005
0.002894
0.002933
0.002780
0.002897
0.002906
0.002893
0.003186
0.002621
0.003153
0.003048
0.003063
0.002849
0.003288
0.002912
0.002874
0.002885
0.002906
0.003127
0.003054
0.003027
0.002963
0.002920
0.003113
0.002832
0.002981
0.002716
0.002898
0.002844
0.002776
0.002992
0.002876
0.003057
0.003117
0.003196
0.002883
0.003003
0.002704
0.002933
0.002793
0.003042
0.003002
0.002960
0.003134
0.002987
0.003051
0.003123
0.003008
0.002986
0.003045
0.003093
0.003036
0.003068
0.002985
0.003017
0.003093
0.003037
0.002918
0.002907
0.003004
0.003078
0.002952
0.003035
0.002722
0.002944
0.002830
0.003130
0.002731
0.002926
0.002669
0.003100
0.002902
0.002764
0.003139
0.003032
0.003168
0.002991
0.003265
0.003118
0.002893
0.002900
0.002885
0.003036
0.003010
0.003016
0.002972
0.003017
0.002900
0.003031
0.003080
0.002801
0.003284
0.002947
0.002972
0.002861
0.003270
0.002916
0.003048
0.003071
0.003075
0.002879
0.003087
0.002852
0.003025
0.002577
0.003081
0.002699
0.003183
0.003049
0.002922
0.003133
0.002951
0.002894
0.003136
0.002808
0.002961
0.002849
0.002980
0.003010
0.003228
0.002675
0.003248
0.003204
0.003169
0.003176
0.003012
0.002930
0.003044
0.002813
0.003022
0.002853
0.002959
0.003025
0.002697
0.003141
0.003060
0.003044
0.002832
0.002851
0.002922
0.002896
0.003079
0.003029
0.003204
0.002775
0.003203
0.002834
0.003067
0.003103
0.003023
0.002918
0.002952
0.003070
0.003072
0.002861
0.002950
0.003022
0.003092
0.002979
0.003068
0.002788
0.003159
0.003016
0.003390
0.002911
0.003059
0.002941
0.003209
0.002783
0.003122
0.002747
0.003104
0.002800
0.003063
0.002906
0.003157
0.002806
0.003037
0.003073
0.003188
0.002999
0.003031
0.002871
0.003013
0.002912
0.002865
0.002789
0.002929
0.002834
0.002895
0.003043
0.003048
0.002819
0.003100
0.002797
0.002731
0.002767
0.002806
0.002858
0.002794
0.002999
0.002833
0.003194
0.002974
0.003161
0.002842
0.003012
0.002594
0.002971
0.002482
0.003067
0.002932
0.002665
0.002875
0.002911
0.002985
0.002908
0.002728
0.002984
0.003051
0.003141
0.002733
0.002711
0.002941
0.002913
0.003084
0.002877
0.002981
0.002935
0.003177
0.002823
0.003191
0.003141
0.003296
0.002956
0.002958
0.003206
0.002726
0.002957
0.002884
0.003459
0.002841
0.002894
0.003193
0.002838
0.003008
0.003214
0.002991
0.002912
0.002905
0.002955
0.003017
0.003037
0.003054
0.002905
0.003164
0.003060
0.003357
0.003245
0.003137
0.003047
0.003272
0.002848
0.002804
0.003163
0.003151
0.002977
0.003040
0.002952
0.002980
0.003125
0.003029
0.003053
0.003117
0.003230
0.002955
0.003007
0.002911
0.003156
0.002718
0.002788
0.003072
0.002970
0.002967
0.002995
0.003157
0.002936
0.003051
0.003357
0.003019
0.002889
0.003135
0.003034
0.002932
0.002945
0.003033
0.003021
0.002979
0.002965
0.003020
0.002888
0.003189
0.003021
0.003155
0.003091
0.003269
0.003078
0.003311
0.002986
0.003088
0.002966
0.002900
0.002835
0.003082
0.002782
0.002940
0.002801
0.002882
0.002944
0.003069
0.002963
0.003057
0.002759
0.003094
0.002902
0.003216
0.002722
0.003209
0.002908
0.003206
0.002935
0.003299
0.002723
0.003247
0.002739
0.002964
0.002910
0.003055
0.002711
0.003190
0.003031
0.003168
0.002698
0.002865
0.002853
0.002807
0.002954
0.003287
0.002985
0.003268
0.002918
0.003056
0.002975
0.002905
0.003120
0.002930
0.003111
0.003154
0.003134
0.002868
0.002919
0.002954
0.002991
0.003230
0.002830
0.002965
0.002956
0.003122
0.003107
0.003001
0.002863
0.003023
0.003026
0.002847
0.002919
0.002997
0.002872
0.003240
0.002946
0.003051
0.002886
0.002850
0.002819
0.003032
0.002876
0.003229
0.003135
0.002929
0.003089
0.003018
0.002761
0.002732
0.002706
0.002893
0.003049
0.002974
0.002835
0.002789
0.003047
0.003027
0.003115
0.002883
0.002843
0.002844
0.002946
0.002952
0.003091
0.002951
0.003201
0.002933
0.003133
0.002776
0.002854
0.002946
0.002901
0.003097
0.003018
0.002770
0.003041
0.002992
0.003130
0.003076
0.002976
0.003230
0.003165
0.002959
0.002872
0.002718
0.002823
0.002970
0.003142
0.003092
0.002884
0.003078
0.002769
0.003050
0.003076
0.003053
0.002731
0.002976
0.003283
0.003047
0.003175
0.003213
0.003226
0.002994
0.003076
0.003086
0.002603
0.003196
0.003011
0.002948
0.003088
0.003197
0.002852
0.003151
0.002681
0.003206
0.002875
0.003063
0.002928
0.003173
0.002689
0.003161
0.002966
0.002951
0.002983
0.003191
0.002824
0.002702
0.003075
0.003297
0.003079
0.002855
0.002992
0.003084
0.003035
0.003092
0.003147
0.002848
0.002985
0.002735
0.002959
0.003123
0.002980
0.002899
0.003188
0.002933
0.002975
0.003047
0.002903
0.003050
0.003009
0.002878
0.003084
0.003024
0.002772
0.003021
0.003188
0.002776
0.003094
0.002990
0.003005
0.002990
0.003087
0.003026
0.003046
0.002953
0.003138
0.002973
0.003000
0.003030
0.002886
0.002903
0.003006
0.002919
0.003247
0.002825
0.003209
0.002910
0.003019
0.002674
0.003140
0.002563
0.002915
0.003164
0.003101
0.002818
0.002835
0.002782
0.003244
0.002997
0.003026
0.002979
0.003111
0.002728
0.003106
0.002799
0.003188
0.002949
0.002885
0.002773
0.003375
0.002982
0.003204
0.002886
0.002837
0.003276
0.003016
0.003209
0.002707
0.003255
0.003017
0.003340
0.003105
0.003020
0.002747
0.003184
0.003118
0.003080
0.002923
0.003163
0.002970
0.003075
0.003153
0.003143
0.002802
0.003114
0.002847
0.003210
0.003162
0.003116
0.003072
0.002959
0.002973
0.003248
0.002924
0.002976
0.002960
0.003160
0.003043
0.002893
0.002954
0.002998
0.002939
0.002810
0.002723
0.003252
0.002857
0.003084
0.002736
0.002776
0.002947
0.002967
0.002935
0.002949
0.003330
0.003146
0.002993
0.003045
0.002928
0.002804
0.002978
0.003041
0.002751
0.003126
0.003094
0.003246
0.003122
0.002853
0.003155
0.003098
0.002903
0.002717
0.003030
0.002952
0.003035
0.003117
0.003161
0.002951
0.003235
0.002861
0.002994
0.002870
0.002869
0.002948
0.003124
0.002987
0.003191
0.003339
0.003137
0.003116
0.002588
0.003029
0.003002
0.003105
0.002988
0.002946
0.002867
0.002917
0.002982
0.003095
0.002644
0.002964
0.002882
0.003067
0.003139
0.002988
0.003213
0.003033
0.003327
0.003037
0.003030
0.002781
0.003156
0.003116
0.003264
0.002998
0.003279
0.003074
0.003007
0.003174
0.002976
0.003393
0.003024
0.003270
0.003120
0.003134
0.002794
0.003029
0.003153
0.002970
0.002965
0.002973
0.002916
0.003161
0.002932
0.002873
0.002971
0.002990
0.002723
0.003085
0.002635
0.002779
0.003180
0.003190
0.002906
0.003334
0.002906
0.002887
0.002845
0.003062
0.003033
0.002828
0.002836
0.002803
0.002745
0.002748
0.003015
0.002933
0.002984
0.003165
0.003030
0.003041
0.002908
0.003175
0.003069
0.002945
0.002660
0.003173
0.002703
0.003013
0.002857
0.003120
0.002817
0.003174
0.003035
0.003063
0.002838
0.003150
0.002867
0.003076
0.003029
0.003004
0.002871
0.003029
0.002930
0.002782
0.003246
0.003128
0.003044
0.002975
0.002983
0.002794
0.003437
0.002915
0.003017
0.003192
0.003012
0.003136
0.002855
0.003158
0.003027
0.003064
0.002865
0.003011
0.003053
0.002782
0.002894
0.003078
0.003121
0.003055
0.003029
0.003063
0.003033
0.002942
0.002894
0.003213
0.003055
0.003011
0.002752
0.002922
0.003037
0.003257
0.002944
0.002854
0.002923
0.003312
0.003078
0.002970
0.002937
0.002971
0.003130
0.003044
0.002914
0.003019
0.002891
0.003066
0.003148
0.002880
0.003085
0.003117
0.002755
0.002897
0.002997
0.003087
0.002689
0.002776
0.002900
0.003204
0.003064
0.003047
0.002713
0.003091
0.002950
0.003068
0.002966
0.002929
0.002830
0.003087
0.003109
0.002722
0.002813
0.003321
0.002963
0.002986
0.002960
0.003081
0.003073
0.003124
0.002817
0.002753
0.003091
0.003075
0.002849
0.002877
0.002962
0.003202
0.003207
0.002810
0.002728
0.002884
0.003109
0.002901
0.002702
0.002799
0.003034
0.003117
0.003124
0.003146
0.003111
0.002997
0.003006
0.003146
0.002847
0.003068
0.003186
0.002849
0.002796
0.003013
0.002951
0.003026
0.002977
0.003091
0.002910
0.002959
0.002850
0.002985
0.002795
0.002917
0.002943
0.003147
0.002928
0.002847
0.002678
0.002978
0.003047
0.003135
0.002784
0.003252
0.003068
0.003199
0.002928
0.002903
0.002934
0.003107
0.003147
0.002827
0.002830
0.002693
0.003053
0.003002
0.003016
0.002888
0.003063
0.003011
0.003159
0.003066
0.002951
0.003061
0.003073
0.003136
0.002657
0.003077
0.002861
0.003104
0.002857
0.002962
0.002825
0.002969
0.003113
0.002969
0.002898
0.003093
0.003309
0.003116
0.002902
0.002873
0.003062
0.003156
0.002797
0.002886
0.002985
0.003008
0.003268
0.002923
0.003110
0.002802
0.003329
0.002953
0.003040
0.002912
0.003166
0.002950
0.002990
0.003066
0.003303
0.002926
0.003166
0.002943
0.003207
0.003054
0.003377
0.002877
0.003233
0.002740
0.003145
0.002690
0.003015
0.002831
0.003072
0.002993
0.003120
0.003131
0.003138
0.002832
0.003160
0.002922
0.003131
0.002756
0.003158
0.002831
0.003233
0.002902
0.003123
0.002818
0.003339
0.002839
0.003256
0.002867
0.003293
0.002828
0.002827
0.003029
0.002962
0.002945
0.002989
0.003162
0.003043
0.003063
0.003235
0.003057
0.002822
0.002953
0.002878
0.002993
0.002709
0.002969
0.002922
0.002896
0.003114
0.002892
0.003236
0.003026
0.003083
0.003061
0.003185
0.002932
0.003092
0.003113
0.002888
0.002884
0.003201
0.003023
0.003104
0.002934
0.002959
0.003253
0.002894
0.002697
0.002956
0.002967
0.003027
0.002970
0.003034
0.002670
0.003140
0.002818
0.003092
0.002856
