1.512842
1.496568
1.439148
1.499494
1.445693
1.498448
1.489942
1.451651
1.502789
1.446022
1.509806
1.454654
1.503852
1.449122
1.497844
1.442274
1.529709
1.453175
1.500051
1.542886
1.475339
1.492641
1.446231
1.499430
1.446714
1.495079
1.468857
1.500111
1.449526
1.497369
1.448618
1.501248
1.451992
1.503411
1.439791
1.500856
1.495235
1.449570
1.515760
1.452878
1.508364
1.451887
1.516021
1.491175
1.519002
1.450481
1.496157
1.458785
1.496655
1.495410
1.446667
1.495349
1.462591
1.500818
1.462985
1.501476
1.445089
1.503068
1.447759
1.497624
1.443439
1.492278
1.440521
1.499726
1.502846
1.446250
1.498719
1.454929
1.496586
1.445008
1.500982
1.451660
1.502507
1.438190
1.503514
1.453795
1.496609
1.443803
1.496797
1.457238
1.445966
1.491555
1.453335
1.500516
1.450246
1.501246
1.441055
1.502097
1.472954
1.490943
1.505410
1.450094
1.492917
1.447178
1.495453
1.444606
1.497424
1.445437
1.494831
1.445580
1.487916
1.446364
1.494089
1.452639
1.494972
1.503008
1.460599
1.504251
1.496396
1.488857
1.443538
1.503007
1.475638
1.513000
1.441629
1.547364
1.445651
1.493248
1.503284
1.449799
1.523012
1.443540
1.502440
1.450432
1.506230
1.454655
1.490156
1.451712
1.527670
1.447404
1.491467
1.445953
1.440796
1.494898
1.438979
1.501157
1.454413
1.485872
1.445135
1.555877
1.492960
1.450006
1.491444
1.453952
1.489732
1.452776
1.496630
1.496745
1.444481
1.506630
1.449455
1.500096
1.451655
1.498062
1.435925
1.503826
1.448247
1.552896
1.448190
1.500168
1.444522
1.501230
1.447925
1.497467
1.500720
1.473493
1.497377
1.449333
1.498857
1.463451
1.495733
1.447361
1.490434
1.458305
1.487094
1.511720
1.454238
1.487318
1.448031
1.500882
1.445626
1.502528
1.450387
1.501706
1.448708
1.504600
1.455941
1.492867
1.489984
1.482241
1.559612
1.447121
1.524897
1.475579
1.583848
1.455013
1.586847
1.440746
1.588785
1.540728
1.450272
1.498055
1.447155
1.529027
1.451430
1.491517
1.472152
1.503694
1.510452
1.442563
1.489190
1.442524
1.491815
1.455573
1.490329
1.468073
1.502199
1.447084
1.497637
1.449896
1.501351
1.452456
1.492595
1.500039
1.456048
1.492316
1.445352
1.511180
1.449189
1.499406
1.449371
1.494998
1.459090
1.487883
1.529663
1.488639
1.446318
1.498450
1.491101
1.454297
1.494590
1.441974
1.485078
1.455290
1.492157
1.472793
1.513977
1.496706
1.492640
1.528621
1.451413
1.516081
1.444726
1.538422
1.501392
1.557199
1.448737
1.532392
1.506379
1.449663
1.508943
1.471578
1.500108
1.449262
1.545474
1.457317
1.516727
1.442858
1.535487
1.454017
1.497099
1.511700
1.447643
1.492541
1.459167
1.517935
1.438366
1.494320
1.441074
1.502483
1.482460
1.493869
1.500454
1.456237
1.498082
1.438649
1.499205
1.444834
1.521220
1.451254
1.504952
1.492700
1.496985
1.443641
1.513716
1.450909
1.494875
1.507611
1.442362
1.500968
1.442579
1.540908
1.440626
1.500383
1.467529
1.520940
1.457100
1.515674
1.475064
1.493780
1.498189
1.451775
1.492488
1.446116
1.512416
1.449919
1.498921
1.439788
1.499617
1.449827
1.503255
1.500275
1.498895
1.573616
1.448176
1.488793
1.442700
1.504367
1.448659
1.498549
1.473002
1.497593
1.446307
1.500803
1.468536
1.507218
1.445133
1.505716
1.496649
1.453644
1.565775
1.475115
1.583305
1.522675
1.507005
1.501947
1.520017
1.492490
1.456298
1.491834
1.451963
1.544581
1.502742
1.536878
1.497676
1.483906
1.500621
1.545783
1.506685
1.446928
1.498961
1.448495
1.493481
1.526129
1.452019
1.546222
1.494944
1.552520
1.446687
1.491830
1.455169
1.501419
1.459272
1.496668
1.525600
1.448859
1.523355
1.446137
1.489023
1.451874
1.495671
1.451292
1.497241
1.454348
1.496401
1.437735
1.498338
1.450758
1.500855
1.489729
1.488669
1.538786
1.518562
1.497606
1.627111
1.451839
1.505565
1.505205
1.491985
1.460393
1.627975
1.511661
1.507109
1.529151
1.464006
1.520823
1.453516
1.512389
1.494261
1.564161
1.447767
1.495170
1.510144
1.518380
1.527792
1.489400
1.543325
1.448670
1.493916
1.478731
1.490961
1.514929
1.443929
1.550199
1.446563
1.517206
1.471246
1.537256
1.445996
1.501821
1.525615
1.536843
1.504035
1.455945
1.499369
1.450007
1.523650
1.510455
1.503557
1.570787
1.479291
1.558157
1.450127
1.540169
1.473731
1.489714
1.459168
1.503732
1.441811
1.498605
1.505781
1.486912
1.511361
1.492676
1.504418
1.452444
1.502889
1.443879
1.512292
1.617999
1.468924
1.541260
1.437832
1.499409
1.498892
1.494695
1.455337
1.487472
1.462442
1.499180
1.502508
1.446228
1.510187
1.441660
1.563500
1.443145
1.492842
1.447648
1.564815
1.500417
1.450430
1.491133
1.494487
1.526322
1.455716
1.473587
1.595228
1.456930
1.516926
1.452021
1.516295
1.444898
1.494554
1.449587
1.449154
1.492891
1.445384
1.495640
1.452186
1.492446
1.469690
1.504749
1.448567
1.500006
1.450354
1.500423
1.496540
1.454620
1.486046
1.453065
1.503699
1.451808
1.500404
1.440353
1.504277
1.453736
1.501881
1.451080
1.513084
1.445594
1.488983
1.444808
1.502814
1.491412
1.447649
1.493718
1.447881
1.493906
1.467797
1.509358
1.509569
1.448783
1.496135
1.446359
1.501576
1.511581
1.449129
1.506537
1.447159
1.543998
1.442317
1.537090
1.448722
1.501993
1.493888
1.443625
1.510542
1.452084
1.499276
1.447754
1.505885
1.529802
1.539515
1.502932
1.451909
1.521591
1.439083
1.571276
1.450886
1.575020
1.459011
1.523876
1.492421
1.487143
1.488434
1.468506
1.490476
1.526845
1.447883
1.552370
1.442792
1.498484
1.441791
1.454606
1.495753
1.473805
1.502499
1.447445
1.501795
1.467204
1.495258
1.496701
1.492485
1.451453
1.515346
1.556996
1.455146
1.495078
1.458228
1.495327
1.452058
1.499278
1.448071
1.512525
1.454550
1.492588
1.452782
1.508759
1.450111
1.516835
1.504916
1.443141
1.497335
1.478092
1.538830
1.479833
1.527251
1.507081
1.492520
1.498321
1.452293
1.496664
1.455318
1.496300
1.496205
1.531970
1.448564
1.492364
1.453964
1.541357
1.452529
1.496944
1.497262
1.438726
1.500579
1.445231
1.510025
1.441380
1.496113
1.479786
1.492311
1.443837
1.495880
1.452165
1.507048
1.455552
1.501354
1.452669
1.550865
1.486026
1.445115
1.506621
1.449285
1.484658
1.453337
1.538215
1.455430
1.552748
1.453647
1.535759
1.498817
1.456755
1.495560
1.451672
1.502892
1.449590
1.496014
1.452545
1.502917
1.448397
1.496354
1.450788
1.500017
1.472879
1.499634
1.499240
1.452803
1.511194
1.453102
1.528691
1.456325
1.490857
1.448903
1.550037
1.449151
1.498349
1.443344
1.547689
1.491376
1.446200
1.495513
1.446623
1.488907
1.453505
1.494301
1.473441
1.500666
1.447049
1.497577
1.552598
1.447579
1.510619
1.452560
1.546128
1.452793
1.504158
1.453222
1.514335
1.445652
1.507040
1.444156
1.569531
1.504310
1.483425
1.499928
1.473104
1.492714
1.446105
1.494415
1.558959
1.494690
1.444159
1.489205
1.497763
1.442524
1.497952
1.448894
1.548540
1.450364
1.494898
1.448935
1.495901
1.457685
1.489421
1.445038
1.505817
1.441898
1.494851
1.507005
1.447028
1.505832
1.444121
1.491068
1.457699
1.502236
1.450347
1.497937
1.446559
1.493882
1.470503
1.494700
1.450806
1.489051
1.497765
1.440893
1.494822
1.446965
1.492358
1.459956
1.499169
1.444614
1.500584
1.465417
1.500864
1.448125
1.496213
1.454443
1.555649
1.495280
1.459063
1.517808
1.454341
1.504104
1.443244
1.501292
1.455221
1.501438
1.450240
1.492515
1.453032
1.501387
1.439637
1.496918
1.499304
1.450718
1.489099
1.448161
1.491950
1.448358
1.482241
1.437628
1.494302
1.469828
1.498907
1.441335
1.500412
1.472291
1.494785
1.536438
1.448968
1.511947
1.453439
1.508314
1.445258
1.509725
1.449496
1.495219
1.453586
1.521330
1.449296
1.502138
1.505549
1.450492
1.492377
1.487479
1.506097
1.454719
1.494208
1.458721
1.499069
1.458488
1.494456
1.450198
1.495385
1.449433
1.490825
1.491864
1.450400
1.504400
1.461032
1.502583
1.456326
1.491385
1.446578
1.490886
1.474112
1.494796
1.452016
1.504125
1.450462
1.503899
1.509513
1.493579
1.522859
1.440807
1.489406
1.440774
1.491207
1.450583
1.489494
1.458621
1.497214
1.443181
1.493200
1.456048
1.489475
1.448250
1.488366
1.496586
1.455469
1.489326
1.445313
1.581488
1.447710
1.495088
1.448773
1.501971
1.452065
1.505904
1.498444
1.446770
1.495281
1.464384
1.489223
1.446843
1.503480
1.454685
1.489033
1.446500
1.508685
1.449242
1.497684
1.460915
1.495025
1.514278
1.442796
1.504130
1.449933
1.500831
1.452820
1.505477
1.446213
1.495773
1.449395
1.497712
1.446114
1.495636
1.491238
1.492252
1.494727
1.444182
1.493823
1.440988
1.500416
1.447882
1.500563
1.443934
1.497609
1.445904
1.503665
1.443012
1.497746
1.456691
1.498213
1.448959
1.496693
1.446161
1.500856
1.491188
1.452000
1.499934
1.439939
1.517507
1.454279
1.509005
1.457642
1.511331
1.465023
1.591394
1.499634
1.495427
1.500611
1.474961
1.499839
1.446251
1.486410
1.443233
1.493356
1.528316
1.499538
1.499397
1.457106
1.491813
1.457618
1.538666
1.450750
1.499891
1.451703
1.496645
1.449383
1.515250
1.446707
1.499161
1.454976
1.445742
1.501980
1.452095
1.505529
1.446693
1.494181
1.449360
1.499679
1.442804
1.506565
1.447414
1.494640
1.496575
1.445721
1.499189
1.443317
1.493166
1.442573
1.485820
1.449216
1.495752
1.450774
1.494220
1.452421
1.494640
1.446065
1.501411
1.453524
1.497546
1.494346
1.449534
1.496759
1.442343
1.492153
1.447297
1.492711
1.465094
1.495627
1.501818
1.500762
1.500111
1.441189
1.580213
1.495678
1.479451
1.507057
1.445696
1.545722
1.554152
1.500952
1.477029
1.492794
1.503836
1.441115
1.497578
1.476907
