++STRT++
0.174977
0.233534
0.007453
0.000529
0.007507
0.002197
0.383070
0.007858
0.003406
0.213923
0.240842
0.010541
0.000921
0.010332
0.002364
0.721592
0.032221
0.013252
0.197456
0.236425
0.009495
0.000781
0.009353
0.002272
0.670592
0.023013
0.009577
0.247470
0.238504
0.011064
0.000975
0.010576
0.002360
0.743391
0.024277
0.014195
--STOP--
++STRT++
0.190771
0.233622
0.007496
0.000493
0.007299
0.002186
0.381810
0.007863
0.003107
0.209168
0.240608
0.010479
0.000928
0.010460
0.002441
0.730671
0.032702
0.013540
0.202143
0.236172
0.009589
0.000786
0.009479
0.002348
0.672053
0.022877
0.009582
0.237683
0.240247
0.010847
0.000974
0.010597
0.002409
0.784297
0.035233
0.014199
--STOP--
++STRT++
0.184214
0.233685
0.007470
0.000478
0.007397
0.002184
0.383378
0.007288
0.003252
0.215122
0.241040
0.010586
0.000970
0.010472
0.002398
0.767319
0.032615
0.013337
0.192841
0.236216
0.009625
0.000713
0.009470
0.002355
0.626029
0.022734
0.009578
0.242641
0.240040
0.010590
0.000950
0.010581
0.002397
0.741838
0.034865
0.014340
--STOP--
++STRT++
0.190044
0.233793
0.007449
0.000460
0.007216
0.002150
0.376127
0.007208
0.002857
0.201710
0.241243
0.010580
0.000914
0.010448
0.002388
0.722120
0.032415
0.013272
0.184931
0.233707
0.009541
0.000781
0.009345
0.002284
0.624014
0.022853
0.009662
0.193377
0.233687
0.007206
0.000442
0.007006
0.002185
0.742298
0.035203
0.014046
--STOP--
++STRT++
0.185886
0.233303
0.007470
0.000433
0.007451
0.002179
0.387180
0.007783
0.003187
0.199136
0.239926
0.010612
0.000915
0.010463
0.002433
0.733374
0.032442
0.013282
0.195873
0.236698
0.009521
0.000716
0.009365
0.002282
0.670862
0.023044
0.009643
0.223321
0.241046
0.010669
0.001011
0.010458
0.002365
0.788032
0.035271
0.014240
--STOP--
++STRT++
0.182011
0.233380
0.007533
0.000441
0.007414
0.002152
0.392316
0.007973
0.003109
0.205084
0.239560
0.010652
0.000923
0.010565
0.002479
0.767172
0.032812
0.013427
0.191254
0.236301
0.009554
0.000722
0.009477
0.002348
0.632680
0.022805
0.009500
0.250025
0.239757
0.010723
0.000962
0.010498
0.002383
0.740107
0.035035
0.014057
--STOP--
++STRT++
0.191040
0.233260
0.007532
0.000465
0.007526
0.002187
0.379244
0.008459
0.003624
0.201199
0.239890
0.010551
0.000906
0.010447
0.002359
0.717743
0.032490
0.013362
0.198004
0.236522
0.009567
0.000789
0.009412
0.002316
0.633136
0.022879
0.009671
0.244195
0.238970
0.010742
0.000973
0.010667
0.002419
0.782187
0.035055
0.014228
--STOP--
++STRT++
0.188047
0.233542
0.007492
0.000448
0.007478
0.002189
0.379764
0.007739
0.003138
0.206353
0.239701
0.010572
0.000919
0.010395
0.002463
0.734117
0.032740
0.013390
0.194842
0.236283
0.009629
0.000719
0.009446
0.002329
0.679813
0.022740
0.009461
0.236491
0.240614
0.010813
0.000996
0.010829
0.002419
0.790037
0.034974
0.014251
--STOP--
++STRT++
0.188377
0.233954
0.007467
0.000447
0.007225
0.002168
0.387373
0.007188
0.002889
0.197997
0.241006
0.010575
0.000920
0.010470
0.002374
0.763882
0.032705
0.013314
0.196514
0.236066
0.009547
0.000769
0.009411
0.002298
0.626727
0.022760
0.009585
0.250617
0.239624
0.010883
0.001013
0.010719
0.002454
0.747338
0.035389
0.014292
--STOP--
++STRT++
0.186077
0.234042
0.007525
0.000452
0.007421
0.002151
0.385943
0.007767
0.003219
0.217614
0.240873
0.010552
0.000943
0.010438
0.002451
0.715860
0.032482
0.013476
0.192229
0.236057
0.009564
0.000717
0.009338
0.002342
0.634342
0.022998
0.009489
0.242323
0.240174
0.010772
0.000959
0.010450
0.002413
0.776800
0.035461
0.014191
--STOP--
++STRT++
0.189095
0.233712
0.007375
0.000448
0.007411
0.002188
0.390605
0.007448
0.003124
0.213158
0.240113
0.010660
0.000936
0.010520
0.002439
0.775138
0.032901
0.013435
0.198860
0.236203
0.009675
0.000731
0.009419
0.002299
0.685538
0.022795
0.009468
0.236939
0.239156
0.010739
0.000949
0.010593
0.002367
0.743639
0.073647
0.014122
--STOP--
++STRT++
0.190853
0.234163
0.007531
0.000453
0.007439
0.002190
0.393280
0.007342
0.003058
0.203839
0.239284
0.010636
0.000935
0.010438
0.002450
0.770222
0.033103
0.013667
0.192697
0.235969
0.009549
0.000719
0.009458
0.002338
0.627806
0.022962
0.009605
0.245509
0.239640
0.010774
0.000975
0.010527
0.002375
0.743043
0.034941
0.014175
--STOP--
++STRT++
0.188123
0.233405
0.007453
0.000441
0.007376
0.002166
0.382319
0.007422
0.003230
0.207652
0.239777
0.010531
0.000933
0.010414
0.002439
0.720834
0.032715
0.013419
0.201579
0.235793
0.009614
0.000777
0.009371
0.002286
0.629631
0.023021
0.009566
0.249433
0.239748
0.010626
0.000949
0.010460
0.002440
0.753322
0.035070
0.014349
--STOP--
++STRT++
0.191150
0.233722
0.007403
0.000446
0.007267
0.002153
0.381401
0.007790
0.003163
0.187805
0.240051
0.010698
0.000928
0.010498
0.002450
0.773888
0.032717
0.013369
0.195633
0.236328
0.009548
0.000717
0.009414
0.002329
0.680795
0.022956
0.009524
0.237746
0.240196
0.010796
0.000998
0.010580
0.002425
0.744510
0.079399
0.014211
--STOP--
++STRT++
0.189513
0.233486
0.007407
0.000478
0.007335
0.002186
0.381723
0.007434
0.003340
0.213507
0.240679
0.010461
0.000978
0.010360
0.002376
0.713426
0.032564
0.013371
0.191573
0.237166
0.009456
0.000719
0.009522
0.002339
0.643157
0.022788
0.009534
0.246455
0.238828
0.010730
0.000980
0.010541
0.002434
0.743177
0.035088
0.014187
--STOP--
++STRT++
0.188747
0.233757
0.007477
0.000452
0.007318
0.002161
0.388919
0.007689
0.002955
0.200325
0.240460
0.010590
0.000925
0.010384
0.002436
0.726707
0.032788
0.013505
0.186600
0.236104
0.009566
0.000719
0.009456
0.002292
0.673104
0.022891
0.009532
0.245527
0.240610
0.010817
0.000959
0.010506
0.002359
0.787580
0.034984
0.014035
--STOP--
++STRT++
0.185512
0.233636
0.007435
0.000447
0.007389
0.002164
0.379587
0.007460
0.003042
0.203658
0.241356
0.010633
0.000917
0.010424
0.002385
0.771368
0.032739
0.013438
0.196008
0.236620
0.009608
0.000782
0.009482
0.002334
0.626391
0.022941
0.009643
0.249199
0.239211
0.010678
0.000949
0.010463
0.002377
0.741574
0.035161
0.014095
--STOP--
++STRT++
0.181067
0.234608
0.007461
0.000462
0.007421
0.002161
0.381045
0.007223
0.002944
0.205110
0.239804
0.010679
0.000927
0.010518
0.002459
0.721531
0.033070
0.013396
0.193830
0.236126
0.009482
0.000723
0.009389
0.002330
0.633429
0.022860
0.009544
0.250667
0.238720
0.010575
0.000985
0.010442
0.002360
0.780090
0.035262
0.014017
--STOP--
++STRT++
0.188340
0.233978
0.007539
0.000460
0.007469
0.002159
0.387756
0.007383
0.002997
0.201652
0.241022
0.010682
0.000919
0.010415
0.002459
0.770957
0.032931
0.013508
0.192664
0.236885
0.009537
0.000772
0.009311
0.002284
0.623815
0.022962
0.009657
0.250197
0.239943
0.010607
0.000993
0.010539
0.002372
0.743299
0.035192
0.014175
--STOP--
++STRT++
0.187023
0.233497
0.007343
0.000438
0.007288
0.002160
0.381399
0.006973
0.002995
0.197920
0.238421
0.010672
0.000942
0.010390
0.002457
0.723034
0.032958
0.013475
0.193044
0.236078
0.009563
0.000720
0.009442
0.002357
0.629783
0.023062
0.009429
0.249019
0.239396
0.010813
0.001007
0.010678
0.002369
0.784284
0.035260
0.014375
--STOP--
++STRT++
0.186165
0.234139
0.007499
0.000495
0.007467
0.002190
0.388799
0.007328
0.002923
0.203456
0.240348
0.010619
0.000918
0.010465
0.002433
0.768762
0.032772
0.013442
0.195697
0.235970
0.009637
0.000702
0.009467
0.002336
0.636488
0.056434
0.009566
0.245723
0.240665
0.010696
0.000975
0.010535
0.002365
0.744014
0.035067
0.014146
--STOP--
++STRT++
0.190318
0.234258
0.007462
0.000447
0.007407
0.002162
0.389090
0.007189
0.003051
0.197043
0.240953
0.010675
0.000933
0.010491
0.002456
0.724973
0.032629
0.013366
0.197077
0.236083
0.009514
0.000740
0.009381
0.002354
0.626425
0.022858
0.009664
0.228719
0.241395
0.010737
0.000970
0.010555
0.002421
0.743044
0.035142
0.013975
--STOP--
++STRT++
0.188282
0.233436
0.007524
0.000453
0.007402
0.002153
0.383192
0.007160
0.002955
0.201162
0.240827
0.010590
0.000921
0.010443
0.002486
0.740619
0.033000
0.013435
0.201461
0.235846
0.009530
0.000716
0.009438
0.002322
0.629854
0.022795
0.053907
0.249050
0.239303
0.010726
0.000973
0.010592
0.002377
0.743109
0.034787
0.014106
--STOP--
++STRT++
0.188013
0.233575
0.007439
0.000452
0.007327
0.002152
0.387288
0.007090
0.003023
0.209598
0.239592
0.010687
0.000905
0.010445
0.002474
0.725181
0.032749
0.013399
0.192538
0.236092
0.009593
0.000719
0.009404
0.002277
0.632932
0.022850
0.009604
0.250801
0.240773
0.010761
0.000964
0.010610
0.002443
0.744721
0.035437
0.014218
--STOP--
++STRT++
0.178421
0.233547
0.007354
0.000458
0.007435
0.002185
0.389763
0.007527
0.003220
0.209296
0.240425
0.010536
0.000910
0.010403
0.002487
0.722807
0.032703
0.013294
0.192798
0.236646
0.009519
0.000726
0.009354
0.002333
0.630115
0.022685
0.009554
0.238936
0.240656
0.010719
0.001018
0.010562
0.002434
0.783755
0.035260
0.014199
--STOP--
++STRT++
0.187119
0.233746
0.007637
0.000450
0.007491
0.002208
0.389379
0.007864
0.003363
0.202287
0.240302
0.010574
0.000925
0.010378
0.002488
0.731380
0.032753
0.013491
0.198289
0.236009
0.009512
0.000746
0.009351
0.002296
0.674706
0.023043
0.009517
0.244235
0.240692
0.010726
0.000973
0.010517
0.002397
0.786983
0.034968
0.014110
--STOP--
++STRT++
0.188096
0.234009
0.007595
0.000453
0.007391
0.002148
0.385910
0.007689
0.003323
0.198868
0.240853
0.010615
0.000911
0.010475
0.002455
0.723383
0.032517
0.051553
0.193412
0.236089
0.009587
0.000710
0.009395
0.002330
0.634564
0.022734
0.009454
0.240721
0.241532
0.010628
0.000940
0.010497
0.002414
0.742991
0.034999
0.014256
--STOP--
++STRT++
0.185260
0.233173
0.007493
0.000451
0.007226
0.002155
0.387613
0.007060
0.002925
0.206352
0.240306
0.010588
0.000915
0.010407
0.002445
0.716906
0.032687
0.013342
0.193059
0.235444
0.009729
0.000777
0.009475
0.002311
0.640488
0.022827
0.009391
0.251675
0.239482
0.010671
0.001022
0.010594
0.002466
0.784288
0.035357
0.014155
--STOP--
++STRT++
0.189476
0.233493
0.007533
0.000447
0.007314
0.002154
0.387573
0.006589
0.002804
0.211867
0.239342
0.010595
0.000961
0.010415
0.002437
0.763229
0.032619
0.013460
0.192314
0.236009
0.009459
0.000716
0.009535
0.002347
0.631529
0.022925
0.009552
0.246807
0.239348
0.010899
0.001000
0.010601
0.002412
0.741167
0.034704
0.014126
--STOP--
++STRT++
0.190699
0.233692
0.007466
0.000439
0.007507
0.002181
0.386307
0.007669
0.003176
0.195113
0.239892
0.010483
0.000929
0.010467
0.002446
0.730390
0.032645
0.013300
0.193646
0.236685
0.009580
0.000717
0.009522
0.002322
0.629189
0.022667
0.009527
0.248250
0.240432
0.010689
0.000973
0.010438
0.002383
0.779741
0.035049
0.014171
--STOP--
++STRT++
0.192964
0.233645
0.007480
0.000444
0.007314
0.002199
0.387050
0.007715
0.003134
0.214777
0.240044
0.010789
0.000919
0.010450
0.002451
0.742069
0.032999
0.013539
0.195181
0.236015
0.009515
0.000735
0.009378
0.002339
0.666511
0.022702
0.009500
0.241605
0.239829
0.010694
0.000967
0.010446
0.002389
0.744074
0.079322
0.014064
--STOP--
++STRT++
0.180321
0.233580
0.007510
0.000453
0.007473
0.002188
0.387559
0.007815
0.003292
0.201597
0.241109
0.010496
0.000920
0.010411
0.002444
0.720359
0.032516
0.013289
0.184866
0.236101
0.009583
0.000741
0.009327
0.002327
0.630398
0.022930
0.009658
0.245921
0.239513
0.010710
0.000954
0.010520
0.002360
0.741440
0.034967
0.014087
--STOP--
++STRT++
0.187411
0.233459
0.007478
0.000437
0.007441
0.002204
0.381257
0.007680
0.003239
0.202276
0.239052
0.010621
0.000935
0.010456
0.002422
0.730517
0.033070
0.013488
0.190507
0.236232
0.009547
0.000730
0.009425
0.002354
0.638960
0.022835
0.009530
0.237801
0.241168
0.010684
0.000944
0.010511
0.002427
0.781922
0.035000
0.014088
--STOP--
++STRT++
0.191311
0.233707
0.007522
0.000449
0.007410
0.002159
0.392311
0.008010
0.003360
0.209351
0.239520
0.010582
0.000918
0.010375
0.002486
0.735521
0.032367
0.013287
0.193114
0.235987
0.009530
0.000729
0.009345
0.002292
0.631097
0.022891
0.009601
0.250263
0.239854
0.010643
0.000938
0.010567
0.002433
0.741998
0.034993
0.014046
--STOP--
++STRT++
0.184192
0.233132
0.007523
0.000458
0.007434
0.002183
0.386741
0.006965
0.003136
0.204898
0.239919
0.010577
0.000931
0.010394
0.002469
0.724026
0.032891
0.013466
0.193183
0.236159
0.009537
0.000737
0.009315
0.002265
0.630904
0.022713
0.009627
0.239226
0.240878
0.010923
0.000955
0.010516
0.002383
0.776525
0.034859
0.014222
--STOP--
++STRT++
0.184015
0.233857
0.007431
0.000440
0.007450
0.002190
0.386165
0.007449
0.003099
0.216498
0.239328
0.010546
0.000916
0.010413
0.002452
0.733553
0.032535
0.013424
0.197257
0.235726
0.009609
0.000740
0.009368
0.002280
0.674903
0.022914
0.009527
0.248138
0.241328
0.010715
0.000961
0.010656
0.002454
0.788768
0.035047
0.014094
--STOP--
++STRT++
0.188191
0.233095
0.007388
0.000445
0.007288
0.002164
0.384274
0.007067
0.003000
0.202223
0.240652
0.010610
0.000921
0.010394
0.002454
0.744481
0.032475
0.013362
0.194787
0.236200
0.009570
0.000727
0.009499
0.002342
0.637910
0.022973
0.009439
0.237419
0.240595
0.010734
0.000972
0.010526
0.002407
0.743836
0.034956
0.014011
--STOP--
++STRT++
0.188596
0.233798
0.007459
0.000491
0.007347
0.002193
0.392808
0.007623
0.003185
0.198469
0.239295
0.010662
0.000923
0.010498
0.002432
0.725592
0.032894
0.013491
0.202321
0.235454
0.009493
0.000724
0.009337
0.002277
0.626611
0.022906
0.009547
0.246841
0.238399
0.010665
0.000983
0.010530
0.002405
0.781453
0.035163
0.014187
--STOP--
++STRT++
0.190955
0.234291
0.007489
0.000481
0.007354
0.002186
0.380938
0.007396
0.003057
0.190072
0.240775
0.010615
0.000912
0.010459
0.002475
0.760654
0.032915
0.013377
0.193421
0.236418
0.009542
0.000721
0.009420
0.002362
0.627005
0.022930
0.009495
0.245033
0.240502
0.010673
0.000957
0.010560
0.002375
0.743612
0.035238
0.014119
--STOP--
++STRT++
0.178484
0.233392
0.007465
0.000439
0.007323
0.002159
0.379474
0.007392
0.003183
0.205088
0.240256
0.010516
0.000917
0.010428
0.002400
0.722806
0.032724
0.013376
0.198001
0.235880
0.009577
0.000725
0.009459
0.002341
0.638747
0.022941
0.009593
0.241703
0.239253
0.010656
0.000962
0.010585
0.002368
0.783078
0.034907
0.014101
--STOP--
++STRT++
0.188195
0.233873
0.007568
0.000445
0.007450
0.002159
0.381286
0.006890
0.003098
0.201671
0.239632
0.010569
0.000918
0.010430
0.002470
0.736280
0.032605
0.013389
0.208830
0.235475
0.009415
0.000726
0.009219
0.002315
0.667555
0.022737
0.009461
0.244058
0.239052
0.010648
0.000963
0.010497
0.002428
0.743298
0.062451
0.014099
--STOP--
++STRT++
0.188276
0.234010
0.007377
0.000451
0.007302
0.002189
0.383973
0.007599
0.003221
0.204932
0.240263
0.010629
0.000937
0.010400
0.002399
0.719302
0.032851
0.013465
0.203025
0.235814
0.009511
0.000723
0.009385
0.002346
0.633798
0.023010
0.009595
0.246505
0.239946
0.010675
0.000975
0.010566
0.002432
0.744156
0.035001
0.014234
--STOP--
++STRT++
0.179429
0.234138
0.007365
0.000451
0.007350
0.002182
0.380773
0.007599
0.003048
0.196185
0.239941
0.010634
0.000965
0.010408
0.002389
0.723372
0.032479
0.013250
0.187143
0.236015
0.009512
0.000730
0.009327
0.002362
0.667768
0.022835
0.009687
0.248086
0.239382
0.010701
0.000999
0.010477
0.002374
0.786511
0.035287
0.014211
--STOP--
++STRT++
0.188394
0.233899
0.007594
0.000459
0.007468
0.002183
0.384943
0.007405
0.003199
0.209325
0.240376
0.010559
0.000901
0.010383
0.002463
0.761653
0.032655
0.013472
0.192732
0.235643
0.009596
0.000714
0.009330
0.002363
0.629394
0.022808
0.009501
0.250332
0.239178
0.010715
0.000945
0.010494
0.002386
0.742111
0.034795
0.014274
--STOP--
++STRT++
0.190017
0.233293
0.007510
0.000448
0.007325
0.002158
0.379156
0.007341
0.003112
0.210282
0.239312
0.010579
0.000932
0.010436
0.002443
0.723766
0.032609
0.013263
0.194759
0.235927
0.009532
0.000725
0.009355
0.002313
0.628053
0.022929
0.009492
0.248925
0.239388
0.010794
0.000988
0.010540
0.002425
0.778083
0.034883
0.014078
--STOP--
++STRT++
0.186818
0.234019
0.007381
0.000438
0.007312
0.002190
0.394131
0.006878
0.003102
0.194351
0.240553
0.010644
0.000934
0.010499
0.002382
0.761298
0.032617
0.013256
0.193071
0.235957
0.009539
0.000735
0.009500
0.002341
0.674242
0.022679
0.009514
0.246930
0.239412
0.010749
0.000966
0.010822
0.002417
0.745224
0.034955
0.014193
--STOP--
++STRT++
0.188745
0.233301
0.007429
0.000448
0.007429
0.002157
0.386892
0.007556
0.003083
0.206120
0.241329
0.010544
0.000920
0.010354
0.002464
0.764872
0.032436
0.013278
0.192338
0.236064
0.009532
0.000718
0.009452
0.002401
0.634786
0.022779
0.009564
0.238006
0.240064
0.010824
0.000961
0.010724
0.002444
0.745727
0.035208
0.014168
--STOP--
++STRT++
0.189244
0.233068
0.007472
0.000446
0.007487
0.002179
0.382181
0.007312
0.002973
0.202996
0.240260
0.010687
0.000909
0.010535
0.002477
0.721311
0.032871
0.013422
0.193090
0.236060
0.009548
0.000725
0.009390
0.002332
0.641838
0.022690
0.009484
0.248133
0.240817
0.010665
0.000969
0.010484
0.002370
0.781336
0.035525
0.014143
--STOP--
++STRT++
0.183001
0.233827
0.007518
0.000481
0.007345
0.002187
0.382174
0.007634
0.003086
0.198346
0.240034
0.010710
0.000922
0.010500
0.002436
0.744023
0.032769
0.013371
0.195328
0.235302
0.009504
0.000706
0.009379
0.002317
0.677257
0.023100
0.009602
0.241788
0.239936
0.010756
0.001007
0.010857
0.002408
0.743490
0.035025
0.014203
--STOP--
++STRT++
0.189805
0.233429
0.007551
0.000472
0.007343
0.002157
0.381225
0.007369
0.003106
0.188025
0.240429
0.010659
0.000920
0.010385
0.002453
0.724160
0.032533
0.013354
0.193055
0.235901
0.009540
0.000727
0.009480
0.002345
0.627555
0.022865
0.009567
0.248133
0.238595
0.010790
0.001005
0.010615
0.002412
0.742357
0.035017
0.013999
--STOP--
++STRT++
0.184793
0.233507
0.007474
0.000443
0.007386
0.002158
0.387224
0.007283
0.002902
0.202284
0.240553
0.010608
0.000930
0.010410
0.002439
0.725837
0.032752
0.013434
0.197203
0.236312
0.009496
0.000718
0.009376
0.002338
0.677122
0.022770
0.009505
0.239684
0.239817
0.010862
0.001016
0.010661
0.002413
0.787173
0.034898
0.014081
--STOP--
++STRT++
0.190149
0.233435
0.007523
0.000463
0.007467
0.002192
0.387314
0.008118
0.003389
0.218425
0.240105
0.010704
0.000924
0.010470
0.002458
0.748914
0.032724
0.013444
0.195941
0.236568
0.009590
0.000734
0.009448
0.002347
0.629413
0.023251
0.009585
0.249039
0.239966
0.010710
0.000962
0.010505
0.002397
0.742216
0.035016
0.014181
--STOP--
++STRT++
0.183017
0.233184
0.007519
0.000450
0.007403
0.002188
0.383514
0.007616
0.003145
0.196604
0.240604
0.010651
0.000917
0.010484
0.002501
0.726429
0.032695
0.013316
0.197966
0.235882
0.009511
0.000729
0.009484
0.002317
0.627222
0.022850
0.009536
0.249872
0.239874
0.010728
0.000943
0.010627
0.002374
0.771711
0.035233
0.014208
--STOP--
++STRT++
0.188797
0.233231
0.007541
0.000448
0.007489
0.002161
0.385464
0.007589
0.003189
0.203452
0.241496
0.010647
0.000927
0.010394
0.002377
0.738074
0.032726
0.013326
0.200549
0.236655
0.009708
0.000788
0.009367
0.002289
0.676762
0.022910
0.009573
0.246795
0.239516
0.010777
0.000968
0.010607
0.002364
0.789312
0.035318
0.014154
--STOP--
++STRT++
0.190286
0.233581
0.007497
0.000460
0.007381
0.002195
0.391236
0.007770
0.003151
0.201530
0.242481
0.010493
0.000973
0.010341
0.002431
0.764388
0.032443
0.013342
0.193597
0.236208
0.009566
0.000719
0.009420
0.002334
0.641817
0.023127
0.009549
0.243733
0.241088
0.010700
0.001005
0.010600
0.002425
0.744404
0.034869
0.014035
--STOP--
++STRT++
0.192073
0.233328
0.007501
0.000454
0.007307
0.002205
0.383854
0.006784
0.002871
0.201110
0.239626
0.010587
0.000915
0.010441
0.002448
0.722290
0.032907
0.013502
0.194014
0.235457
0.009563
0.000739
0.009427
0.002332
0.628315
0.022973
0.009515
0.250734
0.239055
0.010712
0.000943
0.010542
0.002381
0.781011
0.034919
0.014035
--STOP--
++STRT++
0.187087
0.233408
0.007497
0.000453
0.007381
0.002203
0.384189
0.007606
0.003258
0.199592
0.240448
0.010610
0.000927
0.010485
0.002417
0.761600
0.032710
0.013277
0.195363
0.236674
0.009595
0.000721
0.009368
0.002291
0.629067
0.067143
0.009787
0.243912
0.240005
0.010767
0.000961
0.010552
0.002411
0.742708
0.034991
0.014096
--STOP--
++STRT++
0.189550
0.233706
0.007459
0.000440
0.007551
0.002153
0.383777
0.007290
0.002988
0.203024
0.239893
0.010603
0.000926
0.010566
0.002435
0.719758
0.032760
0.013394
0.197659
0.236037
0.009529
0.000755
0.009317
0.002290
0.625502
0.022885
0.009459
0.239567
0.238697
0.010668
0.000971
0.010528
0.002380
0.746110
0.035045
0.014251
--STOP--
++STRT++
0.188170
0.233198
0.007523
0.000457
0.007353
0.002191
0.381417
0.007355
0.003221
0.211048
0.240450
0.010664
0.000930
0.010431
0.002384
0.720885
0.033014
0.013486
0.194768
0.236037
0.009587
0.000766
0.009333
0.002325
0.675553
0.022979
0.009563
0.240028
0.239384
0.010784
0.000986
0.010589
0.002428
0.788854
0.035068
0.014245
--STOP--
++STRT++
0.190084
0.233850
0.007453
0.000437
0.007374
0.002186
0.386072
0.007192
0.002856
0.196955
0.239708
0.010556
0.000920
0.010418
0.002383
0.725026
0.032805
0.013481
0.203656
0.235375
0.009534
0.000723
0.009345
0.002314
0.627861
0.023023
0.009439
0.247316
0.239652
0.010743
0.001009
0.010597
0.002383
0.745189
0.035114
0.013963
--STOP--
++STRT++
0.189126
0.233495
0.007452
0.000480
0.007441
0.002204
0.385745
0.008131
0.003104
0.185692
0.233538
0.007313
0.000448
0.007094
0.002163
0.664816
0.032921
0.013513
0.193628
0.235512
0.009559
0.000756
0.009400
0.002301
0.639431
0.022953
0.009548
0.197194
0.233274
0.007204
0.000459
0.007029
0.002147
0.486380
0.035865
0.014372
--STOP--
++STRT++
0.191578
0.233547
0.007467
0.000456
0.007427
0.002156
0.393723
0.007501
0.003223
0.212456
0.239637
0.010714
0.000926
0.010375
0.002458
0.767151
0.032500
0.013351
0.197947
0.236324
0.009503
0.000727
0.009382
0.002341
0.682971
0.023127
0.009505
0.249594
0.241880
0.010713
0.000963
0.010494
0.002363
0.744464
0.035218
0.014058
--STOP--
++STRT++
0.188779
0.234468
0.007457
0.000463
0.007377
0.002187
0.385632
0.007494
0.003146
0.199592
0.240110
0.010560
0.000920
0.010423
0.002488
0.764807
0.032578
0.013406
0.199269
0.235700
0.009498
0.000727
0.009305
0.002362
0.626041
0.022969
0.009509
0.251485
0.238935
0.010672
0.000960
0.010479
0.002406
0.741577
0.034888
0.014152
--STOP--
++STRT++
0.185019
0.233657
0.007539
0.000437
0.007401
0.002163
0.386177
0.006958
0.003049
0.200872
0.240492
0.010616
0.000928
0.010505
0.002447
0.731069
0.032760
0.013361
0.196257
0.235841
0.009512
0.000755
0.009393
0.002334
0.634144
0.022790
0.009495
0.244907
0.240735
0.010737
0.001014
0.010641
0.002414
0.780918
0.035573
0.014236
--STOP--
++STRT++
0.185419
0.233782
0.007517
0.000451
0.007396
0.002185
0.386572
0.007360
0.003119
0.191288
0.240248
0.010585
0.000976
0.010532
0.002424
0.772656
0.033006
0.013460
0.188529
0.235598
0.009484
0.000740
0.009363
0.002346
0.630265
0.069474
0.009492
0.243874
0.241032
0.010654
0.000958
0.010524
0.002423
0.744006
0.035296
0.055980
--STOP--
++STRT++
0.182706
0.233623
0.007378
0.000446
0.007335
0.002150
0.383142
0.007328
0.003032
0.201794
0.240675
0.010670
0.000957
0.010387
0.002425
0.720081
0.078798
0.013375
0.193965
0.236137
0.009614
0.000724
0.009453
0.002341
0.629943
0.022859
0.009597
0.241891
0.240574
0.010769
0.000958
0.010634
0.002396
0.743536
0.035054
0.014114
--STOP--
++STRT++
0.186749
0.234318
0.007506
0.000443
0.007447
0.002186
0.382178
0.008193
0.003167
0.197659
0.240705
0.010587
0.000933
0.010410
0.002441
0.724856
0.032846
0.013379
0.196115
0.236102
0.009556
0.000721
0.009435
0.002338
0.634631
0.022849
0.009469
0.250666
0.240525
0.010752
0.001022
0.010616
0.002440
0.784955
0.034940
0.014044
--STOP--
++STRT++
0.190107
0.233800
0.007584
0.000447
0.007392
0.002191
0.386634
0.007620
0.003046
0.199218
0.240897
0.010677
0.000919
0.010471
0.002446
0.744257
0.032794
0.013306
0.196567
0.236288
0.009595
0.000772
0.009404
0.002312
0.680536
0.023029
0.009574
0.237245
0.239694
0.010741
0.000965
0.010660
0.002476
0.744302
0.025072
0.014237
--STOP--
++STRT++
0.186881
0.234144
0.007506
0.000445
0.007400
0.002189
0.388163
0.007886
0.003389
0.195551
0.239853
0.010671
0.000930
0.010436
0.002447
0.726919
0.032663
0.013413
0.198377
0.237407
0.009535
0.000718
0.009400
0.002287
0.648719
0.023187
0.009535
0.228516
0.240870
0.010726
0.000978
0.010653
0.002417
0.742266
0.035076
0.014064
--STOP--
++STRT++
0.191714
0.233058
0.007491
0.000445
0.007367
0.002154
0.378551
0.008172
0.003277
0.209440
0.240040
0.010483
0.000911
0.010408
0.002426
0.716870
0.032361
0.013328
0.192497
0.236436
0.009518
0.000720
0.009415
0.002333
0.629804
0.022917
0.009549
0.213032
0.240087
0.010735
0.000963
0.010585
0.002424
0.785289
0.034748
0.014130
--STOP--
++STRT++
0.181466
0.233836
0.007466
0.000450
0.007389
0.002155
0.388535
0.007915
0.003274
0.200103
0.240088
0.010677
0.000932
0.010623
0.002468
0.749237
0.033002
0.013408
0.195246
0.236066
0.009618
0.000732
0.009533
0.002337
0.688173
0.023042
0.009583
0.227540
0.241448
0.010768
0.000963
0.010658
0.002451
0.792395
0.035080
0.014122
--STOP--
++STRT++
0.189082
0.233830
0.007520
0.000444
0.007413
0.002188
0.388787
0.007465
0.003267
0.191766
0.239668
0.010736
0.000920
0.010436
0.002452
0.774381
0.033011
0.013453
0.195151
0.236586
0.009578
0.000730
0.009395
0.002348
0.632274
0.022962
0.009683
0.248047
0.239204
0.010691
0.000964
0.010505
0.002395
0.740295
0.034978
0.014130
--STOP--
++STRT++
0.188425
0.234034
0.007478
0.000445
0.007385
0.002154
0.392822
0.007369
0.003175
0.197310
0.241175
0.010683
0.000910
0.010550
0.002482
0.726043
0.032597
0.013410
0.195610
0.236453
0.009570
0.000726
0.009403
0.002283
0.631105
0.022998
0.009524
0.248915
0.240543
0.010845
0.001001
0.010548
0.002435
0.777077
0.035177
0.014255
--STOP--
++STRT++
0.188501
0.233414
0.007517
0.000463
0.007342
0.002157
0.386982
0.007267
0.003133
0.204612
0.239637
0.010661
0.000934
0.010467
0.002453
0.751403
0.032989
0.013572
0.195716
0.236267
0.009576
0.000770
0.009354
0.002301
0.679063
0.022812
0.009554
0.249823
0.241163
0.010660
0.000994
0.010503
0.002431
0.789781
0.035146
0.014167
--STOP--
++STRT++
0.190607
0.233524
0.007535
0.000495
0.007416
0.002197
0.379306
0.007287
0.003006
0.206711
0.239988
0.010576
0.000922
0.010591
0.002457
0.763390
0.032583
0.013383
0.197146
0.236255
0.009573
0.000724
0.009435
0.002354
0.633261
0.022971
0.009552
0.251640
0.240272
0.010699
0.001004
0.010508
0.002363
0.741938
0.034989
0.014159
--STOP--
++STRT++
0.189728
0.233061
0.007409
0.000446
0.007452
0.002154
0.387845
0.008026
0.002992
0.201450
0.239766
0.010631
0.000914
0.010405
0.002443
0.716186
0.032588
0.013473
0.197399
0.235403
0.009655
0.000787
0.009468
0.002291
0.637395
0.022767
0.009452
0.233192
0.240767
0.010804
0.000983
0.010534
0.002403
0.784841
0.035063
0.014287
--STOP--
++STRT++
0.186287
0.234183
0.007534
0.000462
0.007587
0.002215
0.381873
0.008051
0.003377
0.196662
0.240518
0.010629
0.000907
0.010500
0.002448
0.726027
0.032604
0.013371
0.192665
0.235957
0.009611
0.000729
0.009431
0.002336
0.636482
0.023010
0.009535
0.242640
0.240552
0.010781
0.000966
0.010567
0.002392
0.743692
0.035164
0.014067
--STOP--
++STRT++
0.182424
0.233784
0.007429
0.000438
0.007333
0.002188
0.382281
0.007277
0.002859
0.202295
0.240202
0.010727
0.000940
0.010464
0.002467
0.747565
0.032824
0.013518
0.201640
0.235634
0.009540
0.000718
0.009383
0.002296
0.673625
0.022765
0.009534
0.247491
0.241001
0.010753
0.000988
0.010660
0.002435
0.793910
0.035243
0.014333
--STOP--
++STRT++
0.189190
0.233360
0.007430
0.000442
0.007433
0.002156
0.386100
0.007083
0.003093
0.207500
0.240801
0.010613
0.000937
0.010405
0.002389
0.764919
0.032691
0.013419
0.194532
0.237100
0.009499
0.000738
0.009387
0.002353
0.632443
0.023038
0.009567
0.249084
0.241146
0.010699
0.000988
0.010749
0.002430
0.741343
0.035016
0.014178
--STOP--
++STRT++
0.184897
0.233638
0.007469
0.000435
0.007420
0.002191
0.388000
0.008400
0.003284
0.208111
0.239706
0.010613
0.000926
0.010435
0.002489
0.720722
0.032882
0.013432
0.196345
0.236382
0.009585
0.000777
0.009418
0.002307
0.627299
0.022764
0.009500
0.246213
0.241500
0.010750
0.000962
0.010534
0.002421
0.785380
0.035146
0.014071
--STOP--
++STRT++
0.189516
0.233202
0.007580
0.000447
0.007434
0.002157
0.385967
0.007709
0.003304
0.207755
0.239637
0.010701
0.000928
0.010437
0.002425
0.775367
0.032828
0.013324
0.198654
0.236143
0.009624
0.000729
0.009473
0.002362
0.643812
0.069067
0.009772
0.232538
0.239858
0.010687
0.000973
0.010603
0.002431
0.746721
0.035071
0.046369
--STOP--
++STRT++
0.190419
0.234468
0.007589
0.000459
0.007400
0.002192
0.383266
0.007727
0.003348
0.205993
0.239616
0.010570
0.000924
0.010422
0.002456
0.721709
0.032821
0.013461
0.192284
0.235656
0.009440
0.000725
0.009328
0.002346
0.629448
0.023126
0.009608
0.249567
0.237996
0.010766
0.000970
0.010482
0.002355
0.743778
0.035203
0.014246
--STOP--
++STRT++
0.186770
0.233337
0.007480
0.000434
0.007398
0.002189
0.388719
0.007279
0.003058
0.204543
0.240327
0.010726
0.000951
0.010408
0.002402
0.723600
0.032934
0.013460
0.193106
0.235765
0.009453
0.000733
0.009351
0.002341
0.633928
0.022742
0.009519
0.248285
0.240128
0.010697
0.000973
0.010452
0.002372
0.785486
0.035329
0.014283
--STOP--
++STRT++
0.185895
0.233475
0.007620
0.000474
0.007576
0.002195
0.381113
0.007618
0.002963
0.201022
0.240796
0.010649
0.000915
0.010411
0.002456
0.749148
0.032793
0.013458
0.194809
0.236507
0.009669
0.000777
0.009453
0.002295
0.633095
0.022928
0.009519
0.248899
0.239858
0.010826
0.001003
0.010754
0.002477
0.745920
0.035315
0.014171
--STOP--
++STRT++
0.189840
0.233448
0.007582
0.000446
0.007491
0.002185
0.384540
0.007252
0.003098
0.207154
0.240313
0.010571
0.000930
0.010497
0.002459
0.719909
0.032771
0.013407
0.193674
0.236008
0.009566
0.000729
0.009444
0.002349
0.629307
0.022833
0.009641
0.252155
0.239615
0.010707
0.000992
0.010500
0.002432
0.745981
0.035227
0.014291
--STOP--
++STRT++
0.189259
0.233578
0.007445
0.000450
0.007376
0.002186
0.387944
0.007142
0.003161
0.192769
0.240938
0.010587
0.000915
0.010327
0.002368
0.768822
0.032583
0.013386
0.190555
0.236484
0.009617
0.000777
0.009358
0.002305
0.681680
0.022964
0.009585
0.251124
0.239496
0.010686
0.000976
0.010514
0.002359
0.744601
0.035174
0.014136
--STOP--
++STRT++
0.185437
0.233603
0.007446
0.000456
0.007344
0.002156
0.380460
0.007174
0.003035
0.209460
0.240511
0.010694
0.000919
0.010415
0.002452
0.720063
0.032964
0.013397
0.195163
0.235689
0.009509
0.000734
0.009435
0.002325
0.629042
0.022964
0.009469
0.250900
0.239025
0.010838
0.001007
0.010516
0.002340
0.743449
0.035145
0.014068
--STOP--
++STRT++
0.182544
0.233823
0.007569
0.000458
0.007525
0.002182
0.390273
0.007579
0.003312
0.205993
0.240260
0.010685
0.000946
0.010490
0.002471
0.728296
0.032888
0.013449
0.198199
0.235583
0.009592
0.000716
0.009416
0.002344
0.650894
0.022792
0.009487
0.245374
0.240062
0.010768
0.000959
0.010583
0.002378
0.782698
0.034769
0.014132
--STOP--
++STRT++
0.190574
0.233742
0.007459
0.000446
0.007398
0.002194
0.382584
0.007052
0.002953
0.209620
0.238984
0.010620
0.000932
0.010513
0.002479
0.779408
0.032862
0.013447
0.194202
0.236176
0.009526
0.000725
0.009435
0.002288
0.626321
0.022791
0.009517
0.250554
0.239529
0.010753
0.001012
0.010596
0.002437
0.744873
0.035304
0.014206
--STOP--
++STRT++
0.190042
0.233805
0.007534
0.000447
0.007452
0.002169
0.390335
0.008272
0.003317
0.206262
0.239735
0.010593
0.000994
0.010399
0.002402
0.718674
0.032619
0.013392
0.191363
0.236037
0.009540
0.000722
0.009317
0.002279
0.627563
0.022923
0.009505
0.231404
0.239783
0.010713
0.000968
0.010537
0.002407
0.780938
0.035096
0.014181
--STOP--
++STRT++
0.186451
0.234185
0.007457
0.000440
0.007362
0.002182
0.399255
0.007196
0.002910
0.189954
0.240451
0.010595
0.000933
0.010474
0.002478
0.775927
0.033003
0.013449
0.195628
0.235841
0.009458
0.000713
0.009361
0.002356
0.633537
0.023017
0.009551
0.245422
0.239744
0.010740
0.000963
0.010570
0.002415
0.745752
0.035451
0.014254
--STOP--
++STRT++
0.191244
0.233858
0.007511
0.000443
0.007398
0.002158
0.383791
0.008224
0.003224
0.213956
0.240403
0.010725
0.000918
0.010410
0.002450
0.720628
0.032670
0.013324
0.188228
0.236231
0.009455
0.000738
0.009394
0.002329
0.631889
0.022980
0.009542
0.249410
0.240481
0.010785
0.000983
0.010587
0.002456
0.786125
0.035077
0.014167
--STOP--
++STRT++
0.185388
0.233573
0.007452
0.000449
0.007418
0.002158
0.390355
0.007735
0.003140
0.204148
0.240736
0.010593
0.000964
0.010484
0.002381
0.772676
0.032698
0.013371
0.207137
0.236552
0.009546
0.000785
0.009364
0.002289
0.677719
0.022732
0.009523
0.223904
0.239640
0.010752
0.000988
0.010624
0.002433
0.791757
0.034901
0.014224
--STOP--
++STRT++
0.180495
0.233468
0.007538
0.000452
0.007369
0.002197
0.388233
0.007742
0.003247
0.197733
0.240935
0.010599
0.000910
0.010479
0.002448
0.719254
0.032909
0.013507
0.193392
0.235704
0.009529
0.000723
0.009358
0.002278
0.628304
0.022810
0.009513
0.251140
0.240612
0.010699
0.001023
0.010607
0.002430
0.745824
0.035259
0.014371
--STOP--
++STRT++
0.191625
0.234160
0.007470
0.000444
0.007353
0.002156
0.380820
0.008523
0.003393
0.199771
0.239644
0.010489
0.000925
0.010374
0.002410
0.718377
0.032788
0.013408
0.196353
0.236063
0.009439
0.000727
0.009327
0.002324
0.623938
0.022798
0.009568
0.246559
0.239082
0.010649
0.000944
0.010760
0.002456
0.789847
0.034880
0.014195
--STOP--
++STRT++
0.184334
0.233393
0.007470
0.000444
0.007373
0.002154
0.385555
0.007164
0.002946
0.211321
0.240808
0.010690
0.000933
0.010408
0.002449
0.748764
0.032634
0.013425
0.195698
0.236272
0.009515
0.000713
0.009476
0.002350
0.649668
0.069035
0.009585
0.243703
0.239782
0.010743
0.000976
0.010622
0.002352
0.744158
0.034999
0.014035
--STOP--
++STRT++
0.183849
0.233768
0.007540
0.000484
0.007340
0.002203
0.390367
0.006924
0.002859
0.199875
0.240847
0.010749
0.000947
0.010479
0.002479
0.727320
0.032723
0.013367
0.193351
0.235819
0.009501
0.000731
0.009349
0.002298
0.644099
0.022853
0.009526
0.241105
0.241054
0.010715
0.000967
0.010495
0.002440
0.743991
0.035052
0.014204
--STOP--
++STRT++
0.192102
0.233659
0.007387
0.000440
0.007337
0.002195
0.379285
0.007424
0.003137
0.201374
0.240515
0.010602
0.000927
0.010376
0.002463
0.720938
0.032860
0.013435
0.197246
0.235346
0.009501
0.000727
0.009332
0.002325
0.681002
0.022880
0.009599
0.237898
0.241702
0.010755
0.000971
0.010502
0.002388
0.788650
0.035163
0.014072
--STOP--
++STRT++
0.188040
0.233450
0.007487
0.000463
0.007336
0.002186
0.390968
0.007860
0.003202
0.213654
0.239994
0.010833
0.000912
0.010457
0.002479
0.764798
0.032713
0.013418
0.196588
0.236014
0.009597
0.000729
0.009442
0.002320
0.638137
0.022733
0.009595
0.243716
0.240297
0.010759
0.000962
0.010541
0.002374
0.748060
0.035410
0.014250
--STOP--
++STRT++
0.189611
0.233687
0.007505
0.000454
0.007286
0.002186
0.382106
0.007102
0.003001
0.211411
0.239631
0.010643
0.000944
0.010459
0.002468
0.719801
0.032708
0.013378
0.194370
0.235684
0.009496
0.000726
0.009326
0.002348
0.631877
0.022991
0.009425
0.250745
0.240030
0.010728
0.001020
0.010493
0.002376
0.783051
0.035227
0.014113
--STOP--
++STRT++
0.185727
0.234328
0.007569
0.000487
0.007445
0.002182
0.380280
0.008039
0.003152
0.200001
0.242097
0.010651
0.000964
0.010505
0.002388
0.752573
0.033047
0.013525
0.197520
0.235841
0.009553
0.000744
0.009420
0.002332
0.679368
0.023227
0.009612
0.245038
0.239660
0.010900
0.000959
0.010600
0.002391
0.789703
0.035063
0.014334
--STOP--
++STRT++
0.186630
0.233755
0.007490
0.000450
0.007364
0.002156
0.388215
0.007391
0.003016
0.194513
0.240059
0.010674
0.000922
0.010549
0.002389
0.775727
0.032674
0.013403
0.196463
0.235988
0.009625
0.000720
0.009424
0.002335
0.632024
0.022908
0.009426
0.247089
0.241129
0.010776
0.000944
0.010687
0.002404
0.744359
0.035307
0.014212
--STOP--
++STRT++
0.189048
0.234197
0.007584
0.000446
0.007401
0.002159
0.387218
0.008197
0.003261
0.208994
0.239573
0.010666
0.000918
0.010394
0.002445
0.726387
0.032691
0.013281
0.201119
0.235818
0.009503
0.000731
0.009336
0.002285
0.649984
0.023257
0.009652
0.240440
0.240617
0.010804
0.000985
0.010711
0.002434
0.758934
0.035075
0.013953
--STOP--
++STRT++
0.191368
0.233535
0.007407
0.000453
0.007509
0.002156
0.391632
0.008147
0.003040
0.192482
0.238991
0.010608
0.000934
0.010454
0.002459
0.764185
0.032732
0.013506
0.194127
0.236482
0.009643
0.000735
0.009340
0.002296
0.676656
0.023027
0.009498
0.228481
0.240155
0.010764
0.000974
0.010546
0.002362
0.791582
0.035537
0.014297
--STOP--
++STRT++
0.187643
0.234017
0.007582
0.000470
0.007390
0.002201
0.379150
0.008349
0.003396
0.206780
0.240925
0.010698
0.000905
0.010411
0.002380
0.767141
0.032921
0.013399
0.192825
0.236755
0.009569
0.000733
0.009476
0.002289
0.640498
0.023003
0.009562
0.239522
0.240107
0.010733
0.000965
0.010523
0.002436
0.743479
0.034921
0.014152
--STOP--
++STRT++
0.187357
0.233394
0.007462
0.000444
0.007355
0.002192
0.389792
0.007860
0.003096
0.205643
0.241263
0.010478
0.000917
0.010400
0.002457
0.731197
0.032955
0.013315
0.197399
0.236737
0.009575
0.000729
0.009503
0.002324
0.642238
0.022740
0.009604
0.245420
0.240404
0.010782
0.000969
0.010504
0.002415
0.752211
0.035439
0.014226
--STOP--
++STRT++
0.188067
0.233507
0.007706
0.000457
0.007480
0.002188
0.385300
0.008471
0.003504
0.209000
0.240767
0.010592
0.000923
0.010365
0.002424
0.761957
0.032760
0.013386
0.195198
0.236638
0.009567
0.000740
0.009379
0.002308
0.682447
0.022855
0.009531
0.229351
0.241340
0.010847
0.000980
0.010556
0.002402
0.746537
0.034942
0.014088
--STOP--
++STRT++
0.187940
0.233841
0.007520
0.000456
0.007415
0.002183
0.395757
0.007809
0.003376
0.200602
0.240117
0.010661
0.000937
0.010414
0.002405
0.727335
0.032968
0.013507
0.194027
0.235719
0.009637
0.000725
0.009432
0.002359
0.635457
0.022862
0.009468
0.238052
0.239977
0.010717
0.000951
0.010609
0.002419
0.743480
0.035304
0.014172
--STOP--
++STRT++
0.176088
0.233408
0.007468
0.000503
0.007433
0.002212
0.388928
0.007859
0.003379
0.204764
0.240047
0.010602
0.000967
0.010515
0.002420
0.728128
0.032707
0.013482
0.191519
0.236266
0.009547
0.000735
0.009446
0.002332
0.678767
0.022860
0.009572
0.246374
0.240508
0.010820
0.000961
0.010582
0.002449
0.789930
0.034800
0.014124
--STOP--
++STRT++
0.188192
0.233569
0.007495
0.000441
0.007357
0.002151
0.385322
0.007306
0.003148
0.210345
0.240472
0.010713
0.000934
0.010561
0.002389
0.769684
0.032988
0.013484
0.197800
0.236073
0.009631
0.000772
0.009519
0.002340
0.634020
0.023196
0.009525
0.246968
0.239901
0.010713
0.000975
0.010466
0.002378
0.743046
0.034933
0.014262
--STOP--
++STRT++
0.191304
0.233521
0.007501
0.000461
0.007330
0.002191
0.381055
0.007533
0.003070
0.191309
0.240801
0.010621
0.000914
0.010454
0.002470
0.726765
0.032708
0.013390
0.196218
0.235843
0.009722
0.000728
0.009430
0.002352
0.649843
0.022883
0.009553
0.238647
0.240454
0.010793
0.000991
0.010578
0.002434
0.741640
0.034876
0.014062
--STOP--
++STRT++
0.184902
0.233729
0.007510
0.000475
0.007352
0.002184
0.383698
0.007752
0.003083
0.209867
0.240304
0.010675
0.000922
0.010528
0.002479
0.728960
0.032871
0.013415
0.189482
0.236680
0.009613
0.000780
0.009411
0.002274
0.674580
0.022989
0.009616
0.249300
0.239365
0.010698
0.000970
0.010499
0.002417
0.789089
0.034962
0.014035
--STOP--
++STRT++
0.186759
0.233934
0.007528
0.000479
0.007374
0.002184
0.381144
0.007390
0.003377
0.210271
0.241317
0.010608
0.000907
0.010355
0.002442
0.720001
0.079127
0.013395
0.199346
0.236209
0.009515
0.000796
0.009406
0.002349
0.624334
0.023049
0.009603
0.247550
0.238861
0.010667
0.000952
0.010468
0.002444
0.750994
0.035229
0.014256
--STOP--
++STRT++
0.188632
0.233847
0.007583
0.000437
0.007377
0.002155
0.380968
0.007322
0.003226
0.204907
0.240713
0.010625
0.000926
0.010344
0.002439
0.719020
0.032922
0.013378
0.195424
0.236399
0.009642
0.000774
0.009366
0.002341
0.655785
0.022868
0.009528
0.252024
0.238793
0.010614
0.000978
0.010559
0.002424
0.787116
0.035520
0.014152
--STOP--
++STRT++
0.188825
0.234198
0.007569
0.000448
0.007492
0.002153
0.379328
0.007159
0.002871
0.200257
0.241277
0.010590
0.000914
0.010453
0.002444
0.765483
0.032946
0.013457
0.192036
0.236438
0.009519
0.000719
0.009314
0.002369
0.632961
0.023033
0.009539
0.248494
0.240288
0.010740
0.000941
0.010682
0.002368
0.744486
0.034980
0.014148
--STOP--
++STRT++
0.189278
0.234004
0.007502
0.000456
0.007372
0.002156
0.387096
0.007790
0.003394
0.210385
0.240725
0.010634
0.000938
0.010372
0.002463
0.721821
0.032901
0.013352
0.193918
0.237146
0.009540
0.000737
0.009402
0.002289
0.633297
0.022774
0.009440
0.246529
0.239823
0.010719
0.000991
0.010547
0.002467
0.779714
0.035229
0.014268
--STOP--
++STRT++
0.188679
0.233610
0.007595
0.000459
0.007434
0.002197
0.384441
0.007386
0.002954
0.203017
0.242793
0.010633
0.000907
0.010474
0.002432
0.742536
0.032687
0.013390
0.196289
0.236045
0.009675
0.000774
0.009460
0.002284
0.631227
0.022954
0.009582
0.238947
0.240072
0.010812
0.000980
0.010625
0.002374
0.741707
0.034843
0.014057
--STOP--
++STRT++
0.180376
0.233883
0.007557
0.000491
0.007439
0.002191
0.383636
0.007596
0.003272
0.211233
0.239842
0.010566
0.000994
0.010519
0.002382
0.723299
0.032935
0.013587
0.194399
0.236076
0.009681
0.000785
0.009464
0.002288
0.624027
0.022778
0.009550
0.239720
0.240373
0.010699
0.000969
0.010609
0.002367
0.748101
0.035338
0.014152
--STOP--
++STRT++
0.187545
0.233145
0.007627
0.000456
0.007602
0.002184
0.389998
0.007737
0.003195
0.204188
0.239880
0.010686
0.000907
0.010362
0.002441
0.736441
0.032795
0.013422
0.194711
0.236415
0.009552
0.000757
0.009355
0.002329
0.676314
0.022793
0.009549
0.242734
0.240840
0.010672
0.000967
0.010579
0.002400
0.792211
0.035431
0.014072
--STOP--
++STRT++
0.190019
0.233742
0.007495
0.000462
0.007379
0.002189
0.395315
0.008046
0.003192
0.199301
0.240514
0.010606
0.000920
0.010432
0.002464
0.727850
0.032976
0.013381
0.199073
0.235913
0.009624
0.000724
0.009410
0.002345
0.629259
0.022907
0.009549
0.240404
0.239770
0.010741
0.000999
0.010607
0.002426
0.745412
0.035120
0.014186
--STOP--
++STRT++
0.183950
0.233515
0.007442
0.000448
0.007379
0.002159
0.391759
0.007600
0.003167
0.196414
0.241651
0.010766
0.000938
0.010570
0.002457
0.730243
0.032720
0.013500
0.194642
0.235878
0.009539
0.000724
0.009422
0.002310
0.628277
0.022908
0.009483
0.228916
0.240743
0.010754
0.000981
0.010549
0.002452
0.779629
0.034878
0.013978
--STOP--
++STRT++
0.188788
0.233557
0.007372
0.000443
0.007321
0.002156
0.389063
0.007818
0.003183
0.201429
0.239927
0.010796
0.000936
0.010523
0.002460
0.758097
0.032870
0.013431
0.193898
0.235802
0.009640
0.000722
0.009349
0.002313
0.637385
0.022926
0.009640
0.238498
0.240015
0.010727
0.000976
0.010583
0.002432
0.745037
0.035197
0.014236
--STOP--
++STRT++
0.186255
0.233110
0.007540
0.000447
0.007277
0.002154
0.379598
0.007291
0.003061
0.209488
0.240132
0.010631
0.000926
0.010427
0.002434
0.718833
0.032932
0.013384
0.192963
0.236165
0.009613
0.000723
0.009430
0.002279
0.638609
0.023049
0.009545
0.250762
0.240330
0.010696
0.000981
0.010543
0.002377
0.766044
0.035158
0.014311
--STOP--
++STRT++
0.177990
0.234087
0.007456
0.000436
0.007368
0.002153
0.384186
0.007557
0.003195
0.201853
0.238568
0.010570
0.001008
0.010441
0.002408
0.773071
0.032922
0.013473
0.193776
0.236092
0.009481
0.000717
0.009415
0.002332
0.653948
0.022891
0.009526
0.248022
0.240322
0.010619
0.000945
0.010653
0.002372
0.743285
0.035314
0.014197
--STOP--
++STRT++
0.184701
0.233339
0.007362
0.000441
0.007366
0.002159
0.384670
0.007784
0.003339
0.184625
0.240176
0.010647
0.000917
0.010463
0.002463
0.774116
0.032843
0.013378
0.194507
0.236455
0.009614
0.000731
0.009485
0.002293
0.630529
0.022789
0.009650
0.239336
0.240662
0.010734
0.000981
0.010582
0.002388
0.745791
0.035149
0.014219
--STOP--
++STRT++
0.189398
0.233399
0.007413
0.000453
0.007353
0.002188
0.379958
0.007919
0.003298
0.201307
0.240166
0.010518
0.000918
0.010423
0.002427
0.725235
0.033141
0.013408
0.195599
0.236039
0.009550
0.000728
0.009464
0.002336
0.633261
0.022880
0.009548
0.247773
0.240352
0.010695
0.000969
0.010497
0.002416
0.780994
0.035393
0.014162
--STOP--
++STRT++
0.184926
0.233709
0.007432
0.000466
0.007352
0.002189
0.384337
0.008620
0.003660
0.195710
0.240498
0.010656
0.000920
0.010378
0.002437
0.742502
0.032941
0.013435
0.192877
0.236737
0.009576
0.000721
0.009522
0.002341
0.679282
0.022883
0.009507
0.248262
0.240621
0.010739
0.000967
0.010564
0.002420
0.744981
0.072411
0.014246
--STOP--
++STRT++
0.189376
0.233704
0.007362
0.000445
0.007398
0.002199
0.384564
0.007576
0.003049
0.197290
0.239873
0.010575
0.000930
0.010609
0.002451
0.768922
0.032980
0.013526
0.194205
0.236188
0.009677
0.000739
0.009459
0.002341
0.633608
0.022963
0.009639
0.247696
0.241183
0.010681
0.000987
0.010509
0.002401
0.744837
0.035287
0.014093
--STOP--
