++STRT++
0.579244
1.121351
0.018966
0.001164
0.018600
0.004591
1.426231
0.030782
0.014076
0.802690
2.116296
0.023543
0.001845
0.023119
0.004810
2.679895
0.069948
0.027102
0.709594
1.783581
0.021517
0.001591
0.020979
0.004713
2.338597
0.052216
0.022436
0.821754
2.189539
0.024167
0.001912
0.023731
0.004885
2.748318
0.074244
0.028561
--STOP--
++STRT++
0.612892
1.062637
0.018977
0.001155
0.018647
0.004632
1.348202
0.030830
0.014058
0.703930
1.953595
0.023720
0.001902
0.023224
0.004951
2.687458
0.070628
0.027093
0.638429
1.757681
0.021497
0.001623
0.021044
0.004772
2.345944
0.052323
0.022414
0.827222
2.111484
0.024235
0.001953
0.023695
0.004938
2.750221
0.074793
0.028453
--STOP--
++STRT++
0.588080
1.053889
0.018972
0.001151
0.018645
0.004603
1.321745
0.031036
0.014062
0.693454
1.813039
0.023763
0.001889
0.023277
0.004942
2.693934
0.070652
0.027114
0.639754
1.773045
0.021383
0.001617
0.021007
0.004730
2.341983
0.050837
0.022325
0.681826
2.091749
0.024226
0.001962
0.023765
0.004841
2.750140
0.074279
0.028141
--STOP--
++STRT++
0.585960
1.041965
0.019096
0.001155
0.018643
0.004614
1.284539
0.031001
0.014146
0.779798
1.880481
0.023655
0.001860
0.023168
0.004967
2.682230
0.070245
0.027052
0.726364
1.654872
0.021572
0.001570
0.021114
0.004796
2.391385
0.051684
0.022286
0.699076
2.200189
0.024187
0.001929
0.023784
0.004914
2.752805
0.075087
0.028545
--STOP--
++STRT++
0.570748
1.055537
0.019046
0.001147
0.018680
0.004636
1.300312
0.031188
0.013966
0.855590
1.790114
0.023662
0.001880
0.023205
0.004940
2.685739
0.070341
0.027188
0.681166
1.780111
0.021430
0.001583
0.020986
0.004779
2.341157
0.051710
0.022475
0.709319
2.144226
0.024197
0.001984
0.023676
0.004916
2.708532
0.113996
0.028384
--STOP--
++STRT++
0.587427
1.036599
0.019233
0.001198
0.018726
0.004647
1.256373
0.031006
0.013973
0.916550
1.967566
0.023693
0.001841
0.023239
0.004998
2.685932
0.070628
0.027090
0.644210
1.763894
0.021433
0.001581
0.021097
0.004795
2.390305
0.051867
0.022415
0.700372
2.117862
0.024236
0.001903
0.023992
0.004853
2.756059
0.075060
0.028481
--STOP--
++STRT++
0.597826
1.036298
0.019013
0.001162
0.018728
0.004646
1.384268
0.031008
0.014090
0.764949
1.950171
0.023644
0.001820
0.023308
0.004936
2.631809
0.070309
0.025960
0.718924
1.788745
0.021431
0.001597
0.020968
0.004711
2.335797
0.051975
0.022486
0.858327
2.066198
0.024193
0.001914
0.023775
0.004836
2.706397
0.075173
0.076373
--STOP--
++STRT++
0.586695
1.048860
0.019068
0.001155
0.018677
0.004613
1.240060
0.030947
0.013946
0.757122
1.879637
0.023649
0.001818
0.023187
0.004952
2.678766
0.070095
0.026781
0.642835
1.781373
0.021457
0.001593
0.021066
0.004733
2.386219
0.051731
0.022454
0.857353
2.112297
0.024403
0.001959
0.023825
0.004876
2.755698
0.075154
0.028663
--STOP--
++STRT++
0.595574
1.106504
0.019002
0.001181
0.018616
0.004643
1.403449
0.031212
0.014036
0.803941
1.949860
0.023655
0.001886
0.023197
0.004943
2.685272
0.070230
0.027021
0.687311
1.713660
0.021461
0.001568
0.020977
0.004787
2.341282
0.093466
0.022345
0.830549
2.084617
0.024178
0.001896
0.023688
0.004876
2.753010
0.074716
0.028568
--STOP--
++STRT++
0.588877
1.053824
0.019035
0.001184
0.018640
0.004623
1.395549
0.030851
0.013964
0.834663
1.992726
0.023755
0.001873
0.023237
0.004948
2.639697
0.070537
0.027043
0.657208
1.755713
0.021532
0.001584
0.021011
0.004773
2.342082
0.051747
0.022543
0.703715
2.076386
0.072290
0.001955
0.023899
0.004920
2.715475
0.075538
0.068890
--STOP--
++STRT++
0.583440
1.042837
0.019010
0.001174
0.018704
0.004650
1.248694
0.030853
0.014024
0.700060
1.856258
0.023684
0.001861
0.023210
0.004961
2.686904
0.070443
0.027150
0.729332
1.706597
0.021443
0.001585
0.021019
0.004749
2.393136
0.051773
0.022513
0.831614
2.244254
0.024219
0.001985
0.023841
0.004931
2.757809
0.075193
0.028484
--STOP--
++STRT++
0.605004
1.045036
0.019192
0.001173
0.018683
0.004604
1.271749
0.030976
0.014070
0.784669
1.887111
0.023729
0.001861
0.023282
0.004889
2.635805
0.118406
0.027073
0.698092
1.773113
0.021510
0.001608
0.020949
0.004722
2.339062
0.051948
0.022472
0.703442
2.045291
0.024315
0.001893
0.023805
0.004948
2.697622
0.075220
0.026876
--STOP--
++STRT++
0.600393
1.049552
0.019080
0.001168
0.018657
0.004603
1.267386
0.030824
0.014212
0.717741
1.873547
0.023745
0.001824
0.023272
0.004939
2.692740
0.071075
0.027154
0.692571
1.685509
0.021412
0.001569
0.020971
0.004773
2.342900
0.051863
0.022488
0.754305
2.106961
0.024225
0.001974
0.023777
0.004824
2.704166
0.122936
0.028542
--STOP--
++STRT++
0.602131
1.089472
0.019048
0.001154
0.018587
0.004616
1.387523
0.031092
0.014094
0.793685
1.924253
0.023663
0.001791
0.023218
0.004883
2.686231
0.070241
0.026986
0.711515
1.766096
0.021444
0.001576
0.020964
0.004696
2.386881
0.052054
0.022406
0.731687
2.121537
0.024239
0.001940
0.023737
0.004885
2.756822
0.075435
0.028697
--STOP--
++STRT++
0.607540
1.078012
0.019027
0.001156
0.018589
0.004618
1.356134
0.031057
0.014025
0.680800
1.859507
0.023664
0.001831
0.023208
0.004949
2.640841
0.110061
0.027255
0.632229
1.819208
0.021425
0.001572
0.020982
0.004756
2.343588
0.051674
0.022373
0.720042
2.035384
0.024166
0.001457
0.023711
0.004881
2.691930
0.074657
0.028378
--STOP--
++STRT++
0.603075
1.037827
0.019178
0.001196
0.018704
0.004617
1.259530
0.030920
0.014121
0.939956
1.938589
0.023738
0.001818
0.023239
0.004954
2.689891
0.070762
0.027065
0.688438
1.802717
0.021429
0.001616
0.020956
0.004754
2.392121
0.052168
0.022407
0.574797
2.069340
0.024255
0.001899
0.023811
0.004913
2.753127
0.075041
0.028396
--STOP--
++STRT++
0.582450
1.057797
0.019076
0.001149
0.018589
0.004595
1.366951
0.030779
0.013946
0.838792
2.005492
0.023798
0.001915
0.023313
0.004934
2.688942
0.070622
0.027225
0.719648
1.765168
0.021519
0.001575
0.021033
0.004798
2.344254
0.099884
0.022405
0.704745
2.095633
0.024297
0.001942
0.023843
0.004905
2.762386
0.075497
0.028653
--STOP--
++STRT++
0.595029
1.036507
0.019226
0.001177
0.018723
0.004633
1.254370
0.030894
0.014106
0.867596
1.894809
0.023731
0.001868
0.023285
0.048917
2.631963
0.070256
0.027018
0.670827
1.784521
0.021435
0.001594
0.021009
0.004758
2.388048
0.051722
0.022369
0.732430
2.120425
0.024196
0.001915
0.023765
0.004895
2.756026
0.075223
0.028746
--STOP--
++STRT++
0.589227
1.105418
0.018973
0.001170
0.018604
0.004609
1.397615
0.030822
0.014098
0.838383
1.899989
0.023702
0.001840
0.023249
0.004966
2.682950
0.070063
0.027173
0.712555
1.682568
0.021436
0.001574
0.020955
0.004790
2.300476
0.051748
0.022276
0.874004
2.117784
0.024194
0.001953
0.023758
0.004881
2.753558
0.074921
0.028582
--STOP--
++STRT++
0.590486
1.056340
0.019043
0.001166
0.018626
0.004597
1.335550
0.030956
0.013930
0.846594
1.994628
0.023836
0.001841
0.023257
0.004964
2.643829
0.070644
0.067547
0.647383
1.753874
0.021417
0.001622
0.021038
0.004760
2.339839
0.051963
0.022425
0.843125
2.020903
0.024126
0.001905
0.023813
0.004969
2.703901
0.074625
0.027692
--STOP--
++STRT++
0.604697
1.042156
0.018940
0.001154
0.018704
0.004603
1.328404
0.030954
0.014034
0.825716
1.906662
0.023760
0.001821
0.023242
0.004943
2.687750
0.070972
0.027066
0.701642
1.593579
0.021464
0.001581
0.021055
0.004842
2.338208
0.051785
0.022293
0.712079
2.112539
0.024219
0.001918
0.023753
0.004974
2.751548
0.074569
0.028434
--STOP--
++STRT++
0.601525
1.064065
0.019289
0.001169
0.018668
0.004620
1.325480
0.030877
0.014214
0.832542
1.953289
0.023775
0.001857
0.022453
0.005043
2.643786
0.070853
0.027348
0.677207
1.807797
0.021393
0.001605
0.020951
0.004756
2.385647
0.051968
0.022527
0.735627
2.076420
0.024183
0.001941
0.023767
0.004930
2.749830
0.075087
0.028351
--STOP--
++STRT++
0.583652
1.054375
0.019028
0.001165
0.018727
0.004607
1.337216
0.031208
0.014079
0.809956
1.934513
0.023656
0.001860
0.023248
0.004965
2.686492
0.070531
0.026989
0.782191
1.818539
0.021481
0.001638
0.021025
0.004784
2.347116
0.052224
0.022547
0.750240
2.136566
0.024236
0.002001
0.023709
0.004912
2.760593
0.075087
0.028373
--STOP--
++STRT++
0.589043
1.043529
0.019181
0.001150
0.018703
0.004609
1.295350
0.031293
0.014166
0.846284
1.938202
0.023688
0.001843
0.023158
0.004981
2.626209
0.070694
0.026859
0.712991
1.681095
0.021412
0.001609
0.021000
0.004813
2.385645
0.051746
0.022420
0.772386
2.124844
0.024256
0.001949
0.022546
0.004907
2.714333
0.074814
0.028497
--STOP--
++STRT++
0.606926
1.089647
0.019075
0.001142
0.018681
0.004592
1.309522
0.030835
0.014090
0.841945
2.049526
0.023682
0.001853
0.023331
0.004967
2.691288
0.070290
0.027048
0.720913
1.656299
0.021477
0.001649
0.020949
0.004777
2.343831
0.099842
0.022322
0.864496
2.047041
0.024239
0.001978
0.023721
0.004877
2.755809
0.074822
0.028375
--STOP--
++STRT++
0.603134
1.050799
0.019102
0.001156
0.018695
0.004617
1.261615
0.030981
0.014096
0.819566
1.867378
0.023842
0.001824
0.023292
0.004940
2.633375
0.070363
0.027009
0.708821
1.731285
0.021395
0.001603
0.064439
0.004764
2.340875
0.051601
0.022423
0.833807
2.068090
0.024209
0.049899
0.023752
0.004922
2.694029
0.074974
0.026607
--STOP--
++STRT++
0.607180
1.031171
0.018968
0.001160
0.018652
0.004625
1.210115
0.030796
0.014181
0.685996
1.986831
0.023693
0.001820
0.023222
0.004934
2.683979
0.070526
0.027196
0.682600
1.747720
0.021412
0.001637
0.020987
0.004771
2.338763
0.051788
0.022464
0.717629
2.087150
0.024161
0.001963
0.023833
0.004884
2.709824
0.123290
0.028420
--STOP--
++STRT++
0.591679
1.045444
0.019176
0.001168
0.018768
0.004633
1.312146
0.031008
0.014272
0.682582
1.857745
0.023818
0.001895
0.023273
0.004916
2.685615
0.070571
0.026956
0.687519
1.852137
0.021433
0.001567
0.020982
0.004768
2.339314
0.099799
0.022444
0.760150
2.101151
0.024247
0.001953
0.023746
0.004936
2.756744
0.074921
0.028404
--STOP--
++STRT++
0.589284
1.065477
0.018970
0.001149
0.018618
0.004607
1.359320
0.030738
0.014149
0.697365
1.873433
0.023650
0.001862
0.066111
0.005006
2.632091
0.070782
0.027163
0.698857
1.779585
0.021493
0.001577
0.021002
0.048730
2.339690
0.051881
0.022396
0.794025
2.250989
0.024210
0.001895
0.023918
0.004921
2.706606
0.123466
0.028499
--STOP--
++STRT++
0.581687
1.049113
0.019159
0.001175
0.018651
0.004587
1.370485
0.030866
0.014014
0.797346
1.888040
0.023617
0.001865
0.023266
0.004901
2.681380
0.070216
0.027200
0.720534
1.624015
0.021422
0.001570
0.021064
0.004763
2.338573
0.051965
0.064257
0.744580
2.104328
0.024210
0.002003
0.023835
0.004907
2.753010
0.074846
0.028535
--STOP--
++STRT++
0.585760
1.061776
0.018997
0.001154
0.018712
0.004634
1.294477
0.031041
0.014115
0.688507
1.845289
0.023799
0.001904
0.023222
0.004961
2.674607
0.069834
0.026894
0.675069
1.775902
0.021660
0.001573
0.021017
0.004755
2.388579
0.051872
0.022455
0.733409
2.061856
0.024174
0.002004
0.023847
0.004899
2.755482
0.075123
0.028420
--STOP--
++STRT++
0.597402
1.059181
0.019019
0.001199
0.018666
0.004630
1.270205
0.030805
0.014034
0.716159
1.888252
0.023758
0.001875
0.023268
0.004940
2.645252
0.070866
0.027036
0.657672
1.711083
0.021437
0.001621
0.020975
0.004766
2.388206
0.051793
0.022388
0.725173
2.103912
0.024167
0.001956
0.023735
0.004885
2.753542
0.075034
0.028361
--STOP--
++STRT++
0.586000
1.063001
0.019012
0.001203
0.018669
0.004625
1.320634
0.030945
0.014104
0.758734
1.884456
0.023776
0.001862
0.023194
0.004917
2.689691
0.070910
0.027082
0.671504
1.787911
0.021430
0.001577
0.020982
0.004746
2.338779
0.051973
0.022465
0.695136
2.131173
0.024206
0.001926
0.023791
0.004849
2.756371
0.075240
0.028276
--STOP--
++STRT++
0.612253
1.047158
0.019094
0.001180
0.018632
0.004642
1.218437
0.030824
0.014148
0.714182
1.897535
0.023728
0.001842
0.023194
0.004922
2.677198
0.069819
0.026805
0.716293
1.765415
0.021442
0.001599
0.020980
0.004782
2.386167
0.051713
0.022384
0.799153
2.045231
0.024218
0.001959
0.023752
0.004884
2.759553
0.074326
0.028473
--STOP--
++STRT++
0.589462
1.053033
0.019113
0.001192
0.018663
0.004643
1.294190
0.030947
0.014091
0.685916
1.863105
0.023733
0.001818
0.023251
0.004981
2.628430
0.070211
0.026957
0.648545
1.769847
0.021439
0.001575
0.020995
0.004755
2.384743
0.051641
0.022482
0.890191
2.059816
0.024197
0.001933
0.066523
0.004898
2.700773
0.075684
0.026686
--STOP--
++STRT++
0.586448
1.036129
0.018990
0.001147
0.018707
0.004626
1.285315
0.030804
0.014082
0.784301
1.894690
0.023712
0.001822
0.023354
0.004894
2.692759
0.071118
0.027268
0.780252
1.661464
0.021499
0.001573
0.021043
0.004838
2.343717
0.051827
0.022539
0.851413
2.126337
0.024210
0.002013
0.023806
0.004891
2.755543
0.075562
0.028677
--STOP--
++STRT++
0.585168
1.034715
0.019177
0.001164
0.018642
0.004616
1.237093
0.030861
0.014095
0.772129
1.851099
0.023734
0.001823
0.023344
0.004985
2.678245
0.070125
0.026833
0.688586
1.758720
0.021473
0.001561
0.021018
0.004782
2.392498
0.051947
0.022321
0.871311
2.064335
0.024261
0.001937
0.023797
0.004859
2.752455
0.075236
0.028420
--STOP--
++STRT++
0.599775
1.044731
0.019086
0.001220
0.018678
0.004621
1.219538
0.030945
0.014180
0.701509
1.978499
0.023772
0.001858
0.023266
0.004893
2.639955
0.070987
0.027254
0.678059
1.847831
0.021458
0.001594
0.021038
0.004736
2.344494
0.051956
0.022527
0.711877
2.116453
0.024190
0.001883
0.023747
0.004933
2.704155
0.123028
0.028580
--STOP--
++STRT++
0.581981
1.037026
0.019302
0.001180
0.018680
0.004634
1.229601
0.031082
0.014160
0.825208
1.918756
0.023784
0.001825
0.023287
0.004928
2.689142
0.070547
0.027239
0.651301
1.703169
0.021484
0.001564
0.021061
0.004802
2.344264
0.051862
0.065968
0.730100
2.117120
0.024299
0.001914
0.023762
0.004953
2.758247
0.074993
0.028801
--STOP--
++STRT++
0.594203
1.040965
0.019040
0.001167
0.018726
0.004608
1.266899
0.030833
0.014050
0.858054
1.782545
0.023745
0.001830
0.067208
0.004997
2.635960
0.070564
0.027117
0.722018
1.659584
0.021504
0.001566
0.021043
0.004774
2.387453
0.051872
0.022340
0.859950
2.097087
0.024312
0.001915
0.023791
0.048787
2.714613
0.075231
0.028712
--STOP--
++STRT++
0.603841
1.045708
0.019225
0.001174
0.018637
0.004633
1.255621
0.030832
0.013997
0.838969
1.847957
0.023655
0.001814
0.023343
0.004908
2.692341
0.070147
0.027208
0.781015
1.667500
0.021520
0.001608
0.021010
0.004752
2.344328
0.051615
0.022382
0.739634
2.062244
0.024267
0.001996
0.023914
0.004928
2.713624
0.076396
0.028572
--STOP--
++STRT++
0.601264
1.039174
0.019050
0.001169
0.018709
0.004630
1.252815
0.031125
0.014137
0.706123
1.905012
0.023682
0.001882
0.023228
0.004969
2.685416
0.070476
0.027046
0.713768
1.656168
0.021459
0.001599
0.021020
0.004797
2.329410
0.051943
0.022279
0.716547
2.088035
0.024222
0.001912
0.023939
0.004934
2.757281
0.075952
0.028877
--STOP--
++STRT++
0.608604
1.042971
0.019105
0.001136
0.018668
0.004636
1.245949
0.030945
0.013955
0.794609
1.879726
0.023668
0.001823
0.023304
0.004928
2.683553
0.070850
0.027008
0.659452
1.647102
0.021544
0.001580
0.021065
0.004792
2.398287
0.051971
0.022413
0.763080
1.997153
0.024220
0.001933
0.023796
0.004849
2.755096
0.074981
0.028418
--STOP--
++STRT++
0.583603
1.041204
0.019044
0.001160
0.018690
0.004608
1.253947
0.030957
0.014096
0.706841
1.858896
0.023632
0.001829
0.023220
0.004926
2.684509
0.070673
0.027023
0.662045
1.605187
0.021461
0.001585
0.020988
0.004842
2.392214
0.052170
0.022362
0.733281
2.125391
0.024261
0.001916
0.023769
0.004913
2.754142
0.075595
0.028429
--STOP--
++STRT++
0.593955
1.041632
0.019200
0.001158
0.018697
0.004599
1.288634
0.030864
0.014093
0.828775
1.962762
0.023746
0.001848
0.023220
0.004922
2.636574
0.118868
0.027112
0.648064
1.639365
0.064996
0.001577
0.021023
0.004777
2.331201
0.051721
0.022288
0.717422
2.047046
0.024206
0.001958
0.023800
0.004935
2.750779
0.075278
0.028410
--STOP--
++STRT++
0.593582
1.039793
0.019036
0.001181
0.018619
0.004596
1.239918
0.030959
0.014041
0.705661
1.906606
0.023592
0.001805
0.023179
0.004953
2.630678
0.118167
0.026939
0.682256
1.713195
0.021478
0.001570
0.021050
0.004777
2.330582
0.051916
0.022356
0.736748
2.073033
0.072300
0.001952
0.023954
0.004909
2.697754
0.075279
0.076438
--STOP--
++STRT++
0.573892
1.037429
0.019188
0.001200
0.018673
0.004610
1.234934
0.030932
0.013962
0.827198
1.876207
0.023778
0.001846
0.023323
0.004997
2.688103
0.070791
0.027445
0.748205
1.749132
0.021338
0.001579
0.021021
0.004748
2.338603
0.051972
0.022238
0.860094
2.070728
0.024207
0.001910
0.023761
0.004948
2.760918
0.075546
0.028673
--STOP--
++STRT++
0.608511
1.043264
0.019010
0.001165
0.018718
0.004604
1.270581
0.031121
0.014015
0.839693
1.986779
0.023740
0.001882
0.023292
0.004973
2.639115
0.118420
0.027154
0.673282
1.707293
0.021536
0.001640
0.020979
0.004758
2.344472
0.051724
0.022469
0.769845
2.154310
0.024143
0.001947
0.023714
0.004911
2.696926
0.123307
0.028431
--STOP--
++STRT++
0.614318
1.035909
0.019224
0.001136
0.018636
0.004620
1.241112
0.030962
0.014023
0.792509
1.890218
0.023691
0.001845
0.023306
0.004952
2.685882
0.070680
0.027101
0.723438
1.708477
0.021506
0.001611
0.021024
0.004821
2.338679
0.099630
0.022422
0.731162
2.098444
0.024222
0.001966
0.023786
0.004897
2.760717
0.075453
0.028467
--STOP--
++STRT++
0.617541
1.049153
0.019077
0.001160
0.018644
0.004610
1.212980
0.030900
0.014053
0.731209
1.841636
0.023716
0.001888
0.023265
0.004969
2.691608
0.071273
0.027179
0.677418
1.661530
0.021488
0.001590
0.021016
0.004744
2.387252
0.051982
0.022511
0.730557
2.073606
0.024181
0.001913
0.024068
0.004931
2.757487
0.074683
0.028577
--STOP--
++STRT++
0.602869
1.036601
0.019191
0.001166
0.018641
0.004621
1.239937
0.031055
0.014166
0.852477
2.022384
0.023743
0.001836
0.023204
0.004959
2.643241
0.110665
0.027201
0.709702
1.705740
0.021514
0.001556
0.021112
0.004836
2.342883
0.051924
0.022395
0.735309
2.083216
0.072196
0.001884
0.023733
0.004968
2.704777
0.075158
0.028282
--STOP--
++STRT++
0.566387
1.055606
0.018998
0.001158
0.018655
0.004618
1.293713
0.031024
0.014079
0.827765
1.983553
0.023672
0.001855
0.023212
0.004929
2.684668
0.070902
0.027010
0.677962
1.845698
0.021370
0.001627
0.020945
0.004789
2.339134
0.099893
0.022469
0.883577
2.020249
0.024233
0.001931
0.023791
0.004926
2.752994
0.075052
0.028659
--STOP--
++STRT++
0.590873
1.034653
0.019080
0.001181
0.018650
0.004675
1.237402
0.031039
0.014048
0.820968
2.089895
0.023686
0.001869
0.023394
0.004972
2.637513
0.118917
0.027245
0.679823
1.712858
0.021674
0.001611
0.021012
0.004773
2.343457
0.051966
0.022456
0.830021
2.076898
0.024212
0.001915
0.023734
0.004881
2.706662
0.075090
0.028578
--STOP--
++STRT++
0.596689
1.045896
0.019049
0.001159
0.018692
0.004647
1.256335
0.030927
0.014176
0.688553
1.842372
0.023776
0.001825
0.023293
0.004948
2.686279
0.070468
0.027053
0.666439
1.662264
0.021482
0.001573
0.021030
0.004768
2.344361
0.051516
0.022326
0.849248
2.068460
0.024152
0.001955
0.023745
0.004848
2.758434
0.075201
0.028532
--STOP--
++STRT++
0.603009
1.048455
0.019043
0.001203
0.018609
0.004617
1.267258
0.030739
0.014024
0.748671
1.872525
0.023721
0.001870
0.023256
0.004942
2.689465
0.070281
0.027117
0.676139
1.668995
0.021442
0.001618
0.020972
0.004782
2.346810
0.052272
0.022390
0.752205
2.096939
0.024223
0.001919
0.023754
0.004885
2.754296
0.075111
0.028433
--STOP--
++STRT++
0.584946
1.041875
0.019035
0.001163
0.018714
0.004603
1.229301
0.030897
0.014054
0.688034
1.865906
0.023671
0.001871
0.023341
0.004915
2.682211
0.070913
0.027031
0.701959
1.694524
0.021412
0.001618
0.020960
0.004780
2.318853
0.051654
0.022375
0.747791
2.092255
0.024395
0.001952
0.023775
0.004956
2.754568
0.075435
0.028494
--STOP--
++STRT++
0.595254
1.046975
0.019219
0.001160
0.018754
0.004602
1.263973
0.030778
0.014105
0.893864
1.985160
0.023745
0.001833
0.023273
0.004969
2.646514
0.071020
0.067649
0.688437
1.731918
0.021420
0.001594
0.020979
0.004772
2.343454
0.051878
0.022392
0.714914
2.038017
0.024152
0.001893
0.023836
0.004891
2.752396
0.074548
0.028507
--STOP--
++STRT++
0.597508
1.035829
0.018985
0.001149
0.018763
0.004629
1.226674
0.031043
0.014067
0.682879
1.891551
0.023687
0.001831
0.023228
0.004953
2.687954
0.070544
0.027096
0.708765
1.647638
0.021435
0.001629
0.021110
0.004768
2.340281
0.051936
0.022319
0.926002
2.020399
0.024239
0.001952
0.023741
0.004924
2.706453
0.123291
0.028498
--STOP--
++STRT++
0.593335
1.038894
0.019079
0.001161
0.018713
0.004627
1.226033
0.030733
0.014099
0.819174
1.942769
0.023666
0.001824
0.023194
0.004956
2.684189
0.070544
0.027020
0.713352
1.670592
0.021461
0.001564
0.021024
0.004786
2.345289
0.051961
0.022467
0.754279
2.138330
0.024237
0.001950
0.023717
0.004912
2.754430
0.075364
0.028481
--STOP--
++STRT++
0.599750
1.048595
0.019036
0.001160
0.018714
0.004621
1.244808
0.030934
0.014117
0.691256
1.867602
0.023708
0.049813
0.023233
0.004971
2.643765
0.070751
0.027178
0.696662
1.626396
0.021559
0.001578
0.021062
0.004882
2.368127
0.052319
0.022448
0.844007
2.057520
0.024220
0.001947
0.023773
0.004878
2.759580
0.075094
0.028436
--STOP--
++STRT++
0.597717
1.048820
0.018991
0.001202
0.018717
0.004657
1.235822
0.031039
0.014139
0.832830
1.916923
0.023749
0.001845
0.023220
0.004977
2.637178
0.118229
0.027042
0.685244
1.750818
0.021427
0.001611
0.021036
0.004772
2.337111
0.051518
0.022440
0.748784
2.035174
0.066945
0.001969
0.023856
0.004890
2.715689
0.075091
0.028481
--STOP--
++STRT++
0.593474
1.048068
0.019248
0.001153
0.018701
0.004640
1.298176
0.031045
0.014019
0.765214
1.897333
0.023938
0.001813
0.023257
0.004901
2.683464
0.070234
0.026960
0.716166
1.668553
0.021502
0.001593
0.021039
0.004849
2.382037
0.051675
0.022305
0.843980
2.017207
0.024263
0.001909
0.023815
0.004919
2.752120
0.075318
0.028443
--STOP--
++STRT++
0.598767
1.050012
0.019031
0.001156
0.018745
0.004633
1.312426
0.030918
0.014114
0.796828
1.826387
0.023682
0.001854
0.023201
0.004971
2.690281
0.070578
0.027194
0.695762
1.669238
0.021521
0.001565
0.021114
0.004830
2.280143
0.052307
0.022533
0.839050
2.026615
0.072373
0.001977
0.023869
0.004936
2.699222
0.075313
0.072086
--STOP--
++STRT++
0.610399
1.050824
0.019033
0.001164
0.018699
0.004626
1.235400
0.031213
0.014039
0.883746
1.859809
0.023689
0.001822
0.023277
0.004928
2.680470
0.070395
0.027054
0.715174
1.705712
0.021466
0.001561
0.021024
0.004777
2.339396
0.051908
0.022379
0.867867
2.091922
0.024233
0.001958
0.023796
0.004915
2.753079
0.075223
0.028435
--STOP--
++STRT++
0.586867
1.053969
0.019039
0.001207
0.018603
0.004631
1.308104
0.030905
0.013956
0.816576
1.908996
0.023645
0.001826
0.023299
0.004903
2.636755
0.070586
0.027138
0.731287
1.720117
0.069508
0.001593
0.021001
0.004773
2.334773
0.051825
0.022443
0.755959
1.994374
0.024209
0.001911
0.023848
0.004884
2.756189
0.075278
0.028611
--STOP--
++STRT++
0.614914
1.050804
0.019008
0.001147
0.018619
0.004610
1.225658
0.030956
0.014098
0.741526
1.983887
0.023766
0.001899
0.023211
0.004972
2.683317
0.070653
0.027151
0.701179
1.613164
0.021462
0.001563
0.021004
0.004809
2.338556
0.051761
0.022408
0.902041
2.120347
0.024234
0.001951
0.023766
0.004874
2.754321
0.074382
0.028274
--STOP--
++STRT++
0.597869
1.043091
0.019081
0.001173
0.018675
0.004609
1.287175
0.030930
0.014070
0.773799
1.847969
0.023689
0.001825
0.023212
0.004898
2.638042
0.070402
0.027058
0.710720
1.709835
0.021420
0.001555
0.021113
0.004773
2.385334
0.051899
0.022420
0.766798
2.190277
0.024199
0.001922
0.023742
0.004851
2.700442
0.122774
0.028667
--STOP--
++STRT++
0.575715
1.049127
0.019080
0.001167
0.018661
0.004628
1.242180
0.030819
0.014016
0.780208
1.798553
0.023802
0.001826
0.023263
0.004955
2.681396
0.070265
0.026949
0.761204
1.725048
0.021515
0.001575
0.021053
0.004783
2.347417
0.052147
0.022463
0.750456
2.142593
0.024229
0.001903
0.023660
0.004936
2.750702
0.074967
0.028360
--STOP--
++STRT++
0.590571
1.038326
0.019001
0.001193
0.018596
0.004625
1.232498
0.030999
0.014114
0.694198
1.844701
0.023708
0.001869
0.023229
0.004929
2.687335
0.070725
0.027266
0.714488
1.624920
0.021407
0.001616
0.021059
0.004789
2.342588
0.094104
0.022331
0.580221
1.886090
0.024197
0.001923
0.023737
0.004875
2.714565
0.075436
0.028374
--STOP--
++STRT++
0.591999
1.037991
0.019049
0.001160
0.018637
0.004619
1.217248
0.030906
0.014092
0.677440
1.858779
0.023750
0.001919
0.023238
0.004938
2.678912
0.070009
0.026974
0.753109
1.623778
0.021502
0.001620
0.020937
0.004792
2.385157
0.051570
0.022394
0.879835
2.125368
0.024212
0.001914
0.023902
0.004891
2.754635
0.075288
0.028479
--STOP--
++STRT++
0.589732
1.049992
0.019030
0.001168
0.018737
0.004620
1.246048
0.030869
0.014141
0.688036
1.942332
0.023691
0.001871
0.023305
0.004929
2.633659
0.070250
0.026882
0.689462
1.600570
0.021579
0.001579
0.021039
0.004839
2.338829
0.051743
0.022253
0.840869
2.246024
0.072211
0.001952
0.023741
0.004881
2.702987
0.074987
0.028329
--STOP--
++STRT++
0.606662
1.044460
0.019017
0.001170
0.018610
0.004631
1.250539
0.031225
0.014122
0.723773
1.830136
0.023751
0.001885
0.023226
0.004917
2.691971
0.070609
0.027262
0.692239
1.695065
0.021557
0.001578
0.021037
0.004808
2.335708
0.051935
0.022235
0.745651
1.975688
0.024193
0.001131
0.023761
0.004973
2.704388
0.074859
0.028341
--STOP--
++STRT++
0.599022
1.039910
0.019182
0.001167
0.018607
0.004602
1.207463
0.031139
0.014048
0.829869
2.019935
0.023701
0.001898
0.023351
0.004889
2.685956
0.069631
0.026883
0.674871
1.772968
0.021510
0.001577
0.021032
0.004804
2.343748
0.051903
0.022408
0.858815
2.215666
0.024230
0.001953
0.023762
0.004909
2.755552
0.074165
0.028568
--STOP--
++STRT++
0.611495
1.035924
0.018981
0.001161
0.018619
0.004606
1.239409
0.031244
0.014066
0.781198
1.756278
0.023747
0.001862
0.066517
0.004945
2.624819
0.070488
0.027058
0.703618
1.655614
0.021543
0.001619
0.020986
0.004788
2.391498
0.051809
0.022493
0.822226
2.139126
0.024304
0.001928
0.023679
0.004929
2.758138
0.075730
0.028849
--STOP--
++STRT++
0.596906
1.044662
0.019011
0.001160
0.018649
0.004620
1.230229
0.031099
0.014146
0.808388
1.914971
0.023659
0.001817
0.023228
0.004937
2.687795
0.070604
0.027031
0.709962
1.671285
0.021480
0.001615
0.021014
0.004830
2.263251
0.051969
0.022417
0.820347
1.908576
0.024210
0.001940
0.023747
0.004934
2.703926
0.075314
0.076331
--STOP--
++STRT++
0.606560
1.038705
0.018981
0.001159
0.018717
0.004660
1.203822
0.031049
0.014090
0.732288
1.870982
0.023736
0.001829
0.023237
0.004967
2.686949
0.071049
0.027337
0.720092
1.722771
0.021471
0.001615
0.020990
0.004790
2.343213
0.051957
0.022449
0.820117
2.070370
0.024261
0.001999
0.023766
0.004914
2.753197
0.075405
0.028483
--STOP--
++STRT++
0.586422
1.033510
0.019008
0.001205
0.018663
0.004630
1.225906
0.030824
0.014077
0.717587
1.809669
0.023748
0.001877
0.023250
0.004949
2.644576
0.071029
0.027379
0.703403
1.597322
0.021484
0.001564
0.021109
0.004860
2.387644
0.051826
0.022365
0.755002
2.117101
0.024345
0.001973
0.023836
0.004911
2.756054
0.075469
0.028136
--STOP--
++STRT++
0.593561
1.043994
0.019220
0.001180
0.018561
0.004603
1.240891
0.030851
0.014070
0.831183
2.045392
0.023703
0.001950
0.023253
0.004959
2.684695
0.070852
0.027154
0.703000
1.733277
0.021457
0.001585
0.021007
0.004800
2.339829
0.052043
0.022377
0.860730
2.047838
0.024188
0.001916
0.023900
0.004958
2.754349
0.074861
0.028394
--STOP--
++STRT++
0.593231
1.035774
0.018995
0.001170
0.018599
0.004626
1.214906
0.031119
0.014095
0.685113
1.882290
0.023687
0.001876
0.023206
0.004911
2.684082
0.070475
0.027267
0.698692
1.681960
0.021486
0.001564
0.021116
0.004837
2.239650
0.051776
0.022399
0.830010
1.828173
0.072205
0.001943
0.023705
0.004983
2.699672
0.075101
0.068503
--STOP--
++STRT++
0.613644
1.047537
0.019085
0.001153
0.018643
0.004610
1.218547
0.030967
0.013955
0.781646
1.919737
0.023669
0.001828
0.023259
0.004941
2.685299
0.070270
0.027015
0.697697
1.656030
0.021573
0.001587
0.020976
0.004766
2.346027
0.051933
0.022430
0.749905
2.073241
0.024230
0.001952
0.023952
0.004903
2.748284
0.074567
0.028357
--STOP--
++STRT++
0.604864
1.043917
0.019021
0.001149
0.018688
0.004614
1.249908
0.030982
0.014140
0.715881
1.837439
0.023746
0.001850
0.023179
0.004977
2.685938
0.070633
0.027076
0.688834
1.684740
0.021486
0.001620
0.020982
0.004795
2.341759
0.051964
0.022354
0.890007
2.207370
0.024223
0.001883
0.023832
0.004985
2.756339
0.075045
0.028262
--STOP--
++STRT++
0.580164
1.046864
0.019031
0.001182
0.018650
0.004646
1.287906
0.030955
0.013983
0.885744
1.909133
0.023783
0.001907
0.023282
0.004928
2.643421
0.070772
0.075154
0.710305
1.637941
0.021443
0.001624
0.021093
0.004810
2.342625
0.051690
0.022337
0.862117
2.135725
0.024167
0.001900
0.023731
0.004911
2.704719
0.123198
0.028901
--STOP--
++STRT++
0.596121
1.036624
0.019003
0.001150
0.018813
0.004656
1.264039
0.031032
0.014050
0.753783
1.829644
0.023670
0.001818
0.023243
0.004961
2.684371
0.070500
0.027033
0.706552
1.637416
0.021473
0.001576
0.021015
0.004836
2.343412
0.052036
0.022370
0.856995
2.074341
0.024187
0.001988
0.023729
0.004918
2.754159
0.075128
0.028420
--STOP--
++STRT++
0.612814
1.060534
0.019110
0.001183
0.018695
0.004611
1.236059
0.030802
0.014153
0.697874
1.907938
0.023659
0.001811
0.023230
0.004948
2.686107
0.070460
0.027005
0.703754
1.600992
0.021496
0.001576
0.021063
0.004873
2.271873
0.093835
0.022346
0.731500
2.136177
0.024308
0.001919
0.023743
0.004935
2.755677
0.075262
0.028493
--STOP--
++STRT++
0.576091
1.047987
0.019024
0.001155
0.018699
0.004617
1.239831
0.030836
0.014147
0.682143
1.780804
0.023655
0.001828
0.023119
0.004938
2.682404
0.070659
0.026987
0.721518
1.682165
0.021442
0.001621
0.021057
0.004814
2.341795
0.100117
0.022491
0.877462
2.080829
0.024270
0.001958
0.023725
0.004872
2.759069
0.075043
0.028532
--STOP--
++STRT++
0.596612
1.046284
0.018994
0.001151
0.018677
0.004601
1.208435
0.030855
0.014139
0.697410
1.836291
0.071731
0.001860
0.023229
0.004947
2.625259
0.070262
0.027182
0.709935
1.657843
0.021436
0.001602
0.020981
0.004804
2.388739
0.052070
0.022420
0.867032
2.086836
0.024289
0.001959
0.023754
0.048883
2.708923
0.074992
0.028379
--STOP--
++STRT++
0.606902
1.042479
0.019023
0.001167
0.018668
0.004656
1.219676
0.031078
0.014034
0.791155
1.855050
0.023694
0.001864
0.023322
0.004967
2.688720
0.070683
0.027058
0.707528
1.673662
0.021495
0.001577
0.021045
0.004781
2.342221
0.052120
0.022404
0.757994
2.069221
0.024244
0.001911
0.023766
0.004967
2.703746
0.123220
0.028365
--STOP--
++STRT++
0.597359
1.044829
0.019212
0.001145
0.018717
0.004611
1.247202
0.031166
0.013922
0.703768
1.892805
0.023728
0.001832
0.023293
0.004975
2.683526
0.070606
0.027074
0.715607
1.643182
0.021501
0.001574
0.021051
0.004803
2.344531
0.051858
0.022354
0.757016
2.113102
0.024308
0.001957
0.023692
0.004915
2.757268
0.074208
0.028364
--STOP--
++STRT++
0.586935
1.041021
0.019046
0.001149
0.018636
0.004625
1.290119
0.031134
0.014125
0.705692
1.875629
0.023596
0.001857
0.023219
0.004962
2.682235
0.070443
0.026992
0.719434
1.664046
0.021507
0.001576
0.021084
0.004844
2.346174
0.051833
0.022374
0.770453
2.123973
0.024199
0.001969
0.023813
0.004926
2.711977
0.075097
0.028518
--STOP--
++STRT++
0.581042
1.043557
0.019057
0.001213
0.018613
0.004649
1.240017
0.030864
0.014107
0.828032
1.931677
0.023743
0.001840
0.023234
0.004914
2.643102
0.070503
0.027037
0.711003
1.634717
0.021630
0.001611
0.021004
0.004807
2.393595
0.052015
0.022412
0.740500
2.104052
0.024273
0.001933
0.023851
0.004968
2.755231
0.075211
0.028289
--STOP--
++STRT++
0.577030
1.044227
0.019030
0.001145
0.018642
0.004614
1.275026
0.030993
0.014075
0.823009
1.967678
0.023693
0.001841
0.023252
0.004977
2.691578
0.070922
0.027116
0.703260
1.707417
0.021627
0.001573
0.020999
0.004787
2.343820
0.051972
0.022309
0.750752
2.157068
0.024227
0.001960
0.023818
0.004878
2.709131
0.075299
0.028609
--STOP--
++STRT++
0.605107
1.040119
0.019030
0.001150
0.018600
0.004631
1.243175
0.031140
0.014038
0.739879
1.893057
0.023846
0.001884
0.023370
0.004982
2.691796
0.070304
0.027201
0.713407
1.659443
0.021483
0.001572
0.021008
0.004832
2.312319
0.051975
0.022400
0.893602
2.115436
0.024274
0.001900
0.023800
0.004912
2.754176
0.074340
0.028570
--STOP--
++STRT++
0.605415
1.050241
0.019016
0.001164
0.018665
0.004600
1.243066
0.031014
0.014031
0.708311
1.848585
0.023706
0.001850
0.023224
0.004985
2.680437
0.070343
0.026962
0.693111
1.631826
0.021437
0.001627
0.020963
0.004782
2.339575
0.099949
0.022506
0.730063
1.955459
0.024257
0.001925
0.023735
0.004962
2.753987
0.075060
0.028491
--STOP--
++STRT++
0.581306
1.056242
0.019218
0.001195
0.018639
0.004620
1.222166
0.031297
0.014020
0.811824
1.834866
0.023630
0.001812
0.023218
0.004924
2.683825
0.070390
0.027061
0.706239
1.601954
0.021546
0.001580
0.021028
0.004812
2.278709
0.099815
0.022291
0.792517
1.970551
0.024219
0.001918
0.023853
0.004983
2.753814
0.074267
0.028473
--STOP--
++STRT++
0.589039
1.036713
0.019003
0.001213
0.018652
0.004660
1.253745
0.030970
0.014098
0.813808
1.932853
0.023640
0.001801
0.023295
0.004948
2.682177
0.070126
0.027057
0.716073
1.652658
0.021497
0.001579
0.020986
0.004805
2.387463
0.051637
0.022338
0.754099
2.098131
0.024200
0.001995
0.023757
0.004930
2.758225
0.075227
0.028489
--STOP--
++STRT++
0.613861
1.042533
0.019034
0.001182
0.018646
0.004619
1.209306
0.030937
0.013997
0.808217
1.863481
0.023820
0.001826
0.023199
0.004916
2.639955
0.071048
0.027137
0.741551
1.678535
0.021495
0.001631
0.021015
0.004820
2.345724
0.052034
0.022338
0.723407
2.056350
0.024293
0.001923
0.066519
0.004938
2.699811
0.075419
0.028425
--STOP--
++STRT++
0.583591
1.045293
0.019052
0.001162
0.018630
0.004629
1.251211
0.030887
0.014116
0.833860
1.916023
0.023715
0.001823
0.023258
0.004983
2.687503
0.070561
0.027068
0.685320
1.654428
0.021461
0.001582
0.021000
0.004808
2.341312
0.051835
0.022393
0.867858
2.048186
0.024212
0.001921
0.023780
0.004899
2.751578
0.074809
0.028569
--STOP--
++STRT++
0.585799
1.036540
0.019177
0.001177
0.018736
0.004597
1.243605
0.030891
0.014169
0.874449
1.929475
0.023711
0.001866
0.071210
0.004923
2.632622
0.070358
0.026960
0.693860
1.608718
0.021476
0.001632
0.021019
0.004910
2.294803
0.052011
0.022381
0.756280
1.948232
0.024197
0.001913
0.023707
0.005028
2.752781
0.075027
0.028546
--STOP--
++STRT++
0.608969
1.053312
0.019058
0.001204
0.018729
0.004675
1.228923
0.030955
0.014181
0.808816
1.794406
0.023698
0.001829
0.023252
0.004945
2.676744
0.070802
0.027129
0.678457
1.625758
0.021574
0.001577
0.021049
0.004812
2.392782
0.051970
0.022307
0.871877
2.046432
0.024211
0.001983
0.023803
0.004913
2.760074
0.075397
0.028284
--STOP--
++STRT++
0.588618
1.044512
0.019249
0.001197
0.018652
0.004628
1.252794
0.031274
0.014071
0.684689
1.803550
0.071658
0.001825
0.023207
0.004927
2.632251
0.069935
0.026916
0.704899
1.621982
0.021472
0.001611
0.021107
0.004848
2.318737
0.051685
0.022287
0.747561
2.033258
0.024141
0.001896
0.023745
0.004997
2.751090
0.074320
0.028502
--STOP--
++STRT++
0.608110
1.039038
0.018969
0.001181
0.018590
0.004639
1.235414
0.031005
0.014162
0.821570
2.067095
0.023748
0.001825
0.023321
0.004942
2.641039
0.119065
0.027298
0.682831
1.735007
0.021533
0.001581
0.020984
0.004775
2.338059
0.051921
0.022352
0.739543
2.002963
0.024228
0.001953
0.066544
0.004942
2.696910
0.075314
0.028723
--STOP--
++STRT++
0.593685
1.036153
0.019183
0.001143
0.018608
0.004637
1.349151
0.031118
0.014075
0.833795
1.834681
0.023880
0.001835
0.023202
0.004918
2.693055
0.070888
0.027290
0.712399
1.713840
0.021512
0.001572
0.021011
0.004818
2.338439
0.051704
0.070314
0.826246
2.004341
0.024125
0.001906
0.023647
0.004948
2.752531
0.073947
0.028334
--STOP--
++STRT++
0.611432
1.044386
0.019007
0.001167
0.018636
0.004616
1.281252
0.031111
0.014169
0.670608
1.938207
0.023819
0.001836
0.023265
0.004922
2.636170
0.070470
0.027233
0.711824
1.645385
0.021463
0.001621
0.020978
0.004797
2.387435
0.051999
0.022430
0.884382
2.069389
0.024313
0.001907
0.067815
0.004865
2.709923
0.074436
0.028612
--STOP--
++STRT++
0.588928
1.030502
0.019001
0.001190
0.018629
0.004639
1.212705
0.030967
0.013897
0.737604
1.991239
0.023823
0.001833
0.023310
0.005024
2.688368
0.070423
0.026981
0.710596
1.683775
0.021480
0.001580
0.020998
0.004775
2.342967
0.052248
0.022350
0.886483
2.070809
0.024230
0.001960
0.023806
0.004917
2.756549
0.075557
0.028427
--STOP--
++STRT++
0.594488
1.044187
0.019104
0.001146
0.018582
0.004645
1.230731
0.030931
0.014010
0.827128
1.862307
0.023691
0.001832
0.023174
0.004953
2.684670
0.070172
0.026956
0.717608
1.669406
0.021431
0.001570
0.021024
0.004816
2.392112
0.051879
0.022405
0.738634
2.115811
0.024187
0.001928
0.023699
0.004906
2.750883
0.074880
0.028249
--STOP--
++STRT++
0.594663
1.042245
0.018977
0.001188
0.018665
0.004615
1.256093
0.030995
0.014031
0.708526
1.863573
0.023756
0.001881
0.023234
0.004977
2.682312
0.070329
0.027022
0.702326
1.667814
0.021430
0.001577
0.021013
0.004748
2.386684
0.051806
0.022311
0.757281
2.080681
0.024229
0.001982
0.023788
0.004937
2.760510
0.075227
0.028493
--STOP--
++STRT++
0.588492
1.067096
0.019035
0.001149
0.018585
0.004608
1.247711
0.031096
0.014002
0.821742
1.944212
0.023780
0.001881
0.023278
0.004952
2.691553
0.070790
0.027179
0.728230
1.724730
0.021427
0.001633
0.020963
0.004817
2.338580
0.051926
0.022333
0.788777
2.069558
0.024184
0.001889
0.023781
0.004886
2.705212
0.074813
0.028348
--STOP--
++STRT++
0.594410
1.042147
0.019119
0.001169
0.018648
0.004616
1.251971
0.031062
0.014143
0.695073
1.985899
0.023635
0.001890
0.023301
0.004932
2.687204
0.070505
0.027055
0.715304
1.653123
0.021663
0.001631
0.021029
0.004840
2.348937
0.052309
0.022412
0.765910
1.907835
0.024636
0.001951
0.023683
0.004971
2.710405
0.075488
0.028521
--STOP--
++STRT++
0.597859
1.048349
0.019003
0.001219
0.018616
0.004628
1.204443
0.031116
0.013924
0.700604
1.806764
0.023716
0.001804
0.023322
0.004974
2.688101
0.070667
0.027114
0.702512
1.651826
0.021533
0.001575
0.021033
0.004792
2.392722
0.051993
0.022373
0.861814
2.085903
0.024151
0.001915
0.023785
0.004911
2.752606
0.074882
0.028454
--STOP--
++STRT++
0.601998
1.048398
0.019001
0.001166
0.018612
0.004626
1.234032
0.031028
0.014145
0.676171
1.849040
0.023655
0.001891
0.023221
0.004938
2.633392
0.070386
0.027087
0.725976
1.633824
0.021464
0.001617
0.021012
0.004831
2.355568
0.051889
0.022297
0.880465
2.079918
0.024379
0.001966
0.023929
0.004926
2.757474
0.075594
0.028425
--STOP--
++STRT++
0.574530
1.037652
0.019009
0.001170
0.018750
0.004616
1.262282
0.031019
0.014104
0.826580
1.774614
0.023684
0.001879
0.023259
0.005000
2.690767
0.070819
0.027157
0.697445
1.702440
0.021435
0.001570
0.021035
0.004816
2.344977
0.052108
0.022548
0.875176
2.169561
0.024257
0.001919
0.023756
0.004928
2.757792
0.075785
0.028760
--STOP--
++STRT++
0.612169
1.051800
0.019073
0.001187
0.018622
0.004666
1.222793
0.030884
0.013988
0.766837
1.876238
0.023687
0.001954
0.023243
0.004935
2.682480
0.070150
0.027101
0.697090
1.623020
0.021524
0.001575
0.020970
0.004775
2.344606
0.051798
0.022322
0.820638
2.211067
0.024268
0.001943
0.023787
0.004931
2.757744
0.074142
0.028562
--STOP--
++STRT++
0.605560
1.036030
0.018964
0.001163
0.018634
0.004625
1.230258
0.031033
0.014107
0.781800
1.842076
0.071760
0.001863
0.023300
0.004931
2.644171
0.070704
0.027095
0.717903
1.601501
0.021567
0.001585
0.020973
0.004805
2.389528
0.051900
0.022352
0.855600
2.052175
0.024353
0.001945
0.023806
0.004912
2.755764
0.075150
0.028617
--STOP--
++STRT++
0.594821
1.040457
0.019036
0.001147
0.018658
0.004654
1.241555
0.031218
0.013935
0.834404
1.876910
0.023709
0.001885
0.023219
0.004979
2.637934
0.118373
0.027135
0.699229
1.735091
0.021584
0.001577
0.021022
0.004811
2.342303
0.052171
0.022427
0.753389
2.041270
0.024353
0.001945
0.023764
0.004908
2.692858
0.122338
0.028378
--STOP--
++STRT++
0.588812
1.041823
0.019056
0.001178
0.018648
0.004596
1.230793
0.030897
0.013970
0.768597
1.882131
0.023737
0.001843
0.023217
0.004934
2.682036
0.070341
0.026894
0.707256
1.664288
0.021479
0.001632
0.020989
0.004834
2.340975
0.052104
0.022383
0.741460
2.059692
0.024233
0.001929
0.023718
0.004929
2.751024
0.075240
0.028455
--STOP--
++STRT++
0.588322
1.044619
0.019019
0.001179
0.018618
0.004625
1.219167
0.031009
0.014072
0.685059
1.857512
0.023705
0.001835
0.023191
0.004956
2.637105
0.070123
0.027109
0.700421
1.603895
0.021454
0.001616
0.021021
0.004835
2.382373
0.051922
0.022373
0.737165
1.857160
0.024326
0.001923
0.023752
0.004908
2.759689
0.075001
0.028391
--STOP--
++STRT++
0.612204
1.045362
0.019067
0.001185
0.018730
0.004645
1.229835
0.030862
0.014122
0.785932
1.783818
0.023707
0.001916
0.023449
0.004932
2.680005
0.070392
0.026981
0.714364
1.623627
0.021490
0.001592
0.021157
0.004790
2.388867
0.052072
0.022381
0.837749
2.069843
0.024278
0.001923
0.023817
0.004893
2.757671
0.075528
0.028462
--STOP--
++STRT++
0.598363
1.044639
0.019009
0.001196
0.018589
0.004628
1.223149
0.030882
0.013983
0.858241
1.862140
0.023699
0.001836
0.023221
0.004954
2.689062
0.070739
0.027155
0.676848
1.683270
0.021468
0.001572
0.021043
0.004832
2.345806
0.051897
0.022389
0.868090
2.279764
0.024250
0.001995
0.023789
0.004940
2.705079
0.122908
0.028456
--STOP--
++STRT++
0.587463
1.044976
0.019044
0.001165
0.018643
0.004683
1.281990
0.030766
0.014151
0.717595
1.866398
0.023624
0.001808
0.023171
0.004958
2.682638
0.070276
0.027132
0.733505
1.721869
0.021558
0.001581
0.021077
0.004875
2.344837
0.099402
0.022275
0.811204
1.913457
0.024256
0.001892
0.023824
0.004920
2.755188
0.075303
0.028469
--STOP--
++STRT++
0.589928
1.044648
0.019035
0.001172
0.018595
0.004655
1.389544
0.031053
0.013948
0.749484
1.909640
0.023672
0.001881
0.023236
0.004951
2.637084
0.070797
0.027123
0.688446
1.621958
0.021465
0.001585
0.021017
0.004808
2.385897
0.052077
0.022400
0.752090
2.059895
0.024260
0.001915
0.023736
0.004902
2.752851
0.075297
0.028588
--STOP--
++STRT++
0.597207
1.041125
0.019192
0.001202
0.018746
0.004634
1.214528
0.030853
0.014111
0.706721
1.827430
0.023678
0.001817
0.023221
0.004942
2.637789
0.117974
0.027081
0.723262
1.678189
0.021538
0.001577
0.021073
0.004841
2.316136
0.051681
0.022306
0.869994
2.047902
0.024244
0.001911
0.023840
0.004993
2.694252
0.122579
0.028206
--STOP--
++STRT++
0.595277
1.048259
0.019026
0.001145
0.018710
0.004620
1.255241
0.031187
0.014075
0.693474
1.899759
0.023859
0.001867
0.023315
0.005024
2.688748
0.070659
0.026941
0.680902
1.678845
0.021511
0.001623
0.021008
0.004792
2.342783
0.051869
0.022291
0.776022
2.115312
0.024220
0.001929
0.023690
0.004987
2.758540
0.074954
0.028293
--STOP--
++STRT++
0.589567
1.038918
0.018981
0.001187
0.018677
0.004635
1.232944
0.031280
0.013956
0.685124
1.901868
0.023677
0.001854
0.023172
0.004924
2.684369
0.070467
0.027164
0.686286
1.616694
0.021581
0.001574
0.021162
0.004846
2.270057
0.051950
0.069969
0.865635
1.953528
0.024321
0.001979
0.023812
0.004970
2.755051
0.075364
0.028679
--STOP--
++STRT++
0.584529
1.052936
0.019098
0.001189
0.018693
0.004631
1.221403
0.031083
0.014115
0.832949
1.909893
0.023662
0.001869
0.070778
0.005012
2.635648
0.070125
0.027120
0.620063
1.557142
0.021473
0.001627
0.021029
0.004800
2.318497
0.051914
0.022396
0.724300
1.944777
0.024227
0.001919
0.023819
0.004965
2.762984
0.075568
0.028643
--STOP--
++STRT++
0.607337
1.056327
0.019019
0.001152
0.018654
0.004627
1.224569
0.031284
0.014036
0.821229
1.869583
0.023735
0.001878
0.023295
0.004913
2.638743
0.070884
0.027005
0.684808
1.668772
0.021464
0.001585
0.021062
0.004830
2.339868
0.098620
0.022496
0.732237
2.131111
0.024308
0.001946
0.023761
0.004886
2.758720
0.075463
0.028265
--STOP--
++STRT++
0.598091
1.048550
0.019223
0.001187
0.018650
0.004626
1.249531
0.031107
0.014156
0.786926
1.838831
0.070314
0.001852
0.023333
0.004970
2.647544
0.070686
0.027202
0.697566
1.641759
0.021501
0.001604
0.021023
0.004779
2.393272
0.052363
0.022430
0.880086
2.065201
0.024234
0.001934
0.023859
0.004911
2.754757
0.075293
0.028543
--STOP--
++STRT++
0.595386
1.042732
0.019039
0.001156
0.018642
0.004614
1.237013
0.030997
0.014047
0.824142
1.982511
0.023696
0.001820
0.023335
0.004912
2.687074
0.070565
0.027019
0.684137
1.614275
0.021516
0.001587
0.021100
0.004914
2.293707
0.051907
0.022280
0.732380
1.964546
0.074788
0.001946
0.023778
0.005013
2.704819
0.075332
0.028344
--STOP--
++STRT++
0.597843
1.040549
0.019088
0.001178
0.018692
0.004612
1.242526
0.031218
0.013931
0.835193
1.849445
0.023734
0.001863
0.023205
0.004923
2.682531
0.070425
0.026985
0.681792
1.677722
0.021500
0.001610
0.021019
0.004800
2.339973
0.052066
0.022450
0.754411
2.117071
0.024268
0.001947
0.023747
0.004932
2.705672
0.121046
0.028345
--STOP--
