++STRT++
0.026777
0.028370
0.001425
0.000088
0.001458
0.000563
0.044413
0.001097
0.000505
0.027190
0.028615
0.001437
0.000085
0.001452
0.000559
0.044086
0.001086
0.000506
0.024765
0.029274
0.001726
0.000122
0.001690
0.000593
0.046686
0.002225
0.000768
0.026836
0.028685
0.001442
0.000083
0.001422
0.000559
0.044688
0.003446
0.001670
--STOP--
++STRT++
0.026966
0.028565
0.001464
0.000085
0.001421
0.000560
0.044331
0.001074
0.000505
0.030327
0.029463
0.001758
0.000125
0.001697
0.000598
0.049057
0.002878
0.001260
0.031137
0.029040
0.001641
0.000115
0.001713
0.000590
0.048001
0.002112
0.000769
0.032165
0.029824
0.001620
0.000100
0.001856
0.000615
0.051124
0.003132
0.001642
--STOP--
++STRT++
0.026393
0.028579
0.001426
0.000082
0.001437
0.000563
0.044411
0.001084
0.000507
0.029262
0.029784
0.001705
0.000123
0.001661
0.000595
0.052759
0.002661
0.001268
0.027406
0.029330
0.001739
0.000117
0.001782
0.000590
0.049400
0.002258
0.000762
0.036311
0.030570
0.001861
0.000127
0.001875
0.000613
0.054060
0.003281
0.001592
--STOP--
++STRT++
0.025391
0.028679
0.001453
0.000084
0.001432
0.000563
0.044409
0.001047
0.000511
0.045364
0.029493
0.001748
0.000123
0.001807
0.000605
0.048750
0.002576
0.001250
0.028232
0.029328
0.001738
0.000114
0.001747
0.000588
0.048036
0.002044
0.000817
0.043607
0.030696
0.001843
0.000134
0.001799
0.000651
0.052311
0.002758
0.001543
--STOP--
++STRT++
0.025849
0.028609
0.001444
0.000083
0.001425
0.000583
0.045612
0.001078
0.000509
0.030190
0.029577
0.001730
0.000122
0.001699
0.000594
0.048502
0.002872
0.001206
0.029195
0.029111
0.001689
0.000110
0.001683
0.000581
0.048222
0.001905
0.000806
0.037017
0.030595
0.001811
0.000134
0.001825
0.000654
0.051601
0.003117
0.001554
--STOP--
++STRT++
0.029644
0.028669
0.001473
0.000082
0.001423
0.000558
0.044907
0.001030
0.000522
0.038862
0.029528
0.001773
0.000121
0.001731
0.000595
0.048694
0.003221
0.001229
0.033187
0.029574
0.001718
0.000154
0.001664
0.000588
0.049779
0.001985
0.000777
0.037857
0.030444
0.001801
0.000134
0.001764
0.000615
0.055003
0.003088
0.001547
--STOP--
++STRT++
0.025648
0.028491
0.001442
0.000085
0.001460
0.000560
0.045275
0.001067
0.000509
0.038621
0.029532
0.001717
0.000121
0.001738
0.000638
0.050953
0.003052
0.001255
0.032141
0.029153
0.001753
0.000122
0.001741
0.000590
0.046141
0.002232
0.000779
0.036018
0.030651
0.001856
0.000130
0.001885
0.000661
0.050621
0.003068
0.001541
--STOP--
++STRT++
0.026606
0.028597
0.001461
0.000082
0.001421
0.000560
0.045058
0.001069
0.000521
0.035786
0.029312
0.001805
0.000122
0.001734
0.000600
0.049736
0.002947
0.001264
0.030890
0.029413
0.001732
0.000171
0.001700
0.000590
0.047248
0.002258
0.000834
0.028222
0.030378
0.001803
0.000133
0.001770
0.000609
0.050493
0.003086
0.001591
--STOP--
++STRT++
0.026530
0.028695
0.001432
0.000085
0.001433
0.000564
0.044554
0.001079
0.000504
0.029395
0.029539
0.001688
0.000125
0.001764
0.000598
0.049100
0.002947
0.001198
0.027727
0.029549
0.001728
0.000111
0.001785
0.000590
0.048100
0.001992
0.000765
0.044762
0.030398
0.001974
0.000131
0.001872
0.000648
0.054783
0.003528
0.001574
--STOP--
++STRT++
0.027554
0.028468
0.001441
0.000083
0.001437
0.000592
0.044229
0.001074
0.000534
0.033186
0.029248
0.001740
0.000126
0.001701
0.000597
0.049836
0.002732
0.001213
0.027437
0.029474
0.001707
0.000112
0.001661
0.000670
0.048088
0.001913
0.000771
0.044576
0.031020
0.001873
0.000129
0.001817
0.000606
0.052880
0.003196
0.001588
--STOP--
++STRT++
0.029052
0.028548
0.001441
0.000082
0.001437
0.000560
0.045208
0.001072
0.000503
0.035758
0.029552
0.001755
0.000121
0.001714
0.000595
0.049558
0.003051
0.001272
0.031735
0.029192
0.001691
0.000109
0.001754
0.000586
0.047966
0.002022
0.000762
0.032852
0.030310
0.001794
0.000132
0.001785
0.000607
0.051851
0.003155
0.001607
--STOP--
++STRT++
0.028108
0.028561
0.001448
0.000083
0.001413
0.000561
0.045461
0.001057
0.000529
0.033768
0.029532
0.001772
0.000131
0.001825
0.000597
0.051493
0.003305
0.001273
0.027627
0.029310
0.001776
0.000111
0.001668
0.000585
0.049526
0.002245
0.000742
0.038276
0.030232
0.001855
0.000128
0.001828
0.000609
0.052438
0.003459
0.001615
--STOP--
++STRT++
0.025683
0.028472
0.001458
0.000083
0.001426
0.000561
0.044109
0.001067
0.000510
0.033152
0.029566
0.001746
0.000124
0.001711
0.000592
0.051467
0.002995
0.001235
0.028192
0.029087
0.001714
0.000114
0.001689
0.000585
0.047046
0.002082
0.000820
0.025592
0.028827
0.001439
0.000082
0.001457
0.000560
0.045601
0.003210
0.001550
--STOP--
++STRT++
0.024448
0.028523
0.001439
0.000112
0.001433
0.000559
0.044740
0.001078
0.000505
0.033938
0.029882
0.001782
0.000123
0.001717
0.000595
0.047236
0.002896
0.001204
0.030242
0.029360
0.001775
0.000114
0.001771
0.000585
0.049022
0.002271
0.000756
0.035984
0.030394
0.001874
0.000138
0.001846
0.000608
0.053647
0.003701
0.001666
--STOP--
++STRT++
0.027535
0.028753
0.001438
0.000085
0.001420
0.000560
0.044106
0.001077
0.000510
0.039293
0.029365
0.001772
0.000121
0.001789
0.000653
0.047624
0.002868
0.001321
0.029030
0.029202
0.001655
0.000121
0.001656
0.000587
0.051027
0.002120
0.000825
0.053882
0.030531
0.001905
0.000130
0.001848
0.000611
0.050702
0.003482
0.001652
--STOP--
++STRT++
0.026210
0.028421
0.001460
0.000084
0.001431
0.000558
0.044808
0.001066
0.000503
0.029288
0.029712
0.001771
0.000125
0.001740
0.000631
0.049131
0.002755
0.001245
0.032555
0.029520
0.001759
0.000112
0.001733
0.000589
0.048585
0.002160
0.000778
0.036037
0.031198
0.001826
0.000140
0.001805
0.000612
0.053906
0.003755
0.001582
--STOP--
++STRT++
0.026524
0.028366
0.001441
0.000082
0.001460
0.000559
0.044198
0.001043
0.000506
0.032007
0.029489
0.001721
0.000124
0.001770
0.000598
0.048624
0.002595
0.001308
0.028123
0.029333
0.001743
0.000112
0.001664
0.000587
0.050154
0.002035
0.000761
0.053295
0.030714
0.001802
0.000128
0.001840
0.000648
0.049454
0.002803
0.001593
--STOP--
++STRT++
0.025943
0.028660
0.001446
0.000082
0.001437
0.000561
0.044511
0.001080
0.000527
0.026846
0.029737
0.001763
0.000130
0.001720
0.000599
0.053639
0.003127
0.001205
0.031010
0.029365
0.001657
0.000110
0.001692
0.000587
0.047679
0.001835
0.000784
0.035675
0.030363
0.001839
0.000129
0.001857
0.000612
0.056472
0.003458
0.001629
--STOP--
++STRT++
0.024054
0.028484
0.001466
0.000083
0.001422
0.000561
0.044060
0.001081
0.000503
0.029161
0.029277
0.001731
0.000125
0.001726
0.000636
0.050081
0.002851
0.001243
0.032247
0.029504
0.001740
0.000152
0.001724
0.000586
0.048237
0.002189
0.000777
0.047765
0.030675
0.001825
0.000125
0.001774
0.000606
0.052901
0.002913
0.001547
--STOP--
++STRT++
0.024910
0.028628
0.001435
0.000084
0.001434
0.000562
0.044428
0.001031
0.000502
0.037909
0.029319
0.001727
0.000123
0.001719
0.000596
0.049803
0.002994
0.001213
0.032372
0.029277
0.001700
0.000114
0.001724
0.000588
0.048944
0.001955
0.000774
0.035980
0.030998
0.001810
0.000130
0.001788
0.000654
0.053133
0.003334
0.001586
--STOP--
++STRT++
0.027970
0.028653
0.001434
0.000084
0.001437
0.000558
0.044452
0.001087
0.000503
0.034839
0.030142
0.001863
0.000125
0.001747
0.000596
0.053070
0.003418
0.001287
0.029302
0.029748
0.001729
0.000167
0.001740
0.000584
0.047169
0.002327
0.000817
0.039770
0.030972
0.001834
0.000132
0.001832
0.000643
0.053651
0.003351
0.001594
--STOP--
++STRT++
0.028645
0.028688
0.001444
0.000082
0.001419
0.000559
0.044743
0.001064
0.000504
0.034813
0.029449
0.001683
0.000122
0.001747
0.000601
0.051072
0.003247
0.001252
0.039262
0.029339
0.001668
0.000110
0.001672
0.000586
0.047765
0.001976
0.000803
0.035593
0.030487
0.001835
0.000136
0.001787
0.000612
0.053807
0.003149
0.001586
--STOP--
++STRT++
0.025269
0.028693
0.001442
0.000083
0.001458
0.000558
0.044783
0.001083
0.000510
0.032439
0.029723
0.001706
0.000122
0.001669
0.000597
0.049880
0.002650
0.001208
0.030238
0.029338
0.001687
0.000113
0.001727
0.000586
0.047579
0.001951
0.000806
0.039810
0.030785
0.001923
0.000134
0.001856
0.000658
0.052835
0.003088
0.001696
--STOP--
++STRT++
0.024421
0.028501
0.001434
0.000110
0.001422
0.000560
0.044149
0.001080
0.000505
0.027665
0.029513
0.001705
0.000125
0.001704
0.000644
0.049472
0.003093
0.001233
0.026776
0.029021
0.001716
0.000118
0.001674
0.000587
0.047682
0.001898
0.000790
0.039692
0.031136
0.001814
0.000132
0.001864
0.000663
0.052692
0.002867
0.001649
--STOP--
++STRT++
0.029004
0.028572
0.001458
0.000081
0.001425
0.000585
0.044485
0.001078
0.000507
0.034635
0.030017
0.001789
0.000124
0.001719
0.000593
0.050416
0.002855
0.001270
0.032430
0.029544
0.001700
0.000144
0.001659
0.000589
0.052579
0.002013
0.000777
0.037665
0.030091
0.001804
0.000128
0.001752
0.000613
0.054838
0.003222
0.001598
--STOP--
++STRT++
0.024988
0.028784
0.001453
0.000083
0.001413
0.000557
0.044377
0.001065
0.000509
0.041248
0.029340
0.001741
0.000121
0.001729
0.000596
0.050846
0.002954
0.001318
0.027049
0.029277
0.001708
0.000107
0.001681
0.000586
0.051807
0.002172
0.000852
0.037230
0.030595
0.001800
0.000129
0.001772
0.000609
0.055161
0.003451
0.001665
--STOP--
++STRT++
0.028245
0.028540
0.001448
0.000082
0.001436
0.000562
0.044785
0.001090
0.000504
0.040833
0.029818
0.001701
0.000120
0.001695
0.000595
0.049523
0.002628
0.001266
0.031523
0.029426
0.001723
0.000108
0.001680
0.000596
0.049448
0.002029
0.000749
0.040309
0.030231
0.001722
0.000127
0.001743
0.000612
0.053871
0.003214
0.001519
--STOP--
++STRT++
0.025336
0.028529
0.001479
0.000083
0.001422
0.000559
0.044303
0.001077
0.000504
0.034147
0.029811
0.001668
0.000119
0.001705
0.000595
0.051799
0.002476
0.001202
0.028748
0.029148
0.001648
0.000110
0.001727
0.000584
0.047415
0.001884
0.000744
0.031046
0.030589
0.001845
0.000133
0.001777
0.000648
0.053715
0.002969
0.001514
--STOP--
++STRT++
0.026584
0.028630
0.001452
0.000084
0.001421
0.000607
0.044254
0.001032
0.000528
0.032113
0.030043
0.001680
0.000122
0.001687
0.000593
0.047925
0.002291
0.001220
0.027827
0.029304
0.001672
0.000122
0.001703
0.000596
0.049826
0.002248
0.000793
0.044083
0.030431
0.001859
0.000182
0.001866
0.000612
0.055929
0.003394
0.001676
--STOP--
++STRT++
0.028736
0.028606
0.001447
0.000080
0.001418
0.000560
0.044714
0.001078
0.000505
0.032890
0.029485
0.001755
0.000126
0.001718
0.000598
0.051429
0.002481
0.001229
0.025742
0.028842
0.001728
0.000112
0.001737
0.000584
0.047978
0.001999
0.000761
0.034415
0.030009
0.001860
0.000135
0.001844
0.000603
0.051752
0.003207
0.001535
--STOP--
++STRT++
0.024367
0.028569
0.001439
0.000084
0.001437
0.000558
0.044777
0.001077
0.000508
0.030014
0.029900
0.001786
0.000122
0.001694
0.000598
0.054193
0.002967
0.001298
0.030290
0.029417
0.001687
0.000114
0.001791
0.000590
0.049587
0.002199
0.000788
0.042639
0.030448
0.001821
0.000132
0.001757
0.000611
0.053369
0.003420
0.001591
--STOP--
++STRT++
0.026220
0.028571
0.001437
0.000083
0.001440
0.000560
0.044349
0.001063
0.000510
0.045678
0.029192
0.001770
0.000127
0.001735
0.000601
0.050163
0.002809
0.001227
0.029380
0.029230
0.001710
0.000106
0.001714
0.000586
0.048182
0.001767
0.000755
0.034978
0.030928
0.001816
0.000134
0.001831
0.000615
0.055190
0.003336
0.001790
--STOP--
++STRT++
0.028715
0.028541
0.001438
0.000083
0.001412
0.000561
0.044008
0.001038
0.000505
0.035069
0.029173
0.001769
0.000125
0.001785
0.000602
0.048914
0.002859
0.001248
0.028237
0.029513
0.001741
0.000115
0.001797
0.000588
0.049138
0.002055
0.000779
0.032359
0.030042
0.001851
0.000129
0.001786
0.000607
0.052566
0.003199
0.001570
--STOP--
++STRT++
0.025553
0.028642
0.001444
0.000086
0.001423
0.000559
0.044449
0.001036
0.000504
0.036103
0.029483
0.001765
0.000129
0.001755
0.000596
0.053891
0.003367
0.001169
0.035896
0.029234
0.001783
0.000113
0.001704
0.000629
0.049299
0.002075
0.000787
0.037845
0.030821
0.001778
0.000127
0.001794
0.000618
0.054628
0.003576
0.001624
--STOP--
++STRT++
0.025509
0.028660
0.001438
0.000085
0.001431
0.000560
0.044612
0.001038
0.000529
0.030473
0.029670
0.001719
0.000124
0.001741
0.000640
0.052239
0.002816
0.001243
0.029577
0.029088
0.001726
0.000112
0.001751
0.000589
0.051029
0.002035
0.000787
0.037659
0.030648
0.001898
0.000135
0.001831
0.000610
0.056442
0.003309
0.001653
--STOP--
++STRT++
0.028334
0.028776
0.001449
0.000085
0.001465
0.000565
0.044527
0.001073
0.000504
0.049450
0.029598
0.001737
0.000121
0.001740
0.000603
0.051423
0.002995
0.001232
0.036905
0.029167
0.001691
0.000110
0.001741
0.000585
0.047311
0.001825
0.000780
0.031022
0.030300
0.001840
0.000130
0.001788
0.000614
0.051808
0.002962
0.001544
--STOP--
++STRT++
0.025388
0.028644
0.001430
0.000081
0.001417
0.000561
0.044462
0.001036
0.000523
0.034167
0.029283
0.001715
0.000126
0.001713
0.000638
0.049329
0.003013
0.001259
0.032433
0.029168
0.001731
0.000115
0.001773
0.000589
0.047851
0.002218
0.000768
0.030407
0.028739
0.001439
0.000084
0.001447
0.000560
0.044780
0.001075
0.000501
--STOP--
++STRT++
0.025330
0.028748
0.001467
0.000084
0.001413
0.000559
0.044509
0.001067
0.000504
0.032739
0.029546
0.001768
0.000125
0.001683
0.000598
0.050780
0.002937
0.001231
0.032364
0.029272
0.001694
0.000109
0.001670
0.000585
0.051509
0.001863
0.000752
0.033030
0.030166
0.001777
0.000131
0.001804
0.000607
0.051486
0.003118
0.001600
--STOP--
++STRT++
0.027685
0.028669
0.001439
0.000082
0.001421
0.000561
0.044756
0.001071
0.000506
0.035791
0.029238
0.001757
0.000120
0.001767
0.000644
0.049429
0.002835
0.001239
0.033211
0.029332
0.001717
0.000114
0.001744
0.000583
0.046664
0.001791
0.000813
0.039193
0.029846
0.001806
0.000130
0.001726
0.000608
0.050809
0.002870
0.001606
--STOP--
++STRT++
0.028913
0.028544
0.001457
0.000084
0.001430
0.000559
0.044355
0.001061
0.000504
0.032317
0.029660
0.001694
0.000122
0.001677
0.000599
0.052833
0.002583
0.001219
0.030894
0.029325
0.001727
0.000115
0.001646
0.000588
0.049039
0.002081
0.000792
0.034468
0.030316
0.001825
0.000127
0.001787
0.000606
0.052647
0.003334
0.001551
--STOP--
++STRT++
0.025222
0.028628
0.001459
0.000083
0.001417
0.000560
0.044682
0.001068
0.000516
0.031899
0.029395
0.001688
0.000121
0.001669
0.000596
0.051660
0.002954
0.001206
0.039992
0.029682
0.001737
0.000111
0.001700
0.000590
0.046902
0.002230
0.000825
0.033507
0.029930
0.001830
0.000135
0.001789
0.000614
0.052006
0.003550
0.001635
--STOP--
++STRT++
0.026306
0.028498
0.001454
0.000083
0.001449
0.000559
0.044308
0.001056
0.000506
0.030148
0.029311
0.001806
0.000118
0.001705
0.000598
0.053874
0.002895
0.001200
0.029313
0.029438
0.001748
0.000107
0.001681
0.000588
0.048613
0.001895
0.000840
0.045629
0.030404
0.001855
0.000134
0.001825
0.000610
0.052232
0.003344
0.001623
--STOP--
++STRT++
0.025118
0.028550
0.001476
0.000083
0.001419
0.000558
0.044920
0.001071
0.000529
0.028423
0.029608
0.001672
0.000122
0.001678
0.000599
0.055124
0.002967
0.001331
0.031022
0.029304
0.001759
0.000112
0.001663
0.000588
0.047162
0.002117
0.000774
0.035529
0.030700
0.001745
0.000123
0.001756
0.000608
0.053543
0.003259
0.001580
--STOP--
++STRT++
0.025339
0.028587
0.001452
0.000084
0.001451
0.000560
0.044847
0.001078
0.000506
0.031233
0.029772
0.001698
0.000124
0.001689
0.000597
0.050808
0.002746
0.001243
0.035995
0.029050
0.001741
0.000114
0.001693
0.000587
0.048441
0.002081
0.000775
0.035527
0.030589
0.001768
0.000132
0.001804
0.000613
0.049618
0.003301
0.001552
--STOP--
++STRT++
0.024144
0.028690
0.001454
0.000084
0.001427
0.000561
0.044315
0.001063
0.000507
0.033525
0.029956
0.001674
0.000120
0.001743
0.000598
0.050042
0.002667
0.001251
0.026565
0.029121
0.001715
0.000110
0.001749
0.000585
0.048328
0.002028
0.000788
0.033082
0.030724
0.001856
0.000135
0.001901
0.000642
0.051557
0.002876
0.001540
--STOP--
++STRT++
0.028228
0.028671
0.001437
0.000084
0.001454
0.000559
0.044609
0.001066
0.000506
0.027609
0.029584
0.001710
0.000119
0.001671
0.000598
0.050364
0.002748
0.001241
0.031052
0.029298
0.001778
0.000112
0.001643
0.000585
0.046720
0.001787
0.000768
0.032583
0.030380
0.001835
0.000133
0.001803
0.000656
0.056521
0.003049
0.001525
--STOP--
++STRT++
0.023864
0.028418
0.001443
0.000083
0.001436
0.000562
0.045463
0.001078
0.000503
0.038679
0.029671
0.001757
0.000125
0.001784
0.000595
0.048690
0.002673
0.001237
0.027440
0.029318
0.001718
0.000113
0.001770
0.000587
0.050706
0.002115
0.000739
0.039179
0.030316
0.001897
0.000135
0.001813
0.000609
0.049983
0.003198
0.001595
--STOP--
++STRT++
0.026015
0.028717
0.001429
0.000083
0.001448
0.000561
0.044342
0.001081
0.000508
0.027049
0.029750
0.001696
0.000118
0.001691
0.000592
0.049774
0.002687
0.001213
0.029308
0.029704
0.001723
0.000109
0.001710
0.000584
0.048689
0.002365
0.000769
0.028513
0.030466
0.001878
0.000134
0.001852
0.000610
0.057587
0.003824
0.001688
--STOP--
++STRT++
0.026871
0.028579
0.001446
0.000084
0.001420
0.000559
0.044747
0.001111
0.000510
0.033455
0.030097
0.001750
0.000124
0.001656
0.000595
0.049526
0.002984
0.001271
0.025167
0.029065
0.001688
0.000121
0.001687
0.000588
0.047025
0.001940
0.000798
0.035857
0.030220
0.001849
0.000132
0.001788
0.000604
0.052334
0.003522
0.001548
--STOP--
++STRT++
0.033061
0.028774
0.001482
0.000082
0.001429
0.000561
0.044722
0.001066
0.000533
0.043315
0.029640
0.001753
0.000132
0.001722
0.000598
0.049324
0.002674
0.001250
0.032800
0.029675
0.001758
0.000114
0.001676
0.000588
0.049666
0.002110
0.000765
0.037124
0.030412
0.001896
0.000126
0.001815
0.000609
0.053935
0.003067
0.001582
--STOP--
++STRT++
0.023787
0.028576
0.001470
0.000083
0.001433
0.000560
0.044999
0.001065
0.000526
0.039957
0.029484
0.001738
0.000121
0.001739
0.000598
0.051490
0.003008
0.001213
0.033342
0.028997
0.001696
0.000113
0.001672
0.000584
0.050382
0.002000
0.000766
0.039022
0.030808
0.001852
0.000134
0.001835
0.000606
0.053395
0.003469
0.001759
--STOP--
++STRT++
0.024517
0.028764
0.001475
0.000081
0.001420
0.000561
0.045127
0.001078
0.000499
0.035197
0.029456
0.001692
0.000118
0.001773
0.000639
0.050406
0.002995
0.001170
0.028959
0.028717
0.001779
0.000109
0.001660
0.000597
0.048547
0.002141
0.000787
0.038529
0.029816
0.001769
0.000125
0.001762
0.000611
0.054577
0.003645
0.001597
--STOP--
++STRT++
0.027520
0.028598
0.001453
0.000082
0.001413
0.000559
0.044306
0.001057
0.000506
0.036596
0.029465
0.001706
0.000124
0.001671
0.000595
0.048598
0.002721
0.001195
0.031191
0.029227
0.001673
0.000110
0.001699
0.000589
0.048145
0.001874
0.000775
0.041821
0.030772
0.001792
0.000129
0.001731
0.000614
0.051935
0.003458
0.001640
--STOP--
++STRT++
0.023594
0.028593
0.001451
0.000081
0.001429
0.000607
0.044206
0.001070
0.000505
0.029524
0.029639
0.001731
0.000124
0.001719
0.000600
0.048655
0.003052
0.001228
0.033581
0.029187
0.001738
0.000116
0.001727
0.000587
0.048174
0.002282
0.000735
0.049202
0.030546
0.001871
0.000132
0.001865
0.000678
0.052927
0.003409
0.001558
--STOP--
++STRT++
0.025956
0.028659
0.001444
0.000084
0.001419
0.000581
0.044233
0.001074
0.000507
0.035972
0.029554
0.001698
0.000119
0.001716
0.000598
0.048130
0.002513
0.001254
0.030930
0.029237
0.001711
0.000109
0.001660
0.000589
0.046554
0.001905
0.000775
0.034588
0.030577
0.001829
0.000134
0.001847
0.000657
0.049748
0.003284
0.001548
--STOP--
++STRT++
0.029564
0.028742
0.001434
0.000083
0.001414
0.000562
0.044683
0.001072
0.000508
0.027823
0.029682
0.001723
0.000123
0.001744
0.000597
0.050010
0.002897
0.001245
0.035071
0.029345
0.001780
0.000114
0.001698
0.000593
0.048172
0.002033
0.000746
0.036061
0.030263
0.001848
0.000130
0.001822
0.000648
0.053370
0.003247
0.001580
--STOP--
++STRT++
0.025043
0.028645
0.001435
0.000083
0.001420
0.000597
0.044488
0.001059
0.000528
0.043785
0.029208
0.001698
0.000121
0.001681
0.000627
0.051979
0.002964
0.001199
0.032127
0.029282
0.001738
0.000176
0.001701
0.000587
0.048107
0.001913
0.000757
0.043814
0.030442
0.001903
0.000129
0.001841
0.000611
0.050555
0.003245
0.001596
--STOP--
++STRT++
0.024921
0.028739
0.001457
0.000082
0.001413
0.000560
0.044377
0.001083
0.000508
0.033971
0.029654
0.001720
0.000122
0.001731
0.000597
0.047136
0.002651
0.001296
0.031548
0.029385
0.001698
0.000108
0.001723
0.000592
0.047883
0.001898
0.000786
0.039707
0.030169
0.001717
0.000126
0.001781
0.000611
0.053864
0.003416
0.001553
--STOP--
++STRT++
0.025943
0.028795
0.001438
0.000084
0.001442
0.000559
0.044364
0.001060
0.000505
0.031886
0.029435
0.001739
0.000127
0.001835
0.000597
0.052277
0.003118
0.001247
0.035702
0.029567
0.001772
0.000115
0.001749
0.000627
0.047725
0.002184
0.000752
0.042825
0.030211
0.001867
0.000130
0.001810
0.000613
0.050770
0.003132
0.001540
--STOP--
++STRT++
0.027186
0.028515
0.001434
0.000084
0.001413
0.000557
0.044272
0.001068
0.000524
0.033768
0.029814
0.001682
0.000122
0.001697
0.000601
0.049393
0.002738
0.001188
0.030827
0.029309
0.001691
0.000111
0.001718
0.000582
0.047540
0.001885
0.000759
0.038178
0.030268
0.001906
0.000178
0.001882
0.000665
0.052140
0.003191
0.001588
--STOP--
++STRT++
0.024062
0.028552
0.001471
0.000084
0.001423
0.000560
0.044082
0.001036
0.000504
0.034228
0.029423
0.001711
0.000128
0.001747
0.000639
0.049135
0.002619
0.001228
0.030163
0.029600
0.001772
0.000110
0.001700
0.000585
0.047624
0.002055
0.000792
0.033634
0.030490
0.001787
0.000132
0.001805
0.000612
0.052088
0.003252
0.001608
--STOP--
++STRT++
0.026570
0.028569
0.001425
0.000104
0.001428
0.000559
0.045161
0.001039
0.000509
0.029941
0.029551
0.001735
0.000123
0.001744
0.000593
0.051400
0.003217
0.001199
0.027569
0.029489
0.001698
0.000111
0.001774
0.000584
0.050308
0.002221
0.000758
0.041233
0.030298
0.001862
0.000130
0.001854
0.000607
0.051917
0.002912
0.001516
--STOP--
++STRT++
0.027691
0.028744
0.001466
0.000082
0.001424
0.000559
0.045167
0.001064
0.000501
0.038295
0.029344
0.001743
0.000131
0.001735
0.000594
0.053039
0.003007
0.001201
0.033789
0.029730
0.001714
0.000115
0.001684
0.000587
0.049988
0.002289
0.000753
0.038812
0.030715
0.001869
0.000139
0.001808
0.000612
0.057614
0.003795
0.001731
--STOP--
++STRT++
0.028122
0.028387
0.001457
0.000086
0.001424
0.000563
0.044764
0.001067
0.000543
0.037528
0.029465
0.001689
0.000118
0.001684
0.000597
0.050240
0.002416
0.001274
0.036800
0.029139
0.001689
0.000113
0.001709
0.000585
0.049139
0.002111
0.000753
0.049080
0.030341
0.001796
0.000134
0.001764
0.000612
0.052742
0.002967
0.001570
--STOP--
++STRT++
0.028382
0.028525
0.001438
0.000082
0.001429
0.000579
0.044787
0.001055
0.000504
0.038628
0.029656
0.001726
0.000124
0.001731
0.000595
0.048066
0.003079
0.001220
0.028910
0.029071
0.001721
0.000111
0.001730
0.000588
0.048630
0.002267
0.000776
0.038866
0.030664
0.001951
0.000138
0.001907
0.000613
0.055563
0.003556
0.001720
--STOP--
++STRT++
0.027224
0.028516
0.001431
0.000084
0.001457
0.000561
0.045263
0.001072
0.000507
0.039444
0.029713
0.001703
0.000122
0.001662
0.000598
0.050021
0.002773
0.001259
0.028334
0.029464
0.001780
0.000114
0.001698
0.000586
0.048961
0.002078
0.000751
0.036462
0.029991
0.001787
0.000125
0.001789
0.000607
0.054888
0.003470
0.001615
--STOP--
++STRT++
0.024062
0.028612
0.001446
0.000082
0.001415
0.000559
0.044575
0.001067
0.000503
0.038687
0.029699
0.001784
0.000129
0.001685
0.000598
0.056620
0.003136
0.001252
0.031893
0.029119
0.001789
0.000111
0.001671
0.000588
0.047992
0.002089
0.000798
0.035753
0.031115
0.001820
0.000136
0.001782
0.000607
0.055255
0.003514
0.001636
--STOP--
++STRT++
0.025473
0.028552
0.001440
0.000082
0.001423
0.000579
0.044463
0.001085
0.000503
0.031619
0.029361
0.001789
0.000134
0.001740
0.000598
0.050082
0.003507
0.001213
0.029721
0.029012
0.001701
0.000116
0.001762
0.000589
0.050391
0.002074
0.000732
0.040002
0.030438
0.001806
0.000132
0.001824
0.000612
0.054352
0.003406
0.001624
--STOP--
++STRT++
0.024036
0.028637
0.001461
0.000084
0.001420
0.000561
0.044342
0.001082
0.000504
0.033666
0.029360
0.001735
0.000124
0.001826
0.000602
0.051405
0.003130
0.001189
0.037207
0.029146
0.001686
0.000112
0.001681
0.000588
0.046571
0.002224
0.000745
0.036755
0.030769
0.001871
0.000128
0.001893
0.000640
0.055327
0.003552
0.001626
--STOP--
++STRT++
0.028702
0.028643
0.001468
0.000085
0.001418
0.000559
0.044375
0.001057
0.000501
0.031200
0.029496
0.001736
0.000125
0.001768
0.000599
0.051019
0.002865
0.001206
0.030146
0.029508
0.001773
0.000111
0.001705
0.000589
0.049668
0.002052
0.000748
0.036878
0.030229
0.001946
0.000183
0.001924
0.000615
0.054712
0.003490
0.001715
--STOP--
++STRT++
0.027239
0.028545
0.001444
0.000084
0.001437
0.000557
0.044716
0.001054
0.000527
0.033306
0.029469
0.001771
0.000134
0.001761
0.000599
0.052077
0.002962
0.001255
0.026659
0.029045
0.001727
0.000107
0.001764
0.000586
0.047403
0.001940
0.000725
0.033763
0.030548
0.001861
0.000196
0.001827
0.000654
0.057864
0.002989
0.001574
--STOP--
++STRT++
0.028684
0.028522
0.001433
0.000084
0.001455
0.000562
0.044989
0.001085
0.000507
0.036977
0.029952
0.001751
0.000126
0.001705
0.000598
0.050528
0.002943
0.001211
0.026129
0.029265
0.001709
0.000117
0.001636
0.000584
0.048196
0.002052
0.000824
0.046880
0.030614
0.001811
0.000136
0.001766
0.000685
0.056440
0.003265
0.001589
--STOP--
++STRT++
0.024236
0.028682
0.001446
0.000084
0.001417
0.000559
0.044303
0.001068
0.000505
0.030355
0.029504
0.001728
0.000125
0.001784
0.000600
0.048214
0.003304
0.001219
0.030985
0.029125
0.001753
0.000118
0.001698
0.000619
0.047711
0.002108
0.000753
0.029258
0.030292
0.001818
0.000137
0.001786
0.000605
0.055371
0.003681
0.001614
--STOP--
++STRT++
0.027379
0.028680
0.001453
0.000084
0.001415
0.000560
0.044399
0.001033
0.000503
0.034450
0.029597
0.001797
0.000130
0.001690
0.000595
0.053465
0.003433
0.001235
0.028815
0.029250
0.001768
0.000113
0.001807
0.000587
0.049683
0.002530
0.000803
0.037303
0.030645
0.001899
0.000135
0.001871
0.000617
0.053682
0.004041
0.001755
--STOP--
++STRT++
0.026928
0.028667
0.001438
0.000084
0.001442
0.000562
0.044250
0.001074
0.000510
0.031418
0.029548
0.001769
0.000129
0.001791
0.000629
0.049167
0.003091
0.001213
0.038593
0.029653
0.001789
0.000119
0.001788
0.000593
0.048779
0.002121
0.000747
0.047775
0.030271
0.001865
0.000130
0.001877
0.000615
0.052388
0.003262
0.001679
--STOP--
++STRT++
0.024975
0.028591
0.001467
0.000084
0.001421
0.000559
0.044309
0.001075
0.000504
0.045004
0.029347
0.001709
0.000125
0.001791
0.000597
0.048650
0.002713
0.001206
0.027139
0.029364
0.001631
0.000109
0.001678
0.000587
0.050482
0.002152
0.000759
0.047450
0.030447
0.001867
0.000129
0.001796
0.000613
0.050231
0.003243
0.001551
--STOP--
++STRT++
0.027450
0.028578
0.001462
0.000083
0.001449
0.000558
0.044443
0.001075
0.000503
0.042677
0.029791
0.001745
0.000122
0.001715
0.000596
0.050037
0.003028
0.001282
0.028219
0.029388
0.001659
0.000150
0.001720
0.000588
0.047727
0.001856
0.000785
0.034983
0.030583
0.001809
0.000131
0.001787
0.000613
0.059341
0.003686
0.001684
--STOP--
++STRT++
0.025015
0.028630
0.001452
0.000086
0.001427
0.000559
0.044296
0.001089
0.000507
0.036328
0.029607
0.001718
0.000122
0.001688
0.000601
0.049696
0.002581
0.001257
0.036919
0.029413
0.001706
0.000104
0.001670
0.000586
0.049805
0.002122
0.000763
0.044253
0.030841
0.001869
0.000134
0.001814
0.000659
0.051285
0.003341
0.001548
--STOP--
++STRT++
0.026613
0.028616
0.001461
0.000083
0.001413
0.000562
0.044899
0.001063
0.000531
0.033622
0.029395
0.001769
0.000129
0.001720
0.000598
0.048657
0.002945
0.001196
0.028750
0.029283
0.001823
0.000115
0.001723
0.000591
0.050743
0.002236
0.000759
0.037792
0.030201
0.001758
0.000131
0.001756
0.000606
0.054138
0.003407
0.001681
--STOP--
++STRT++
0.027160
0.028425
0.001463
0.000083
0.001428
0.000561
0.044283
0.001081
0.000503
0.037738
0.030030
0.001836
0.000124
0.001745
0.000596
0.051863
0.003227
0.001239
0.026623
0.029093
0.001714
0.000113
0.001801
0.000590
0.047784
0.002186
0.000771
0.032383
0.030024
0.001784
0.000145
0.001784
0.000611
0.052681
0.003433
0.001567
--STOP--
++STRT++
0.025681
0.028713
0.001479
0.000084
0.001417
0.000560
0.044503
0.001066
0.000525
0.036449
0.029470
0.001824
0.000129
0.001766
0.000599
0.050602
0.003376
0.001248
0.035130
0.029011
0.001715
0.000129
0.001713
0.000585
0.051008
0.002179
0.000775
0.039404
0.030556
0.001893
0.000137
0.001853
0.000613
0.058028
0.003763
0.001753
--STOP--
++STRT++
0.024749
0.028629
0.001472
0.000085
0.001414
0.000590
0.044838
0.001071
0.000504
0.029552
0.029540
0.001766
0.000133
0.001778
0.000602
0.049800
0.002835
0.001261
0.028545
0.029275
0.001761
0.000112
0.001711
0.000585
0.049550
0.002286
0.000740
0.040445
0.030269
0.001803
0.000134
0.001863
0.000653
0.055161
0.003659
0.001627
--STOP--
++STRT++
0.026934
0.028535
0.001472
0.000084
0.001419
0.000560
0.044050
0.001080
0.000503
0.034977
0.029529
0.001730
0.000128
0.001696
0.000596
0.050278
0.003037
0.001266
0.027116
0.029416
0.001716
0.000104
0.001673
0.000589
0.048029
0.001813
0.000740
0.038367
0.030725
0.001781
0.000132
0.001797
0.000610
0.055101
0.003295
0.001608
--STOP--
++STRT++
0.026495
0.028634
0.001431
0.000083
0.001421
0.000586
0.044352
0.001098
0.000507
0.030449
0.029859
0.001814
0.000124
0.001737
0.000598
0.053175
0.003312
0.001332
0.029467
0.029303
0.001687
0.000111
0.001760
0.000585
0.046880
0.001981
0.000779
0.036955
0.030709
0.001836
0.000130
0.001859
0.000612
0.054375
0.003864
0.001596
--STOP--
++STRT++
0.025600
0.028485
0.001436
0.000084
0.001413
0.000600
0.044531
0.001084
0.000504
0.033518
0.029679
0.001716
0.000121
0.001675
0.000596
0.051714
0.002534
0.001189
0.033577
0.029289
0.001852
0.000109
0.001739
0.000586
0.048102
0.002076
0.000800
0.033121
0.031324
0.001867
0.000128
0.001901
0.000612
0.053071
0.003527
0.001614
--STOP--
++STRT++
0.029744
0.028862
0.001468
0.000082
0.001421
0.000560
0.044409
0.001066
0.000526
0.031299
0.030268
0.001823
0.000123
0.001716
0.000596
0.050357
0.003051
0.001192
0.029671
0.029148
0.001727
0.000112
0.001730
0.000586
0.046560
0.001939
0.000769
0.037892
0.030888
0.001839
0.000133
0.001799
0.000615
0.061231
0.003664
0.001685
--STOP--
++STRT++
0.025275
0.028535
0.001448
0.000085
0.001454
0.000558
0.045071
0.001069
0.000505
0.033136
0.029847
0.001753
0.000126
0.001725
0.000640
0.050037
0.003234
0.001282
0.034746
0.029272
0.001734
0.000119
0.001789
0.000586
0.049389
0.002315
0.000747
0.025890
0.028452
0.001438
0.000087
0.001434
0.000559
0.044485
0.001070
0.000504
--STOP--
++STRT++
0.024817
0.028776
0.001452
0.000084
0.001418
0.000563
0.044463
0.001068
0.000507
0.038668
0.029366
0.001746
0.000123
0.001714
0.000644
0.050171
0.002824
0.001229
0.026585
0.029246
0.001680
0.000111
0.001726
0.000589
0.047569
0.001958
0.000764
0.031859
0.030760
0.001801
0.000133
0.001757
0.000610
0.053960
0.003149
0.001541
--STOP--
++STRT++
0.027386
0.028595
0.001479
0.000082
0.001425
0.000561
0.044658
0.001064
0.000505
0.033122
0.029494
0.001691
0.000125
0.001729
0.000592
0.051405
0.002663
0.001201
0.028576
0.029183
0.001760
0.000109
0.001711
0.000585
0.047066
0.001975
0.000765
0.037401
0.030728
0.001799
0.000132
0.001835
0.000647
0.054466
0.003250
0.001573
--STOP--
++STRT++
0.024994
0.028700
0.001428
0.000083
0.001420
0.000578
0.044206
0.001069
0.000528
0.042863
0.030052
0.001750
0.000123
0.001640
0.000591
0.049606
0.002806
0.001199
0.032779
0.029521
0.001796
0.000126
0.001723
0.000588
0.048097
0.002254
0.000797
0.042786
0.029988
0.001850
0.000130
0.001783
0.000608
0.051186
0.003119
0.001627
--STOP--
++STRT++
0.025715
0.028786
0.001433
0.000081
0.001449
0.000562
0.044483
0.001081
0.000503
0.027500
0.029592
0.001740
0.000125
0.001735
0.000603
0.048826
0.002960
0.001221
0.028587
0.029305
0.001726
0.000112
0.001714
0.000685
0.050795
0.002042
0.000761
0.041183
0.030385
0.001860
0.000131
0.001785
0.000608
0.054469
0.003422
0.001618
--STOP--
++STRT++
0.027011
0.028544
0.001435
0.000082
0.001418
0.000561
0.044523
0.001067
0.000533
0.033415
0.029528
0.001766
0.000124
0.001686
0.000599
0.052977
0.003020
0.001193
0.034464
0.029305
0.001792
0.000111
0.001662
0.000587
0.048107
0.002001
0.000779
0.035035
0.030400
0.001905
0.000181
0.001869
0.000609
0.056160
0.003448
0.001614
--STOP--
++STRT++
0.028612
0.028786
0.001435
0.000084
0.001410
0.000587
0.044567
0.001080
0.000508
0.035951
0.029401
0.001791
0.000128
0.001766
0.000602
0.052772
0.003322
0.001261
0.025980
0.029119
0.001733
0.000120
0.001762
0.000585
0.050395
0.002273
0.000816
0.042934
0.030532
0.001903
0.000133
0.001869
0.000650
0.052481
0.003674
0.001664
--STOP--
++STRT++
0.032174
0.028535
0.001466
0.000083
0.001422
0.000558
0.044316
0.001064
0.000534
0.027301
0.029768
0.001804
0.000127
0.001788
0.000596
0.053777
0.003434
0.001203
0.035271
0.029455
0.001775
0.000115
0.001762
0.000588
0.048109
0.002244
0.000765
0.045646
0.030954
0.001805
0.000129
0.001773
0.000606
0.053647
0.003255
0.001519
--STOP--
++STRT++
0.027232
0.028753
0.001439
0.000083
0.001445
0.000559
0.044373
0.001078
0.000501
0.031366
0.029948
0.001690
0.000120
0.001705
0.000594
0.050802
0.002570
0.001287
0.037050
0.029130
0.001641
0.000108
0.001686
0.000591
0.046541
0.001928
0.000817
0.038472
0.030336
0.001907
0.000133
0.001845
0.000612
0.051992
0.003464
0.001623
--STOP--
++STRT++
0.026154
0.028783
0.001458
0.000083
0.001421
0.000560
0.044905
0.001089
0.000511
0.028244
0.029601
0.001759
0.000125
0.001783
0.000644
0.052285
0.003109
0.001188
0.026026
0.029060
0.001789
0.000110
0.001674
0.000585
0.047971
0.001917
0.000746
0.030719
0.030506
0.001850
0.000128
0.001834
0.000614
0.052041
0.003284
0.001592
--STOP--
++STRT++
0.029511
0.028568
0.001433
0.000085
0.001441
0.000560
0.044214
0.001084
0.000500
0.035209
0.029403
0.001723
0.000118
0.001700
0.000644
0.051127
0.002898
0.001295
0.026008
0.029577
0.001811
0.000111
0.001669
0.000586
0.046077
0.002055
0.000805
0.032790
0.030641
0.001790
0.000129
0.001796
0.000612
0.053425
0.003248
0.001585
--STOP--
++STRT++
0.024167
0.028558
0.001443
0.000105
0.001418
0.000562
0.044323
0.001064
0.000502
0.035648
0.029349
0.001679
0.000118
0.001680
0.000602
0.053858
0.002854
0.001254
0.038414
0.029367
0.001722
0.000117
0.001774
0.000584
0.047985
0.002130
0.000793
0.038966
0.029988
0.001860
0.000138
0.001792
0.000611
0.051316
0.003304
0.001608
--STOP--
++STRT++
0.026061
0.028595
0.001430
0.000084
0.001458
0.000561
0.045643
0.001086
0.000506
0.032135
0.029208
0.001745
0.000125
0.001689
0.000598
0.054918
0.003479
0.001203
0.029005
0.029250
0.001797
0.000114
0.001713
0.000615
0.048893
0.002244
0.000823
0.047057
0.030874
0.001911
0.000134
0.001879
0.000661
0.051890
0.003471
0.001651
--STOP--
++STRT++
0.024091
0.028721
0.001428
0.000082
0.001432
0.000559
0.044556
0.001089
0.000502
0.030174
0.029205
0.001732
0.000130
0.001683
0.000598
0.047817
0.002794
0.001179
0.029672
0.029045
0.001693
0.000109
0.001702
0.000623
0.048956
0.002009
0.000747
0.047263
0.031212
0.001826
0.000135
0.001740
0.000607
0.058545
0.003485
0.001622
--STOP--
++STRT++
0.026074
0.028496
0.001444
0.000108
0.001437
0.000558
0.044099
0.001076
0.000503
0.031953
0.029903
0.001730
0.000125
0.001738
0.000598
0.054280
0.003290
0.001396
0.027889
0.029546
0.001733
0.000108
0.001726
0.000589
0.049402
0.002255
0.000780
0.039297
0.029976
0.001828
0.000130
0.001790
0.000607
0.059095
0.003495
0.001682
--STOP--
++STRT++
0.024596
0.028549
0.001438
0.000084
0.001448
0.000560
0.044740
0.001042
0.000506
0.032293
0.029682
0.001713
0.000125
0.001745
0.000633
0.049031
0.002919
0.001225
0.032788
0.029427
0.001720
0.000150
0.001733
0.000588
0.050118
0.002254
0.000757
0.033841
0.030330
0.001757
0.000129
0.001817
0.000613
0.050573
0.003553
0.001608
--STOP--
++STRT++
0.027009
0.028726
0.001450
0.000086
0.001448
0.000559
0.045041
0.001073
0.000509
0.033638
0.029590
0.001720
0.000121
0.001683
0.000593
0.048337
0.002612
0.001197
0.030380
0.029588
0.001779
0.000112
0.001724
0.000626
0.047390
0.001969
0.000744
0.031202
0.030140
0.001808
0.000131
0.001867
0.000612
0.055795
0.003409
0.001603
--STOP--
++STRT++
0.024624
0.028727
0.001470
0.000082
0.001427
0.000561
0.044783
0.001065
0.000528
0.030646
0.029927
0.001807
0.000127
0.001732
0.000597
0.049870
0.002800
0.001266
0.029355
0.029391
0.001756
0.000118
0.001776
0.000585
0.050602
0.002421
0.000749
0.045770
0.030387
0.001922
0.000138
0.001911
0.000610
0.051545
0.003405
0.001666
--STOP--
++STRT++
0.024248
0.028616
0.001437
0.000082
0.001444
0.000559
0.045071
0.001067
0.000502
0.029032
0.029425
0.001725
0.000119
0.001690
0.000592
0.047733
0.002444
0.001213
0.035812
0.029275
0.001667
0.000115
0.001660
0.000583
0.049816
0.001921
0.000749
0.043242
0.030385
0.001809
0.000130
0.001754
0.000611
0.049417
0.003013
0.001674
--STOP--
++STRT++
0.028574
0.028888
0.001436
0.000085
0.001440
0.000561
0.044150
0.001039
0.000507
0.037905
0.029519
0.001677
0.000120
0.001703
0.000595
0.054572
0.002611
0.001272
0.028205
0.029187
0.001700
0.000109
0.001673
0.000614
0.048751
0.001836
0.000791
0.031829
0.030395
0.001761
0.000132
0.001795
0.000616
0.056540
0.003388
0.001628
--STOP--
++STRT++
0.024183
0.028471
0.001433
0.000084
0.001445
0.000560
0.044336
0.001082
0.000505
0.046512
0.030014
0.001714
0.000131
0.001732
0.000598
0.051036
0.002768
0.001348
0.030656
0.029313
0.001742
0.000112
0.001712
0.000620
0.046637
0.001899
0.000775
0.039667
0.030620
0.001887
0.000136
0.001893
0.000663
0.049924
0.003415
0.001654
--STOP--
++STRT++
0.025219
0.028455
0.001434
0.000084
0.001463
0.000561
0.045445
0.001044
0.000508
0.031497
0.029635
0.001738
0.000127
0.001783
0.000634
0.052414
0.002583
0.001317
0.030787
0.029168
0.001756
0.000111
0.001641
0.000626
0.048502
0.001897
0.000764
0.042318
0.030488
0.001794
0.000126
0.001806
0.000610
0.055905
0.003490
0.001625
--STOP--
++STRT++
0.024021
0.028536
0.001451
0.000084
0.001455
0.000585
0.044428
0.001083
0.000504
0.035333
0.029370
0.001799
0.000127
0.001736
0.000606
0.051186
0.002927
0.001187
0.026631
0.029670
0.001684
0.000114
0.001753
0.000589
0.049517
0.002030
0.000763
0.043817
0.030943
0.001839
0.000130
0.001795
0.000641
0.054689
0.003339
0.001565
--STOP--
++STRT++
0.027326
0.028370
0.001472
0.000083
0.001426
0.000561
0.044563
0.001059
0.000511
0.034320
0.029567
0.001716
0.000122
0.001661
0.000600
0.049308
0.002657
0.001224
0.027924
0.029042
0.001721
0.000117
0.001732
0.000585
0.051359
0.002261
0.000735
0.038491
0.030349
0.001869
0.000140
0.001821
0.000608
0.052802
0.003386
0.001584
--STOP--
++STRT++
0.024919
0.028583
0.001456
0.000082
0.001419
0.000560
0.044843
0.001047
0.000506
0.028470
0.029387
0.001775
0.000172
0.001790
0.000596
0.048727
0.002651
0.001240
0.028612
0.029704
0.001696
0.000112
0.001652
0.000582
0.047484
0.001980
0.000742
0.038674
0.030542
0.001827
0.000132
0.001851
0.000612
0.052287
0.003428
0.001641
--STOP--
++STRT++
0.024644
0.028467
0.001440
0.000084
0.001427
0.000577
0.044576
0.001078
0.000506
0.032340
0.029928
0.001689
0.000120
0.001717
0.000601
0.053873
0.003503
0.001194
0.026365
0.029160
0.001715
0.000111
0.001692
0.000590
0.046320
0.002129
0.000781
0.046820
0.029936
0.001739
0.000132
0.001796
0.000610
0.050579
0.003005
0.001563
--STOP--
++STRT++
0.027536
0.028569
0.001456
0.000085
0.001432
0.000557
0.044841
0.001081
0.000525
0.028163
0.029407
0.001723
0.000121
0.001695
0.000598
0.052749
0.002942
0.001208
0.032021
0.029303
0.001753
0.000118
0.001738
0.000589
0.047084
0.002142
0.000806
0.033304
0.030174
0.001796
0.000128
0.001749
0.000606
0.052485
0.003238
0.001550
--STOP--
++STRT++
0.027542
0.028719
0.001449
0.000084
0.001436
0.000563
0.044786
0.001082
0.000504
0.030674
0.029431
0.001717
0.000122
0.001666
0.000598
0.049789
0.002990
0.001288
0.032589
0.029402
0.001728
0.000109
0.001738
0.000590
0.050163
0.002033
0.000773
0.040761
0.030510
0.001861
0.000130
0.001834
0.000611
0.054135
0.003435
0.001557
--STOP--
++STRT++
0.028648
0.028702
0.001435
0.000082
0.001445
0.000562
0.044762
0.001085
0.000507
0.030638
0.029311
0.001747
0.000127
0.001819
0.000596
0.052196
0.003132
0.001235
0.029735
0.029353
0.001747
0.000116
0.001667
0.000583
0.049895
0.002099
0.000742
0.044815
0.030813
0.001891
0.000136
0.001873
0.000653
0.052029
0.003573
0.001607
--STOP--
++STRT++
0.023451
0.028570
0.001439
0.000082
0.001442
0.000558
0.044493
0.001076
0.000505
0.033313
0.029281
0.001713
0.000119
0.001737
0.000628
0.049681
0.002829
0.001226
0.034300
0.029310
0.001708
0.000113
0.001674
0.000593
0.046434
0.001919
0.000792
0.040618
0.030122
0.001899
0.000124
0.001841
0.000608
0.055140
0.003361
0.001561
--STOP--
++STRT++
0.027065
0.028499
0.001480
0.000082
0.001422
0.000561
0.044021
0.001058
0.000500
0.028905
0.029483
0.001702
0.000120
0.001702
0.000599
0.048843
0.002847
0.001253
0.026146
0.029110
0.001701
0.000111
0.001756
0.000585
0.048030
0.001912
0.000767
0.054224
0.030797
0.001901
0.000128
0.001833
0.000689
0.052245
0.003230
0.001631
--STOP--
++STRT++
0.026679
0.028614
0.001448
0.000084
0.001423
0.000595
0.044540
0.001106
0.000508
0.029049
0.029464
0.001701
0.000120
0.001707
0.000591
0.048878
0.002446
0.001213
0.030271
0.029352
0.001721
0.000108
0.001745
0.000590
0.047197
0.002190
0.000847
0.036431
0.030255
0.001794
0.000132
0.001776
0.000606
0.054963
0.003415
0.001629
--STOP--
++STRT++
0.027040
0.028638
0.001432
0.000083
0.001421
0.000559
0.044792
0.001083
0.000531
0.035048
0.029484
0.001765
0.000129
0.001792
0.000599
0.047555
0.002969
0.001257
0.033262
0.028983
0.001802
0.000128
0.001797
0.000617
0.050684
0.002633
0.000740
0.035241
0.030434
0.001811
0.000133
0.001823
0.000613
0.052754
0.003613
0.001588
--STOP--
++STRT++
0.025560
0.028700
0.001432
0.000084
0.001429
0.000589
0.045007
0.001059
0.000505
0.036201
0.029494
0.001733
0.000123
0.001741
0.000616
0.054006
0.002862
0.001254
0.026707
0.028951
0.001686
0.000118
0.001678
0.000589
0.048459
0.001910
0.000735
0.039135
0.030520
0.001793
0.000137
0.001849
0.000660
0.049145
0.003137
0.001618
--STOP--
++STRT++
0.025312
0.028485
0.001464
0.000083
0.001418
0.000560
0.044792
0.001067
0.000507
0.032062
0.029513
0.001758
0.000126
0.001789
0.000596
0.051628
0.003411
0.001177
0.027311
0.029334
0.001719
0.000113
0.001782
0.000590
0.050270
0.002493
0.000749
0.034920
0.030721
0.001932
0.000139
0.001868
0.000607
0.056412
0.003884
0.001847
--STOP--
++STRT++
0.028653
0.028720
0.001440
0.000082
0.001439
0.000559
0.044845
0.001078
0.000509
0.031105
0.029808
0.001770
0.000125
0.001711
0.000594
0.048701
0.002923
0.001258
0.028845
0.029234
0.001730
0.000107
0.001683
0.000677
0.048751
0.002030
0.000739
0.043817
0.030184
0.001915
0.000135
0.001860
0.000608
0.054462
0.003633
0.001803
--STOP--
++STRT++
0.024318
0.028695
0.001455
0.000084
0.001429
0.000558
0.044498
0.001065
0.000503
0.036814
0.029654
0.001753
0.000121
0.001736
0.000597
0.049260
0.002673
0.001245
0.036421
0.029247
0.001705
0.000116
0.001663
0.000583
0.053250
0.002129
0.000759
0.025878
0.030139
0.001873
0.000137
0.001840
0.000616
0.053681
0.003592
0.001751
--STOP--
++STRT++
0.024930
0.028587
0.001430
0.000083
0.001448
0.000562
0.045154
0.001081
0.000507
0.028492
0.029637
0.001756
0.000129
0.001714
0.000670
0.050243
0.002800
0.001299
0.029807
0.029233
0.001648
0.000110
0.001603
0.000583
0.046863
0.001936
0.000748
0.040539
0.030422
0.001918
0.000130
0.001824
0.000612
0.053201
0.003761
0.001709
--STOP--
++STRT++
0.027902
0.028351
0.001475
0.000084
0.001437
0.000559
0.044612
0.001077
0.000505
0.031774
0.029279
0.001749
0.000127
0.001786
0.000597
0.051372
0.003035
0.001289
0.027633
0.029353
0.001694
0.000111
0.001672
0.000619
0.047897
0.001872
0.000772
0.034205
0.029993
0.001853
0.000129
0.001843
0.000610
0.054522
0.003258
0.001634
--STOP--
++STRT++
0.023857
0.028510
0.001466
0.000081
0.001413
0.000559
0.044743
0.001074
0.000504
0.031972
0.029435
0.001739
0.000124
0.001749
0.000597
0.048158
0.002967
0.001290
0.031901
0.029339
0.001748
0.000114
0.001692
0.000587
0.047591
0.001988
0.000845
0.046619
0.030667
0.001850
0.000136
0.001850
0.000657
0.052926
0.003200
0.001604
--STOP--
++STRT++
0.028183
0.028653
0.001456
0.000084
0.001431
0.000559
0.044854
0.001065
0.000506
0.031595
0.029811
0.001762
0.000122
0.001753
0.000599
0.051816
0.002972
0.001237
0.030852
0.029204
0.001677
0.000111
0.001669
0.000589
0.051299
0.002105
0.000779
0.045872
0.029870
0.001898
0.000132
0.001905
0.000605
0.050790
0.003214
0.001669
--STOP--
++STRT++
0.024125
0.028720
0.001436
0.000084
0.001444
0.000561
0.044558
0.001072
0.000505
0.038937
0.029598
0.001739
0.000128
0.001714
0.000597
0.050701
0.002914
0.001208
0.034492
0.029376
0.001761
0.000109
0.001669
0.000588
0.050540
0.002015
0.000762
0.040773
0.030576
0.001847
0.000129
0.001891
0.000657
0.054665
0.003229
0.001541
--STOP--
