++STRT++
0.180955
0.234511
0.008097
0.000902
0.007963
0.002566
0.374892
0.008415
0.002644
0.204535
0.234188
0.008558
0.000999
0.008428
0.002603
0.373956
0.011761
0.003170
0.206331
0.234651
0.008518
0.001014
0.008369
0.002605
0.373400
0.010461
0.003044
0.241733
0.234903
0.009089
0.001011
0.008934
0.002621
0.385398
0.011422
0.003006
0.234063
0.235649
0.009544
0.001106
0.009391
0.002730
0.573479
0.021561
0.005059
0.204648
0.235003
0.009076
0.001007
0.008834
0.002627
0.376805
0.011163
0.003093
0.202109
0.235394
0.009184
0.001052
0.009009
0.002684
0.377152
0.011801
0.003110
0.236365
0.234422
0.008666
0.000994
0.008573
0.002620
0.378062
0.010717
0.003004
0.246640
0.235183
0.009464
0.001054
0.009267
0.002678
0.545348
0.016318
0.003797
0.235890
0.239020
0.009606
0.001191
0.009530
0.002762
0.582271
0.022593
0.005220
--STOP--
++STRT++
0.194187
0.233395
0.008128
0.000915
0.008040
0.002520
0.387169
0.009307
0.002795
0.227608
0.234440
0.008664
0.000992
0.008484
0.002602
0.387375
0.012044
0.003104
0.235591
0.235025
0.008530
0.000960
0.008364
0.002580
0.379109
0.010348
0.003069
0.233071
0.235700
0.009109
0.000969
0.008888
0.002616
0.390800
0.011540
0.002935
0.209066
0.236633
0.009581
0.001152
0.009325
0.002735
0.586989
0.021334
0.004960
0.193725
0.235240
0.009024
0.000978
0.008901
0.002651
0.375712
0.010992
0.002855
0.205120
0.234814
0.009232
0.001044
0.009004
0.002682
0.379603
0.012223
0.003338
0.237485
0.234103
0.008679
0.000986
0.008547
0.002613
0.385443
0.011012
0.003053
0.237654
0.235745
0.009404
0.001086
0.009255
0.002700
0.563599
0.016096
0.003807
0.232217
0.239208
0.009741
0.001193
0.009575
0.002745
0.563300
0.023252
0.005368
--STOP--
++STRT++
0.185820
0.233718
0.008137
0.000916
0.008043
0.002546
0.381942
0.008170
0.002575
0.231340
0.234852
0.008723
0.000983
0.008570
0.002635
0.379552
0.011463
0.003386
0.230181
0.234588
0.008571
0.000967
0.008527
0.002570
0.389607
0.011005
0.003074
0.199773
0.234817
0.009071
0.000987
0.008967
0.002656
0.388934
0.011838
0.002972
0.199679
0.235740
0.009476
0.001131
0.009437
0.002731
0.565375
0.021772
0.004863
0.236245
0.234211
0.009075
0.000966
0.009083
0.002626
0.392316
0.011579
0.002959
0.227322
0.235801
0.009201
0.001031
0.009115
0.002701
0.377134
0.012478
0.003152
0.237592
0.234312
0.008734
0.000986
0.008564
0.002603
0.385472
0.010984
0.002918
0.244928
0.235055
0.009465
0.001073
0.009280
0.002691
0.563826
0.016465
0.003792
0.233445
0.240882
0.009731
0.001178
0.009511
0.002777
0.574904
0.023191
0.005327
--STOP--
++STRT++
0.192713
0.234245
0.008093
0.000915
0.007946
0.002546
0.380452
0.008280
0.002567
0.198930
0.234438
0.008618
0.000970
0.008435
0.002628
0.373728
0.011889
0.003196
0.204798
0.234292
0.008444
0.000982
0.008257
0.002576
0.379858
0.011413
0.003182
0.235899
0.234648
0.009005
0.000980
0.009012
0.002637
0.384194
0.011239
0.002894
0.236383
0.237312
0.009510
0.001126
0.009435
0.002756
0.574465
0.021584
0.004863
0.231048
0.234609
0.009136
0.000963
0.009041
0.002654
0.386544
0.012097
0.003124
0.198077
0.235212
0.009218
0.001061
0.009043
0.002687
0.374925
0.012342
0.003313
0.240391
0.234020
0.008700
0.000990
0.008557
0.002609
0.386377
0.011199
0.002946
0.239484
0.235808
0.009480
0.001051
0.009255
0.002667
0.542750
0.016710
0.003846
0.206094
0.238857
0.009520
0.001171
0.009402
0.002799
0.569915
0.022769
0.005276
--STOP--
++STRT++
0.196418
0.233653
0.007995
0.000920
0.007926
0.002560
0.376951
0.008530
0.002708
0.235016
0.234480
0.008716
0.000995
0.008470
0.002636
0.393003
0.011913
0.003273
0.201843
0.234879
0.008488
0.001007
0.008423
0.002590
0.373195
0.010345
0.003066
0.202918
0.235171
0.008972
0.000984
0.008786
0.002671
0.376403
0.011075
0.002996
0.205843
0.235470
0.009471
0.001139
0.009273
0.002714
0.544880
0.021309
0.004975
0.238214
0.234988
0.009050
0.000962
0.008971
0.002651
0.382790
0.011615
0.002923
0.208132
0.235106
0.009172
0.001033
0.009021
0.002723
0.375426
0.012183
0.003151
0.238908
0.234234
0.008737
0.000974
0.008594
0.002623
0.379549
0.011120
0.002951
0.244567
0.235456
0.009487
0.001057
0.009328
0.002710
0.564463
0.016578
0.003723
0.232100
0.241439
0.009703
0.001184
0.009500
0.002797
0.589422
0.023329
0.005348
--STOP--
++STRT++
0.191788
0.234157
0.008201
0.000921
0.008060
0.002524
0.378842
0.008294
0.002621
0.235488
0.234711
0.008714
0.000990
0.008583
0.002589
0.387996
0.011610
0.003289
0.235200
0.235024
0.008622
0.001001
0.008435
0.002620
0.380303
0.010089
0.003036
0.208842
0.235083
0.009081
0.000968
0.008890
0.002660
0.378413
0.011219
0.002848
0.240054
0.236695
0.009514
0.001161
0.009321
0.002729
0.591630
0.021560
0.004988
0.235221
0.234458
0.009062
0.000998
0.008976
0.002659
0.389988
0.011568
0.003097
0.226240
0.235419
0.009204
0.001066
0.009118
0.002694
0.375093
0.012469
0.003176
0.242290
0.234135
0.008689
0.000995
0.008714
0.002612
0.375088
0.010491
0.002942
0.247395
0.234781
0.009441
0.001078
0.009368
0.002658
0.563375
0.016291
0.003768
0.235471
0.240210
0.009658
0.001174
0.009565
0.002800
0.599131
0.023092
0.005277
--STOP--
++STRT++
0.179769
0.233905
0.008094
0.000930
0.007947
0.002534
0.374412
0.007725
0.002582
0.239288
0.234231
0.008672
0.000989
0.008739
0.002651
0.379283
0.011621
0.003300
0.198913
0.234529
0.008537
0.000972
0.008356
0.002608
0.373302
0.010375
0.002975
0.236699
0.235004
0.009070
0.000981
0.008910
0.002620
0.382172
0.010902
0.002961
0.222049
0.236058
0.009634
0.001137
0.009557
0.002727
0.554784
0.021557
0.004987
0.237250
0.234894
0.009065
0.000990
0.008902
0.002654
0.394387
0.011059
0.003089
0.233219
0.235223
0.009206
0.001051
0.009017
0.002708
0.379604
0.012203
0.003226
0.202011
0.234657
0.008657
0.000958
0.008588
0.002609
0.375056
0.010592
0.002916
0.250266
0.234864
0.009465
0.001071
0.009264
0.002722
0.568610
0.016286
0.003804
0.208794
0.239301
0.009520
0.001157
0.009441
0.002778
0.584471
0.023405
0.005314
--STOP--
++STRT++
0.185480
0.233981
0.008130
0.000921
0.008081
0.002531
0.385183
0.008652
0.002726
0.229133
0.234703
0.008759
0.000986
0.008625
0.002599
0.377600
0.011943
0.003302
0.199737
0.234915
0.008534
0.000972
0.008401
0.002579
0.373415
0.010385
0.003122
0.232938
0.234343
0.009146
0.000973
0.008988
0.002652
0.393669
0.011216
0.002797
0.230670
0.236557
0.009468
0.001125
0.009344
0.002746
0.584163
0.021419
0.004883
0.196544
0.235393
0.009051
0.000986
0.008972
0.002680
0.376888
0.011586
0.002941
0.204725
0.234778
0.009170
0.001049
0.008984
0.002694
0.380261
0.012165
0.003174
0.234920
0.234613
0.008713
0.000982
0.008604
0.002633
0.380144
0.010902
0.002980
0.245140
0.235395
0.009538
0.001062
0.009274
0.002721
0.543466
0.016261
0.003813
0.241203
0.240007
0.009730
0.001156
0.009495
0.002788
0.593048
0.023170
0.005257
--STOP--
++STRT++
0.193446
0.234335
0.008107
0.000910
0.007932
0.002523
0.387500
0.008430
0.002726
0.235985
0.234267
0.008731
0.000976
0.008576
0.002609
0.374118
0.011562
0.002966
0.238848
0.234642
0.008496
0.000979
0.008433
0.002605
0.376590
0.010378
0.002948
0.238568
0.234807
0.009020
0.000993
0.008868
0.002621
0.385236
0.011065
0.002951
0.233702
0.235852
0.009548
0.001160
0.009353
0.002744
0.565518
0.021457
0.004882
0.237015
0.234672
0.009083
0.000987
0.009020
0.002653
0.395528
0.011166
0.002875
0.200332
0.235568
0.009228
0.001035
0.008994
0.002682
0.376168
0.013088
0.003326
0.206065
0.233646
0.008687
0.000970
0.008466
0.002635
0.375701
0.010616
0.002862
0.211551
0.235251
0.009436
0.001057
0.009296
0.002679
0.561247
0.016601
0.003834
0.230611
0.239895
0.009715
0.001157
0.009519
0.002772
0.587762
0.023086
0.005352
--STOP--
++STRT++
0.176943
0.234998
0.008202
0.000903
0.008103
0.002547
0.386783
0.008933
0.002696
0.228683
0.234698
0.008625
0.000983
0.008517
0.002619
0.373644
0.012170
0.003328
0.233700
0.234996
0.008528
0.000996
0.008364
0.002585
0.382984
0.011006
0.003099
0.233372
0.235796
0.009020
0.000974
0.008996
0.002625
0.381284
0.011835
0.003008
0.209288
0.236545
0.009393
0.001145
0.009315
0.002776
0.573833
0.021481
0.005000
0.205067
0.234790
0.008980
0.000969
0.008882
0.002620
0.378366
0.011108
0.002883
0.236247
0.234878
0.009130
0.001052
0.009001
0.002635
0.383165
0.011870
0.003138
0.200892
0.233924
0.008687
0.000979
0.008426
0.002614
0.373412
0.011275
0.003110
0.247453
0.235095
0.009458
0.001092
0.009246
0.002717
0.557276
0.016323
0.003798
0.234931
0.239112
0.009754
0.001145
0.009573
0.002747
0.550926
0.023127
0.005286
--STOP--
++STRT++
0.189831
0.233566
0.008144
0.000913
0.008009
0.002533
0.372841
0.008280
0.002661
0.238027
0.234078
0.008758
0.000971
0.008526
0.002606
0.374118
0.011984
0.003279
0.238143
0.234364
0.008494
0.000981
0.008364
0.002620
0.372886
0.010202
0.003067
0.236089
0.234909
0.009069
0.000968
0.008901
0.002648
0.389146
0.011221
0.003009
0.234333
0.236611
0.009566
0.001142
0.009353
0.002767
0.578525
0.021338
0.004839
0.231501
0.235558
0.009067
0.000968
0.008902
0.002617
0.386400
0.011236
0.002982
0.224600
0.235457
0.009253
0.001042
0.009079
0.002706
0.374963
0.012455
0.003293
0.234758
0.234876
0.008710
0.000984
0.008543
0.002634
0.378004
0.011096
0.002999
0.237513
0.235241
0.009399
0.001078
0.009236
0.002671
0.550230
0.016410
0.003850
0.209559
0.239775
0.009535
0.001153
0.009372
0.002737
0.553510
0.022884
0.005257
--STOP--
++STRT++
0.192197
0.234072
0.007990
0.000914
0.007919
0.002544
0.374900
0.008395
0.002720
0.232261
0.234186
0.008640
0.000955
0.008488
0.002632
0.378128
0.011635
0.003177
0.203428
0.234830
0.008449
0.000992
0.008297
0.002591
0.378758
0.010670
0.002940
0.236658
0.234916
0.009131
0.000966
0.008910
0.002638
0.389009
0.011236
0.002960
0.236227
0.236163
0.009479
0.001113
0.009256
0.002749
0.570738
0.021695
0.004931
0.234070
0.235116
0.009101
0.000971
0.009008
0.002665
0.399013
0.011317
0.002892
0.226634
0.235784
0.009236
0.001025
0.009118
0.002704
0.375263
0.011948
0.003297
0.234341
0.233624
0.008824
0.000977
0.008615
0.002638
0.377660
0.011252
0.002967
0.242953
0.235157
0.009443
0.001057
0.009225
0.002675
0.559057
0.016345
0.003795
0.226511
0.240668
0.009695
0.001152
0.009509
0.002818
0.587172
0.023188
0.005240
--STOP--
++STRT++
0.192208
0.233536
0.008014
0.000897
0.008000
0.002553
0.384113
0.008116
0.002601
0.191533
0.234232
0.008569
0.000979
0.008521
0.002607
0.382106
0.012216
0.003230
0.238253
0.234347
0.008433
0.000949
0.008342
0.002592
0.387293
0.010857
0.003105
0.236454
0.234579
0.009115
0.000974
0.008864
0.002662
0.384160
0.011374
0.003053
0.200902
0.236811
0.009487
0.001118
0.009227
0.002744
0.570294
0.021626
0.005071
0.204431
0.235370
0.008983
0.000979
0.008856
0.002666
0.384587
0.011641
0.002908
0.236355
0.235481
0.009159
0.001014
0.009038
0.002700
0.376079
0.012210
0.003282
0.206881
0.233946
0.008579
0.000966
0.008475
0.002616
0.376321
0.011142
0.002943
0.245151
0.235211
0.009399
0.001105
0.009197
0.002670
0.539470
0.016630
0.003834
0.200164
0.240694
0.009608
0.001164
0.009422
0.002754
0.580270
0.023015
0.005266
--STOP--
++STRT++
0.194406
0.234039
0.008140
0.000895
0.008030
0.002542
0.384705
0.008694
0.002617
0.221806
0.234511
0.008604
0.000975
0.008588
0.002612
0.373922
0.011796
0.003178
0.238240
0.235073
0.008534
0.000958
0.008475
0.002633
0.388252
0.010486
0.003116
0.235005
0.234530
0.009028
0.000992
0.008853
0.002630
0.386000
0.011199
0.002997
0.231666
0.236491
0.009554
0.001149
0.009318
0.002705
0.593093
0.021598
0.004957
0.203604
0.235769
0.009089
0.000966
0.008889
0.002619
0.394624
0.011352
0.002897
0.235500
0.235810
0.009293
0.001036
0.009042
0.002704
0.379861
0.012518
0.003241
0.234499
0.234297
0.008706
0.000961
0.008496
0.002648
0.373202
0.011101
0.003052
0.210890
0.236411
0.009473
0.001072
0.009260
0.002689
0.562201
0.016741
0.003936
0.231033
0.239981
0.009795
0.001164
0.009537
0.002755
0.582792
0.023289
0.005333
--STOP--
++STRT++
0.192742
0.234285
0.008300
0.000905
0.008142
0.002535
0.392755
0.008631
0.002705
0.232381
0.234672
0.008627
0.000987
0.008506
0.002620
0.374275
0.011809
0.003233
0.235640
0.235348
0.008482
0.000974
0.008306
0.002634
0.372954
0.010303
0.002999
0.238913
0.234652
0.009151
0.000962
0.008938
0.002617
0.388845
0.011422
0.003052
0.198197
0.236224
0.009460
0.001141
0.009329
0.002711
0.563828
0.021280
0.004953
0.237604
0.234862
0.009061
0.000972
0.008975
0.002677
0.377344
0.011373
0.003015
0.233844
0.235107
0.009146
0.001034
0.009043
0.002704
0.375745
0.011921
0.003187
0.239444
0.234108
0.008757
0.001004
0.008611
0.002627
0.379802
0.010692
0.002991
0.237753
0.235573
0.009540
0.001056
0.009369
0.002674
0.558885
0.016327
0.003856
0.234591
0.240074
0.009718
0.001187
0.009614
0.002737
0.590816
0.023146
0.005301
--STOP--
++STRT++
0.189176
0.234096
0.008120
0.000922
0.007999
0.002544
0.385012
0.008991
0.002691
0.190846
0.234764
0.008582
0.000983
0.008517
0.002626
0.374059
0.011672
0.003192
0.238414
0.234206
0.008543
0.000988
0.008346
0.002613
0.379133
0.010760
0.003023
0.239251
0.234149
0.009080
0.000974
0.008986
0.002642
0.383017
0.011295
0.003033
0.209759
0.235920
0.009421
0.001129
0.009217
0.002743
0.574100
0.021798
0.004948
0.237856
0.235315
0.009097
0.001004
0.008866
0.002647
0.411636
0.011277
0.002986
0.278054
0.235047
0.009201
0.001028
0.009062
0.002655
0.376414
0.011925
0.003253
0.204833
0.234167
0.008641
0.000975
0.008473
0.002587
0.390232
0.011327
0.003044
0.207710
0.236132
0.009380
0.001071
0.009228
0.002721
0.558083
0.016245
0.003816
0.225296
0.239727
0.009697
0.001199
0.009515
0.002824
0.585369
0.022856
0.005347
--STOP--
