++STRT++
0.007207
0.010222
0.001009
0.000356
0.000999
0.000561
0.015375
0.000844
0.000494
0.044051
0.010210
0.001042
0.000364
0.001016
0.000587
0.015402
0.000887
0.000521
0.019202
0.010216
0.001024
0.000379
0.001027
0.000577
0.015400
0.000864
0.000522
0.044342
0.010176
0.001016
0.000366
0.001014
0.000588
0.015661
0.000896
0.000523
0.044095
0.010239
0.001042
0.000368
0.001027
0.000600
0.015476
0.000897
0.000533
0.019079
0.010155
0.001021
0.000359
0.001022
0.000572
0.015387
0.000871
0.000506
0.020219
0.010211
0.001016
0.000363
0.001008
0.000590
0.015532
0.000900
0.000515
0.052371
0.010164
0.001021
0.000368
0.001009
0.000583
0.015511
0.000907
0.000519
0.052688
0.010251
0.001037
0.000365
0.001028
0.000589
0.015713
0.000930
0.000526
0.043913
0.010258
0.001036
0.000372
0.001027
0.000603
0.015521
0.000962
0.000553
--STOP--
++STRT++
0.007166
0.010173
0.001002
0.000334
0.000985
0.000545
0.015415
0.000863
0.000481
0.044313
0.010146
0.001033
0.000370
0.001014
0.000577
0.015390
0.000892
0.000518
0.052386
0.010142
0.001025
0.000367
0.001031
0.000584
0.015377
0.000910
0.000531
0.044373
0.010189
0.001016
0.000363
0.001007
0.000576
0.015435
0.000872
0.000512
0.044046
0.010173
0.001026
0.000371
0.001016
0.000590
0.015685
0.000916
0.000537
0.044389
0.010234
0.001026
0.000356
0.001020
0.000594
0.015465
0.000881
0.000517
0.043956
0.010129
0.001019
0.000374
0.001008
0.000576
0.015521
0.000862
0.000506
0.019089
0.010160
0.001019
0.000363
0.001015
0.000585
0.015435
0.000882
0.000501
0.052587
0.010407
0.001027
0.000373
0.001039
0.000576
0.015454
0.000896
0.000516
0.043943
0.010263
0.001029
0.000371
0.001041
0.000586
0.015629
0.000962
0.000561
--STOP--
++STRT++
0.007184
0.010278
0.000998
0.000344
0.000982
0.000557
0.015381
0.000828
0.000476
0.044154
0.010221
0.001030
0.000361
0.001010
0.000576
0.015547
0.000865
0.000516
0.044439
0.010210
0.001023
0.000351
0.001006
0.000568
0.015511
0.000851
0.000497
0.043959
0.010179
0.001041
0.000371
0.001025
0.000578
0.015433
0.000909
0.000515
0.044412
0.010202
0.001023
0.000366
0.001020
0.000586
0.015613
0.000929
0.000547
0.044484
0.010163
0.001034
0.000363
0.001015
0.000581
0.015396
0.000890
0.000515
0.018865
0.010173
0.001010
0.000385
0.001010
0.000587
0.015501
0.000891
0.000524
0.018668
0.010109
0.001013
0.000350
0.001032
0.000574
0.015452
0.000914
0.000512
0.052465
0.010343
0.001030
0.000362
0.001025
0.000583
0.015489
0.000883
0.000524
0.018857
0.010324
0.001057
0.000362
0.001031
0.000594
0.015697
0.000948
0.000546
--STOP--
++STRT++
0.007167
0.010209
0.001001
0.000345
0.000981
0.000573
0.015486
0.000841
0.000477
0.044223
0.010217
0.001035
0.000357
0.001017
0.000585
0.015755
0.000904
0.000533
0.019097
0.010174
0.001033
0.000364
0.001019
0.000603
0.015431
0.000886
0.000536
0.019171
0.010267
0.001012
0.000367
0.001019
0.000574
0.015598
0.000899
0.000516
0.044279
0.010201
0.001027
0.000373
0.001005
0.000581
0.015535
0.000901
0.000530
0.017856
0.010183
0.001028
0.000353
0.001027
0.000569
0.015725
0.000889
0.000514
0.045259
0.010178
0.001023
0.000370
0.001015
0.000575
0.015429
0.000895
0.000511
0.052315
0.010237
0.001030
0.000354
0.001009
0.000585
0.015404
0.000887
0.000503
0.018988
0.010246
0.001040
0.000378
0.001023
0.000577
0.015502
0.000912
0.000525
0.052604
0.010183
0.001038
0.000374
0.001016
0.000585
0.015513
0.000983
0.000554
--STOP--
++STRT++
0.007222
0.010148
0.001001
0.000339
0.000992
0.000561
0.015370
0.000865
0.000493
0.044189
0.010125
0.001036
0.000365
0.001015
0.000574
0.015440
0.000875
0.000512
0.044313
0.010146
0.001021
0.000352
0.001023
0.000573
0.015384
0.000906
0.000522
0.043916
0.010190
0.001019
0.000359
0.001007
0.000583
0.015481
0.000892
0.000521
0.044335
0.010209
0.001041
0.000370
0.001011
0.000598
0.015418
0.000889
0.000522
0.044251
0.010179
0.001221
0.000372
0.001005
0.000577
0.015414
0.000902
0.000522
0.044064
0.010202
0.001028
0.000373
0.001010
0.000573
0.015442
0.000883
0.000527
0.052533
0.010161
0.001032
0.000371
0.001008
0.000573
0.015415
0.000910
0.000526
0.052344
0.010220
0.001027
0.000387
0.001013
0.000606
0.015496
0.000897
0.000530
0.018649
0.010350
0.001046
0.000365
0.001015
0.000588
0.015522
0.000939
0.000543
--STOP--
++STRT++
0.007217
0.010155
0.001004
0.000331
0.000997
0.000554
0.015394
0.000863
0.000498
0.044389
0.010164
0.001017
0.000366
0.001022
0.000568
0.015402
0.000894
0.000519
0.044404
0.010134
0.001026
0.000361
0.001019
0.000572
0.015416
0.000909
0.000508
0.052460
0.010184
0.001017
0.000361
0.001009
0.000598
0.015508
0.000914
0.000538
0.044454
0.010303
0.001042
0.000372
0.001041
0.000577
0.015425
0.000909
0.000522
0.018983
0.010148
0.001035
0.000366
0.001018
0.000575
0.015398
0.000892
0.000527
0.044326
0.010223
0.001027
0.000376
0.001009
0.000597
0.015431
0.000873
0.000511
0.052246
0.010304
0.001025
0.000368
0.001011
0.000583
0.015463
0.000921
0.000523
0.019216
0.010259
0.001028
0.000375
0.001026
0.000589
0.015491
0.000902
0.000545
0.045554
0.010196
0.001051
0.000373
0.001040
0.000585
0.015559
0.000963
0.000547
--STOP--
++STRT++
0.007178
0.010132
0.000979
0.000343
0.000999
0.000561
0.015362
0.000881
0.000492
0.018822
0.010311
0.001037
0.000368
0.001020
0.000586
0.015600
0.000883
0.000532
0.044252
0.010167
0.001020
0.000369
0.001017
0.000579
0.015423
0.000882
0.000512
0.052674
0.010202
0.001017
0.000364
0.001007
0.000569
0.015498
0.000856
0.000532
0.052318
0.010207
0.001027
0.000366
0.001026
0.000572
0.015415
0.000906
0.000513
0.018796
0.010192
0.001017
0.000371
0.001024
0.000585
0.015423
0.000871
0.000509
0.044272
0.010209
0.001031
0.000375
0.001015
0.000575
0.015396
0.000879
0.000514
0.052302
0.010211
0.001025
0.000356
0.001002
0.000578
0.015458
0.000879
0.000519
0.018796
0.010178
0.001019
0.000375
0.001012
0.000574
0.015492
0.000897
0.000535
0.052624
0.010207
0.001047
0.000371
0.001024
0.000587
0.015551
0.000939
0.000557
--STOP--
++STRT++
0.007189
0.010164
0.000993
0.000339
0.000995
0.000550
0.015372
0.000869
0.000499
0.052252
0.010137
0.001027
0.000365
0.001033
0.000572
0.015396
0.000902
0.000516
0.052362
0.010131
0.001021
0.000368
0.001019
0.000582
0.015456
0.000876
0.000520
0.052430
0.010188
0.001023
0.000373
0.001004
0.000595
0.015417
0.000881
0.000503
0.044012
0.010158
0.001032
0.000364
0.001015
0.000586
0.015478
0.000923
0.000527
0.044183
0.010154
0.001036
0.000366
0.000995
0.000568
0.015413
0.000869
0.000516
0.044213
0.010193
0.001027
0.000355
0.001012
0.000571
0.015449
0.000892
0.000500
0.044225
0.010216
0.001014
0.000379
0.000999
0.000587
0.015526
0.000884
0.000527
0.052814
0.010277
0.001027
0.000384
0.001032
0.000575
0.015378
0.000922
0.000525
0.044094
0.010235
0.001034
0.000360
0.001029
0.000594
0.015510
0.000949
0.000550
--STOP--
++STRT++
0.007229
0.010134
0.001001
0.000344
0.000988
0.000558
0.015394
0.000831
0.000497
0.044308
0.010290
0.001028
0.000358
0.001014
0.000579
0.015386
0.000885
0.000518
0.044179
0.010125
0.001036
0.000359
0.001008
0.000586
0.015372
0.000893
0.000518
0.044385
0.010174
0.001027
0.000385
0.001028
0.000572
0.015776
0.000891
0.000530
0.018652
0.010188
0.001026
0.000362
0.001017
0.000574
0.015474
0.000892
0.000525
0.044237
0.010171
0.001024
0.000364
0.001008
0.000578
0.015716
0.000866
0.000503
0.044428
0.010266
0.001023
0.000372
0.001009
0.000572
0.015425
0.000850
0.000508
0.044193
0.010219
0.001032
0.000363
0.001020
0.000576
0.015418
0.000887
0.000503
0.052834
0.010189
0.001021
0.000373
0.001008
0.000601
0.015467
0.000900
0.000529
0.043910
0.010287
0.001025
0.000361
0.001040
0.000590
0.015534
0.000935
0.000543
--STOP--
++STRT++
0.007207
0.010274
0.001002
0.000336
0.000984
0.000551
0.015419
0.000854
0.000486
0.018993
0.010191
0.001029
0.000365
0.001012
0.000580
0.015544
0.000874
0.000506
0.018718
0.010165
0.001026
0.000371
0.001034
0.000569
0.015527
0.000877
0.000513
0.018777
0.010335
0.001016
0.000366
0.001001
0.000594
0.015632
0.000862
0.000520
0.019115
0.010209
0.001027
0.000364
0.001037
0.000580
0.015496
0.000918
0.000517
0.052347
0.010250
0.001026
0.000352
0.001012
0.000576
0.015647
0.000865
0.000515
0.044310
0.010138
0.001029
0.000351
0.001018
0.000573
0.015644
0.000868
0.000518
0.018909
0.010135
0.001025
0.000363
0.001034
0.000575
0.015437
0.000909
0.000508
0.052671
0.010156
0.001036
0.000372
0.001036
0.000595
0.015594
0.000890
0.000530
0.019079
0.010184
0.001028
0.000378
0.001031
0.000596
0.015539
0.000965
0.000537
--STOP--
++STRT++
0.007206
0.010206
0.000989
0.000342
0.000989
0.000550
0.015382
0.000861
0.000493
0.052676
0.010173
0.001024
0.000365
0.001015
0.000587
0.015622
0.000911
0.000541
0.018746
0.010132
0.001026
0.000366
0.001016
0.000568
0.015373
0.000871
0.000511
0.019222
0.010188
0.001016
0.000362
0.001008
0.000591
0.015442
0.000861
0.000510
0.017607
0.010138
0.001019
0.000360
0.001019
0.000589
0.015484
0.000894
0.000530
0.019901
0.010140
0.001008
0.000350
0.001006
0.000582
0.015415
0.000895
0.000505
0.052366
0.010188
0.001028
0.000370
0.001026
0.000592
0.015373
0.000889
0.000506
0.044503
0.010164
0.001031
0.000372
0.001006
0.000584
0.015409
0.000884
0.000526
0.019037
0.010247
0.001022
0.000371
0.001010
0.000581
0.015369
0.000912
0.000529
0.044424
0.010202
0.001036
0.000377
0.001026
0.000600
0.015529
0.000959
0.000560
--STOP--
++STRT++
0.007244
0.010282
0.001011
0.000350
0.000998
0.000557
0.015371
0.000858
0.000487
0.044212
0.010168
0.001021
0.000371
0.001014
0.000574
0.015428
0.000889
0.000514
0.052538
0.010217
0.001012
0.000367
0.000999
0.000600
0.015610
0.000890
0.000514
0.052636
0.010204
0.001027
0.000364
0.001024
0.000594
0.015442
0.000913
0.000527
0.019310
0.010232
0.001032
0.000377
0.001023
0.000581
0.015422
0.000913
0.000521
0.044552
0.010177
0.001026
0.000369
0.001025
0.000585
0.015539
0.000892
0.000513
0.044430
0.010253
0.001040
0.000377
0.001009
0.000585
0.015403
0.000870
0.000497
0.044355
0.010201
0.001029
0.000363
0.001012
0.000588
0.015465
0.000906
0.000521
0.052599
0.010296
0.001036
0.000364
0.001018
0.000575
0.015415
0.000889
0.000533
0.052500
0.010386
0.001030
0.000368
0.001039
0.000595
0.015576
0.000954
0.000547
--STOP--
++STRT++
0.007242
0.010210
0.000989
0.000335
0.001010
0.000566
0.015395
0.000855
0.000506
0.018672
0.010155
0.001022
0.000368
0.001029
0.000579
0.015537
0.000888
0.000513
0.044038
0.010183
0.001033
0.000372
0.000998
0.000578
0.015408
0.000885
0.000524
0.020417
0.010146
0.001017
0.000365
0.001008
0.000577
0.015438
0.000881
0.000516
0.044239
0.010205
0.001040
0.000368
0.001019
0.000579
0.015466
0.000900
0.000524
0.019026
0.010141
0.001018
0.000359
0.001026
0.000580
0.015402
0.000869
0.000518
0.044098
0.010193
0.001019
0.000355
0.001025
0.000577
0.015362
0.000889
0.000521
0.018720
0.010272
0.001027
0.000361
0.001006
0.000570
0.015403
0.000896
0.000502
0.018811
0.010200
0.001042
0.000361
0.001033
0.000585
0.015559
0.000936
0.000527
0.044404
0.010221
0.001036
0.000367
0.001035
0.000592
0.015817
0.000989
0.000550
--STOP--
++STRT++
0.007210
0.010238
0.000995
0.000347
0.000980
0.000557
0.015494
0.000838
0.000488
0.019299
0.010315
0.001031
0.000372
0.001016
0.000605
0.015507
0.000886
0.000514
0.044120
0.010168
0.001045
0.000367
0.001030
0.000585
0.015489
0.000902
0.000518
0.052726
0.010205
0.001021
0.000360
0.001018
0.000586
0.015403
0.000874
0.000499
0.044033
0.010197
0.001029
0.000368
0.001017
0.000579
0.015594
0.000923
0.000535
0.044492
0.010203
0.001031
0.000373
0.001019
0.000586
0.015395
0.000870
0.000529
0.044429
0.010226
0.001026
0.000365
0.001014
0.000593
0.015456
0.000880
0.000508
0.052397
0.010195
0.001026
0.000381
0.001014
0.000581
0.015419
0.000938
0.000520
0.018841
0.010312
0.001025
0.000354
0.001033
0.000588
0.015465
0.000919
0.000555
0.019150
0.010190
0.001033
0.000366
0.001054
0.000599
0.015523
0.000945
0.000544
--STOP--
++STRT++
0.007161
0.010171
0.000985
0.000338
0.001005
0.000561
0.015487
0.000846
0.000483
0.020504
0.010235
0.001042
0.000366
0.001024
0.000569
0.015408
0.000880
0.000499
0.019236
0.010296
0.001031
0.000363
0.001006
0.000575
0.015417
0.000882
0.000517
0.018893
0.010248
0.001042
0.000387
0.001029
0.000574
0.015492
0.000915
0.000519
0.044289
0.010146
0.001021
0.000363
0.001021
0.000611
0.015587
0.000911
0.000552
0.018811
0.010165
0.001021
0.000359
0.001010
0.000587
0.015521
0.000887
0.000519
0.053485
0.010230
0.001033
0.000363
0.001018
0.000584
0.015530
0.000879
0.000506
0.052509
0.010166
0.001040
0.000360
0.001016
0.000600
0.015446
0.000894
0.000514
0.018770
0.010377
0.001036
0.000371
0.001019
0.000593
0.015459
0.000937
0.000545
0.044506
0.010325
0.001058
0.000377
0.001038
0.000594
0.015535
0.000968
0.000541
--STOP--
++STRT++
0.007220
0.010123
0.000999
0.000339
0.000995
0.000546
0.015355
0.000843
0.000494
0.044190
0.010296
0.001018
0.000369
0.001027
0.000576
0.015439
0.000902
0.000511
0.044305
0.010250
0.001026
0.000370
0.001016
0.000586
0.015411
0.000874
0.000533
0.043980
0.010222
0.001029
0.000362
0.001038
0.000593
0.015414
0.000867
0.000505
0.019154
0.010207
0.001014
0.000368
0.001006
0.000583
0.015469
0.000909
0.000520
0.018734
0.010299
0.001022
0.000358
0.001013
0.000570
0.015426
0.000891
0.000527
0.044389
0.010202
0.001035
0.000367
0.001015
0.000568
0.015372
0.000884
0.000523
0.052494
0.010199
0.001021
0.000367
0.001011
0.000583
0.015441
0.000888
0.000511
0.052768
0.010189
0.001024
0.000379
0.001009
0.000576
0.015480
0.000929
0.000529
0.044196
0.010214
0.001043
0.000375
0.001031
0.000581
0.015532
0.000959
0.000567
--STOP--
