++STRT++
0.590277
1.140083
0.019309
0.001606
0.018989
0.004945
1.455011
0.031652
0.008009
0.670851
1.207724
0.020006
0.001678
0.019551
0.004995
1.799167
0.037950
0.008464
0.649717
1.245467
0.019958
0.001620
0.019485
0.005012
1.651419
0.035114
0.008385
0.646094
1.181249
0.020118
0.001607
0.019634
0.005026
1.957336
0.035877
0.008420
0.563667
1.613955
0.021196
0.001942
0.020838
0.005210
2.161528
0.047685
0.010364
0.611195
1.215608
0.020128
0.001603
0.019599
0.005061
1.984811
0.035466
0.008293
0.603052
1.225338
0.020251
0.001701
0.019889
0.005051
2.052527
0.037453
0.008924
0.628248
1.229593
0.020120
0.001627
0.019683
0.005004
1.890532
0.035955
0.008471
0.669425
1.535322
0.020656
0.001756
0.020207
0.005165
2.095128
0.040596
0.009520
0.641993
1.619425
0.021526
0.001918
0.021111
0.005259
2.194621
0.050170
0.010920
--STOP--
++STRT++
0.576070
1.189942
0.019295
0.001652
0.019007
0.004939
1.453589
0.031126
0.007973
0.609165
1.240726
0.019837
0.001610
0.019509
0.005020
1.764661
0.037530
0.008585
0.652582
1.230109
0.019971
0.001676
0.019474
0.005012
1.646387
0.034477
0.008291
0.653726
1.223430
0.020051
0.001580
0.019688
0.005043
1.973538
0.035509
0.008243
0.648796
1.619318
0.021163
0.001909
0.020832
0.005196
2.156108
0.047790
0.010590
0.625270
1.219874
0.020130
0.001613
0.019712
0.005045
1.980874
0.035396
0.008464
0.639292
1.221123
0.020252
0.001655
0.019892
0.005023
2.052769
0.038331
0.009197
0.724511
1.221647
0.020014
0.001629
0.019697
0.005040
1.985731
0.036091
0.008353
0.634711
1.504870
0.020625
0.001772
0.020188
0.005064
2.087421
0.041095
0.009543
0.622679
1.679190
0.021529
0.001902
0.021160
0.005252
2.192221
0.049779
0.010884
--STOP--
++STRT++
0.561346
1.176306
0.019431
0.001608
0.018949
0.004968
1.454808
0.030995
0.008094
0.639099
1.208384
0.019940
0.001657
0.019538
0.005037
1.787801
0.036904
0.008323
0.638745
1.215056
0.019924
0.001619
0.019654
0.004999
1.634105
0.034558
0.008267
0.615278
1.212143
0.020089
0.001550
0.019741
0.005049
1.951683
0.036249
0.008509
0.662662
1.646213
0.021259
0.001848
0.020814
0.005163
2.166485
0.048888
0.010688
0.627015
1.217361
0.020083
0.001632
0.019737
0.005045
1.972697
0.036033
0.008316
0.612951
1.201920
0.020232
0.001655
0.019939
0.005051
2.051315
0.038154
0.009012
0.640267
1.238631
0.020125
0.001569
0.019691
0.005005
1.949424
0.035552
0.008568
0.622788
1.476156
0.020663
0.001756
0.020167
0.005102
2.094832
0.040971
0.009633
0.611956
1.691415
0.021548
0.001925
0.021006
0.005229
2.187074
0.050061
0.010530
--STOP--
++STRT++
0.568581
1.190775
0.019357
0.001566
0.018923
0.004964
1.453703
0.030939
0.008084
0.635307
1.243149
0.019981
0.001633
0.019595
0.005005
1.779830
0.037527
0.008530
0.636691
1.233208
0.019974
0.001641
0.019510
0.005014
1.612649
0.035198
0.008384
0.629566
1.200966
0.020123
0.001587
0.019704
0.005001
1.943494
0.035415
0.008437
0.663184
1.665862
0.021296
0.001903
0.020786
0.005137
2.165523
0.048253
0.010549
0.621648
1.207848
0.020092
0.001582
0.019745
0.005033
1.960562
0.035593
0.008278
0.563630
1.222804
0.020326
0.001741
0.019837
0.005035
2.053396
0.038636
0.009074
0.618895
1.219747
0.020118
0.001590
0.019666
0.004990
1.954329
0.036098
0.008438
0.643016
1.565173
0.020560
0.001755
0.020167
0.005127
2.090999
0.040246
0.009601
0.647814
1.735339
0.021533
0.001960
0.021104
0.005254
2.199375
0.051157
0.011008
--STOP--
++STRT++
0.592026
1.185116
0.019355
0.001649
0.018921
0.004981
1.462566
0.030926
0.007985
0.607742
1.214014
0.019854
0.001637
0.019549
0.004990
1.775065
0.037291
0.008351
0.614946
1.235011
0.019903
0.001625
0.019552
0.005004
1.637349
0.034950
0.008371
0.675639
1.211205
0.020021
0.001605
0.019574
0.005010
1.949718
0.036108
0.008446
0.614441
1.614826
0.021274
0.001873
0.020800
0.005188
2.156381
0.047419
0.010408
0.674795
1.217289
0.020085
0.001622
0.019578
0.004989
1.963469
0.035429
0.008284
0.602670
1.220637
0.020215
0.001731
0.019784
0.005048
2.051451
0.037962
0.008904
0.632224
1.213826
0.020105
0.001612
0.019750
0.005058
1.944233
0.035851
0.008296
0.634116
1.603221
0.020606
0.001757
0.020175
0.005096
2.091400
0.041021
0.009524
0.634494
1.658007
0.021514
0.001931
0.021090
0.005209
2.193783
0.051078
0.011071
--STOP--
++STRT++
0.591090
1.184585
0.019359
0.001614
0.018927
0.004964
1.455280
0.031096
0.008051
0.633403
1.261448
0.019848
0.001663
0.019515
0.005055
1.774851
0.037521
0.008546
0.616570
1.217829
0.019949
0.001641
0.019585
0.004997
1.681200
0.035159
0.008383
0.639234
1.222796
0.020051
0.001583
0.019671
0.005070
1.965820
0.036113
0.008477
0.615798
1.627821
0.021153
0.001853
0.020782
0.005189
2.154637
0.047936
0.010559
0.617670
1.218908
0.020128
0.001610
0.019636
0.004992
1.968862
0.036296
0.008379
0.617553
1.218618
0.020263
0.001707
0.019796
0.005029
2.048954
0.038006
0.008876
0.640190
1.243212
0.020132
0.001625
0.019705
0.005020
1.869858
0.035801
0.008494
0.643625
1.565269
0.020614
0.001762
0.020202
0.005098
2.091799
0.040671
0.009552
0.612207
1.656567
0.021530
0.001895
0.021032
0.005227
2.193258
0.050769
0.010845
--STOP--
++STRT++
0.560807
1.148756
0.019337
0.001648
0.019048
0.004975
1.457630
0.031029
0.007941
0.614343
1.209081
0.019933
0.001597
0.019586
0.004984
1.803924
0.036410
0.008285
0.643198
1.275208
0.019905
0.001661
0.019467
0.004973
1.698446
0.034038
0.008414
0.635004
1.194253
0.020056
0.001591
0.019695
0.005034
1.959857
0.036289
0.008337
0.560035
1.642998
0.021181
0.001840
0.020803
0.005184
2.157566
0.047936
0.010521
0.695356
1.212761
0.020032
0.001615
0.019700
0.005013
1.954567
0.035569
0.008341
0.618827
1.223803
0.020212
0.001723
0.019901
0.005028
2.050853
0.038389
0.008860
0.719222
1.206607
0.019988
0.001579
0.019672
0.004999
1.919275
0.035906
0.008483
0.665788
1.452007
0.020624
0.001795
0.020172
0.005075
2.089298
0.041291
0.009620
0.635415
1.684999
0.021475
0.001934
0.021086
0.005246
2.197125
0.050083
0.010686
--STOP--
++STRT++
0.578955
1.161631
0.019369
0.001588
0.018968
0.004990
1.532696
0.031752
0.008037
0.622973
1.232103
0.019880
0.001593
0.019598
0.004992
1.786539
0.037736
0.008331
0.562292
1.211710
0.019882
0.001656
0.019469
0.004984
1.706803
0.034438
0.008183
0.678760
1.196388
0.019991
0.001542
0.019693
0.005018
1.960767
0.035324
0.008342
0.622246
1.644269
0.021232
0.001860
0.020812
0.005182
2.154042
0.048295
0.010485
0.652890
1.222974
0.020078
0.001592
0.019667
0.005019
1.974034
0.036165
0.008394
0.615819
1.217570
0.020219
0.001709
0.019856
0.005017
2.047783
0.037984
0.008920
0.617675
1.219292
0.020064
0.001627
0.019576
0.005000
1.912181
0.035582
0.008485
0.655938
1.416272
0.020650
0.001754
0.020221
0.005122
2.093069
0.041329
0.009495
0.612830
1.656808
0.021581
0.001906
0.021112
0.005227
2.190253
0.050464
0.010545
--STOP--
++STRT++
0.601876
1.189811
0.019343
0.001596
0.018929
0.004943
1.495572
0.031269
0.007966
0.609958
1.242459
0.019874
0.001637
0.019460
0.004988
1.782216
0.037728
0.008466
0.612305
1.191282
0.019934
0.001648
0.019548
0.005002
1.683163
0.034177
0.008270
0.613396
1.214597
0.020130
0.001529
0.019669
0.005014
1.954256
0.035445
0.008286
0.617055
1.661720
0.021072
0.001883
0.020705
0.005158
2.155714
0.048400
0.010643
0.687775
1.207330
0.020077
0.001604
0.019695
0.005026
1.973490
0.035619
0.008270
0.616847
1.219737
0.020265
0.001638
0.019859
0.004992
2.051569
0.037570
0.008912
0.608597
1.229060
0.020091
0.001609
0.019658
0.004988
1.942025
0.036135
0.008527
0.645836
1.463936
0.020614
0.001752
0.020164
0.005078
2.089187
0.041095
0.009706
0.628832
1.726455
0.021546
0.001899
0.021048
0.005221
2.191748
0.050603
0.010973
--STOP--
++STRT++
0.544902
1.190731
0.019389
0.001583
0.018951
0.004939
1.453891
0.030822
0.007979
0.625224
1.223844
0.019804
0.001604
0.019611
0.004997
1.804443
0.037822
0.008514
0.626436
1.223536
0.019960
0.001644
0.019563
0.004970
1.661870
0.034147
0.008212
0.611654
1.213224
0.020208
0.001589
0.019677
0.005020
1.970051
0.035483
0.008202
0.650206
1.679258
0.021173
0.001873
0.020749
0.005226
2.159521
0.047672
0.010467
0.744032
1.222206
0.020135
0.001565
0.019634
0.005009
1.957516
0.035628
0.008256
0.635325
1.217571
0.020300
0.001678
0.019837
0.005036
2.038043
0.038623
0.009058
0.611502
1.238177
0.020108
0.001625
0.019672
0.005016
1.943164
0.035603
0.008313
0.632779
1.601044
0.020606
0.001717
0.020186
0.005100
2.088731
0.040982
0.009696
0.611580
1.609239
0.021477
0.001958
0.021114
0.005188
2.196703
0.050464
0.010697
--STOP--
++STRT++
0.574004
1.188602
0.019338
0.001582
0.018971
0.004968
1.454625
0.030940
0.008056
0.720049
1.227101
0.019967
0.001698
0.019521
0.005014
1.786307
0.038327
0.008442
0.619320
1.261332
0.019906
0.001643
0.019422
0.005018
1.637755
0.034610
0.008276
0.661892
1.202423
0.020066
0.001589
0.019566
0.005019
1.945947
0.036283
0.008444
0.632208
1.545502
0.021282
0.001873
0.020796
0.005149
2.156451
0.047931
0.010379
0.626652
1.231271
0.020032
0.001594
0.019677
0.005020
1.966412
0.036286
0.008404
0.600966
1.198015
0.020244
0.001695
0.019893
0.005057
2.051943
0.037981
0.008865
0.717192
1.217168
0.020020
0.001565
0.019654
0.004994
1.995899
0.035766
0.008312
0.633736
1.509681
0.020609
0.001818
0.020189
0.005104
2.090290
0.040576
0.009478
0.635926
1.689885
0.021393
0.001870
0.021047
0.005241
2.189640
0.049974
0.010682
--STOP--
++STRT++
0.560135
1.196226
0.019358
0.001625
0.018935
0.004962
1.453945
0.031536
0.008070
0.677848
1.202655
0.019987
0.001659
0.019484
0.004991
1.831973
0.036933
0.008269
0.557930
1.238596
0.019894
0.001682
0.019472
0.004997
1.696264
0.033389
0.008221
0.629037
1.235519
0.020051
0.001564
0.019671
0.005039
1.964115
0.035380
0.008292
0.645795
1.639938
0.021116
0.001881
0.020787
0.005195
2.155399
0.048358
0.010481
0.624292
1.234273
0.020075
0.001610
0.019636
0.004997
1.990838
0.035559
0.008334
0.623044
1.214308
0.020291
0.001738
0.019830
0.005013
2.049091
0.037939
0.008927
0.657702
1.245124
0.020099
0.001607
0.019710
0.004978
1.964473
0.035997
0.008367
0.674076
1.573754
0.020635
0.001761
0.020262
0.005124
2.090281
0.040507
0.009437
0.623721
1.689539
0.021653
0.001928
0.021035
0.005241
2.186787
0.049637
0.010674
--STOP--
++STRT++
0.571065
1.171334
0.019419
0.001640
0.018958
0.004968
1.455316
0.031074
0.007959
0.687681
1.234180
0.020010
0.001642
0.019599
0.005027
1.804263
0.036481
0.008497
0.635649
1.221605
0.019920
0.001618
0.019508
0.004981
1.621207
0.034499
0.008305
0.687961
1.194841
0.020081
0.001643
0.019653
0.005030
1.954994
0.035516
0.008332
0.614899
1.658377
0.021204
0.001841
0.020790
0.005189
2.154424
0.047418
0.010463
0.618736
1.230073
0.020013
0.001594
0.019674
0.005037
1.953887
0.036076
0.008515
0.561872
1.206454
0.020244
0.001695
0.019816
0.005092
2.049622
0.037335
0.008953
0.632394
1.216397
0.020095
0.001590
0.019700
0.005038
1.889191
0.036107
0.008441
0.631633
1.474969
0.020586
0.001762
0.020228
0.005095
2.091107
0.041195
0.009687
0.604927
1.640403
0.021499
0.001976
0.021070
0.005208
2.186781
0.049760
0.010656
--STOP--
++STRT++
0.560082
1.159686
0.019338
0.001590
0.018978
0.004942
1.453811
0.031578
0.008052
0.653228
1.215167
0.019951
0.001631
0.019595
0.005006
1.789468
0.037135
0.008674
0.651366
1.228769
0.019953
0.001594
0.019509
0.004966
1.642743
0.034644
0.008404
0.652005
1.170212
0.020101
0.001620
0.019630
0.005068
1.983215
0.036175
0.008409
0.615927
1.659510
0.021234
0.001917
0.020818
0.005219
2.160621
0.048633
0.010522
0.630538
1.195115
0.020098
0.001616
0.019716
0.005011
1.974763
0.035398
0.008226
0.616962
1.198894
0.020280
0.001745
0.019857
0.005036
2.045796
0.037510
0.008893
0.623033
1.225926
0.020084
0.001590
0.019669
0.005020
1.944506
0.035928
0.008307
0.663063
1.570612
0.020658
0.001724
0.020210
0.005136
2.092934
0.040582
0.009420
0.641246
1.654084
0.021481
0.001959
0.021069
0.005226
2.197117
0.050154
0.010703
--STOP--
++STRT++
0.573964
1.191202
0.019367
0.001590
0.018947
0.004986
1.490084
0.030992
0.008082
0.657638
1.247084
0.019906
0.001642
0.019482
0.004999
1.793428
0.037685
0.008565
0.675493
1.210848
0.020014
0.001623
0.019496
0.005016
1.651170
0.034347
0.008371
0.686000
1.197259
0.020115
0.001570
0.019698
0.004998
1.976092
0.036446
0.008454
0.656141
1.647069
0.021244
0.001899
0.020780
0.005164
2.164795
0.048812
0.010856
0.664970
1.195787
0.020026
0.001634
0.019763
0.005017
1.947429
0.036207
0.008242
0.600538
1.219280
0.020236
0.001716
0.019853
0.005021
2.048158
0.037548
0.008794
0.657689
1.231022
0.020228
0.001589
0.019670
0.005067
1.899944
0.036234
0.008277
0.644289
1.533234
0.020617
0.001764
0.020237
0.005089
2.089085
0.040609
0.009537
0.636865
1.613786
0.021526
0.001941
0.021041
0.005230
2.191659
0.049934
0.010804
--STOP--
++STRT++
0.578908
1.190873
0.019363
0.001609
0.018953
0.004957
1.453686
0.030749
0.008059
0.645962
1.223528
0.019911
0.001553
0.019472
0.005013
1.818984
0.037821
0.008437
0.608298
1.236018
0.019926
0.001631
0.019558
0.004985
1.696301
0.034307
0.008223
0.732823
1.216905
0.019985
0.001623
0.019574
0.005004
1.965019
0.036289
0.008321
0.616716
1.594169
0.021290
0.001918
0.020787
0.005203
2.160626
0.048198
0.010497
0.666467
1.219001
0.020006
0.001615
0.019643
0.005017
1.967398
0.036301
0.008483
0.603522
1.203165
0.020274
0.001694
0.019919
0.005067
2.045788
0.038082
0.009016
0.635216
1.231161
0.020123
0.001588
0.019694
0.004992
1.957070
0.035656
0.008451
0.628489
1.548657
0.020621
0.001769
0.020275
0.005091
2.086214
0.041158
0.009679
0.627181
1.669313
0.021484
0.001924
0.021244
0.005218
2.197103
0.050601
0.011026
--STOP--
