++STRT++
0.025996
0.028788
0.001751
0.000415
0.001746
0.000857
0.044858
0.001478
0.000686
0.069274
0.028961
0.001836
0.000469
0.001821
0.000892
0.044583
0.001626
0.000764
0.069898
0.028725
0.001852
0.000502
0.001830
0.000893
0.044993
0.001634
0.000765
0.073907
0.028930
0.001856
0.000460
0.001829
0.000902
0.044832
0.001606
0.000747
0.071498
0.028874
0.001844
0.000492
0.001837
0.000912
0.044791
0.001664
0.000782
0.071857
0.029009
0.001830
0.000486
0.001829
0.000889
0.045082
0.001618
0.000751
0.037558
0.028931
0.001873
0.000456
0.001825
0.000901
0.045430
0.001624
0.000754
0.072226
0.029033
0.001823
0.000434
0.001795
0.000884
0.045208
0.001589
0.000727
0.070691
0.029235
0.001841
0.000486
0.001834
0.000901
0.044911
0.001641
0.000780
0.070338
0.029032
0.001856
0.000484
0.001827
0.000905
0.045124
0.001760
0.000792
--STOP--
++STRT++
0.027482
0.029056
0.001761
0.000417
0.001741
0.000853
0.044611
0.001477
0.000678
0.072218
0.028894
0.001839
0.000451
0.001813
0.000892
0.044581
0.001637
0.000751
0.036445
0.028965
0.001844
0.000479
0.001810
0.000894
0.044634
0.001636
0.000759
0.069338
0.028712
0.001853
0.000461
0.001844
0.000897
0.044641
0.001619
0.000740
0.037067
0.029053
0.001862
0.000476
0.001829
0.000924
0.044846
0.001659
0.000764
0.071077
0.029067
0.001825
0.000461
0.001855
0.000896
0.044549
0.001620
0.000755
0.035411
0.028884
0.001862
0.000472
0.001806
0.000911
0.045117
0.001620
0.000730
0.070627
0.028911
0.001822
0.000460
0.001798
0.000881
0.045206
0.001565
0.000745
0.050680
0.028982
0.001845
0.000462
0.001851
0.000907
0.044886
0.001655
0.000745
0.072901
0.028983
0.001878
0.000474
0.001826
0.000913
0.046137
0.001778
0.000815
--STOP--
++STRT++
0.024716
0.028969
0.001760
0.000404
0.001746
0.000845
0.044901
0.001463
0.000681
0.035919
0.029059
0.001853
0.000476
0.001822
0.000916
0.045370
0.001630
0.000753
0.070836
0.029015
0.001838
0.000461
0.001813
0.000913
0.044640
0.001626
0.000755
0.038524
0.028972
0.001843
0.000474
0.001818
0.000897
0.045201
0.001606
0.000752
0.072117
0.029075
0.001879
0.000480
0.001824
0.000899
0.044943
0.001651
0.000770
0.062711
0.028953
0.001848
0.000465
0.001851
0.000890
0.045070
0.001653
0.000744
0.069113
0.028947
0.001831
0.000470
0.001820
0.000891
0.044478
0.001552
0.000743
0.070096
0.028941
0.001802
0.000452
0.001800
0.000887
0.045327
0.001586
0.000743
0.072059
0.028942
0.001843
0.000463
0.001821
0.000915
0.044979
0.001637
0.000759
0.036827
0.029143
0.001874
0.000467
0.001864
0.000924
0.045722
0.001772
0.000807
--STOP--
++STRT++
0.025165
0.028808
0.001796
0.000424
0.001751
0.000859
0.045060
0.001488
0.000681
0.070267
0.029019
0.001833
0.000465
0.001833
0.000898
0.044683
0.001649
0.000745
0.038444
0.028900
0.001837
0.000466
0.001809
0.000894
0.044729
0.001622
0.000732
0.036523
0.029179
0.001848
0.000460
0.001829
0.000902
0.045207
0.001612
0.000753
0.072509
0.028923
0.001837
0.000472
0.001820
0.000910
0.045133
0.001651
0.000767
0.071352
0.028995
0.001848
0.000472
0.001813
0.000894
0.045282
0.001597
0.000737
0.034955
0.028880
0.001841
0.000480
0.001808
0.000898
0.045363
0.001592
0.000742
0.073095
0.028939
0.001817
0.000440
0.001791
0.000879
0.045006
0.001562
0.000726
0.070928
0.028946
0.001833
0.000470
0.001825
0.000898
0.045572
0.001649
0.000772
0.070896
0.029236
0.001907
0.000472
0.001888
0.000925
0.045304
0.001783
0.000799
--STOP--
++STRT++
0.025377
0.028884
0.001777
0.000411
0.001729
0.000864
0.044763
0.001494
0.000688
0.035540
0.028981
0.001826
0.000468
0.001837
0.000901
0.044659
0.001640
0.000750
0.071996
0.029145
0.001864
0.000462
0.001810
0.000895
0.045678
0.001616
0.000752
0.036119
0.028827
0.001826
0.000472
0.001790
0.000889
0.044478
0.001577
0.000743
0.065470
0.029083
0.001842
0.000461
0.001825
0.000901
0.045247
0.001693
0.000771
0.036173
0.028847
0.001847
0.000471
0.001834
0.000907
0.045031
0.001640
0.000741
0.074761
0.029059
0.001830
0.000457
0.001796
0.000912
0.044960
0.001600
0.000745
0.072869
0.028997
0.001805
0.000452
0.001805
0.000875
0.044999
0.001593
0.000741
0.072279
0.029111
0.001876
0.000468
0.001810
0.000904
0.044888
0.001634
0.000760
0.063180
0.029264
0.001877
0.000469
0.001831
0.000914
0.046496
0.001740
0.000803
--STOP--
++STRT++
0.026365
0.028976
0.001761
0.000412
0.001730
0.000865
0.044630
0.001474
0.000680
0.040734
0.029059
0.001865
0.000476
0.001806
0.000893
0.044960
0.001634
0.000747
0.068691
0.028968
0.001816
0.000468
0.001828
0.000901
0.044745
0.001667
0.000764
0.070827
0.028813
0.001875
0.000464
0.001815
0.000899
0.045357
0.001597
0.000738
0.071201
0.029062
0.001834
0.000480
0.001795
0.000907
0.045069
0.001664
0.000766
0.072022
0.029047
0.001875
0.000474
0.001840
0.000888
0.045465
0.001615
0.000762
0.073215
0.028914
0.001867
0.000468
0.001840
0.000903
0.044824
0.001641
0.000762
0.072933
0.028826
0.001813
0.000443
0.001833
0.000880
0.045267
0.001554
0.000759
0.069291
0.029067
0.001870
0.000476
0.001853
0.000904
0.045213
0.001668
0.000770
0.073283
0.029071
0.001870
0.000481
0.001840
0.000915
0.046133
0.001764
0.000804
--STOP--
++STRT++
0.024714
0.028910
0.001755
0.000424
0.001746
0.000860
0.045136
0.001507
0.000712
0.069495
0.029014
0.001846
0.000471
0.001837
0.000912
0.045304
0.001628
0.000745
0.040235
0.029004
0.001858
0.000468
0.001824
0.000918
0.044561
0.001663
0.000755
0.073747
0.028988
0.001873
0.000468
0.001821
0.000882
0.044780
0.001631
0.000744
0.073044
0.028971
0.001827
0.000474
0.001868
0.000917
0.044916
0.001673
0.000778
0.037783
0.029060
0.001875
0.000470
0.001854
0.000890
0.045082
0.001618
0.000751
0.042070
0.028997
0.001849
0.000467
0.001836
0.000905
0.045818
0.001641
0.000758
0.073835
0.028820
0.001818
0.000455
0.001809
0.000885
0.045137
0.001610
0.000727
0.072647
0.028897
0.001866
0.000479
0.001814
0.000904
0.045325
0.001638
0.000765
0.063980
0.028958
0.001860
0.000483
0.001860
0.000905
0.045606
0.001813
0.000800
--STOP--
++STRT++
0.026781
0.029093
0.001778
0.000402
0.001722
0.000844
0.045049
0.001489
0.000689
0.072799
0.029002
0.001844
0.000469
0.001831
0.000891
0.045431
0.001657
0.000747
0.070241
0.028981
0.001865
0.000475
0.001836
0.000920
0.045202
0.001614
0.000751
0.044221
0.028719
0.001859
0.000464
0.001818
0.000895
0.044892
0.001618
0.000769
0.069741
0.028916
0.001878
0.000473
0.001811
0.000918
0.046187
0.001658
0.000760
0.069018
0.029174
0.001833
0.000482
0.001843
0.000896
0.044863
0.001622
0.000757
0.069572
0.028858
0.001875
0.000467
0.001822
0.000893
0.044823
0.001594
0.000747
0.039947
0.029009
0.001807
0.000451
0.001784
0.000869
0.045312
0.001574
0.000728
0.069232
0.029175
0.001864
0.000470
0.001817
0.000893
0.044996
0.001623
0.000762
0.075208
0.028968
0.001862
0.000478
0.001864
0.000910
0.045959
0.001766
0.000820
--STOP--
++STRT++
0.026236
0.028715
0.001766
0.000412
0.001736
0.000859
0.045690
0.001493
0.000679
0.068859
0.029053
0.001832
0.000469
0.001794
0.000888
0.044978
0.001638
0.000757
0.040487
0.028976
0.001860
0.000472
0.001844
0.000896
0.045295
0.001603
0.000767
0.039480
0.028853
0.001837
0.000469
0.001828
0.000893
0.044618
0.001642
0.000759
0.034876
0.029002
0.001852
0.000476
0.001810
0.000910
0.045537
0.001647
0.000778
0.073563
0.028956
0.001825
0.000463
0.001834
0.000894
0.045136
0.001633
0.000744
0.070539
0.029031
0.001871
0.000494
0.001835
0.000886
0.045303
0.001633
0.000761
0.069860
0.028892
0.001802
0.000450
0.001790
0.000885
0.044925
0.001600
0.000734
0.069919
0.029200
0.001833
0.000485
0.001828
0.000915
0.045740
0.001677
0.000771
0.037270
0.029371
0.001864
0.000482
0.001861
0.000926
0.045810
0.001769
0.000803
--STOP--
++STRT++
0.026145
0.028866
0.001760
0.000405
0.001748
0.000852
0.044957
0.001496
0.000705
0.068881
0.028866
0.001840
0.000445
0.001817
0.000902
0.045331
0.001656
0.000760
0.062591
0.028954
0.001831
0.000472
0.001812
0.000891
0.045208
0.001596
0.000745
0.036909
0.028891
0.001868
0.000474
0.001841
0.000893
0.045282
0.001627
0.000739
0.073280
0.029064
0.001866
0.000469
0.001828
0.000894
0.044921
0.001645
0.000760
0.070818
0.028965
0.001847
0.000453
0.001822
0.000906
0.045198
0.001618
0.000755
0.036175
0.028913
0.001835
0.000462
0.001832
0.000898
0.044609
0.001606
0.000748
0.039243
0.029056
0.001791
0.000446
0.001782
0.000890
0.044860
0.001587
0.000720
0.070959
0.029029
0.001818
0.000476
0.001829
0.000905
0.045116
0.001648
0.000752
0.072789
0.029391
0.001862
0.000477
0.001818
0.000906
0.045938
0.001738
0.000801
--STOP--
++STRT++
0.023451
0.028956
0.001783
0.000429
0.001754
0.000859
0.044752
0.001461
0.000690
0.076472
0.029105
0.001847
0.000470
0.001840
0.000908
0.044871
0.001655
0.000764
0.069934
0.028932
0.001834
0.000471
0.001845
0.000896
0.045587
0.001669
0.000746
0.071494
0.028960
0.001857
0.000465
0.001851
0.000897
0.044894
0.001654
0.000769
0.070281
0.029044
0.001887
0.000469
0.001850
0.000910
0.044999
0.001632
0.000783
0.038992
0.028807
0.001860
0.000476
0.001826
0.000916
0.044790
0.001623
0.000737
0.070187
0.029110
0.001848
0.000479
0.001791
0.000894
0.044888
0.001612
0.000763
0.072033
0.028720
0.001791
0.000453
0.001790
0.000878
0.044971
0.001589
0.000731
0.054000
0.028981
0.001862
0.000483
0.001821
0.000900
0.045351
0.001645
0.000761
0.064821
0.029240
0.001882
0.000480
0.001834
0.000908
0.045431
0.001932
0.000815
--STOP--
++STRT++
0.025670
0.028886
0.001774
0.000411
0.001748
0.000865
0.044967
0.001470
0.000680
0.069502
0.029098
0.001832
0.000474
0.001809
0.000910
0.044765
0.001613
0.000764
0.076406
0.028814
0.001847
0.000462
0.001828
0.000892
0.045096
0.001627
0.000744
0.073416
0.029111
0.001829
0.000453
0.001807
0.000923
0.044879
0.001627
0.000762
0.035509
0.029103
0.001836
0.000475
0.001832
0.000903
0.045252
0.001685
0.000780
0.073648
0.028723
0.001841
0.000467
0.001815
0.000909
0.044748
0.001608
0.000758
0.068249
0.028824
0.001839
0.000466
0.001824
0.000890
0.045275
0.001605
0.000760
0.070773
0.028945
0.001801
0.000446
0.001783
0.000893
0.044993
0.001582
0.000744
0.071558
0.028931
0.001852
0.000466
0.001819
0.000901
0.045497
0.001639
0.000779
0.038867
0.029306
0.001891
0.000475
0.001844
0.000913
0.045431
0.001785
0.000813
--STOP--
++STRT++
0.027204
0.028981
0.001773
0.000423
0.001751
0.000853
0.044733
0.001506
0.000693
0.070871
0.029064
0.001832
0.000470
0.001793
0.000908
0.045015
0.001625
0.000750
0.070930
0.028891
0.001831
0.000464
0.001790
0.000913
0.045403
0.001583
0.000745
0.037717
0.028956
0.001841
0.000464
0.001807
0.000898
0.045470
0.001584
0.000741
0.072125
0.029134
0.001845
0.000465
0.001836
0.000905
0.045215
0.001646
0.000768
0.071515
0.029031
0.001832
0.000457
0.001808
0.000894
0.045054
0.001604
0.000746
0.074045
0.028932
0.001825
0.000456
0.001816
0.000931
0.045328
0.001577
0.000739
0.068902
0.029129
0.001798
0.000446
0.001807
0.000874
0.045027
0.001610
0.000746
0.070802
0.029014
0.001853
0.000460
0.001842
0.000898
0.044787
0.001644
0.000770
0.072059
0.029428
0.001873
0.000478
0.001827
0.000916
0.046241
0.001740
0.000799
--STOP--
++STRT++
0.026571
0.028801
0.001769
0.000418
0.001730
0.000867
0.045485
0.001478
0.000691
0.071557
0.029096
0.001848
0.000471
0.001844
0.000899
0.045444
0.001659
0.000757
0.036551
0.028821
0.001825
0.000472
0.001809
0.000896
0.044918
0.001602
0.000749
0.037117
0.028945
0.001849
0.000461
0.001825
0.000895
0.044960
0.001595
0.000747
0.075304
0.029086
0.001833
0.000480
0.001853
0.000884
0.045022
0.001677
0.000782
0.071159
0.029053
0.001822
0.000469
0.001805
0.000910
0.045263
0.001558
0.000739
0.035135
0.029003
0.001850
0.000469
0.001820
0.000885
0.044568
0.001584
0.000755
0.070469
0.028830
0.001797
0.000451
0.001778
0.000874
0.044979
0.001593
0.000725
0.048047
0.028774
0.001852
0.000466
0.001845
0.000897
0.044746
0.001653
0.000748
0.071052
0.029018
0.001859
0.000485
0.001843
0.000905
0.045477
0.001787
0.000829
--STOP--
++STRT++
0.023612
0.028943
0.001757
0.000410
0.001765
0.000852
0.044677
0.001469
0.000689
0.070650
0.029055
0.001853
0.000467
0.001794
0.000894
0.044857
0.001649
0.000747
0.071276
0.029084
0.001842
0.000468
0.001826
0.000911
0.044760
0.001650
0.000760
0.077678
0.029036
0.001847
0.000466
0.001842
0.000894
0.044769
0.001611
0.000768
0.072095
0.029020
0.001846
0.000476
0.001829
0.000906
0.045219
0.001664
0.000767
0.072858
0.029232
0.001861
0.000464
0.001817
0.000896
0.045053
0.001604
0.000762
0.071919
0.028839
0.001844
0.000459
0.001828
0.000901
0.045518
0.001609
0.000761
0.073213
0.029101
0.001824
0.000454
0.001791
0.000881
0.044903
0.001576
0.000733
0.118981
0.029122
0.001836
0.000460
0.001832
0.000901
0.045344
0.001629
0.000769
0.038339
0.029161
0.001874
0.000486
0.001869
0.000904
0.045260
0.001765
0.000807
--STOP--
++STRT++
0.025962
0.028872
0.001746
0.000421
0.001759
0.000846
0.045143
0.001485
0.000684
0.035802
0.029207
0.001846
0.000473
0.001815
0.000888
0.044764
0.001640
0.000768
0.075492
0.029017
0.001840
0.000455
0.001796
0.000901
0.044791
0.001627
0.000765
0.040481
0.028918
0.001893
0.000467
0.001828
0.000895
0.044814
0.001608
0.000761
0.071392
0.028915
0.001853
0.000485
0.001827
0.000911
0.045160
0.001654
0.000772
0.069797
0.028789
0.001855
0.000487
0.001804
0.000921
0.045032
0.001586
0.000751
0.036465
0.028785
0.001853
0.000479
0.001814
0.000929
0.044987
0.001609
0.000766
0.036925
0.028973
0.001818
0.000453
0.001806
0.000880
0.045036
0.001562
0.000744
0.047222
0.028986
0.001860
0.000478
0.001865
0.000908
0.044899
0.001651
0.000776
0.039842
0.029173
0.001893
0.000467
0.001872
0.000916
0.045675
0.001807
0.000805
--STOP--
