++STRT++
0.002768
0.003728
0.000609
0.000308
0.000608
0.000386
0.006404
0.000501
0.000382
0.014693
0.003734
0.000649
0.000306
0.000625
0.000403
0.005291
0.000515
0.000390
0.014626
0.003752
0.000625
0.000294
0.000616
0.000408
0.005302
0.000522
0.000385
0.014408
0.003725
0.000613
0.000300
0.000622
0.000417
0.005297
0.000507
0.000395
0.048086
0.003774
0.000618
0.000321
0.000629
0.000406
0.005345
0.000547
0.000382
0.014607
0.003739
0.000622
0.000301
0.000618
0.000392
0.006064
0.000512
0.000373
0.014501
0.003729
0.000622
0.000285
0.000618
0.000401
0.005496
0.000514
0.000388
0.014436
0.003733
0.000613
0.000292
0.000623
0.000387
0.005298
0.000513
0.000372
0.014716
0.003747
0.000628
0.000311
0.000635
0.000397
0.005324
0.000544
0.000391
0.040152
0.003740
0.000639
0.000330
0.000630
0.000413
0.005587
0.000538
0.000396
--STOP--
++STRT++
0.002787
0.003739
0.000612
0.000298
0.000622
0.000395
0.005298
0.000528
0.000375
0.039881
0.003735
0.000619
0.000297
0.000626
0.000404
0.005299
0.000529
0.000384
0.047983
0.003755
0.000619
0.000305
0.000615
0.000407
0.005316
0.000517
0.000391
0.040171
0.003727
0.000640
0.000304
0.000629
0.000393
0.005303
0.000509
0.000385
0.014492
0.003743
0.000622
0.000306
0.000626
0.000400
0.005294
0.000514
0.000401
0.040201
0.003757
0.000621
0.000298
0.000616
0.000399
0.005330
0.000515
0.000374
0.039802
0.003726
0.000625
0.000297
0.000635
0.000403
0.005290
0.000542
0.000373
0.039607
0.003738
0.000622
0.000302
0.000621
0.000394
0.005288
0.000511
0.000395
0.039984
0.003751
0.000625
0.000296
0.000629
0.000409
0.005301
0.000526
0.000376
0.039944
0.003762
0.000627
0.000303
0.000633
0.000415
0.005300
0.000530
0.000394
--STOP--
++STRT++
0.002795
0.003720
0.000601
0.000305
0.000622
0.000408
0.005297
0.000514
0.000381
0.039795
0.003739
0.000626
0.000309
0.000621
0.000403
0.005294
0.000500
0.000373
0.040008
0.003731
0.000624
0.000295
0.000628
0.000400
0.005296
0.000510
0.000371
0.039752
0.003733
0.000615
0.000303
0.000622
0.000400
0.005294
0.000509
0.000374
0.039860
0.003732
0.000626
0.000308
0.000642
0.000402
0.005300
0.000513
0.000385
0.014495
0.003734
0.000609
0.000307
0.000613
0.000403
0.005287
0.000525
0.000381
0.040069
0.003737
0.000617
0.000309
0.000623
0.000402
0.005317
0.000517
0.000387
0.014406
0.003726
0.000622
0.000307
0.000612
0.000399
0.005514
0.000517
0.000396
0.048497
0.003738
0.000632
0.000305
0.000624
0.000417
0.005308
0.000533
0.000397
0.039520
0.003743
0.000624
0.000318
0.000639
0.000408
0.005319
0.000534
0.000406
--STOP--
++STRT++
0.002761
0.003734
0.000625
0.000300
0.000609
0.000395
0.006037
0.000509
0.000380
0.014954
0.003727
0.000621
0.000300
0.000627
0.000398
0.005313
0.000536
0.000374
0.039916
0.003739
0.000617
0.000300
0.000617
0.000425
0.005326
0.000514
0.000390
0.014508
0.003767
0.000633
0.000314
0.000620
0.000426
0.005302
0.000527
0.000371
0.013497
0.003737
0.000633
0.000326
0.000636
0.000414
0.005317
0.000572
0.000396
0.014439
0.003750
0.000623
0.000304
0.000638
0.000407
0.005289
0.000522
0.000379
0.014774
0.003729
0.000625
0.000299
0.000614
0.000412
0.005286
0.000521
0.000379
0.014293
0.003742
0.000624
0.000309
0.000622
0.000404
0.005329
0.000514
0.000380
0.048051
0.003719
0.000618
0.000311
0.000630
0.000418
0.005329
0.000529
0.000384
0.039902
0.003743
0.000634
0.000315
0.000645
0.000419
0.005285
0.000536
0.000399
--STOP--
++STRT++
0.002770
0.003750
0.000602
0.000291
0.000607
0.000393
0.005299
0.000518
0.000379
0.014686
0.003737
0.000615
0.000316
0.000624
0.000400
0.005285
0.000516
0.000375
0.039967
0.003731
0.000616
0.000304
0.000609
0.000412
0.005280
0.000514
0.000388
0.014660
0.003729
0.000618
0.000306
0.000622
0.000407
0.005495
0.000518
0.000372
0.040128
0.003714
0.000627
0.000312
0.000631
0.000408
0.006512
0.000521
0.000378
0.039874
0.003744
0.000621
0.000311
0.000618
0.000406
0.005499
0.000509
0.000390
0.039751
0.003731
0.000616
0.000302
0.000624
0.000405
0.005356
0.000526
0.000368
0.014829
0.003728
0.000626
0.000300
0.000640
0.000396
0.005317
0.000517
0.000396
0.014690
0.003763
0.000622
0.000306
0.000652
0.000418
0.005524
0.000523
0.000382
0.014662
0.003760
0.000631
0.000310
0.000626
0.000414
0.005296
0.000527
0.000397
--STOP--
++STRT++
0.002763
0.003723
0.000609
0.000291
0.000618
0.000396
0.005286
0.000514
0.000371
0.014804
0.003742
0.000625
0.000316
0.000630
0.000410
0.005317
0.000520
0.000365
0.039928
0.003744
0.000626
0.000296
0.000624
0.000407
0.005298
0.000511
0.000376
0.039732
0.003731
0.000615
0.000315
0.000618
0.000389
0.005326
0.000507
0.000389
0.014731
0.003738
0.000636
0.000309
0.000625
0.000423
0.005297
0.000533
0.000381
0.014731
0.003733
0.000619
0.000315
0.000615
0.000398
0.005289
0.000509
0.000385
0.016094
0.003739
0.000639
0.000309
0.000617
0.000397
0.005312
0.000520
0.000378
0.040067
0.003751
0.000616
0.000305
0.000622
0.000414
0.005298
0.000524
0.000392
0.014435
0.003735
0.000628
0.000313
0.000619
0.000407
0.005305
0.000521
0.000394
0.047838
0.003739
0.000631
0.000309
0.000644
0.000400
0.005592
0.000530
0.000384
--STOP--
++STRT++
0.002759
0.003742
0.000607
0.000305
0.000638
0.000417
0.005290
0.000511
0.000376
0.014867
0.003734
0.000644
0.000317
0.000610
0.000395
0.005323
0.000503
0.000385
0.014598
0.003741
0.000619
0.000296
0.000625
0.000402
0.005289
0.000523
0.000388
0.040049
0.003734
0.000622
0.000309
0.000623
0.000401
0.005298
0.000519
0.000380
0.040019
0.003732
0.000625
0.000333
0.000623
0.000417
0.005354
0.000535
0.000386
0.047897
0.003739
0.000623
0.000303
0.000618
0.000409
0.005772
0.000508
0.000367
0.039855
0.003761
0.000623
0.000308
0.000626
0.000397
0.005343
0.000518
0.000382
0.014349
0.003720
0.000622
0.000307
0.000625
0.000412
0.005285
0.000507
0.000388
0.047925
0.003744
0.000634
0.000300
0.000618
0.000407
0.005337
0.000534
0.000392
0.040062
0.003759
0.000631
0.000312
0.000645
0.000413
0.005406
0.000535
0.000385
--STOP--
++STRT++
0.002800
0.003737
0.000609
0.000295
0.000615
0.000400
0.005293
0.000505
0.000371
0.013802
0.003735
0.000624
0.000304
0.000616
0.000412
0.005365
0.000523
0.000389
0.039893
0.003750
0.000621
0.000294
0.000635
0.000397
0.006057
0.000507
0.000375
0.039990
0.003736
0.000629
0.000302
0.000617
0.000402
0.005294
0.000509
0.000392
0.040896
0.003749
0.000621
0.000302
0.000636
0.000405
0.005312
0.000558
0.000395
0.013760
0.003716
0.000631
0.000308
0.000615
0.000400
0.005510
0.000517
0.000387
0.040131
0.003722
0.000618
0.000307
0.000638
0.000392
0.005357
0.000516
0.000377
0.014573
0.003729
0.000616
0.000310
0.000622
0.000403
0.005293
0.000500
0.000373
0.048345
0.003743
0.000622
0.000325
0.000628
0.000402
0.005305
0.000520
0.000386
0.040789
0.003744
0.000627
0.000312
0.000634
0.000408
0.005332
0.000557
0.000388
--STOP--
++STRT++
0.002788
0.003732
0.000602
0.000291
0.000608
0.000395
0.005291
0.000507
0.000372
0.039989
0.003735
0.000638
0.000319
0.000614
0.000412
0.005287
0.000516
0.000373
0.040050
0.003727
0.000610
0.000298
0.000611
0.000402
0.005308
0.000511
0.000381
0.039735
0.003754
0.000622
0.000309
0.000613
0.000401
0.005309
0.000517
0.000394
0.039782
0.003737
0.000627
0.000319
0.000631
0.000400
0.005300
0.000517
0.000386
0.039756
0.003733
0.000626
0.000295
0.000624
0.000416
0.005411
0.000519
0.000391
0.014605
0.003724
0.000619
0.000298
0.000618
0.000398
0.005282
0.000513
0.000390
0.014483
0.003721
0.000623
0.000309
0.000630
0.000411
0.005322
0.000512
0.000383
0.013337
0.003732
0.000626
0.000308
0.000617
0.000405
0.005302
0.000536
0.000387
0.039762
0.003743
0.000634
0.000315
0.000628
0.000417
0.005300
0.000536
0.000401
--STOP--
++STRT++
0.002814
0.003729
0.000603
0.000293
0.000619
0.000387
0.005283
0.000521
0.000370
0.014846
0.003738
0.000627
0.000300
0.000625
0.000416
0.005294
0.000519
0.000386
0.040037
0.003740
0.000629
0.000303
0.000625
0.000400
0.005297
0.000523
0.000399
0.048135
0.003727
0.000593
0.000313
0.000620
0.000394
0.006096
0.000549
0.000383
0.039761
0.003729
0.000628
0.000308
0.000632
0.000405
0.005301
0.000537
0.000377
0.014660
0.003743
0.000613
0.000297
0.000615
0.000406
0.005289
0.000520
0.000385
0.039745
0.003735
0.000621
0.000321
0.000614
0.000391
0.005284
0.000501
0.000379
0.015694
0.003731
0.000607
0.000290
0.000625
0.000400
0.005298
0.000533
0.000388
0.048163
0.003739
0.000632
0.000306
0.000619
0.000396
0.005312
0.000519
0.000385
0.039949
0.003748
0.000624
0.000314
0.000638
0.000418
0.005297
0.000536
0.000402
--STOP--
++STRT++
0.002770
0.003721
0.000626
0.000300
0.000621
0.000398
0.006376
0.000493
0.000367
0.014915
0.003740
0.000633
0.000293
0.000618
0.000405
0.005296
0.000497
0.000376
0.014493
0.003753
0.000618
0.000302
0.000619
0.000399
0.005293
0.000508
0.000375
0.039979
0.003728
0.000628
0.000306
0.000620
0.000421
0.005311
0.000510
0.000386
0.040166
0.003751
0.000631
0.000307
0.000621
0.000406
0.005295
0.000510
0.000388
0.039854
0.003730
0.000614
0.000301
0.000632
0.000406
0.005289
0.000511
0.000386
0.040043
0.003749
0.000605
0.000306
0.000631
0.000404
0.005353
0.000511
0.000384
0.014711
0.003746
0.000619
0.000311
0.000622
0.000407
0.005305
0.000525
0.000380
0.048240
0.003741
0.000619
0.000314
0.000620
0.000418
0.005325
0.000520
0.000399
0.039647
0.003741
0.000622
0.000309
0.000656
0.000420
0.005296
0.000524
0.000405
--STOP--
++STRT++
0.002780
0.003726
0.000610
0.000297
0.000612
0.000392
0.005324
0.000514
0.000377
0.013399
0.003733
0.000619
0.000301
0.000615
0.000410
0.005314
0.000520
0.000381
0.039775
0.003732
0.000614
0.000317
0.000624
0.000405
0.005289
0.000506
0.000385
0.039892
0.003735
0.000630
0.000312
0.000625
0.000402
0.005318
0.000524
0.000381
0.039771
0.003743
0.000637
0.000315
0.000622
0.000410
0.005303
0.000520
0.000379
0.048007
0.003735
0.000629
0.000299
0.000629
0.000392
0.005322
0.000523
0.000392
0.039701
0.003756
0.000631
0.000301
0.000620
0.000405
0.005289
0.000522
0.000390
0.039808
0.003733
0.000637
0.000296
0.000624
0.000392
0.005299
0.000509
0.000373
0.014936
0.003734
0.000628
0.000313
0.000622
0.000402
0.005285
0.000532
0.000381
0.014844
0.003755
0.000638
0.000304
0.000645
0.000400
0.005345
0.000514
0.000387
--STOP--
++STRT++
0.002812
0.003728
0.000613
0.000291
0.000629
0.000404
0.005340
0.000506
0.000381
0.040136
0.003742
0.000625
0.000301
0.000626
0.000417
0.006467
0.000518
0.000387
0.013653
0.003743
0.000602
0.000314
0.000635
0.000394
0.005315
0.000517
0.000390
0.039879
0.003732
0.000621
0.000298
0.000627
0.000403
0.005311
0.000515
0.000386
0.014390
0.003738
0.000626
0.000302
0.000610
0.000400
0.005554
0.000526
0.000382
0.013668
0.003736
0.000617
0.000310
0.000624
0.000406
0.005825
0.000522
0.000372
0.039876
0.003738
0.000625
0.000305
0.000611
0.000401
0.005293
0.000515
0.000379
0.013721
0.003728
0.000621
0.000310
0.000615
0.000395
0.005304
0.000529
0.000389
0.014810
0.003733
0.000616
0.000312
0.000618
0.000407
0.005281
0.000522
0.000382
0.014909
0.003741
0.000625
0.000302
0.000624
0.000407
0.005344
0.000554
0.000398
--STOP--
++STRT++
0.002815
0.003729
0.000609
0.000288
0.000593
0.000396
0.005298
0.000535
0.000377
0.039878
0.003741
0.000626
0.000301
0.000611
0.000396
0.005290
0.000500
0.000382
0.014416
0.003736
0.000639
0.000299
0.000612
0.000399
0.006057
0.000526
0.000373
0.039932
0.003748
0.000611
0.000306
0.000625
0.000405
0.005321
0.000533
0.000378
0.048033
0.003742
0.000624
0.000309
0.000641
0.000401
0.005293
0.000528
0.000408
0.039956
0.003744
0.000631
0.000295
0.000629
0.000406
0.005288
0.000516
0.000379
0.039824
0.003738
0.000630
0.000303
0.000611
0.000397
0.005289
0.000505
0.000383
0.039959
0.003738
0.000618
0.000296
0.000636
0.000398
0.005315
0.000502
0.000374
0.014715
0.003736
0.000619
0.000290
0.000628
0.000415
0.005560
0.000522
0.000377
0.048113
0.003729
0.000635
0.000310
0.000626
0.000407
0.005300
0.000542
0.000411
--STOP--
++STRT++
0.002806
0.003728
0.000617
0.000286
0.000622
0.000402
0.005285
0.000494
0.000368
0.014449
0.003742
0.000651
0.000301
0.000621
0.000408
0.005284
0.000530
0.000375
0.015038
0.003731
0.000611
0.000314
0.000632
0.000408
0.005347
0.000535
0.000404
0.014827
0.003729
0.000629
0.000317
0.000639
0.000403
0.005843
0.000535
0.000370
0.040007
0.003748
0.000635
0.000312
0.000630
0.000413
0.005312
0.000557
0.000395
0.039764
0.003735
0.000616
0.000291
0.000619
0.000414
0.005321
0.000535
0.000380
0.115080
0.003736
0.000631
0.000312
0.000612
0.000395
0.005298
0.000524
0.000378
0.039751
0.003731
0.000619
0.000304
0.000630
0.000410
0.006067
0.000528
0.000380
0.040082
0.003753
0.000624
0.000305
0.000614
0.000408
0.005510
0.000533
0.000405
0.014422
0.003743
0.000623
0.000301
0.000627
0.000424
0.005300
0.000542
0.000398
--STOP--
++STRT++
0.002770
0.003731
0.000616
0.000315
0.000605
0.000399
0.005343
0.000508
0.000369
0.014780
0.003737
0.000619
0.000306
0.000605
0.000398
0.005500
0.000538
0.000384
0.039644
0.003739
0.000633
0.000307
0.000628
0.000398
0.005311
0.000509
0.000382
0.039792
0.003726
0.000616
0.000311
0.000621
0.000402
0.005311
0.000512
0.000384
0.040089
0.003741
0.000625
0.000311
0.000627
0.000415
0.005566
0.000532
0.000418
0.047978
0.003747
0.000630
0.000298
0.000625
0.000422
0.005285
0.000511
0.000380
0.039894
0.003730
0.000624
0.000311
0.000635
0.000411
0.005320
0.000527
0.000388
0.039939
0.003749
0.000619
0.000296
0.000614
0.000401
0.005297
0.000517
0.000369
0.048383
0.003746
0.000625
0.000309
0.000628
0.000408
0.005547
0.000541
0.000399
0.039588
0.003745
0.000634
0.000305
0.000639
0.000415
0.005342
0.000557
0.000386
--STOP--
