++STRT++
4637103
46057325
3725168
877985
3587602
6612350
77420836
1082041
729887
--STOP--
++STRT++
4585130
45927170
3725801
875428
3592140
6579802
76725183
1081425
733816
--STOP--
++STRT++
4757157
45913119
3723760
877067
3622423
6625628
77515180
1088587
733229
--STOP--
++STRT++
4789250
45889245
3758692
880692
3586863
6612975
77043423
1136541
740229
--STOP--
++STRT++
5532786
45941090
3723351
876845
3585849
6580091
77869862
1087261
741321
--STOP--
++STRT++
4873817
45980485
3800551
876487
3655377
6574952
76723036
1104409
733411
--STOP--
++STRT++
4631871
45809347
3764693
876603
3587969
6627214
77298400
1162916
740404
--STOP--
++STRT++
4843733
45816156
3745042
875211
3579640
6573075
77171936
1143354
741250
--STOP--
++STRT++
5350415
46104373
3721953
919056
3588160
6581355
76638827
1091637
730410
--STOP--
++STRT++
5244883
46010918
3719803
877612
3589988
6591906
76895780
1087824
735603
--STOP--
++STRT++
4572801
46119041
3758240
921643
3593092
6574257
77192627
1125604
788657
--STOP--
++STRT++
4872711
45746022
3720174
874757
3647534
6606566
77048636
1085869
731578
--STOP--
++STRT++
4830111
45760251
3765014
876118
3643012
6590925
76727334
1090712
737277
--STOP--
++STRT++
4610384
45865734
3722432
876945
3587795
6612969
76971099
1088418
734291
--STOP--
++STRT++
4682013
46032855
3729109
873314
3587818
6578482
77535189
1085147
730411
--STOP--
++STRT++
4636384
45857425
3728574
875798
3586072
6581989
77994455
1098416
731743
--STOP--
++STRT++
4665697
45821103
3717872
917085
3583289
6585590
76652812
1080929
785928
--STOP--
++STRT++
4551457
45823564
3725305
872958
3645566
6608679
76773541
1080255
733592
--STOP--
++STRT++
4716104
45894047
3764274
874517
3641938
6585967
78020474
1099104
735499
--STOP--
++STRT++
5316362
45851999
3721930
921877
3590198
6603811
77057552
1087698
736063
--STOP--
++STRT++
4771863
46125749
3728239
876422
3584619
6611053
77140084
1081374
732706
--STOP--
++STRT++
4568109
45790630
3731814
876609
3649047
6591973
76833160
1092531
743174
--STOP--
++STRT++
4502986
45830085
3721187
876386
3624404
6628481
77449768
1099890
745776
--STOP--
++STRT++
4654286
45914460
3794250
875100
3591229
6630467
77025744
1084037
738493
--STOP--
++STRT++
4593702
45903446
3773123
876122
3643925
6605563
78007673
1091088
735510
--STOP--
++STRT++
4884993
45912149
3718788
918077
3588251
6585649
77113230
1093211
734897
--STOP--
++STRT++
4623726
46011483
3765847
876452
3621688
6530017
76763943
1138578
737218
--STOP--
++STRT++
4597209
45912588
3716392
880898
3591179
6603142
76983137
1093980
744584
--STOP--
++STRT++
4496053
46032603
3721751
876828
3626679
6607836
77012601
1087177
733834
--STOP--
++STRT++
5149114
45813548
3770445
876768
3637168
6546302
76667541
1101642
734308
--STOP--
++STRT++
4617973
45783107
3745907
877875
3590124
6596627
76681056
1086233
810855
--STOP--
++STRT++
4582034
46080396
3839026
877384
3633896
6607923
76773560
1106463
739293
--STOP--
++STRT++
4590051
45846610
3763364
873282
3623054
6546997
76634849
1148438
740577
--STOP--
++STRT++
4534532
45958661
3767078
876535
3685664
6594173
76744968
1101752
740610
--STOP--
++STRT++
5134903
45986801
3720680
877082
3583979
6610028
76985233
1084564
735350
--STOP--
++STRT++
4565858
45783540
3719983
919412
3584991
6595770
77251208
1082737
787745
--STOP--
++STRT++
4886945
46076676
3717928
875583
3588825
6611628
77380548
1093072
794875
--STOP--
++STRT++
4578973
45942288
3728031
924051
3590627
6584188
76779657
1083839
734305
--STOP--
++STRT++
4609856
45808816
3765359
875481
3621367
6618708
77431169
1082847
734772
--STOP--
++STRT++
4704758
45952441
3762979
875408
3650807
6599678
76751977
1101368
738154
--STOP--
++STRT++
4645354
45952964
3722759
877122
3585197
6575601
76979304
1087746
736099
--STOP--
++STRT++
4858694
46136599
3723775
875862
3623645
6622267
77446779
1083844
737195
--STOP--
++STRT++
4590328
45847265
3718621
923396
3589650
6574684
77439354
1150616
749116
--STOP--
++STRT++
4534834
45855160
3721840
918658
3584062
6605855
76669499
1088441
737660
--STOP--
++STRT++
4634117
45925563
3717829
879750
3637364
6646403
77530152
1087443
731635
--STOP--
++STRT++
4776899
45754236
3727918
875919
3590747
6558132
76727364
1085078
733627
--STOP--
++STRT++
4954232
46171651
3764075
877270
3620405
6531781
77022608
1099450
743831
--STOP--
++STRT++
4791701
45793556
3718258
920812
3591983
6576618
77653107
1134948
736401
--STOP--
++STRT++
4550055
45797367
3722776
875813
3596236
6647376
77097076
1088545
730812
--STOP--
++STRT++
5408404
46237553
3759766
880456
3643719
6559344
76853484
1096103
738087
--STOP--
++STRT++
4654757
45849136
3765086
874841
3627892
6618280
77914692
1099309
735220
--STOP--
++STRT++
5535013
45836047
3758576
876213
3588770
6577359
77172992
1142256
745210
--STOP--
++STRT++
4594706
45836599
3721238
876297
3588651
6585345
76656789
1096729
734872
--STOP--
++STRT++
4587094
45989975
3725430
920200
3595883
6580972
76933444
1092255
784476
--STOP--
++STRT++
4942334
45872863
3767986
875205
3653117
6584120
76781745
1100348
740831
--STOP--
++STRT++
4601426
45867642
3751279
876986
3583988
6586077
77182118
1135326
794834
--STOP--
++STRT++
5226605
45941674
3777347
876650
3632431
6530071
77014444
1098548
733572
--STOP--
++STRT++
4612987
45856518
3723855
920441
3588177
6572763
77084457
1109340
757644
--STOP--
++STRT++
4483318
45967107
3774998
875976
3627141
6617306
77105170
1093096
737059
--STOP--
++STRT++
4809776
46162638
3775656
879052
3624066
6546497
77373033
1101811
737498
--STOP--
++STRT++
4557977
46007761
3754700
875672
3584890
6575280
76939808
1128755
739570
--STOP--
++STRT++
4983011
46183531
3770181
876238
3645983
6548865
76883072
1097797
741486
--STOP--
++STRT++
4774817
45843637
3727828
877441
3587836
6574161
76733175
1083087
738474
--STOP--
++STRT++
4555518
45881261
3720198
876023
3588347
6597239
77179405
1088268
734369
--STOP--
++STRT++
4712513
45935000
3757187
877014
3615267
6627327
77621894
1101475
732346
--STOP--
++STRT++
4602455
45822473
3721450
924372
3588767
6613898
76772951
1084985
794418
--STOP--
++STRT++
4787236
45771004
3721080
872639
3593269
6594978
78060301
1095251
735531
--STOP--
++STRT++
4723902
45741422
3723879
876037
3590156
6609969
77093633
1080191
732189
--STOP--
++STRT++
4676631
45923982
3750968
927567
3585680
6626906
76733227
1084372
799534
--STOP--
++STRT++
4848889
45797740
3719747
876991
3591239
6574315
76784464
1087948
732678
--STOP--
++STRT++
5037015
46044840
3723981
875064
3586759
6581446
77555531
1087526
732416
--STOP--
++STRT++
5145925
45988397
3722446
926685
3592769
6627840
76704165
1083753
797905
--STOP--
++STRT++
4829003
45950484
3723547
876885
3583783
6629518
77553996
1085420
739753
--STOP--
++STRT++
5163471
46064184
3718351
874512
3619762
6606121
77471120
1086708
731098
--STOP--
++STRT++
4512864
45822043
3771213
878406
3651088
6580139
77584778
1100403
736432
--STOP--
++STRT++
4587281
45937266
3757303
876749
3591642
6580239
77361084
1135461
736774
--STOP--
++STRT++
4918769
45859871
3725845
925309
3592253
6588081
77110034
1086422
784723
--STOP--
++STRT++
4607492
46056825
3721347
875556
3586807
6589732
76703570
1086592
741175
--STOP--
++STRT++
4642409
45872416
3777217
875690
3649215
6605556
76992652
1083385
740376
--STOP--
++STRT++
4649826
45938327
3721243
875898
3587155
6592917
77567071
1083412
736907
--STOP--
++STRT++
4768515
45898531
3761784
875266
3647037
6603969
77561992
1090776
731341
--STOP--
++STRT++
4562834
45838754
3719212
875520
3590087
6600835
76833440
1081985
734603
--STOP--
++STRT++
5221193
45884750
3787759
876328
3589131
6610257
77530934
1096493
735197
--STOP--
++STRT++
5162767
45875257
3719915
875386
3584988
6590751
77551731
1110267
740034
--STOP--
++STRT++
4652460
45859378
3721975
876496
3590923
6648584
77228963
1093870
735530
--STOP--
++STRT++
4729305
45938942
3771327
876522
3631463
6597205
77492495
1088098
732389
--STOP--
++STRT++
4663109
45859274
3725125
919390
3590715
6636823
76847433
1092062
796339
--STOP--
++STRT++
4606153
45829336
3719245
877191
3589067
6589968
76807739
1091897
735664
--STOP--
++STRT++
4985703
46038307
3771545
876592
3615593
6532850
77572602
1100983
735073
--STOP--
++STRT++
5319464
45903636
3759684
877070
3588782
6591437
76789081
1081207
794498
--STOP--
++STRT++
4785049
45927032
3722073
875092
3590678
6628423
76715436
1093835
752046
--STOP--
++STRT++
4535393
45851830
3722295
875726
3588326
6570273
76935680
1085303
735115
--STOP--
++STRT++
4507800
45856394
3765686
876504
3651661
6584207
77004274
1089686
731075
--STOP--
++STRT++
4925168
46055433
3769425
876272
3618561
6530513
77385647
1089862
736771
--STOP--
++STRT++
4752597
45880051
3754649
925079
3590303
6620170
77643691
1149558
727832
--STOP--
++STRT++
4926415
46256603
3767347
873879
3621739
6543708
77309339
1097260
735606
--STOP--
++STRT++
4591906
45828446
3720382
922299
3593218
6594110
77071700
1141556
790840
--STOP--
++STRT++
4911188
45772016
3720411
874208
3623294
6590245
77303462
1087798
733398
--STOP--
++STRT++
4540972
45940277
3721357
878335
3594207
6590247
77562047
1089023
732387
--STOP--
++STRT++
4676694
45851538
3768975
876411
3652651
6584422
77157338
1090297
735599
--STOP--
++STRT++
4622481
45910795
3773920
875184
3614720
6530777
76599676
1145932
731659
--STOP--
++STRT++
4792261
45919801
3721663
916829
3585302
6572519
77010432
1085895
731656
--STOP--
++STRT++
4501333
45902051
3721371
874257
3582942
6564558
77346656
1085010
733419
--STOP--
++STRT++
4527362
45904872
3723663
876492
3625480
6623226
76817977
1100654
732627
--STOP--
++STRT++
4710157
45839846
3756827
876823
3611924
6536340
77060626
1128625
736911
--STOP--
++STRT++
4569054
45849649
3722673
876335
3588207
6632068
76913796
1085206
737245
--STOP--
++STRT++
4937195
45940471
3725440
874644
3618868
6579530
77523718
1084047
734348
--STOP--
++STRT++
5151441
45921406
3722519
877190
3586943
6611643
76881390
1081853
735035
--STOP--
++STRT++
4701295
46033742
3782101
877737
3621883
6623486
76755383
1096299
736460
--STOP--
++STRT++
4596972
46030551
3764838
876966
3592394
6588847
77022521
1153143
731818
--STOP--
++STRT++
5027219
46105252
3765748
877754
3623184
6547808
76730580
1137778
744159
--STOP--
++STRT++
4655855
45837928
3720280
876162
3588589
6574087
76771777
1091887
732845
--STOP--
++STRT++
4703141
46001705
3718216
876145
3624039
6605708
76853179
1081051
735814
--STOP--
++STRT++
5017740
45728976
3721949
876325
3585327
6607177
77436441
1089342
730317
--STOP--
++STRT++
4803061
45952781
3724735
875658
3625470
6623690
77155743
1088700
731268
--STOP--
++STRT++
5243504
45894220
3765837
873843
3649138
6529426
77097593
1097159
741614
--STOP--
++STRT++
4548261
46017926
3762179
875537
3643053
6601917
76710758
1088188
729837
--STOP--
++STRT++
4574881
45926548
3747695
875949
3586776
6629563
77541725
1144260
741606
--STOP--
++STRT++
5308407
45954331
3720723
961609
3594667
6685269
77404606
1088529
795621
--STOP--
++STRT++
4970969
45855018
3728769
875059
3590270
6624243
76831416
1085382
731440
--STOP--
++STRT++
4587791
45923421
3767938
877359
3653626
6532446
77259920
1159868
739789
--STOP--
++STRT++
4780198
45953539
3726677
926393
3587915
6606434
77101840
1083733
785285
--STOP--
++STRT++
4690147
45959994
3717656
879114
3633394
6587302
77551809
1089243
746335
--STOP--
++STRT++
4515800
45906266
3720797
874740
3589266
6574278
77364936
1090793
733506
--STOP--
++STRT++
4820237
45927943
3728656
875800
3585991
6576618
77500119
1095475
733769
--STOP--
++STRT++
4958716
46021482
3785925
879087
3592966
6582624
77204930
1084891
731251
--STOP--
++STRT++
4595448
45912009
3761523
875194
3594342
6584549
76998183
1087592
740192
--STOP--
++STRT++
5004860
45953448
3724947
874799
3593899
6608758
77068424
1093102
732230
--STOP--
