++STRT++
259035954
1598654064
40848911
9103996
39673540
68246839
-1730818630
21943035
11310876
--STOP--
++STRT++
259126736
1598587677
40880180
9161083
39663927
68141599
-1730819902
22016063
11577186
--STOP--
++STRT++
259353164
1598605880
40763766
9148217
39742604
68223374
-1731246449
21953901
11962469
--STOP--
++STRT++
259600951
1598732581
40810199
9154118
39703681
68256666
-1730790206
21919256
11289131
--STOP--
++STRT++
259250060
1598847019
40862969
9103346
39780470
68186793
-1730391954
22059962
11653184
--STOP--
++STRT++
259138808
1598690312
40749020
9200648
39681918
68176029
-1731120987
22075527
12343830
--STOP--
++STRT++
259157593
1598261013
40760924
9153678
39582927
68254961
-1729805805
22053803
11999653
--STOP--
++STRT++
259493724
1598613496
40888894
9151713
39629211
68236581
-1730183559
21953444
11506749
--STOP--
++STRT++
259087458
1599109415
40808667
9141161
39839486
68207978
-1731794688
21883268
11395659
--STOP--
++STRT++
259309345
1598691854
40786515
9167660
39640436
68189220
-1730093958
22111248
12139483
--STOP--
++STRT++
259332783
1598613711
40902532
9150056
39661780
68206439
-1730998134
21983962
11238111
--STOP--
++STRT++
259404203
1598419850
40839703
9194151
39747326
68258795
-1730974707
21784638
11419468
--STOP--
++STRT++
259338246
1598943052
40826394
9104435
39648045
68247861
-1728801017
22025620
11423394
--STOP--
++STRT++
259514105
1600068246
40782097
9195816
39648330
68316710
-1732113640
22017441
12017302
--STOP--
++STRT++
259227060
1598608121
40813175
9194451
39614318
68236462
-1730830280
21914958
11268090
--STOP--
++STRT++
259066916
1598234901
40915781
9161039
39651436
68189868
-1729444746
21971576
11389659
--STOP--
++STRT++
259238089
1598421023
40826535
9181090
39767023
68328164
-1731279422
21981684
11741393
--STOP--
++STRT++
259157789
1598580617
40833877
9143449
39721137
68189062
-1730472672
21958610
11517166
--STOP--
++STRT++
259447179
1597917834
40850652
9162093
39791409
68173971
-1731361081
21819642
11432882
--STOP--
++STRT++
259362533
1598601959
40864826
9114407
39752683
68220534
-1731354097
21968469
11413931
--STOP--
++STRT++
259262084
1598886953
40806581
9129673
39804705
68208940
-1731552535
22066289
11588787
--STOP--
++STRT++
259053549
1599123468
40853694
9130553
39619372
68281405
-1731538129
21861919
11374170
--STOP--
++STRT++
259305354
1598863863
40857724
9119020
39766655
68242914
-1730628339
22139591
11378996
--STOP--
++STRT++
259263676
1598301697
40879841
9191722
39637860
68151399
-1730767799
22002829
11707867
--STOP--
++STRT++
259322799
1598192475
40888458
9183624
39714051
68185705
-1731168013
22150462
11452258
--STOP--
++STRT++
259048092
1599014241
40811386
9184556
39677349
68177721
-1731518320
22071279
11225819
--STOP--
++STRT++
259635911
1599216394
40930835
9115832
39824693
68166153
-1730589692
22212808
11678950
--STOP--
++STRT++
259312161
1599097086
40779973
9149123
39645500
68144447
-1730833742
22040866
11484641
--STOP--
++STRT++
259143381
1598919359
40812787
9146285
39615478
68189001
-1729972813
21955530
11263096
--STOP--
++STRT++
259386186
1598469974
40849525
9103300
39726921
68160311
-1731015420
22085328
11504972
--STOP--
++STRT++
258988755
1598065418
40711399
9159318
39626514
68134093
-1730207973
21881299
11659126
--STOP--
++STRT++
259088174
1598950466
40820124
9151728
39665555
68182553
-1731381337
21916060
11899901
--STOP--
++STRT++
259376907
1599015623
40939873
9155698
39720887
68169862
-1733279076
21883145
11430308
--STOP--
++STRT++
259028475
1598524093
40804360
9143879
39657105
68264597
-1731260458
22055453
11656118
--STOP--
++STRT++
259259131
1598732845
40825917
9148274
39594064
68264215
-1731335491
22076281
11444311
--STOP--
++STRT++
259151758
1598640857
40822013
9138840
39761116
68173599
-1730267575
21970503
12001713
--STOP--
++STRT++
259222044
1598777095
40821780
9189379
39730253
68174248
-1730236635
21826580
11557091
--STOP--
++STRT++
258902101
1598839716
40773637
9110269
39785448
68221828
-1730517384
22074335
11448960
--STOP--
++STRT++
259820977
1599064180
40894702
9175695
39715169
68184388
-1730596418
22152260
11623820
--STOP--
++STRT++
258987066
1598856838
40806048
9188317
39642062
68175785
-1731789889
21914507
11324717
--STOP--
++STRT++
259248293
1598617641
40831944
9141201
39862998
68286039
-1730747740
22089636
11419620
--STOP--
++STRT++
259162801
1598619625
40852852
9144221
39715326
68141288
-1730871456
22017757
11800559
--STOP--
++STRT++
259393887
1598438145
40798137
9163718
39700171
68229393
-1730957252
22047656
11920624
--STOP--
++STRT++
259309160
1598460664
40875118
9191225
39780276
68182260
-1730272937
21808364
11381710
--STOP--
++STRT++
259058893
1598471034
40905720
9103799
39680045
68216990
-1731320867
21961593
11600047
--STOP--
++STRT++
259179983
1598362548
40876489
9145838
39611521
68160151
-1730746594
22359812
11977938
--STOP--
++STRT++
260307461
1598548299
40803275
9215768
39661455
68213066
-1730529243
21994887
11460402
--STOP--
++STRT++
259312649
1597961728
40841460
9103029
39665843
68134682
-1732087847
21977204
11352620
--STOP--
++STRT++
259443553
1598487287
40825576
9150388
39702394
68212457
-1731113007
22048428
11809341
--STOP--
++STRT++
259401393
1598589839
40806048
9162518
39751518
68286163
-1731288622
22030725
11307850
--STOP--
++STRT++
259356696
1598652424
40934254
9157442
39753341
68353058
-1730660867
21997686
11582330
--STOP--
++STRT++
259445063
1599180156
40814693
9181250
39764594
68293332
-1730079800
21976627
11659592
--STOP--
++STRT++
259505475
1599055511
40865816
9189105
39718222
68185856
-1731429161
21981003
11501802
--STOP--
++STRT++
259441186
1598719020
40786772
9136601
39802062
68188556
-1732489223
21828882
11567492
--STOP--
++STRT++
259496221
1599263333
40798053
9136700
39769056
68207462
-1731277990
21964455
11739078
--STOP--
++STRT++
259301598
1598754424
40940593
9194201
39786464
68192753
-1731121369
21957288
11550559
--STOP--
++STRT++
259084908
1598500370
40955637
9165229
39774398
68195190
-1730296683
21872379
11282894
--STOP--
++STRT++
259044178
1599214972
40822975
9143140
39796016
68130913
-1729667717
22003102
11879778
--STOP--
++STRT++
259585118
1598040519
40939547
9169248
39703407
68183138
-1730872289
22124390
12023463
--STOP--
++STRT++
259431432
1598405217
40824465
9147715
39866902
68175236
-1730721801
22133842
11288899
--STOP--
++STRT++
259085028
1598505187
40800173
9115903
39726570
68232410
-1732960064
22079051
11486339
--STOP--
++STRT++
259221422
1598965342
40840002
9182633
39614429
68205848
-1730155618
22055489
11699514
--STOP--
++STRT++
259446641
1598500562
40846258
9147451
39623215
68182584
-1731508514
21966957
11396659
--STOP--
++STRT++
259350863
1598702937
40833057
9144397
39679508
68280380
-1731698104
21893407
11300396
--STOP--
++STRT++
258965918
1598916429
40807661
9159426
39773615
68173401
-1731382937
22035937
11567450
--STOP--
++STRT++
259656204
1598789008
40795668
9145558
39660437
68193221
-1732059043
21998714
11335038
--STOP--
++STRT++
259558515
1598641860
40800936
9145596
39747831
68239797
-1731503209
21999763
11702688
--STOP--
++STRT++
260162370
1598551643
40873995
9143990
39702406
68178587
-1731536844
21837687
11509810
--STOP--
++STRT++
259512858
1598235180
40796863
9191017
39652703
68165601
-1731083440
22046823
11437588
--STOP--
++STRT++
259191562
1598939010
40787459
9147357
39834136
68208856
-1730057679
22091388
11942543
--STOP--
++STRT++
259118642
1598515694
40785379
9159560
39613779
68205677
-1731305427
21839098
11662017
--STOP--
++STRT++
258826045
1598323134
40892913
9126761
39645782
68156736
-1730613249
22137818
11412957
--STOP--
++STRT++
259399652
1598560540
40819416
9185647
39657417
68194711
-1730341903
22001980
11816342
--STOP--
++STRT++
259280361
1598992009
40818363
9139631
39704852
68167951
-1729004570
22223800
11500062
--STOP--
++STRT++
259377908
1599488482
40803257
9115986
39770624
68212745
-1730798149
22061330
11394553
--STOP--
++STRT++
259353750
1598725940
40793244
9144566
39714127
68222523
-1731455952
22163161
11811139
--STOP--
++STRT++
259561764
1598433099
40905731
9152784
39736049
68189771
-1730788716
22076942
11961932
--STOP--
++STRT++
259598533
1598678614
40849908
9153452
39732814
68172474
-1731292593
21959916
11380328
--STOP--
++STRT++
258940996
1599030145
40799015
9127278
39649302
68276695
-1730783350
22076549
11830745
--STOP--
++STRT++
259193944
1598661247
40936916
9141135
39652575
68222408
-1731406815
21817220
11358484
--STOP--
++STRT++
259112327
1599495483
40819139
9107136
39649020
68174668
-1730823029
21921286
11517338
--STOP--
++STRT++
259195106
1598809802
40784914
9157246
39624856
68126334
-1730676679
22006339
12193186
--STOP--
++STRT++
259125720
1598496050
40844653
9156100
39678859
68310978
-1730876945
22083308
11707661
--STOP--
++STRT++
259196502
1598424742
40791678
9141345
39612234
68270509
-1731278864
21820859
11584541
--STOP--
++STRT++
259297965
1598718668
40876175
9155196
39737728
68197287
-1731170166
22046728
11437932
--STOP--
++STRT++
259744375
1598740872
40851175
9186592
39646678
68223637
-1731543892
21935106
11697698
--STOP--
++STRT++
259063460
1598400800
40870178
9147897
39739490
68210804
-1731382975
21794150
11289456
--STOP--
++STRT++
258969332
1598599473
40942572
9131722
39660306
68282340
-1731180062
21865712
11542772
--STOP--
++STRT++
259353878
1598914090
40789996
9150641
39686943
68196566
-1730715076
22175643
11804303
--STOP--
++STRT++
259130628
1598600677
40824303
9147632
39661111
68204384
-1730765548
22116843
11791101
--STOP--
++STRT++
259021685
1598547560
40860385
9145644
39681963
68259463
-1731461068
21914726
11287950
--STOP--
++STRT++
258887217
1598717533
40824816
9104478
39796711
68189187
-1730709510
22203231
11454890
--STOP--
++STRT++
259754104
1599115174
40806145
9151564
39593270
68185706
-1730975042
22026174
11606432
--STOP--
++STRT++
259430960
1598386617
40785904
9147373
39730299
68186911
-1730744167
21900708
11553574
--STOP--
++STRT++
259436436
1598610461
40861357
9150681
39772637
68217126
-1730936045
22126857
11315831
--STOP--
++STRT++
259496556
1598439155
40828834
9150631
39741916
68166849
-1731017195
22253612
11937811
--STOP--
++STRT++
259404805
1598454438
40870874
9156778
39648804
68219861
-1728954267
22021933
11326209
--STOP--
++STRT++
259438227
1598487060
40813639
9196025
39731165
68202185
-1730733821
22000716
11478451
--STOP--
++STRT++
259388055
1598438699
40881461
9142642
39732837
68169515
-1730886601
22064421
12022731
--STOP--
++STRT++
259808590
1598658102
40836756
9150822
39616544
68226899
-1731120967
22173170
12029845
--STOP--
++STRT++
259296240
1598341069
40975028
9167394
39738476
68217998
-1731161834
21867202
11524290
--STOP--
++STRT++
259461416
1599233853
40835908
9143396
39680494
68242742
-1730414139
22083660
11310035
--STOP--
++STRT++
259823709
1598685402
40939246
9155178
39666263
68121360
-1730654978
22011185
11577184
--STOP--
++STRT++
259173026
1598683106
40855882
9179649
39747997
68231584
-1731310826
21892188
11466811
--STOP--
++STRT++
259269414
1599085122
40794760
9095261
39647774
68307094
-1730731150
21940908
11244738
--STOP--
++STRT++
259667009
1598869969
40791723
9148023
39643962
68180376
-1730712462
21962508
12044161
--STOP--
++STRT++
258959862
1598477069
40813860
9201618
39642898
68266483
-1730689507
21879939
11499133
--STOP--
++STRT++
259305243
1598776110
40904322
9145660
39632220
68248287
-1730906009
22003845
11452337
--STOP--
++STRT++
259301035
1599219901
40854132
9101616
39810153
68194599
-1730866950
22012740
11337700
--STOP--
++STRT++
259559008
1598554893
40842253
9194793
39618215
68168196
-1730289667
22016621
11701587
--STOP--
++STRT++
259782003
1598684853
40880474
9141112
39819225
68221822
-1731426557
21920906
11344787
--STOP--
++STRT++
259688334
1599041621
40830335
9162883
39654322
68253556
-1731135947
21915205
11247577
--STOP--
++STRT++
258933183
1599072292
40929192
9096880
39809541
68224058
-1730317767
22041240
11427867
--STOP--
++STRT++
259308644
1598891402
40824512
9143921
39767657
68141368
-1730845328
21949875
12000411
--STOP--
++STRT++
259017073
1598697588
40819368
9143682
39627519
68220639
-1731291514
21924758
11458736
--STOP--
++STRT++
259309540
1599168501
40892073
9129106
39712783
68170215
-1730682077
21884184
11393258
--STOP--
++STRT++
259209015
1598853070
40834665
9112052
39630586
68196619
-1731501424
22192387
11260698
--STOP--
++STRT++
259888319
1598583231
40810432
9186227
39662543
68328718
-1731035940
22191420
11693761
--STOP--
++STRT++
259159130
1598542270
40914107
9135134
39786666
68166058
-1728978113
22142499
11744716
--STOP--
++STRT++
259665053
1600181272
41110913
9134073
39849456
68466343
-1730722141
21877842
11157202
--STOP--
++STRT++
259240760
1599324094
40851369
9145391
39830014
68199093
-1730179112
22124747
11443755
--STOP--
++STRT++
259285109
1598963368
40874180
9132097
39671064
68212425
-1730780853
22095089
11561421
--STOP--
++STRT++
259017160
1599395162
40883077
9163566
39687817
68165012
-1730813099
21964898
11287339
--STOP--
++STRT++
258928123
1598889690
40876470
9110279
39719346
68184744
-1730324447
21970768
11442293
--STOP--
++STRT++
259156500
1598821140
40847242
9129366
39842838
68223560
-1730858618
22035449
11539100
--STOP--
++STRT++
259592354
1598631390
40870609
9132762
39895319
68177141
-1730711962
21971472
11253310
--STOP--
++STRT++
259430238
1598674514
40854088
9134351
39863260
68214263
-1731374081
21983943
11366892
--STOP--
++STRT++
259753112
1598899876
40826009
9112887
39695578
68163741
-1730393787
22015692
11311688
--STOP--
