++STRT++
7185898
66980872
4808763
1128981
4648883
8201931
112645790
1439222
955561
--STOP--
++STRT++
7520060
66786924
4773946
1128341
4612911
8241638
111923340
1418598
959214
--STOP--
++STRT++
7059141
66908561
4814245
1133288
4659560
8243381
111947181
1437716
953675
--STOP--
++STRT++
7181303
67046121
4820006
1129926
4642433
8194786
111821504
1443712
952288
--STOP--
++STRT++
7324699
66965652
4828168
1133830
4692733
8218643
113097438
1451934
961333
--STOP--
++STRT++
6987805
67125486
4779938
1131433
4627594
8181969
111935388
1434204
1025002
--STOP--
++STRT++
6975497
67232815
4784889
1132198
4635925
8176751
111865687
1430274
1009874
--STOP--
++STRT++
7514998
67080430
4776134
1136656
4640549
8190856
111966795
1416682
1017886
--STOP--
++STRT++
7367731
67195392
4822259
1133003
4607817
8248875
111865106
1439674
954732
--STOP--
++STRT++
7651835
66792331
4812286
1128491
4666019
8214891
111940764
1441314
948453
--STOP--
++STRT++
7949015
67134990
4815306
1132627
4602960
8239133
111755593
1426984
969139
--STOP--
++STRT++
8442427
67223518
4785960
1132702
4659913
8203714
111816721
1434775
1025668
--STOP--
++STRT++
7343770
66934670
4821350
1131109
4650755
8211552
111855191
1433201
943758
--STOP--
++STRT++
7644764
66664136
4805538
1131236
4641869
8198034
111850704
1438321
956266
--STOP--
++STRT++
7030463
66718386
4783671
1169483
4651936
8168677
111929841
1480262
952429
--STOP--
++STRT++
7867437
66811948
4847642
1134574
4606202
8219501
111792088
1427571
952239
--STOP--
++STRT++
9429930
67530265
4798520
1129260
4644517
8219123
111849014
1446539
953304
--STOP--
++STRT++
8092101
66741552
4817320
1133444
4659539
8201101
112114275
1432591
946599
--STOP--
++STRT++
6900896
67088591
4775349
1131366
4610593
8248877
111958923
1422440
955409
--STOP--
++STRT++
6921533
67545723
4807621
1132014
4658959
8243200
112149201
1432364
955732
--STOP--
++STRT++
8391977
67026104
4778923
1131172
4610851
8237412
111760074
1427281
972888
--STOP--
++STRT++
7217014
66680110
4784457
1133280
4645969
8189163
112008700
1433535
1031502
--STOP--
++STRT++
7015200
66901009
4814942
1134378
4609120
8202997
112206030
1427602
946995
--STOP--
++STRT++
8384846
66941746
4775681
1181076
4636382
8245380
111853953
1487604
964650
--STOP--
++STRT++
7212266
66752219
4810264
1133239
4646124
8206994
111824369
1431727
954597
--STOP--
++STRT++
7892670
66660406
4776927
1132275
4607923
8255015
111829901
1443810
963773
--STOP--
++STRT++
7112404
67295890
4801104
1127346
4640270
8219286
112219546
1431085
943803
--STOP--
++STRT++
6986062
66725258
4807177
1131443
4611536
8211297
111841228
1423780
945202
--STOP--
++STRT++
6936458
67215396
4803464
1130603
4642567
8208775
111977476
1431410
954533
--STOP--
++STRT++
7499848
67194543
4858888
1129649
4605637
8254378
111903521
1428814
955288
--STOP--
++STRT++
7043778
66752387
4770545
1133750
4612642
8241212
111794749
1417379
948899
--STOP--
++STRT++
6952620
67068563
4813282
1134900
4697894
8237620
112499555
1455589
959375
--STOP--
++STRT++
8220735
66552799
4832652
1128585
4609677
8206693
112510545
1420707
949407
--STOP--
++STRT++
7248154
67181976
4808067
1130173
4610393
8236949
111841695
1438382
955865
--STOP--
++STRT++
6962788
66620085
4777624
1132376
4611069
8216571
111812789
1434023
952596
--STOP--
++STRT++
7247067
66891143
4812629
1128486
4664462
8221372
111951029
1434660
950070
--STOP--
++STRT++
7099319
67449032
4779469
1176740
4648845
8200884
112694854
1442752
951502
--STOP--
++STRT++
7688580
66919199
4814371
1129295
4610218
8241281
112162412
1432283
953895
--STOP--
++STRT++
7761195
66892711
4809502
1131170
4672733
8219293
112160955
1437465
960100
--STOP--
++STRT++
7391273
66591618
4816197
1129733
4604950
8216730
111809312
1424430
945158
--STOP--
++STRT++
7954061
67395058
4795975
1131564
4646600
8231811
111889838
1471604
994838
--STOP--
++STRT++
7349274
66913889
4820254
1128858
4666784
8234085
111895670
1435539
950243
--STOP--
++STRT++
8169033
66714544
4803803
1128484
4663467
8225294
111929069
1436047
965609
--STOP--
++STRT++
7452666
67342923
4786120
1138973
4604200
8202114
112220057
1446580
992928
--STOP--
++STRT++
7942927
67834485
4805100
1137225
4659152
8209314
111938118
1436637
954308
--STOP--
++STRT++
7242709
67002125
4817062
1174369
4608174
8226787
111944597
1427783
953986
--STOP--
++STRT++
7633772
67335573
4814018
1136517
4604991
8210832
112056221
1435025
953982
--STOP--
++STRT++
6980906
66636911
4781403
1128828
4608551
8199410
111811607
1442662
956144
--STOP--
++STRT++
6904720
67137642
4812048
1131576
4637484
8169057
111857408
1482277
955560
--STOP--
++STRT++
7064372
66824356
4822120
1132062
4656827
8234633
111994288
1426180
951225
--STOP--
++STRT++
7594586
67017744
4780561
1135842
4611036
8261254
112509951
1431464
1061477
--STOP--
++STRT++
7392633
67328946
4806367
1131562
4658828
8203868
111989434
1445356
948724
--STOP--
++STRT++
7063887
67328996
4807437
1133571
4666443
8221885
111906927
1461673
960420
--STOP--
++STRT++
7492682
67007830
4821229
1129698
4608640
8237088
112207077
1444499
958810
--STOP--
++STRT++
7253774
66643126
4780508
1133822
4612417
8212386
111826619
1426235
952955
--STOP--
++STRT++
7205677
66967151
4780124
1176314
4644139
8198973
111921299
1479826
952943
--STOP--
++STRT++
7781110
66835378
4800211
1129349
4668464
8203629
111945667
1456311
958324
--STOP--
++STRT++
7165553
66830339
4778962
1231905
4638980
8203967
111854009
1490413
954691
--STOP--
++STRT++
8024011
67039827
4820823
1128393
4667275
8224963
111870527
1437815
948840
--STOP--
++STRT++
6966207
67219305
4807476
1130366
4640180
8196807
111874098
1431046
952078
--STOP--
++STRT++
7204625
66976983
4817223
1131432
4611707
8250644
111851794
1422288
956197
--STOP--
++STRT++
7296666
66917997
4779888
1130204
4640711
8243638
111907245
1418279
949263
--STOP--
++STRT++
7637086
67150778
4777429
1169698
4645563
8228971
111883897
1500330
963509
--STOP--
++STRT++
7561070
67739351
4807190
1132243
4684242
8224866
111871200
1432660
950033
--STOP--
++STRT++
7134236
67345431
4780349
1135781
4606726
8253696
112054989
1434012
957621
--STOP--
++STRT++
7121145
67106060
4817527
1136690
4663152
8235126
111840896
1503858
954796
--STOP--
++STRT++
7093835
66845123
4878070
1136080
4608226
8215895
112094345
1432129
952314
--STOP--
++STRT++
6991307
66692752
4807443
1131633
4642373
8156301
112331809
1434635
953750
--STOP--
++STRT++
7458805
67439257
4830136
1125294
4607176
8317627
112168578
1426913
950595
--STOP--
++STRT++
7604545
66928797
4782804
1171342
4637305
8204947
111735156
1435395
1023436
--STOP--
++STRT++
7800423
66680551
4805025
1134899
4642907
8214398
111904316
1439162
953017
--STOP--
++STRT++
7708135
66953148
4816964
1127499
4609003
8243333
112551014
1425798
951386
--STOP--
++STRT++
7219105
66642603
4807678
1133488
4614460
8204878
111913568
1440902
955728
--STOP--
++STRT++
7780967
67111130
4809368
1125148
4666427
8239013
112690907
1442136
955052
--STOP--
++STRT++
7309745
67273525
4813522
1134407
4648719
8200957
111807825
1432766
958782
--STOP--
++STRT++
8022323
67338892
4813774
1141722
4637248
8194902
111916904
1488361
967402
--STOP--
++STRT++
7071947
66805203
4814854
1129412
4613827
8200973
111835880
1439657
962173
--STOP--
++STRT++
7411642
66763088
4779340
1126701
4610435
8246615
111804484
1429278
951269
--STOP--
++STRT++
7646897
67444888
4817439
1129826
4649580
8208288
112171632
1451053
958556
--STOP--
++STRT++
6910396
66843100
4812791
1135862
4608389
8233172
112188710
1425342
947443
--STOP--
++STRT++
7709317
66878763
4816642
1132768
4646887
8204819
111811651
1431312
961418
--STOP--
++STRT++
7086714
66762889
4782466
1132099
4610471
8250468
111999725
1422785
957311
--STOP--
++STRT++
7213287
66762362
4777764
1129874
4612096
8251918
111997845
1417192
952655
--STOP--
++STRT++
7456049
67309507
4803891
1131656
4644058
8252244
111955016
1431710
957320
--STOP--
++STRT++
7453930
67273316
4812447
1137199
4607528
8198492
111822525
1447144
965623
--STOP--
++STRT++
7481864
66949941
4816234
1132994
4613040
8218152
111809852
1427399
950170
--STOP--
++STRT++
7050489
66710807
4787144
1177223
4659801
8227867
111917081
1483900
946775
--STOP--
++STRT++
7550363
66986166
4807152
1133053
4647948
8206430
111996649
1430031
949272
--STOP--
++STRT++
7629500
66649509
4822571
1130785
4665460
8236443
111831524
1440311
954636
--STOP--
++STRT++
8200165
66764362
4817187
1133098
4606286
8217104
111858716
1433046
955499
--STOP--
++STRT++
7250337
66764949
4781064
1134397
4615690
8255833
112161278
1432238
1028752
--STOP--
++STRT++
7589457
66690458
4781879
1130074
4603237
8255792
112351314
1436234
1016347
--STOP--
++STRT++
7228487
67177705
4780057
1134359
4610128
8204137
112110701
1436276
960107
--STOP--
++STRT++
7084731
66836506
4776573
1131176
4721473
8191292
111861716
1523744
946678
--STOP--
++STRT++
7027072
67197360
4817989
1131464
4662243
8247285
111816558
1444238
952133
--STOP--
++STRT++
7774140
66881411
4808351
1134111
4655774
8205654
111858943
1448135
953775
--STOP--
++STRT++
7876991
66801947
4775034
1133036
4605375
8231333
112386850
1422564
950244
--STOP--
++STRT++
7010148
66681136
4778172
1133896
4634453
8196697
112110947
1425078
1014871
--STOP--
++STRT++
6998283
67057405
4806065
1131136
4652997
8211848
111961384
1441339
954492
--STOP--
++STRT++
8114627
66717176
4813715
1129022
4610201
8210426
111775848
1423806
954135
--STOP--
++STRT++
7384443
67107641
4772257
1130280
4652789
8191327
111809950
1427313
1026788
--STOP--
++STRT++
7817996
67742148
4834725
1132092
4654369
8201342
111780363
1496661
960529
--STOP--
++STRT++
7511006
66788113
4816119
1130684
4609989
8211581
112093526
1419232
954785
--STOP--
++STRT++
7616873
67208550
4774015
1184586
4634089
8219559
111814734
1421803
1019207
--STOP--
++STRT++
6977247
66925487
4803625
1130608
4666118
8222717
111939677
1438954
947283
--STOP--
++STRT++
7972241
66914841
4828044
1130652
4612636
8249582
111827815
1430713
954310
--STOP--
++STRT++
7081251
67274436
4779244
1130341
4607637
8242944
111813234
1434913
958681
--STOP--
++STRT++
7732343
67368067
4776197
1134023
4632083
8183365
111978293
1433689
1005219
--STOP--
++STRT++
7057192
66715427
4802885
1131200
4662562
8241404
111871743
1481399
953432
--STOP--
++STRT++
6924007
66861190
4844504
1135788
4649120
8202842
111818779
1452356
960472
--STOP--
++STRT++
7063360
66601994
4810850
1139004
4604217
8212488
111774496
1451647
995308
--STOP--
++STRT++
7591352
66732207
4777196
1133415
4606634
8208063
111801272
1420842
1020708
--STOP--
++STRT++
7052772
66705267
4779291
1128897
4652604
8190743
111709120
1428710
1022175
--STOP--
++STRT++
8005962
66797033
4807082
1130575
4649570
8196685
112050943
1446748
953607
--STOP--
++STRT++
7645628
66754209
4803065
1125936
4609740
8218761
111857670
1441656
958727
--STOP--
++STRT++
7594487
66861679
4781505
1131930
4722376
8257378
112134126
1420799
950614
--STOP--
++STRT++
8156613
67146430
4806779
1128547
4655909
8198339
112254992
1444201
954259
--STOP--
++STRT++
8627903
67121372
4816885
1131343
4608289
8203276
111792978
1446561
955410
--STOP--
++STRT++
6897190
66745651
4776491
1171986
4644195
8190672
111938296
1440337
1029459
--STOP--
++STRT++
7144049
66577748
4803034
1131630
4635149
8217203
112212969
1430381
952565
--STOP--
++STRT++
8196442
66733653
4817329
1133087
4614239
8223307
111898702
1435317
952021
--STOP--
++STRT++
7430773
66915661
4807089
1128054
4639685
8182421
111973091
1436896
951489
--STOP--
++STRT++
7620026
67214895
4818165
1133742
4618559
8227184
111912887
1437279
954704
--STOP--
++STRT++
8047577
66996738
4809596
1132133
4662492
8245596
111844242
1444143
944627
--STOP--
++STRT++
7052364
66748033
4807442
1129841
4610760
8211497
111893160
1439162
958511
--STOP--
++STRT++
7073496
66614032
4778408
1130078
4640389
8218764
111809943
1428095
950572
--STOP--
++STRT++
7305166
66697772
4804645
1132830
4649910
8199498
112220177
1440387
949929
--STOP--
++STRT++
7202797
66822556
4817099
1199414
4607954
8212019
111792075
1428858
961619
--STOP--
