++STRT++
10170745
85705495
5663745
1317010
5386884
9792428
144040484
1789014
1126809
--STOP--
++STRT++
10268787
86005580
5652007
1316179
5377086
9806183
143960018
1742831
1134036
--STOP--
++STRT++
9950618
86710532
5659172
1315808
5412532
9737044
144128752
1728022
1120675
--STOP--
++STRT++
9738350
85836030
5651344
1316024
5417703
9735208
144145521
1731992
1118742
--STOP--
++STRT++
10259033
86238563
5649921
1315983
5376297
9805698
144073704
1727389
1120912
--STOP--
++STRT++
10344140
85861826
5646980
1316820
5409969
9748888
144087077
1726153
1121867
--STOP--
++STRT++
9724015
86821788
5652819
1316057
5387352
9799971
143974182
1759140
1114098
--STOP--
++STRT++
9412133
86557618
5645857
1316475
5421990
9746060
144048435
1716358
1121835
--STOP--
++STRT++
11947102
87234239
5625605
1362946
5424312
9736462
144038178
1724548
1121372
--STOP--
++STRT++
10662593
85791324
5648256
1315862
5401430
9727418
144204769
1720329
1123169
--STOP--
++STRT++
9595303
85736827
5654286
1314222
5408654
9727122
144137780
1714427
1117122
--STOP--
++STRT++
9749175
86150160
5652188
1315857
5385584
9800836
144216666
1760036
1141388
--STOP--
++STRT++
10082366
85977596
5641822
1315395
5385324
9810243
144095379
1729484
1118402
--STOP--
++STRT++
10511758
85791657
5622111
1314339
5427645
9721920
144262471
1736215
1130751
--STOP--
++STRT++
10100877
86783433
5619177
1365950
5406579
9758129
144163903
1704643
1120267
--STOP--
++STRT++
10058034
86108287
5618616
1315298
5426186
9745788
144557784
1708634
1122838
--STOP--
++STRT++
9465909
85962077
5649252
1315958
5406345
9802559
144018900
1708049
1126203
--STOP--
++STRT++
10508886
86537985
5644836
1316972
5442771
9770092
143890941
1785675
1150937
--STOP--
++STRT++
9889682
86561384
5653208
1316500
5484401
9763666
143915262
1744519
1183365
--STOP--
++STRT++
10950579
86083876
5658353
1313922
5446464
9731825
144167159
1790681
1149762
--STOP--
++STRT++
10156890
86652678
5620892
1360033
5416832
9749737
143940074
1721899
1126318
--STOP--
++STRT++
10199438
86085989
5654805
1315054
5435832
9779095
144043965
1713807
1125755
--STOP--
++STRT++
9795123
85862106
5621224
1360595
5413758
9703712
144022105
1717288
1120504
--STOP--
++STRT++
9464660
86437461
5617871
1362929
5427152
9719862
144182923
1717751
1124781
--STOP--
++STRT++
9554749
85794801
5622083
1363449
5444567
9785262
143983999
1715576
1117964
--STOP--
++STRT++
9682694
85966834
5626960
1364566
5428389
9771472
144211898
1719889
1118232
--STOP--
++STRT++
10278612
86143749
5622273
1362888
5433022
9740478
144105171
1717203
1126620
--STOP--
++STRT++
9677763
86326180
5655290
1315922
5380014
9730985
143895228
1799533
1120635
--STOP--
++STRT++
10304503
85935786
5655207
1316952
5376040
9811345
144175677
1757242
1135514
--STOP--
++STRT++
10087351
86549546
5622920
1316584
5467141
9712222
143979083
1722734
1125278
--STOP--
++STRT++
10279575
86126951
5647494
1314307
5372528
9783844
143925438
1720328
1134055
--STOP--
++STRT++
9671627
86687492
5654108
1316848
5417475
9701587
144181510
1732964
1139371
--STOP--
++STRT++
10148131
86048895
5649025
1321642
5373715
9817077
143925853
1775481
1166180
--STOP--
++STRT++
9943731
86536250
5648623
1314213
5403863
9777569
144181392
1732649
1123075
--STOP--
++STRT++
10864173
86196276
5616498
1364012
5430466
9750607
144013211
1761585
1123823
--STOP--
++STRT++
10213570
86128413
5651528
1314766
5401621
9693934
144132007
1721947
1117288
--STOP--
++STRT++
9970180
86145855
5650460
1314299
5397768
9767506
144625354
1770463
1112859
--STOP--
++STRT++
9888611
85856736
5616690
1316218
5462080
9751861
144212472
1726600
1121912
--STOP--
++STRT++
9820566
86693395
5647586
1317549
5437209
9840930
144177685
1707846
1120994
--STOP--
++STRT++
10682079
86809070
5643942
1314160
5385690
9798507
144147505
1818131
1137058
--STOP--
++STRT++
10343489
86204776
5645401
1322420
5372089
9800429
144048689
1734885
1126390
--STOP--
++STRT++
10442579
85841009
5662699
1315525
5432867
9766052
144081740
1716298
1203983
--STOP--
++STRT++
10382572
86087621
5648881
1320057
5382123
9808022
144184510
1770118
1122674
--STOP--
++STRT++
10008485
85823435
5660178
1316140
5424435
9711985
144080364
1724855
1127046
--STOP--
++STRT++
11018629
86163843
5644964
1316077
5438142
9791658
144063020
1738804
1119183
--STOP--
++STRT++
10635779
86715526
5736963
1366925
5421103
9740142
143891890
1719847
1128652
--STOP--
++STRT++
9614431
86122401
5620527
1360684
5424065
9749180
144631121
1734298
1120868
--STOP--
++STRT++
10431961
86000019
5660425
1315386
5428958
9758290
144201585
1708536
1194533
--STOP--
++STRT++
9564532
86950482
5641745
1321588
5375889
9799338
144155520
1732788
1122585
--STOP--
++STRT++
9636326
86117196
5652498
1314053
5422817
9737097
144096203
1719283
1123726
--STOP--
++STRT++
10060887
86221627
5663425
1312933
5425550
9733288
144051194
1744929
1129518
--STOP--
++STRT++
10040820
86435371
5657048
1316485
5418643
9741981
144127322
1727076
1124270
--STOP--
++STRT++
9680920
86213322
5616050
1315545
5419567
9746351
144187086
1711035
1120714
--STOP--
++STRT++
9999088
85955170
5619222
1357239
5485556
9700266
144107067
1723262
1113602
--STOP--
++STRT++
9632156
86556006
5624585
1361255
5435922
9752945
143998324
1706956
1116774
--STOP--
++STRT++
10473487
87292004
5614075
1358157
5429249
9800836
144067345
1715210
1120510
--STOP--
++STRT++
10513482
85626933
5643521
1314752
5427628
9740339
144168657
1731683
1134339
--STOP--
++STRT++
9754075
86712335
5647949
1315521
5379389
9770506
144179464
1786871
1125948
--STOP--
++STRT++
9996040
86480267
5661601
1317307
5380479
9811363
144288239
1786386
1115410
--STOP--
++STRT++
10531054
86624838
5647104
1316166
5378037
9763055
144288030
1788799
1122742
--STOP--
++STRT++
10654826
86056911
5644475
1322780
5404177
9688601
144330920
1718076
1111756
--STOP--
++STRT++
10456101
86512002
5657190
1314836
5404387
9708483
144120664
1735063
1135026
--STOP--
++STRT++
9811747
87006959
5653379
1315716
5411696
9707927
144135535
1725151
1120788
--STOP--
++STRT++
9743070
85616014
5655383
1321291
5421736
9690764
144211473
1719502
1117853
--STOP--
++STRT++
10608627
85780798
5614705
1316397
5409259
9721769
143913967
1723492
1128954
--STOP--
++STRT++
9967194
86325150
5621925
1360149
5449981
9738994
144084027
1714434
1115915
--STOP--
++STRT++
10214350
86631099
5655064
1314038
5431098
9747876
143852914
1724096
1126943
--STOP--
++STRT++
10045533
86694979
5653379
1315037
5483992
9723907
144236181
1722557
1120958
--STOP--
++STRT++
9574036
86230076
5660766
1314321
5411872
9735466
144494767
1735517
1124448
--STOP--
++STRT++
9911963
86406080
5698631
1316236
5376413
9757831
144004126
1791399
1143837
--STOP--
++STRT++
9878004
86248831
5734238
1316365
5381049
9740040
144407603
1766140
1124020
--STOP--
++STRT++
9770378
86427322
5655503
1315165
5434448
9758983
144066102
1710903
1216723
--STOP--
++STRT++
9551967
87027974
5643683
1315797
5416054
9742732
144287154
1766932
1118691
--STOP--
++STRT++
10321517
85847427
5648508
1313615
5383972
9755548
144061332
1775300
1123384
--STOP--
++STRT++
10697810
86325062
5657798
1315466
5427416
9783014
144162553
1786371
1143278
--STOP--
++STRT++
10900136
86252573
5638874
1315548
5383890
9804554
143966851
1767048
1125505
--STOP--
++STRT++
9970359
85893036
5651505
1314534
5374901
9762328
144376950
1720208
1121077
--STOP--
++STRT++
10231707
86192551
5611166
1316335
5433840
9764684
144054437
1725991
1131330
--STOP--
++STRT++
10243216
86404778
5621488
1322637
5431918
9743916
144315820
1725559
1122981
--STOP--
++STRT++
9872405
86410258
5615263
1359319
5435091
9759271
144073046
1720549
1124137
--STOP--
++STRT++
9530186
85708668
5627104
1360746
5425537
9746616
144088063
1721086
1131014
--STOP--
++STRT++
10091922
86134353
5623672
1365486
5436223
9753937
143960494
1713679
1123677
--STOP--
++STRT++
9426437
86105736
5661097
1365806
5436335
9778626
144116645
1719850
1119505
--STOP--
++STRT++
9613847
85929355
5649709
1315625
5386220
9803496
144137698
1772556
1129840
--STOP--
++STRT++
9499138
85979904
5651675
1316358
5381366
9805589
144070772
1767479
1112631
--STOP--
++STRT++
10542543
86701914
5654345
1315936
5412774
9751104
144211377
1741527
1122376
--STOP--
++STRT++
10097533
85921376
5647138
1315174
5440633
9765035
144008099
1771531
1134163
--STOP--
++STRT++
10114193
86016601
5652301
1315897
5381906
9822255
144130764
1775115
1126658
--STOP--
++STRT++
10674070
86199524
5649689
1316850
5376524
9731446
144199941
1728532
1117426
--STOP--
++STRT++
9798533
86504921
5621775
1367867
5435110
9825167
144112677
1716240
1117544
--STOP--
++STRT++
9929935
86144865
5620997
1315933
5430755
9758408
144516193
1721678
1126746
--STOP--
++STRT++
10414465
85932649
5620455
1360164
5430609
9724461
144080661
1714013
1110941
--STOP--
++STRT++
9485581
87298007
5618409
1315631
5410985
9735261
144074755
1719953
1112615
--STOP--
++STRT++
10561307
86108360
5627281
1360761
5439280
9736573
143941985
1716977
1122102
--STOP--
++STRT++
9833531
85811296
5625467
1313809
5413919
9790552
143850839
1738167
1122105
--STOP--
++STRT++
9706792
85789228
5647718
1315748
5433670
9741255
143927265
1730556
1120596
--STOP--
++STRT++
10717194
86416173
5652671
1317292
5421645
9768342
144102798
1729412
1137359
--STOP--
++STRT++
10498919
86422654
5658805
1315210
5422096
9724028
144267927
1751472
1129289
--STOP--
++STRT++
9582141
85956478
5651979
1315643
5380621
9750770
144272809
1721984
1116524
--STOP--
++STRT++
10488182
85767699
5648654
1315055
5382563
9822661
144227977
1770083
1118785
--STOP--
++STRT++
9683102
85846354
5649748
1320558
5406733
9726585
144122766
1716458
1119471
--STOP--
++STRT++
9708439
86118982
5656020
1314810
5391910
9779432
144130135
1732897
1134023
--STOP--
++STRT++
9904337
85629214
5622675
1315343
5435351
9743825
144113371
1724815
1116270
--STOP--
++STRT++
10087473
86349440
5622115
1368265
5412616
9720378
144003986
1720930
1126138
--STOP--
++STRT++
9651556
86393934
5622307
1358290
5437768
9788020
144147166
1715157
1114164
--STOP--
++STRT++
9871091
85668397
5621967
1361856
5411055
9786917
144076211
1716831
1117449
--STOP--
++STRT++
10577904
87596042
5649787
1315117
5416537
9737679
144099134
1713419
1206574
--STOP--
++STRT++
11140874
86971032
5625003
1394442
5422606
9761407
143976348
1742762
1118097
--STOP--
++STRT++
10523264
85895672
5618868
1357270
5414042
9732653
143980865
1720252
1122503
--STOP--
++STRT++
11057051
86660798
5650597
1315395
5412441
9750390
143917158
1736798
1202487
--STOP--
++STRT++
9746844
86036434
5620575
1362192
5414880
9728950
144023370
1723250
1120653
--STOP--
++STRT++
9941405
85940043
5616798
1315807
5431404
9751614
143925716
1752766
1125813
--STOP--
++STRT++
9955222
86928420
5654103
1315950
5378834
9781782
144115876
1787964
1130508
--STOP--
++STRT++
9517914
86582345
5616848
1313111
5426698
9746173
143949208
1737866
1123362
--STOP--
++STRT++
9845271
86379807
5619925
1315786
5432111
9699557
144147097
1727131
1117032
--STOP--
++STRT++
11447638
85757684
5618500
1360226
5479792
9786372
143932964
1727411
1121167
--STOP--
++STRT++
9995181
85583930
5619925
1358101
5427646
9782629
144108932
1715502
1111132
--STOP--
++STRT++
9535234
85932686
5618148
1356065
5431399
9736121
144012744
1742734
1129317
--STOP--
++STRT++
10171424
86070443
5618404
1313122
5408996
9743148
143963616
1715881
1117142
--STOP--
++STRT++
10285819
86233144
5614455
1321999
5435391
9715522
144022974
1722457
1119101
--STOP--
++STRT++
10770329
86258398
5622832
1359228
5431288
9790049
144127279
1726982
1122095
--STOP--
++STRT++
9928469
86214097
5623316
1316343
5425017
9740159
144082948
1713015
1113375
--STOP--
++STRT++
9739496
85851774
5621808
1316000
5415881
9753446
144288924
1728308
1125643
--STOP--
++STRT++
9982335
86535929
5613716
1317945
5436050
9777909
144425785
1704094
1177852
--STOP--
++STRT++
10164876
86242482
5623145
1360944
5417193
9782731
144081019
1720896
1132199
--STOP--
++STRT++
10835448
86338268
5658408
1314814
5433778
9728720
144168728
1728254
1137527
--STOP--
++STRT++
9601027
86165257
5648572
1315893
5380860
9745463
144096471
1769365
1124655
--STOP--
++STRT++
9614259
86070065
5615873
1361529
5413128
9781258
144183806
1712766
1116317
--STOP--
