++STRT++
17392718
130723052
7851845
1769886
7653019
13178066
221703266
2402101
1509298
--STOP--
++STRT++
17571205
132138021
7938292
1770623
7749777
13161735
220844427
2451534
1529602
--STOP--
++STRT++
17565950
131513209
7994149
1774692
7726265
13167464
220943528
2395528
1517427
--STOP--
++STRT++
17644645
132050627
7826230
1770312
7568353
13127033
221359310
2420602
1532521
--STOP--
++STRT++
17366964
131139920
7808151
1765187
7625326
13104754
221553182
2410120
1515109
--STOP--
++STRT++
17453467
132204613
7865757
1828421
7597254
13189799
221338968
2412101
1527435
--STOP--
++STRT++
17487740
132592192
7755052
1777986
7550627
13144625
220957706
2486197
1519840
--STOP--
++STRT++
17565662
132724589
7822294
1809511
7566791
13092116
220865082
2495305
1687614
--STOP--
++STRT++
17961151
132051130
7885959
1771188
7743251
13123328
221328481
2515886
1546217
--STOP--
++STRT++
17399693
132775245
7917870
1833012
7580378
13195379
220895060
2399681
1571774
--STOP--
++STRT++
17403586
131262558
7867975
1838695
7587469
13188490
221343294
2391231
1505070
--STOP--
++STRT++
17636468
131455707
7915283
1836208
7674420
13166281
221472548
2418158
1604910
--STOP--
++STRT++
17983884
131913968
7907270
1766830
7721580
13138715
221013589
2434457
1533673
--STOP--
++STRT++
17549487
131706269
7876198
1828391
7637586
13180637
221193177
2435324
1530393
--STOP--
++STRT++
17382168
131697028
7828510
1765746
7561579
13135134
221234365
2455817
1522569
--STOP--
++STRT++
17430719
130877514
7949769
1832633
7544950
13129155
221409965
2391042
1516321
--STOP--
++STRT++
17395160
131753923
7811240
1769304
7469690
13062550
221672592
2463788
1529578
--STOP--
++STRT++
17511314
131334511
7921560
1767167
7506063
13141926
220832875
2462425
1606806
--STOP--
++STRT++
17377382
131047210
7978770
1768390
7639286
13183596
221098113
2406611
1517438
--STOP--
++STRT++
17425344
131801647
7824855
1769868
7625890
13158376
221043894
2506313
1515415
--STOP--
++STRT++
17467623
131195263
7922700
1811117
7510504
13227463
221622926
2400158
1510945
--STOP--
++STRT++
17465740
131697014
7791397
1767988
7482258
13130604
221766054
2423147
1558816
--STOP--
++STRT++
17474945
130761146
8067391
1769564
7662631
13107125
221430427
2475318
1568733
--STOP--
++STRT++
17543109
130927841
7892830
1770417
7687562
13162380
221432626
2399166
1512483
--STOP--
++STRT++
17348225
131551781
7885179
1771289
7686518
13162983
221217717
2434491
1504647
--STOP--
++STRT++
17341168
132158609
7878851
1771454
7540069
13115256
221243711
2415795
1661165
--STOP--
++STRT++
17793577
131940437
7810088
1771796
7541887
13167626
221032323
2404290
1517403
--STOP--
++STRT++
17881991
131986646
7836556
1768533
7574092
13108555
221840517
2464041
1506016
--STOP--
++STRT++
17410230
131349037
7925914
1760525
7648120
13159709
221212350
2393909
1515390
--STOP--
++STRT++
17371710
131808242
7956805
1773102
7913462
13129398
221845424
2470807
1528214
--STOP--
++STRT++
17940106
132707844
7837825
1773775
7595778
13137941
221259124
2442411
1586476
--STOP--
++STRT++
17420582
131207418
7787594
1773320
7541991
13163287
221323793
2399398
1516339
--STOP--
++STRT++
17443899
130966307
7912392
1768018
7636976
13170181
221126927
2413661
1518141
--STOP--
++STRT++
17393458
130997465
7776684
1779219
7586139
13097961
221153577
2448458
1521024
--STOP--
++STRT++
17352124
131257431
7796624
1766323
7724607
13178582
221447058
2419999
1520727
--STOP--
++STRT++
17522037
131335011
7835705
1833313
7498356
13166220
221758207
2423976
1634722
--STOP--
++STRT++
17365899
131269943
7847699
1767457
7627389
13171292
220873329
2438715
1507126
--STOP--
++STRT++
17444533
131417503
7950339
1827110
7613576
13156598
221531032
2395028
1519373
--STOP--
++STRT++
17428909
132754831
7858852
1772073
7489513
13139929
221095375
2404969
1513207
--STOP--
++STRT++
17378168
131589311
8059476
1772024
7701469
13126907
220942486
2506581
1649191
--STOP--
++STRT++
17506832
131864669
7852409
1780850
7607734
13120161
221165109
2455380
1518912
--STOP--
++STRT++
17483842
131364954
7955446
1769256
7604545
13180498
221520294
2499945
1548980
--STOP--
++STRT++
17853077
131839288
7842038
1773959
7556160
13172880
221446913
2404789
1532163
--STOP--
++STRT++
17448257
131122066
7758201
1766000
7645419
13165520
221411126
2406645
1506423
--STOP--
++STRT++
17687687
131799170
7923007
1770513
7563946
13180703
221431428
2487970
1520317
--STOP--
++STRT++
17325571
132713891
7802127
1763724
7569339
13112945
221443879
2403431
1534146
--STOP--
++STRT++
17320930
130941838
7882563
1767269
7542226
13143718
221338994
2384142
1513313
--STOP--
++STRT++
17428368
130931638
7806006
1820888
7628138
13139386
221374384
2370884
1594643
--STOP--
++STRT++
17354812
131123779
7930351
1772094
7659742
13130467
221425578
2392355
1501238
--STOP--
++STRT++
17488852
131199287
7848860
1766343
7721556
13064348
221516512
2422104
1523292
--STOP--
++STRT++
17313993
131767946
7887873
1833390
7597125
13187444
221562318
2438011
1575013
--STOP--
++STRT++
17537824
132455393
8115207
1766932
7649873
13155263
221676434
2446541
1552505
--STOP--
++STRT++
17388397
131882882
7808073
1833043
7667360
13148425
221402960
2416287
1621291
--STOP--
++STRT++
17559649
131360790
7892917
1768438
7501595
13164613
221031421
2406386
1513413
--STOP--
++STRT++
17379152
131073138
7984454
1774259
7597600
13205271
221077942
2500313
1544550
--STOP--
++STRT++
17551040
130884011
7726669
1770850
7587838
13154609
221215747
2397354
1520415
--STOP--
++STRT++
17341578
131304681
7859745
1840864
7569658
13186465
221531644
2471826
1522322
--STOP--
++STRT++
17457250
131739148
7805795
1770269
7536210
13175590
221127118
2420822
1520971
--STOP--
++STRT++
17535370
131591166
7785920
1768288
7601565
13108790
222042770
2464396
1522898
--STOP--
++STRT++
17452078
132249280
7920077
1778826
7513335
13192395
221135946
2422261
1524456
--STOP--
++STRT++
17490501
132038160
7778503
1766126
7774427
13178006
220831578
2472571
1522570
--STOP--
++STRT++
17448258
130748224
7723025
1765166
7693385
13167362
220810975
2396692
1512107
--STOP--
++STRT++
17548889
131710504
7843596
1769412
7643737
13125294
221448903
2412404
1609918
--STOP--
++STRT++
17420417
132157108
7812970
1771372
7527425
13160618
221697852
2419385
1554230
--STOP--
++STRT++
17424882
131257086
7786905
1834027
7596561
13146502
221247518
2398694
1597237
--STOP--
++STRT++
17438372
131816604
7883088
1832535
7498845
13140138
221290876
2383355
1595401
--STOP--
++STRT++
17703526
131356364
7865523
1827259
7627829
13178748
221297367
2423503
1529440
--STOP--
++STRT++
17451394
131745688
7867722
1827555
7609263
13177261
220971302
2402574
1516679
--STOP--
++STRT++
17360242
131668306
7870157
1768798
7586434
13168569
221635098
2427043
1528045
--STOP--
++STRT++
17534711
130932486
7914341
1832145
7638722
13192320
222224008
2383960
1502351
--STOP--
++STRT++
17425596
130789987
7874583
1766102
7607815
13117077
221668008
2472726
1504776
--STOP--
++STRT++
18018774
132176101
7895847
1770856
7710508
13184118
221569239
2411658
1524204
--STOP--
++STRT++
17562158
131418800
7830858
1768829
7495749
13109151
221062323
2462305
1518552
--STOP--
++STRT++
17489142
132145027
7917124
1825482
7484192
13164788
221516772
2566627
1633731
--STOP--
++STRT++
17393740
131619677
7873558
1773661
7597082
13143051
221147008
2462081
1517391
--STOP--
++STRT++
17396639
131315133
7908385
1770707
7659121
13229771
221477520
2412548
1512937
--STOP--
++STRT++
17413998
131793656
7912745
1807182
7564089
13186246
220683558
2408141
1529100
--STOP--
++STRT++
17404841
131739106
7925687
1787245
7702821
13090746
221434159
2457728
1513938
--STOP--
++STRT++
17449366
130972720
7966318
1763114
7519910
13164070
221063081
2422808
1533167
--STOP--
++STRT++
17557980
131215493
7904246
1828875
7765753
13131443
221704626
2382354
1578465
--STOP--
++STRT++
17457824
132199593
7802077
1767193
7591710
13145776
221590800
2383658
1520811
--STOP--
++STRT++
17429877
131096493
8113377
1766669
7620143
13224774
221502378
2402017
1525146
--STOP--
++STRT++
17372013
131151684
7869012
1765122
7618400
13128963
220888148
2406388
1535869
--STOP--
++STRT++
17366123
131781321
8007496
1766097
7671792
13172963
221169984
2422597
1494427
--STOP--
++STRT++
17427284
132699169
7867370
1766355
7659746
13116990
221362382
2465834
1513041
--STOP--
++STRT++
17424619
130918449
7884104
1768537
7579129
13163605
221209972
2454462
1554222
--STOP--
++STRT++
17377328
131494793
7797655
1765348
7546877
13117130
221514782
2500013
1557656
--STOP--
++STRT++
17623603
132233182
7916816
1832868
7567558
13157330
221591697
2415760
1517429
--STOP--
++STRT++
17439393
132227471
7802139
1768248
7624926
13171284
221118228
2460458
1522358
--STOP--
++STRT++
17806631
130856677
7872228
1765773
7541144
13166510
221696816
2409789
1518780
--STOP--
++STRT++
17474226
131864125
7954637
1766622
7623871
13157393
220676534
2391348
1510249
--STOP--
++STRT++
17376404
130864568
7881784
1769611
7519077
13129481
221391485
2373085
1605729
--STOP--
++STRT++
17349454
131360149
7937771
1779492
7723386
13212248
221239148
2384395
1512109
--STOP--
++STRT++
17396765
130754966
7755792
1832313
7516302
13116735
221251363
2383422
1606699
--STOP--
++STRT++
17442880
131341890
8006977
1765138
7768206
13065512
222060786
2445606
1512097
--STOP--
++STRT++
17374635
131277032
7762585
1773279
7690516
13175635
221094005
2420870
1515838
--STOP--
++STRT++
17972053
132235087
7844767
1774499
7623270
13144544
221261207
2419227
1516804
--STOP--
++STRT++
17531129
131596758
7832914
1774403
7667347
13179355
220982064
2426270
1530888
--STOP--
++STRT++
17416249
131603163
7899571
1769643
7687702
13177894
221168754
2444799
1506057
--STOP--
++STRT++
17452100
131362707
7796254
1765155
7655761
13182054
221469652
2418659
1521146
--STOP--
++STRT++
17457019
131826679
7775043
1772777
7509207
13181375
221139487
2390163
1510591
--STOP--
++STRT++
17594870
131491526
7784474
1763967
7672311
13167528
221622990
2403469
1506026
--STOP--
++STRT++
17436336
132106271
7879461
1816599
7549021
13130827
221612097
2384437
1613515
--STOP--
++STRT++
18240734
131209922
7769421
1772301
7617783
13119606
222054591
2496217
1531968
--STOP--
++STRT++
17364838
130969665
7809874
1762308
7628807
13125698
221436920
2394798
1524052
--STOP--
++STRT++
17855431
131057868
7801141
1867756
7608611
13170153
221258870
2406591
1506524
--STOP--
++STRT++
17432634
131875865
7867444
1772127
7685384
13155700
221569149
2386214
1512897
--STOP--
++STRT++
17394539
131111462
7929177
1812317
7598241
13160687
221372817
2411530
1534874
--STOP--
++STRT++
17390178
131682357
7932715
1767986
7697613
13130170
221233670
2409274
1536120
--STOP--
++STRT++
17393343
131852294
7833017
1771747
7578628
13154422
220845996
2405586
1625934
--STOP--
++STRT++
17524442
131110073
7830294
1774181
7621075
13167965
220987449
2400714
1516183
--STOP--
++STRT++
17529965
131824521
7970589
1770727
7751972
13243047
221199408
2419670
1517882
--STOP--
++STRT++
17351253
131204594
7841526
1771704
7561442
13129459
220845576
2633090
1597888
--STOP--
++STRT++
17855353
131919021
7922810
1768092
7688590
13170755
221731950
2422281
1535277
--STOP--
++STRT++
17450853
131281657
7928749
1768569
7561372
13127156
221177850
2458656
1527906
--STOP--
++STRT++
17883374
132605186
7996146
1765857
7444805
13090890
221781411
2377466
1521641
--STOP--
++STRT++
17942350
131275733
7756008
1771324
7578827
13188461
221499094
2399208
1521757
--STOP--
++STRT++
18041170
131260062
7831070
1810454
7591986
13175857
221454184
2394437
1590611
--STOP--
++STRT++
17492085
131253419
7902453
1770567
7537782
13102023
221172073
2435711
1620173
--STOP--
++STRT++
17304916
131779390
7775536
1832013
7660422
13123152
220864623
2435857
1623221
--STOP--
++STRT++
17412850
130892920
7918026
1764477
7572226
13144283
221826479
2448868
1525728
--STOP--
++STRT++
17595000
131668539
7861208
1769698
7722359
13160678
221836973
2452239
1524124
--STOP--
++STRT++
17587943
131198345
7901274
1769170
7619687
13152728
220968894
2464081
1535542
--STOP--
++STRT++
17492149
132134034
7908093
1769049
7612210
13179251
221019736
2404386
1540629
--STOP--
++STRT++
17314755
132126041
8084122
1831772
7620887
13187881
221164165
2499057
1525391
--STOP--
++STRT++
17338229
132683491
7945971
1773064
7638582
13158289
221186411
2454317
1513574
--STOP--
++STRT++
17653608
131668995
7843360
1833068
7631420
13158885
221417270
2413547
1581728
--STOP--
++STRT++
17454480
131242280
7834344
1767549
7671746
13155708
221316756
2400708
1514191
--STOP--
