++STRT++
871839839
1090019185
85963568
18376815
83240263
136881568
-639177323
51116664
24371999
--STOP--
++STRT++
872487961
1042936612
85767989
18343458
83511339
136923092
-634751946
50548665
26091261
--STOP--
++STRT++
872395065
1060820385
86018790
18465019
83637344
137022627
-635219637
51084362
25322874
--STOP--
++STRT++
873307282
1038175169
85792904
18348909
83343797
136816941
-644037685
51508250
24257852
--STOP--
++STRT++
871676560
1097246482
85903264
18360622
83771785
136839155
-637263871
50565096
24457945
--STOP--
++STRT++
872686045
1088087342
85846582
18338298
83815520
136896326
-630699253
50537451
24443957
--STOP--
++STRT++
873043708
1093741146
86216280
18360214
83399465
136891791
-634925424
50873559
25292436
--STOP--
++STRT++
873435346
1038927830
86276890
18352054
83372122
136935462
-640897440
50617178
24405766
--STOP--
++STRT++
872019352
1007249974
85815874
18276575
83281468
136788397
-637820569
50526223
24016065
--STOP--
++STRT++
872994537
1049803378
86133811
18340569
83720186
136935600
-637367045
50708570
24298950
--STOP--
++STRT++
873307263
1071322567
85951750
18369666
83497484
136906330
-649100144
50480029
24155906
--STOP--
++STRT++
875173284
990391372
85889359
18345660
83488881
136795376
-653827639
50390506
23918064
--STOP--
++STRT++
873625492
1065023162
86302881
18337753
83555202
136927398
-651286206
50514338
23952318
--STOP--
++STRT++
872928670
1030831906
85902636
18320291
83397700
137005508
-639821348
50688839
25143372
--STOP--
++STRT++
872066710
1076659400
86354243
18349533
83390184
136932359
-639559090
50534024
24477117
--STOP--
++STRT++
874312569
1035614130
86175012
18406170
83813246
136998371
-610336802
50276442
24170552
--STOP--
++STRT++
873010359
1018018054
86394590
18317578
83860406
136945436
-653477047
50467219
24285586
--STOP--
++STRT++
872305747
989622381
85774835
18311323
83677167
136804189
-642506696
50335340
24391284
--STOP--
++STRT++
872488924
922194057
86255376
18361883
84037543
136836234
-643307970
50507905
23880894
--STOP--
++STRT++
873774625
988650040
86162192
18257136
83478130
136801546
-642609243
50692960
24477817
--STOP--
++STRT++
872177783
972842466
85863241
18440000
83712735
136886842
-632928262
50573624
24825617
--STOP--
++STRT++
873300800
1070172366
85845304
18345008
83780797
136889796
-645202812
50468406
24525574
--STOP--
++STRT++
873142571
922691876
86316558
18318576
83566887
136792404
-637585087
50609268
24187307
--STOP--
++STRT++
872852674
1018726533
85730444
18242798
83802056
136776364
-642967337
50570586
24513691
--STOP--
++STRT++
872369372
973438774
85981027
18337442
83704063
136831720
-631622283
50844035
24109666
--STOP--
++STRT++
876569411
990383134
86131715
18329049
83349368
136783770
-636888957
50677719
23790414
--STOP--
++STRT++
872119120
986844012
86279722
18296046
83963492
137012365
-626757892
50543279
23916324
--STOP--
++STRT++
873967107
1024527899
85960653
18352005
83653906
137026583
-651261245
50533723
24568772
--STOP--
++STRT++
871876872
967354692
85941690
18324775
83753154
136768054
-645123819
50352622
24045554
--STOP--
++STRT++
874517838
946513574
85834047
18306478
83712157
136780880
-649319980
50707397
23665235
--STOP--
++STRT++
871520098
928322329
85964218
18325037
83775808
136843039
-640567475
50300149
24530806
--STOP--
++STRT++
872494630
961067974
85891959
18367586
83977908
136881663
-639862450
50245182
23826071
--STOP--
++STRT++
871849226
992454787
85650303
18342682
83441801
136871133
-633308400
50545780
24017798
--STOP--
++STRT++
875837206
1024363278
85923275
18272781
84010414
136877788
-659684600
50474785
24069883
--STOP--
++STRT++
872146650
1051312971
85902870
18322046
83457136
136867308
-645952889
50477021
24607351
--STOP--
++STRT++
874046025
991017944
85857803
18330195
83385969
136808020
-633969303
50717953
24601318
--STOP--
++STRT++
873185252
1013639104
86118381
18323713
83457984
136854992
-637863689
50475881
23743154
--STOP--
++STRT++
873799211
997524756
85912791
18299421
83731685
136947890
-642510442
50710620
24669733
--STOP--
++STRT++
873967838
961621561
85857224
18354828
83840134
136955069
-631021694
50583809
24593091
--STOP--
++STRT++
874444647
1036766972
86322927
18323360
83493403
136892584
-645509039
50597372
24173469
--STOP--
++STRT++
873341128
988051066
86166936
18283452
83658629
136801130
-646498519
50530212
24195076
--STOP--
++STRT++
874297273
1037812239
85746082
18339290
83680543
136833881
-647225453
50854436
24770163
--STOP--
++STRT++
872280614
992677625
85632692
18325580
83303009
136903678
-636645616
50536006
23676708
--STOP--
++STRT++
872917122
1005330624
86105078
18338758
83807037
137013438
-631077087
50516057
23770075
--STOP--
++STRT++
872979292
1034486490
85882507
18300160
83527469
136846090
-645599970
50550134
24371553
--STOP--
++STRT++
873614191
923321437
86240564
18355365
83527686
136932319
-655157389
50389542
23685894
--STOP--
++STRT++
874464342
1028522070
85968244
18390870
83430234
136923321
-632269919
50778959
23731156
--STOP--
++STRT++
873567938
1019054411
85821481
18374125
83438171
136985529
-642984197
50526343
24299760
--STOP--
++STRT++
871816537
997915962
86184428
18408554
83687914
136898217
-629396201
50783174
24412122
--STOP--
++STRT++
873235142
1013003981
85825342
18325063
83400655
136794133
-633907597
50573669
24949162
--STOP--
++STRT++
876360881
1019693413
86236153
18353883
83385990
136806545
-629530112
50734842
23880845
--STOP--
++STRT++
874676111
1005145239
86344555
18345616
83611404
136885138
-644475788
50233597
23568441
--STOP--
++STRT++
874329794
1042090988
86438168
18365999
83788867
136904716
-640262610
50427736
25014964
--STOP--
++STRT++
872448044
1047936158
86171892
18347443
83578634
137012170
-635856598
50467757
23791086
--STOP--
++STRT++
873003447
1047435097
86153415
18305034
83666664
136795404
-630856621
50696548
23713637
--STOP--
++STRT++
874066501
1048066688
85799778
18338406
83360658
136913682
-634210026
50673226
24909117
--STOP--
++STRT++
872519713
1021930104
86327051
18322126
83380877
136914518
-641655768
50745494
24362863
--STOP--
++STRT++
871821928
1053475214
86307146
18333102
83340009
136940165
-644746516
50753176
24148281
--STOP--
++STRT++
874344575
1021410288
85877623
18281066
83326626
137079935
-642305674
50425194
23696484
--STOP--
++STRT++
877868841
1050119821
85919822
18346896
83756260
136854067
-640486170
50798246
24691698
--STOP--
++STRT++
873970011
1029379087
86330937
18322606
83728840
136850595
-630857727
50672326
24822169
--STOP--
++STRT++
874153489
1008883111
86058883
18319032
83394463
136879078
-650168700
50684716
23858334
--STOP--
++STRT++
872808121
990953681
85861527
18333833
83631311
136790798
-647381806
50514353
24687886
--STOP--
++STRT++
873745301
1030531566
85789606
18325067
83647638
137004420
-636749509
50639829
24533668
--STOP--
++STRT++
873372002
987144125
86211894
18366354
83373023
136913024
-643366004
50561691
23752704
--STOP--
++STRT++
873961276
1028667363
85799490
18328173
83392503
136955537
-642590191
50450814
24020317
--STOP--
++STRT++
872615891
1029835434
86064206
18324858
83841827
136968948
-637215943
50275865
24882001
--STOP--
++STRT++
873109148
1012861860
85975359
18331942
83382745
136853146
-635864318
50553144
24747438
--STOP--
++STRT++
872112074
1056257023
86029215
18331237
83729391
136902962
-638063808
50411749
23690205
--STOP--
++STRT++
872086792
1011575571
85803582
18341473
83871347
136970552
-650828794
50465052
23998786
--STOP--
++STRT++
873055329
1062340563
85983602
18386053
83814108
136898911
-640901417
50263542
24406281
--STOP--
++STRT++
873243168
978851959
86033333
18388895
83612036
137088916
-628756183
50472125
24010830
--STOP--
++STRT++
872932041
1028201328
85750671
18318785
83424596
136827000
-644738707
50628872
23701746
--STOP--
++STRT++
874814153
1009018372
86248007
18299860
83609690
136964204
-641470294
50773984
24021876
--STOP--
++STRT++
873524518
1050201696
86036756
18324300
83854176
137061078
-642547281
50574329
24201740
--STOP--
++STRT++
873526823
1054508191
86272036
18372012
83621017
136899440
-634160935
50596368
23853812
--STOP--
++STRT++
877697484
997908247
85840409
18328299
83752199
136961337
-628975892
50508817
24042882
--STOP--
++STRT++
872878453
991450936
85859249
18356997
83702943
136981710
-640264602
50592065
24663812
--STOP--
++STRT++
873842878
949662151
85926543
18365188
83803350
136969793
-646005680
50247005
24688415
--STOP--
++STRT++
874385491
979549085
85810228
18313656
83705242
136964881
-646125690
50378702
24860447
--STOP--
++STRT++
875283650
1006656997
86264293
18329873
83715017
136780176
-632853775
50433694
23578612
--STOP--
++STRT++
875132926
1049591938
86123963
18337865
83497587
136808632
-635270281
50102837
24415014
--STOP--
++STRT++
874561342
1036711263
86322992
18334343
83386867
136739941
-638197075
50576347
24592538
--STOP--
++STRT++
876210965
1068598999
85940318
18330569
83682056
136798170
-647263208
50801463
23878209
--STOP--
++STRT++
873620637
1055173776
86233077
18298506
83732488
136825140
-634813822
50435562
24200670
--STOP--
++STRT++
876959222
1031472734
86375082
18369673
83533734
136933305
-647089940
50756801
24192052
--STOP--
++STRT++
871972124
1002562260
86062940
18334051
83596524
136926692
-634023285
50616351
23970261
--STOP--
++STRT++
874303138
1039874695
85812604
18336704
83424681
136870886
-635524288
50391477
24871300
--STOP--
++STRT++
871829750
1063923964
86243181
18313913
83731662
136732623
-633040557
50541870
23817310
--STOP--
++STRT++
874625403
1000104127
86389863
18331036
83677019
136804577
-637373789
50443429
23951701
--STOP--
++STRT++
875722700
1008614657
85842753
18352713
83856693
136959446
-630808257
50765954
25305308
--STOP--
++STRT++
875035819
1053645900
85755120
18336883
83723108
136759793
-633491458
51372125
25351649
--STOP--
++STRT++
873354159
1044451153
86238822
18319888
83811663
136834622
-648830366
50341059
23737219
--STOP--
++STRT++
874046262
1070633391
86275030
18315726
83717470
136789057
-640768773
50891911
23962295
--STOP--
++STRT++
874808428
1040536167
85843345
18350415
83471297
136922913
-645840094
50845159
24397979
--STOP--
++STRT++
875169323
1011042722
86166294
18318273
83896108
136989602
-627697644
50544158
23724409
--STOP--
++STRT++
873197106
1054592163
85707000
18323524
83406496
136801807
-631785860
50534262
24167656
--STOP--
++STRT++
872968749
1025189899
86229884
18351104
83418203
136938926
-650345614
50652589
24988178
--STOP--
++STRT++
871819241
1071309433
86066467
18327617
83494801
136894185
-640807182
50854930
24566629
--STOP--
++STRT++
874284955
1081161483
86190605
18334934
83626845
136876644
-635451997
50376432
24322229
--STOP--
++STRT++
873657386
1096036471
85803417
18319991
83482554
136864831
-624775131
50501703
24111867
--STOP--
++STRT++
872872312
964644976
85836876
18311712
83570754
136968846
-649974215
50503489
24771039
--STOP--
++STRT++
872312963
1014574467
86068814
18357564
83740823
137000667
-647977292
50544290
24028466
--STOP--
++STRT++
872261889
1037779935
85799843
18331144
84061981
137079917
-637495799
50154629
23976342
--STOP--
++STRT++
873340904
1004826752
86325572
18368752
83587902
136843328
-631144975
50639636
24211464
--STOP--
++STRT++
875662103
980833800
85929655
18356903
83545620
136904687
-633289413
50956459
24747976
--STOP--
++STRT++
871808866
950886134
86359318
18372636
83381708
136953598
-624688235
50350214
24381715
--STOP--
++STRT++
872028289
930093618
86348978
18325395
83827881
136835930
-651071647
50567613
23978459
--STOP--
++STRT++
872514349
988750574
85813919
18342796
83843738
136984618
-646006287
50377909
24310789
--STOP--
++STRT++
873240220
972980312
85747706
18343315
83346059
136888315
-637688598
50390226
24606663
--STOP--
++STRT++
876513395
981898183
86303074
18377623
83617332
136835540
-640818553
50256926
23915908
--STOP--
++STRT++
873279911
988817956
86244910
18320831
83415707
136843219
-626808001
50482478
23767008
--STOP--
++STRT++
873261151
962187446
86229443
18349155
83635162
136972464
-644755668
50130782
24992617
--STOP--
++STRT++
873439992
1016546214
86199753
18325877
83432567
136959868
-631994677
50409975
23944887
--STOP--
++STRT++
876000030
979172694
86281835
18321834
83464575
136802559
-635819855
50497500
23747963
--STOP--
++STRT++
874022972
976309297
85718828
18313093
83625720
136956487
-647613472
50563094
24727723
--STOP--
++STRT++
873038721
1008035491
85768439
18339156
83428029
136984313
-646538263
50590621
24898923
--STOP--
++STRT++
874576777
993415367
85739504
18322559
83730707
136960538
-643351486
50678100
24451868
--STOP--
++STRT++
872796420
1006442087
85701589
18355140
83723100
136854256
-647695921
50481395
24089156
--STOP--
++STRT++
872909140
1017020116
85791088
18365036
83448106
137010684
-635425310
50514764
24505735
--STOP--
++STRT++
872832273
956554791
86062062
18324996
83525817
136891184
-641023114
50178249
23781080
--STOP--
++STRT++
873781487
970644593
85975003
18280098
83723710
136910333
-638595298
50613403
24116142
--STOP--
++STRT++
874127865
997558833
86202425
18331595
83637909
137016667
-648658739
50627084
24404768
--STOP--
++STRT++
874327005
1019703109
86177960
18304048
83945107
136817442
-643038452
50554414
25254382
--STOP--
++STRT++
873450551
955334078
85896124
18311842
84007111
136851992
-621426112
50382133
24271858
--STOP--
++STRT++
874500722
954942476
85773889
18381833
83780704
136946701
-618810950
50705107
24334916
--STOP--
++STRT++
876578322
1019748603
86312508
18343058
83426264
136998315
-633189387
50387418
24748970
--STOP--
++STRT++
875622149
1038831801
85919069
18355915
83333503
136986730
-630782191
50432080
24099273
--STOP--
