++STRT++
26348115
184521292
9551318
2192839
9134376
16276247
319376228
3097195
1960131
--STOP--
++STRT++
26267497
185079367
9504787
2242847
9192664
16286336
318258528
3062533
1930780
--STOP--
++STRT++
26324485
184856960
9554441
2195345
9157891
16280989
318801291
3097213
1913877
--STOP--
++STRT++
26149597
185290011
9491301
2241115
9151490
16280763
322870722
3137454
2061330
--STOP--
++STRT++
26181781
184734716
9501662
2257564
9149516
16378047
322184895
3182979
1956599
--STOP--
++STRT++
26327158
186095272
9516968
2193609
9135019
16332189
318275922
3126931
2043408
--STOP--
++STRT++
26246085
185307988
9501875
2194274
9139772
16322293
320509053
3152427
1921147
--STOP--
++STRT++
26557687
185199381
9502435
2196434
9147378
16293333
320611957
3081022
2000514
--STOP--
++STRT++
26082312
185039725
9509275
2260893
9147972
16351496
318093317
3185517
1963525
--STOP--
++STRT++
26132156
184893939
9547822
2194644
9161361
16329181
320035288
3086897
2101461
--STOP--
++STRT++
26212671
185153266
9500377
2193779
9129254
16290714
319611203
3106079
1994828
--STOP--
++STRT++
26153068
184722524
9504792
2193614
9136179
16292815
320429313
3084695
1960723
--STOP--
++STRT++
26170747
185331727
9502758
2192931
9143400
16289670
319148550
3096843
2034886
--STOP--
++STRT++
26195650
184795834
9533934
2193212
9135333
16304992
317539959
3080441
1994641
--STOP--
++STRT++
26370781
184664089
9529039
2195440
9171212
16286418
318280699
3110629
1943132
--STOP--
++STRT++
26313583
184483541
9496324
2239929
9197801
16306117
318203166
3161388
1921278
--STOP--
++STRT++
26253764
186370722
9498049
2196275
9171101
16294434
319661574
3257804
1974775
--STOP--
++STRT++
26223126
184529650
9529385
2204634
9145722
16322021
319806580
3100264
2076499
--STOP--
++STRT++
26145285
184635160
9497287
2197190
9150614
16317776
317860880
3139896
1952099
--STOP--
++STRT++
26986910
185707836
9511139
2195640
9177375
16318620
321483936
3291138
1988054
--STOP--
++STRT++
26080351
185475805
9498982
2194756
9152493
16273142
319128737
3177495
1963956
--STOP--
++STRT++
26239030
184904649
9515373
2203320
9150466
16308527
321074650
3173269
1929224
--STOP--
++STRT++
26322264
184530878
9555229
2195832
9184022
16284073
321750799
3187078
1927021
--STOP--
++STRT++
26364715
184900585
9490604
2240023
9160603
16258609
320313403
3191496
1989810
--STOP--
++STRT++
26243272
185141705
9514280
2195351
9168763
16269419
318993251
3145595
1912779
--STOP--
++STRT++
26120968
185557990
9505567
2258930
9134984
16293240
319375986
3125557
1939536
--STOP--
++STRT++
26338879
185077574
9499547
2195209
9349982
16347789
319789661
3174232
1913732
--STOP--
++STRT++
26493816
184759280
9493580
2195834
9135256
16282657
317891999
3141081
2014827
--STOP--
++STRT++
26266284
185637371
9516625
2194573
9170028
16309591
317821450
3123455
1949653
--STOP--
++STRT++
26238908
185377229
9519841
2242208
9166592
16308907
320823331
3130315
1962563
--STOP--
++STRT++
26241749
185569700
9494104
2248948
9162864
16286271
319637206
3146576
1920602
--STOP--
++STRT++
26092682
184930596
9522716
2193835
9140704
16282754
320697192
3152064
1929424
--STOP--
++STRT++
26154110
184965147
9528665
2203878
9168894
16272786
317987060
3090917
2021787
--STOP--
++STRT++
26444389
184915452
9496322
2243531
9159916
16298469
322990344
3116384
1982485
--STOP--
++STRT++
26194656
185630993
9501316
2195021
9151339
16298345
322268425
3117160
1985254
--STOP--
++STRT++
26407742
184990999
9544136
2241882
9156168
16268245
317358960
3206945
1933968
--STOP--
++STRT++
26270550
185006681
9505568
2203878
9145398
16293671
317452572
3110659
1954011
--STOP--
++STRT++
26314398
184582923
9539759
2194109
9139347
16296236
318508862
3142920
1973982
--STOP--
++STRT++
26331313
184986487
9518493
2195203
9165339
16262864
317478773
3040569
1912137
--STOP--
++STRT++
26242876
184787019
9532514
2195268
9144106
16242364
319780202
3063106
2031774
--STOP--
++STRT++
26341997
184769262
9510593
2241701
9131057
16304815
318447481
3173367
1942507
--STOP--
++STRT++
26310382
184711458
9501497
2241515
9166519
16282783
318019087
3129741
1899678
--STOP--
++STRT++
26346272
184724765
9520567
2195512
9149419
16302434
319037329
3068620
1994930
--STOP--
++STRT++
26311493
185156239
9502448
2240522
9171268
16297985
322516070
3077319
1947696
--STOP--
++STRT++
26202809
185632403
9518783
2193327
9170926
16286727
318748602
3188323
1925560
--STOP--
++STRT++
26319720
184637722
9519535
2196006
9152661
16281349
318444701
3112443
2004423
--STOP--
++STRT++
26349061
184967453
9500838
2242540
9164181
16297918
321409589
3100866
2035698
--STOP--
++STRT++
26104411
184490070
9515579
2241972
9158518
16273001
318494251
3220676
2014814
--STOP--
++STRT++
26183627
184784511
9508284
2193906
9141022
16309238
320355752
3119915
1922840
--STOP--
++STRT++
26329001
184765289
9560012
2194254
9174528
16269954
318068613
3169956
1916752
--STOP--
++STRT++
26185834
185242595
9515163
2196512
9133638
16317393
317999764
3125478
2082891
--STOP--
++STRT++
26302791
184743824
9494363
2241331
9161166
16279204
318711097
3147536
1920526
--STOP--
++STRT++
26395211
186116076
9522559
2195630
9149771
16294627
320465728
3155118
2083263
--STOP--
++STRT++
26301580
184667856
9491067
2241596
9172135
16299534
318535094
3277723
1997364
--STOP--
++STRT++
26346442
184665518
9493724
2195899
9157165
16278723
320395180
3085972
1978822
--STOP--
++STRT++
26253065
184783292
9503623
2195290
9126217
16318252
319032307
3268389
1973042
--STOP--
++STRT++
26352672
185260545
9498439
2195973
9119621
16263523
320036843
3226884
2041090
--STOP--
++STRT++
26144023
184796131
9577659
2240937
9158036
16236518
319014980
3253251
1955911
--STOP--
++STRT++
26246075
185332161
9504670
2242951
9138083
16284324
318683874
3171110
1930087
--STOP--
++STRT++
26265204
184752375
9508631
2243535
9145274
16299298
318817340
3150823
1913668
--STOP--
++STRT++
26258770
184715389
9538997
2249115
9165356
16278763
319271806
3076584
1933511
--STOP--
++STRT++
26321152
184725081
9511415
2195804
9166216
16251907
320311638
3280891
2039478
--STOP--
++STRT++
26305543
184793245
9519870
2195393
9136481
16275306
318773922
3076846
1993128
--STOP--
++STRT++
26244090
185029914
9539792
2195154
9160078
16297192
319992526
3141992
2091590
--STOP--
++STRT++
26205922
184590233
9508597
2239375
9177201
16308448
318840077
3204467
1962496
--STOP--
++STRT++
26144946
185909362
9505623
2195063
9131730
16284278
318773353
3066850
1920864
--STOP--
++STRT++
26323332
184636484
9532941
2194892
9159744
16343263
319605306
3143821
2053972
--STOP--
++STRT++
26205955
185515523
9531288
2196783
9168849
16227413
322411128
3303936
1970727
--STOP--
++STRT++
26303199
184857242
9519726
2194215
9156396
16289507
322715507
3154481
1932201
--STOP--
++STRT++
26202395
186262462
9495104
2195593
9194867
16278936
321202471
3316292
2104044
--STOP--
++STRT++
26310499
185372234
9498306
2240002
9151230
16309164
320947493
3089569
1949072
--STOP--
++STRT++
26175513
185060176
9516953
2194756
9136391
16291990
318494179
3058868
2013133
--STOP--
++STRT++
26301355
184929894
9538656
2194259
9186824
16252371
319964712
3101854
2022517
--STOP--
++STRT++
26183627
184891808
9499056
2195026
9185045
16296086
318439254
3100964
1914746
--STOP--
++STRT++
26654825
185831158
9520413
2284059
9145752
16278323
321500252
3126662
1947170
--STOP--
++STRT++
26477512
186916918
9524547
2194263
9182283
16295269
319983374
3080547
2011270
--STOP--
++STRT++
26309628
185064527
9509498
2242515
9141774
16302680
319972259
3059608
1905763
--STOP--
++STRT++
26375773
184815753
9498634
2242324
9167423
16369690
319180976
3183310
1948166
--STOP--
++STRT++
26355544
185391180
9517745
2193186
9151827
16298148
320966286
3159921
1937905
--STOP--
++STRT++
26300177
184798002
9496495
2196278
9140301
16308675
319063585
3084517
2002946
--STOP--
++STRT++
26321669
184813541
9537227
2195116
9149004
16301469
319019585
3074286
1942589
--STOP--
++STRT++
26184575
185743524
9513904
2194233
9142340
16282163
319549954
3185816
1992654
--STOP--
++STRT++
26295290
184834631
9533291
2195079
9160534
16248141
318147583
3123246
1920060
--STOP--
++STRT++
26301177
184519516
9509176
2241247
9155841
16297653
320812610
3078090
1926938
--STOP--
++STRT++
26187521
184658968
9510405
2243354
9160555
16293887
319738306
3130380
1919577
--STOP--
++STRT++
26284017
184690305
9493096
2195751
9148192
16242313
318132990
3076518
2021164
--STOP--
++STRT++
26070003
185072674
9485382
2195434
9158502
16244700
320156153
3151562
2090595
--STOP--
++STRT++
26387506
184821020
9497375
2242578
9145678
16291227
319045189
3113530
1936685
--STOP--
++STRT++
26232449
184606335
9508526
2195398
9160515
16243889
318251107
3098706
1943360
--STOP--
++STRT++
26349006
184565454
9530453
2193962
9145649
16310347
320624875
3076993
1990886
--STOP--
++STRT++
26257380
184713687
9502845
2251741
9158563
16280607
321906040
3091587
1915521
--STOP--
++STRT++
26089904
184863481
9496103
2240579
9150048
16334262
320949285
3078666
1990964
--STOP--
++STRT++
26194148
185018673
9535206
2193234
9250185
16231975
320053365
3201101
1994207
--STOP--
++STRT++
26300359
184694668
9503591
2193918
9169330
16330655
318052227
3085519
1960647
--STOP--
++STRT++
26364421
185374587
9540897
2195461
9162767
16291771
319752752
3133793
2035604
--STOP--
++STRT++
26152771
184677691
9546224
2195331
9153127
16317683
319292841
3090229
1931249
--STOP--
++STRT++
26278961
185945896
9509905
2243737
9156998
16291828
319550618
3141755
1962299
--STOP--
++STRT++
26235588
185126854
9549410
2248756
9160474
16284090
318218245
3174706
1938943
--STOP--
++STRT++
26395364
185002076
9520183
2196482
9158720
16255401
322054651
3250454
2035541
--STOP--
++STRT++
26197521
185174026
9519780
2194652
9140051
16282875
320484884
3073984
1937581
--STOP--
++STRT++
26323979
185015801
9522067
2196272
9143271
16286037
319978968
3066449
2016371
--STOP--
++STRT++
26297466
184763751
9518637
2195866
9126359
16286493
318212682
3159280
2041535
--STOP--
++STRT++
25891738
184955382
9512460
2196935
9172051
16235607
321351720
3172985
2058958
--STOP--
++STRT++
26336582
184462882
9523740
2194851
9141039
16281621
319411700
3096474
1948837
--STOP--
++STRT++
26346166
185122345
9520069
2194719
9115192
16289170
320772584
3086300
1943912
--STOP--
++STRT++
26143059
185425776
9515127
2195140
9148564
16297385
323516241
3153776
1932112
--STOP--
++STRT++
26185916
184460033
9493267
2239488
9159162
16348561
321771423
3068806
1980235
--STOP--
++STRT++
26215557
185481330
9503350
2241245
9154283
16255540
318626638
3137431
1909740
--STOP--
++STRT++
26323353
184602661
9536077
2194884
9155119
16295154
321382562
3092493
1932197
--STOP--
++STRT++
26344988
185046419
9539172
2196650
9152532
16305113
318045808
3085693
1928528
--STOP--
++STRT++
26068240
185565270
9500167
2194643
9166081
16271489
318533816
3221462
1967026
--STOP--
++STRT++
26295482
185136170
9486807
2194440
9146985
16288474
318061755
3120391
2018229
--STOP--
++STRT++
26375797
184729756
9499959
2242439
9151679
16322245
320324892
3077505
1907772
--STOP--
++STRT++
26353500
184520427
9524407
2194271
9159709
16295349
322487954
3148081
1934895
--STOP--
++STRT++
26280502
184979674
9514679
2195111
9200071
16294655
319414419
3156461
2069109
--STOP--
++STRT++
26196297
184757623
9519369
2196398
9164165
16292519
321181803
3091928
2067672
--STOP--
++STRT++
26283882
184948819
9486414
2206045
9135296
16287152
320073887
3170309
1928403
--STOP--
++STRT++
26295532
185740906
9491339
2196187
9159361
16299061
319876388
3096120
1998501
--STOP--
++STRT++
26206438
184555421
9511096
2241373
9145834
16242011
320201746
3259235
1955269
--STOP--
++STRT++
26323764
186309164
9521342
2196519
9148158
16285484
318857103
3101358
1930406
--STOP--
++STRT++
26214335
184979976
9509848
2239963
9154706
16304434
318803703
3167431
1928146
--STOP--
++STRT++
26268690
184981115
9512215
2244067
9140979
16274752
319844330
3100509
1928696
--STOP--
++STRT++
26362146
184840280
9497820
2196740
9141754
16262268
318922761
3084361
1995824
--STOP--
++STRT++
26173209
184791287
9514094
2240701
9153164
16305648
317899131
3209540
1949708
--STOP--
++STRT++
26344997
184663393
9497985
2195468
9180497
16279403
319159100
3106264
1958030
--STOP--
++STRT++
26400781
185919566
9523817
2193567
9130255
16269067
320274479
3108793
1923901
--STOP--
++STRT++
26165537
184777950
9514466
2195793
9148215
16300448
318221766
3113191
1913404
--STOP--
++STRT++
26318604
184775673
9521346
2195585
9147841
16282857
317924411
3104532
1941310
--STOP--
