++STRT++
27274855
191561267
9770608
2244080
9441043
16760868
320462719
3228339
2031957
--STOP--
++STRT++
27127491
191902563
9769905
2244324
9430408
16767467
321440172
3271641
2010764
--STOP--
++STRT++
27244727
192188336
9734472
2245145
9453838
16757965
320972406
3177196
1987958
--STOP--
++STRT++
27414649
193131264
9738488
2244319
9427302
16742624
320104407
3264159
1974690
--STOP--
++STRT++
27291882
191972810
9743675
2245173
9470754
16749593
321396124
3160422
1994825
--STOP--
++STRT++
27459461
192506306
9733310
2245721
9415682
16757673
321405139
3231125
1960593
--STOP--
++STRT++
27008103
192355176
9738334
2245426
9458438
16753613
321009198
3178151
1976910
--STOP--
++STRT++
27395954
191714823
9735223
2243969
9414184
16725144
320180315
3299418
2053954
--STOP--
++STRT++
27408862
192833155
9724083
2244292
9420322
16785377
321625684
3208866
1989226
--STOP--
++STRT++
27591092
192419225
9761758
2289153
9434089
16780087
321708411
3294963
2031251
--STOP--
++STRT++
27233392
192446734
9753830
2246037
9416247
16791091
320960831
3267513
2040517
--STOP--
++STRT++
27248124
191577094
9777896
2244582
9428691
16755598
320829026
3280143
1980201
--STOP--
++STRT++
27887092
193037048
9741588
2309535
9416906
16772865
320390957
3168964
2065709
--STOP--
++STRT++
27531676
191989920
9742795
2289063
9429655
16766158
320775734
3203195
2050956
--STOP--
++STRT++
27339644
192464320
9736156
2294178
9426199
16793612
321203805
3200395
2073097
--STOP--
++STRT++
27277441
191543027
9775831
2245641
9437782
16771282
319608433
3228000
2111931
--STOP--
++STRT++
27300535
191804010
9776551
2244888
9429145
16756593
321227724
3287161
2007778
--STOP--
++STRT++
27257308
192267464
9739834
2244625
9423950
16758945
320778130
3173335
2078176
--STOP--
++STRT++
27526685
191725296
9731282
2256401
9448622
16757447
321096253
3186451
1999011
--STOP--
++STRT++
27535202
191253416
9758279
2245342
9444208
16774282
321500043
3203613
1977336
--STOP--
++STRT++
27544043
192480756
9744336
2257532
9475357
16763760
321467877
3191939
2041978
--STOP--
++STRT++
27494951
192980906
9731618
2290551
9448865
16771672
320930225
3247909
2107238
--STOP--
++STRT++
27512014
192395698
9736398
2245286
9521931
16761768
321016356
3203497
1980789
--STOP--
++STRT++
27276923
191723494
9741642
2245470
9428171
16768202
320941956
3202045
2028938
--STOP--
++STRT++
27503069
192773452
9762272
2245554
9426772
16804473
320766800
3266546
1992200
--STOP--
++STRT++
27296168
192707611
9730582
2243836
9447519
16767860
321422445
3167163
2024720
--STOP--
++STRT++
27700115
191910224
9741249
2308280
9421711
16759254
321680606
3244226
2133723
--STOP--
++STRT++
27661515
192276406
9766857
2255449
9433338
16779435
320813017
3304170
2046401
--STOP--
++STRT++
27577667
191604010
9749986
2245247
9428248
16762512
320902827
3260654
2060588
--STOP--
++STRT++
27344820
191680152
9765573
2244442
9430356
16799626
321426103
3219468
1991612
--STOP--
++STRT++
27379784
191406572
9754296
2244718
9439503
16772452
321093010
3160515
2019685
--STOP--
++STRT++
27382721
191669880
9747460
2245833
9435037
16777461
321148618
3274896
1980145
--STOP--
++STRT++
27181497
191283445
9760000
2244429
9441866
16769843
320996692
3363920
2052392
--STOP--
++STRT++
27352799
191297989
9765917
2245859
9415999
16770724
321099408
3301693
2004709
--STOP--
++STRT++
27314679
191532549
9723517
2244109
9409065
16758787
320793228
3260111
1969238
--STOP--
++STRT++
27242104
191530998
9741508
2245151
9413979
16743435
321750249
3233007
2032136
--STOP--
++STRT++
27579094
191983492
9752947
2245495
9434121
16770433
320804986
3225891
2045802
--STOP--
++STRT++
27080518
192322840
9733657
2243539
9433864
16751960
320755986
3214282
2003570
--STOP--
++STRT++
27287825
192559216
9730139
2298724
9431454
16733199
320998346
3201176
2126373
--STOP--
++STRT++
27191251
191429962
9736100
2290921
9431813
16776334
321187972
3254352
2151985
--STOP--
++STRT++
27366843
192546258
9733787
2244803
9426742
16765170
321865468
3208178
2016667
--STOP--
++STRT++
27701331
191913797
9735396
2244338
9420847
16749585
321357789
3241251
1992320
--STOP--
++STRT++
27399650
191572650
9764131
2243700
9429811
16764745
320764240
3223496
2015963
--STOP--
++STRT++
27367707
192513531
9767143
2243722
9429463
16785908
320899040
3258875
2063722
--STOP--
++STRT++
27367145
192489720
9754519
2245519
9440427
16731195
320824819
3297709
2033801
--STOP--
++STRT++
27391010
191608483
9763375
2243008
9397003
16788028
320442702
3260781
1972536
--STOP--
++STRT++
27224911
192155925
9734501
2245160
9416237
16721797
321186862
3228787
1951638
--STOP--
++STRT++
27565854
192601681
9739363
2245079
9459614
16790237
320846903
3145488
1976128
--STOP--
++STRT++
27024325
191495693
9740931
2244258
9447630
16755816
321182500
3187927
1977068
--STOP--
++STRT++
26913847
192520000
9741131
2291766
9473139
16745423
320952953
3228600
2119516
--STOP--
++STRT++
27356315
191968109
9741004
2291625
9439351
16775018
320345008
3212675
2090880
--STOP--
++STRT++
27107139
191747100
9736811
2255493
9456510
16750227
320979501
3181832
1960855
--STOP--
++STRT++
27380538
191751846
9742704
2256115
9461227
16810889
320924377
3190380
1984819
--STOP--
++STRT++
27312874
192267883
9735598
2290677
9436812
16784868
321099709
3232487
2051805
--STOP--
++STRT++
27607219
192185770
9726507
2292129
9432248
16761688
320253774
3202914
2118038
--STOP--
++STRT++
27470954
191640079
9733754
2291503
9439642
16763351
320597338
3217857
2025838
--STOP--
++STRT++
27601353
192241935
9745482
2245654
9427168
16774990
321355928
3348405
2028399
--STOP--
++STRT++
27400558
191616643
9751062
2244737
9420889
16773241
321729320
3273461
1954980
--STOP--
++STRT++
27341479
191707760
9769903
2246070
9429826
16813742
320343340
3227809
2016945
--STOP--
++STRT++
27464712
192025869
9738844
2292131
9428052
16779629
321519011
3200902
2057161
--STOP--
++STRT++
27434312
192008651
9739864
2244010
9440219
16784304
320898910
3196059
1964986
--STOP--
++STRT++
27360485
192217137
9748189
2245498
9409428
16754092
321555153
3252633
1980341
--STOP--
++STRT++
27694944
193741925
9743840
2291290
9445191
16771975
321540583
3218180
2097699
--STOP--
++STRT++
27229908
191885015
9746287
2292387
9434195
16781112
321732968
3200918
2086998
--STOP--
++STRT++
27189278
192291748
9730925
2292920
9425202
16755501
321656694
3218655
2067124
--STOP--
++STRT++
27275293
192488546
9778157
2243754
9428415
16794942
320328342
3201703
1976458
--STOP--
++STRT++
27271412
191265539
9736482
2288556
9431386
16763406
320762132
3174064
2061203
--STOP--
++STRT++
27117558
192193499
9749065
2292045
9435192
16772040
320183236
3170416
2063573
--STOP--
++STRT++
27299654
191918287
9740082
2289809
9438542
16774481
321009422
3177176
1988139
--STOP--
++STRT++
27591571
192331560
9768939
2245203
9436824
16792698
320875751
3261035
1978159
--STOP--
++STRT++
27502338
192704570
9733478
2290730
9502919
16762182
321429712
3238763
2078629
--STOP--
++STRT++
27545216
191225264
9749274
2244016
9416611
16725670
321229662
3263407
2049713
--STOP--
++STRT++
27441997
191933587
9732820
2246148
9433468
16778535
321458156
3206768
1953843
--STOP--
++STRT++
27222219
192183015
9754584
2286154
9438693
16769678
321182873
3293309
2067225
--STOP--
++STRT++
27227316
191853274
9745463
2245212
9429828
16795455
321597425
3222174
1994135
--STOP--
++STRT++
27459030
192903354
9733044
2246356
9451119
16781241
320908823
3172375
1985571
--STOP--
++STRT++
27379790
191393327
9733025
2244204
9434178
16779545
320664579
3213251
1989875
--STOP--
++STRT++
27325228
192010814
9721733
2245401
9430635
16765543
320719582
3212387
1969072
--STOP--
++STRT++
27195337
192061126
9733043
2291685
9436407
16776483
320580917
3172706
2068572
--STOP--
++STRT++
27543936
191821561
9734471
2290183
9437250
16773794
321556629
3196291
2061889
--STOP--
++STRT++
27745258
191977337
9767269
2245218
9431863
16774438
320940885
3363344
2138383
--STOP--
++STRT++
27719691
191602010
9766115
2244872
9426490
16788696
321039375
3231388
1969376
--STOP--
++STRT++
27736841
192324612
9765441
2244043
9432275
16779698
320715587
3213319
2090423
--STOP--
++STRT++
27280175
191713455
9755736
2245596
9444554
16791283
321303172
3245364
1983112
--STOP--
++STRT++
27439043
191941937
9755559
2244678
9412161
16766262
320634552
3266286
1994933
--STOP--
++STRT++
27382498
191890765
9775817
2244595
9435344
16764034
320924383
3167832
2043810
--STOP--
++STRT++
27250334
192177755
9751563
2244430
9419865
16722887
321413579
3275189
1990706
--STOP--
++STRT++
27479124
192250756
9728210
2244955
9428312
16773832
321095292
3221842
2028207
--STOP--
++STRT++
27414373
191849467
9735013
2292588
9436921
16762238
321332211
3154759
2098440
--STOP--
++STRT++
27322877
193194442
9734480
2245157
9426555
16802105
320515080
3202486
1983581
--STOP--
++STRT++
27692986
192443400
9744524
2290724
9435428
16781761
320385634
3292679
2171570
--STOP--
++STRT++
27041522
191587974
9730737
2243825
9452752
16747670
320695221
3161315
1966606
--STOP--
++STRT++
27597150
192579902
9727040
2245127
9394314
16761780
322020481
3330649
1970005
--STOP--
++STRT++
27750668
191494418
9747528
2245423
9430561
16798978
321457587
3248214
1967568
--STOP--
++STRT++
27400050
191641648
9728865
2244887
9458476
16746026
321422689
3195871
1966055
--STOP--
++STRT++
26987925
191412467
9727359
2243962
9411093
16749853
319883669
3249404
1965180
--STOP--
++STRT++
27282792
192494686
9733616
2244732
9437290
16773987
320612375
3168576
1963773
--STOP--
++STRT++
27182380
191323630
9736972
2244064
9475777
16750558
321143964
3272459
2109297
--STOP--
++STRT++
27304841
191968207
9732968
2244834
9411065
16763891
321219409
3187627
1967518
--STOP--
++STRT++
27183503
192118915
9725023
2288426
9423124
16757123
321221046
3207468
2143411
--STOP--
++STRT++
27654402
192674350
9738303
2245555
9448325
16774203
321057733
3224310
2038703
--STOP--
++STRT++
27720899
191660824
9751911
2244851
9446725
16783308
320158676
3317113
1985504
--STOP--
++STRT++
27074915
191416064
9727493
2245908
9424101
16718633
321367075
3228319
1958861
--STOP--
++STRT++
27487794
192513624
9746050
2244046
9448219
16743721
321150858
3243648
2011759
--STOP--
++STRT++
27412950
191395892
9733586
2299249
9432821
16777836
320951164
3199509
2097811
--STOP--
++STRT++
27608045
192930589
9759303
2244995
9419684
16790250
321414776
3241896
1974530
--STOP--
++STRT++
27686376
192353950
9768356
2243979
9429090
16834774
321716324
3284628
1981384
--STOP--
++STRT++
27208230
191323046
9742284
2245428
9412743
16689566
321692207
3300322
2011874
--STOP--
++STRT++
27474460
192046164
9737189
2243705
9420200
16718415
321597662
3288907
1978363
--STOP--
++STRT++
27302633
192127959
9744779
2290804
9427761
16771937
321893290
3173207
2114414
--STOP--
++STRT++
27502699
192098577
9744086
2291204
9411406
16772005
320462911
3179500
2117015
--STOP--
++STRT++
27878976
191424159
9788733
2243762
9442384
16796520
321048443
3340932
1989267
--STOP--
++STRT++
27286324
191683164
9773476
2244625
9430455
16778413
320613190
3169508
2009484
--STOP--
++STRT++
27166563
191376579
9750589
2245993
9425135
16774479
319758318
3170168
2054439
--STOP--
++STRT++
27285172
191218080
9740735
2290030
9435563
16740745
320852870
3199922
1996324
--STOP--
++STRT++
27542007
192403111
9752461
2243772
9422340
16737553
321054534
3266422
1960014
--STOP--
++STRT++
27259264
191973873
9774697
2290789
9435374
16733412
320314127
3151706
2069724
--STOP--
++STRT++
27354232
192165872
9745494
2246120
9428416
16771787
321443469
3213772
1977790
--STOP--
++STRT++
27416767
192589309
9773827
2289965
9437578
16769549
320483463
3201344
2108533
--STOP--
++STRT++
27283669
191215369
9795383
2245253
9427571
16772778
321095305
3236503
1969449
--STOP--
++STRT++
27366009
192661302
9738765
2244202
9458799
16795618
321386355
3227763
1971964
--STOP--
++STRT++
27310282
192467564
9738168
2244634
9471121
16771711
321742166
3208408
2000199
--STOP--
++STRT++
27228657
192092518
9742570
2292392
9448598
16776396
321992869
3195277
2076466
--STOP--
++STRT++
27056919
191765637
9764214
2244801
9437400
16768837
321098979
3232761
2008584
--STOP--
++STRT++
27182395
192591132
9724726
2288159
9428857
16760272
320838572
3224698
2085213
--STOP--
++STRT++
27350694
191691726
9750575
2243951
9436203
16773846
321003832
3205053
1961758
--STOP--
++STRT++
27495285
191643324
9730235
2291643
9428127
16776053
321675883
3222382
2001993
--STOP--
++STRT++
27236769
191934787
9773788
2244621
9411618
16779041
320992298
3318806
1976506
--STOP--
