++STRT++
35447457
244168071
11586428
2694364
11061396
19698420
429710437
3826276
2397247
--STOP--
++STRT++
35428732
244243112
11428517
2656335
11072960
19554445
418180700
3842852
2432774
--STOP--
++STRT++
35314251
244257063
11442892
2697036
11095964
19472489
434225462
3905680
2380402
--STOP--
++STRT++
35269876
244873269
11431546
2716139
11139494
19567075
422142403
3797885
2338799
--STOP--
++STRT++
35334765
244297041
11495444
2656104
11122446
19446349
426645616
3847855
2481467
--STOP--
++STRT++
35479873
244281429
11441334
2653014
11113603
19458044
423525430
3936316
2381686
--STOP--
++STRT++
35403755
244439441
11457668
2654249
11118572
19397183
422193252
4046017
2460278
--STOP--
++STRT++
35494849
244462069
11447688
2645527
11069367
19491926
420082453
3757883
2339636
--STOP--
++STRT++
35383177
244423403
11457198
2648055
11063064
19582254
428283285
3848549
2367130
--STOP--
++STRT++
35290831
244213575
11430611
2701786
11140415
19512167
420205176
3952039
2349281
--STOP--
++STRT++
35361136
244447799
11407556
2653796
11132659
19451169
429746347
3783933
2507831
--STOP--
++STRT++
35365166
244374453
11424200
2714822
11115335
19497851
421386890
3783213
2493556
--STOP--
++STRT++
35323327
244141625
11452432
2654681
11135703
19464609
419977945
3763132
2442043
--STOP--
++STRT++
35516884
244528819
11451051
2650491
11126930
19467533
426434776
3877603
2443679
--STOP--
++STRT++
35386388
244436774
11467567
2650378
11125740
19436052
422426586
4045112
2427635
--STOP--
++STRT++
35032175
244305454
11463978
2648915
11069329
19533930
419931930
3885597
2439554
--STOP--
++STRT++
35255660
244101701
11461380
2700728
11085781
19505785
418187219
3860628
2480426
--STOP--
++STRT++
35354659
244283710
11457238
2656027
11078102
19517405
434991159
3911579
2489392
--STOP--
++STRT++
35440938
244351520
11440803
2648207
11077343
19511794
428374200
3948535
2430240
--STOP--
++STRT++
35276456
244183016
11426037
2715948
11108503
19508034
423962165
3813025
2498453
--STOP--
++STRT++
35369475
244488317
11453908
2653978
11093407
19490898
434729192
3776021
2492709
--STOP--
++STRT++
35284900
244169964
11455917
2661773
11070541
19503531
421425977
3905270
2455642
--STOP--
++STRT++
35520994
244357813
11434608
2652066
11074143
19477078
432029930
3787805
2393265
--STOP--
++STRT++
35327731
245169395
11458678
2656552
11066810
19427641
429922745
3931037
2409163
--STOP--
++STRT++
34943789
244073799
11461701
2653305
11079154
19531332
421710387
3867256
2386563
--STOP--
++STRT++
35312746
244338484
11428657
2699961
11084308
19514044
420006058
3939417
2459601
--STOP--
++STRT++
35401081
244343232
11419510
2698172
11091868
19468287
423798602
3784508
2338538
--STOP--
++STRT++
35265648
244200722
11426468
2717171
11070847
19513418
420049177
3926571
2361183
--STOP--
++STRT++
35298655
244363537
11425499
2701081
11129317
19464151
421878511
3794136
2495835
--STOP--
++STRT++
35420181
244687415
11434073
2653124
11097549
19506379
419779182
3759300
2368908
--STOP--
++STRT++
35481706
244411002
11459993
2654186
11128523
19454273
419706266
3800601
2457840
--STOP--
++STRT++
35329208
244290068
11418165
2713993
11109691
19471843
420100804
3840340
2399233
--STOP--
++STRT++
35087555
244092954
11462041
2647048
11080222
19452204
422031634
3849580
2487106
--STOP--
++STRT++
35032252
244318325
11432263
2676747
11096690
19506331
421896185
3913995
2384126
--STOP--
++STRT++
35416202
244242374
11417185
2721924
11074036
19523686
426493078
3843468
2382585
--STOP--
++STRT++
35495825
244777755
11444783
2653017
11124584
19456445
423559863
4158016
2363945
--STOP--
++STRT++
35310239
244121344
11466372
2653518
11090273
19514350
421899935
3873548
2346142
--STOP--
++STRT++
35495521
244306454
11460855
2649352
11073233
19507737
424055434
3852580
2439965
--STOP--
++STRT++
35184230
244244913
11473354
2706263
11075304
19515324
420023547
3983567
2443478
--STOP--
++STRT++
35184428
244296220
11439704
2700370
11084076
19460185
426649172
3929875
2352405
--STOP--
++STRT++
35295990
244346808
11439507
2659131
11071929
19487650
430251341
4098078
2399751
--STOP--
++STRT++
35298050
244474949
11490115
2699925
11134377
19518758
419957866
3832281
2350100
--STOP--
++STRT++
35426027
244183565
11441056
2651412
11195425
19470137
419962902
3782019
2380427
--STOP--
++STRT++
35374889
244073535
11429732
2722823
11082180
19519849
427460053
3850588
2322016
--STOP--
++STRT++
34959385
244240490
11420907
2704053
11118114
19458979
423781980
3790760
2467372
--STOP--
++STRT++
35405011
244203858
11428008
2650829
11086981
19520410
418272020
3801657
2433291
--STOP--
++STRT++
35439951
244268024
11444811
2653497
11072751
19554451
428173198
3922079
2421758
--STOP--
++STRT++
35436026
244126524
11433331
2648795
11166948
19457311
418308238
3919723
2360257
--STOP--
++STRT++
35296946
244327105
11440052
2659010
11133471
19445703
418211619
3911172
2405295
--STOP--
++STRT++
34979388
244249806
11436298
2717468
11075922
19503164
421851642
3849109
2336433
--STOP--
++STRT++
35435540
244376758
11453757
2658144
11128946
19523073
425593186
3826544
2354535
--STOP--
++STRT++
34979062
244512991
11428777
2663003
11114579
19452638
421207251
3868554
2518817
--STOP--
++STRT++
35292918
244118933
11460853
2649097
11061350
19492394
421983280
3913157
2504977
--STOP--
++STRT++
35244886
244218935
11429434
2699544
11086889
19460089
430390993
3925390
2544365
--STOP--
++STRT++
35363788
244076826
11431677
2656235
11109071
19458244
424515154
3840999
2402607
--STOP--
++STRT++
35367352
244324383
11447434
2648056
11058695
19550656
419920226
3906554
2398138
--STOP--
++STRT++
35205749
244482120
11472987
2653859
11077190
19477220
422129933
3870810
2352312
--STOP--
++STRT++
35306006
244160062
11458336
2648632
11117380
19453420
420030864
3911403
2521477
--STOP--
++STRT++
35496265
244373281
11452400
2652871
11064498
19502507
428225845
3850125
2368606
--STOP--
++STRT++
35361105
244269205
11445592
2700902
11148808
19455598
428337721
3881304
2419919
--STOP--
++STRT++
35026867
244284524
11454253
2653464
11092979
19501200
421842280
3997038
2416945
--STOP--
++STRT++
35161120
244713817
11458373
2650948
11131828
19449277
425605002
3949179
2375922
--STOP--
++STRT++
35235662
244257699
11429610
2710486
11064399
19520467
436265331
3899102
2386760
--STOP--
++STRT++
35423640
244496294
11434285
2650217
11084701
19530955
424077481
3911263
2508566
--STOP--
++STRT++
35390355
244596504
11426482
2653228
11119477
19445058
421715540
3935065
2573437
--STOP--
++STRT++
35270536
244114033
11488629
2650436
11085769
19516117
420192191
3950773
2504431
--STOP--
++STRT++
35415905
244441973
11416055
2703861
11089536
19469650
419929727
3930802
2354893
--STOP--
++STRT++
35390264
244129222
11433246
2697082
11088449
19505329
426288145
3846962
2375193
--STOP--
++STRT++
35324416
244132119
11421893
2654836
11071969
19505010
430226519
3961204
2412679
--STOP--
++STRT++
35046184
244172478
11437439
2653543
11179028
19463741
419808619
3863194
2423896
--STOP--
++STRT++
35185133
244311041
11441842
2701784
11112904
19444241
419992228
3938108
2482432
--STOP--
++STRT++
35338512
244346067
11434030
2657502
11076562
19510943
428089982
3922593
2379787
--STOP--
++STRT++
35246040
244888017
11444423
2651239
11133418
19472805
437748604
3793814
2452452
--STOP--
++STRT++
35393888
244398348
11436192
2676149
11063298
19507786
419410977
3783952
2361021
--STOP--
++STRT++
35356402
244140139
11427771
2648305
11130691
19390369
421739695
3884032
2545425
--STOP--
++STRT++
35381902
244317396
11432805
2706366
11125664
19448990
423786254
3900395
2487753
--STOP--
++STRT++
35298901
244190310
11439428
2699919
11078938
19565299
432122448
4001850
2608260
--STOP--
++STRT++
35650842
244469866
11455392
2651827
11105155
19572620
421680961
3916763
2503629
--STOP--
++STRT++
34836169
244643106
11474391
2653896
11122645
19469874
428328154
3929273
2568461
--STOP--
++STRT++
35591436
244210978
11462584
2654439
11093493
19521521
426496857
3805486
2479165
--STOP--
++STRT++
35258702
244387007
11521582
2647428
11082243
19475307
427177509
3742651
2469564
--STOP--
++STRT++
35234458
244796321
11468564
2652695
11084256
19551037
426635454
3785000
2422950
--STOP--
++STRT++
35287460
244282341
11420184
2723205
11092485
19504739
428419072
3916458
2368724
--STOP--
++STRT++
35406483
244378714
11452040
2651068
11066448
19498057
420332504
3917051
2409135
--STOP--
++STRT++
35411317
244385012
11476331
2655413
11120388
19524933
421939116
3881591
2506121
--STOP--
++STRT++
35355877
244661002
11461448
2706139
11133204
19454125
421599546
3838857
2596251
--STOP--
++STRT++
35325759
244334447
11468003
2653837
11118957
19438756
420369210
3887829
2501335
--STOP--
++STRT++
35446542
244308257
11479830
2651986
11121428
19453589
423385334
4007357
2347508
--STOP--
++STRT++
35222227
244694309
11419635
2700456
11084116
19474910
421849298
3866485
2432083
--STOP--
++STRT++
35177003
244615209
11446610
2658685
11116102
19461154
432118850
3917161
2361322
--STOP--
++STRT++
35430358
244295980
11433048
2711144
11078885
19509364
426338515
3779403
2367553
--STOP--
++STRT++
35402054
244255747
11462002
2652667
11124540
19545415
421781290
3815098
2404661
--STOP--
++STRT++
35091355
244546109
11498901
2653592
11075278
19478293
428111376
3958858
2469415
--STOP--
++STRT++
35429632
244375028
11447719
2657719
11118323
19462075
423773967
4036632
2455575
--STOP--
++STRT++
35150430
244484502
11428173
2716718
11070890
19541258
422167020
3770852
2376989
--STOP--
++STRT++
35265055
244488842
11428104
2655520
11110445
19446872
419820434
3864743
2510558
--STOP--
++STRT++
35370254
244314041
11423253
2649930
11111566
19451519
421971398
3774010
2459204
--STOP--
++STRT++
35201884
244353634
11453531
2641651
11122111
19510954
421929121
3872304
2430369
--STOP--
++STRT++
35480132
244259764
11492403
2656384
11079031
19475925
423915259
3829135
2340475
--STOP--
++STRT++
35162611
244422946
11420793
2659336
11121219
19450640
421488009
3953353
2487171
--STOP--
++STRT++
35185410
244522797
11510695
2655574
11117393
19445520
428285422
3810074
2366137
--STOP--
++STRT++
35405726
244252861
11457374
2650916
11077124
19491210
419973447
3825089
2512208
--STOP--
++STRT++
35263914
244706381
11496643
2656103
11116518
19455645
418124437
3874243
2381707
--STOP--
++STRT++
35375355
244319249
11440830
2653481
11084720
19494207
420070564
3873403
2355368
--STOP--
++STRT++
35150585
244349199
11428233
2762090
11077945
19498878
425629123
3821326
2562233
--STOP--
++STRT++
35338964
244286278
11453398
2647739
11116629
19462852
420127382
3940319
2545703
--STOP--
++STRT++
35353336
244426239
11434075
2727620
11097415
19499294
428471545
3968972
2418109
--STOP--
++STRT++
35359987
244220326
11430754
2731331
11075504
19514052
421583917
3907662
2374831
--STOP--
++STRT++
35343557
244293867
11429615
2731727
11127062
19502779
423707863
3799454
2546926
--STOP--
++STRT++
35261516
244220286
11423919
2652812
11108092
19455393
419903958
3851460
2367194
--STOP--
++STRT++
35369108
244154673
11464637
2649038
11124816
19462789
419980381
3788357
2486857
--STOP--
++STRT++
35325715
244522732
11442085
2657261
11074118
19514643
429476369
3885867
2459399
--STOP--
++STRT++
35410692
244238975
11438695
2656375
11076185
19514638
428817320
3843727
2375094
--STOP--
++STRT++
35315154
244385963
11421136
2650890
11117548
19444760
419844366
3776441
2430566
--STOP--
++STRT++
35262897
244239156
11412249
2707142
11080549
19463848
425868297
3918395
2441036
--STOP--
++STRT++
35356967
244245287
11468629
2701158
11088794
19465709
419965496
3866917
2392839
--STOP--
++STRT++
35304537
244191184
11436864
2656273
11085816
19434217
421959899
3876016
2390725
--STOP--
++STRT++
35449224
244104886
11437961
2711787
11098511
19452924
425708117
3933182
2331929
--STOP--
++STRT++
35227560
244245887
11456258
2655627
11071077
19526474
422127509
3995168
2420754
--STOP--
++STRT++
35317246
244045896
11424988
2653590
11068019
19502546
418112431
3752764
2428444
--STOP--
++STRT++
35237110
244439151
11450267
2670531
11121275
19445379
422021428
3823305
2476462
--STOP--
++STRT++
35264391
244243463
11431372
2715750
11115461
19513972
421814960
3810632
2326171
--STOP--
++STRT++
35278900
244133007
11429739
2651162
11068200
19502741
421436869
3922366
2408954
--STOP--
++STRT++
35436126
244375842
11456776
2651108
11085555
19501598
438456496
3902145
2411578
--STOP--
++STRT++
35110337
244519684
11419908
2717201
11060462
19456135
430286772
3778006
2479974
--STOP--
++STRT++
35256181
244156434
11425221
2707610
11086976
19468022
432757937
3826168
2359528
--STOP--
++STRT++
35264562
244412282
11431052
2649339
11177574
19460186
430240575
3759585
2459741
--STOP--
++STRT++
35320223
244186954
11435343
2702767
11160353
19463289
419635040
4026063
2358741
--STOP--
