++STRT++
844660
7995080
1170675
280083
1099171
2045223
13818066
281671
171543
--STOP--
++STRT++
803346
8165430
1224996
280083
1096002
2035966
13848130
286399
177542
--STOP--
++STRT++
811051
8007427
1168845
278511
1154331
2092933
13800194
279956
190324
--STOP--
++STRT++
802704
8159600
1171354
283950
1092407
2100190
13824591
283974
144937
--STOP--
++STRT++
803316
8021984
1167608
281057
1091166
2053283
13874470
272891
216467
--STOP--
++STRT++
803521
8123658
1179609
281233
1091371
2046761
13842491
270094
176929
--STOP--
++STRT++
802673
8234059
1168661
282000
1091312
2044054
13883540
301246
142088
--STOP--
++STRT++
804204
8029441
1172941
283505
1093827
2037781
13895348
298897
148980
--STOP--
++STRT++
801503
8066185
1180016
279707
1093917
2040700
13911209
281271
144051
--STOP--
++STRT++
816587
8167536
1253495
281689
1101244
2040660
13861122
297290
148166
--STOP--
++STRT++
804642
8065886
1170746
279186
1100583
2051751
13800122
273076
230256
--STOP--
++STRT++
808617
8129299
1166190
280390
1097338
2051910
13853594
301410
173053
--STOP--
++STRT++
806473
8061131
1213342
279551
1095724
2039067
13829752
281672
173723
--STOP--
++STRT++
803222
8187263
1225946
275602
1092399
2044445
13915323
272326
146626
--STOP--
++STRT++
807933
8201216
1167940
284090
1104501
2038231
13855287
274932
173696
--STOP--
++STRT++
805743
8006285
1179406
279174
1178143
2093800
13797397
271511
171876
--STOP--
++STRT++
809742
8200939
1179538
278863
1096517
2039235
13840477
280705
178588
--STOP--
++STRT++
814896
8044231
1182713
277100
1091632
2043429
13794400
274725
200270
--STOP--
++STRT++
844310
8179071
1182276
279320
1093720
2045824
13831010
270982
202406
--STOP--
++STRT++
805157
8144279
1172435
280871
1097873
2044992
13849932
315904
179480
--STOP--
++STRT++
854233
8114053
1173996
281249
1090943
2045811
13838710
298415
176993
--STOP--
++STRT++
801636
8142819
1173441
280521
1089890
2039070
13864689
272520
146680
--STOP--
++STRT++
802268
8076791
1226847
278347
1093894
2039379
13855036
283825
151450
--STOP--
++STRT++
801655
8136020
1180801
278653
1091904
2099823
13800299
279366
176258
--STOP--
++STRT++
801135
8028356
1167737
281119
1091031
2088869
13777473
298298
146154
--STOP--
++STRT++
800613
8158858
1168080
280503
1092032
2037740
13793459
299263
171417
--STOP--
++STRT++
808244
8083708
1170967
282464
1096808
2037609
13876564
282184
173518
--STOP--
++STRT++
804336
8039009
1186446
277265
1192142
2053525
13842232
286600
207477
--STOP--
++STRT++
800980
8002324
1180106
282390
1157646
2091724
13792129
282628
143700
--STOP--
++STRT++
858242
8089506
1170574
280283
1096865
2036322
13898122
279499
171213
--STOP--
++STRT++
800745
8053889
1187651
279792
1096259
2086360
13789854
297985
214705
--STOP--
++STRT++
818036
8137353
1187435
279472
1091560
2042430
13839012
297319
192395
--STOP--
++STRT++
810031
8192676
1169890
279153
1094550
2039568
13856856
278900
203632
--STOP--
++STRT++
800794
8229040
1228265
324244
1095035
2041427
13857375
283353
174891
--STOP--
++STRT++
803867
8102052
1179709
279433
1097632
2095327
13801950
282003
146075
--STOP--
++STRT++
802460
8189165
1201022
280630
1094704
2037527
13868053
271849
168949
--STOP--
++STRT++
808671
8164293
1204458
279232
1132797
2044252
13872069
302400
232990
--STOP--
++STRT++
804257
8140666
1179299
275552
1092425
2040635
13847369
271441
174890
--STOP--
++STRT++
802043
8140278
1250614
283825
1096665
2045427
13844665
316565
179389
--STOP--
++STRT++
802934
8207726
1171440
280020
1102290
2088324
13795360
280394
174701
--STOP--
++STRT++
800183
8206293
1228850
278611
1105288
2050030
13859686
272194
170029
--STOP--
++STRT++
811660
8063434
1171017
280852
1092086
2044376
13883790
269650
202105
--STOP--
++STRT++
802995
8239067
1170906
280901
1159043
2083200
13850937
297574
148937
--STOP--
++STRT++
803255
8109469
1165808
281658
1104914
2045729
13797975
296153
230803
--STOP--
++STRT++
811193
8219564
1170134
281782
1130549
2095574
13843913
271597
174649
--STOP--
++STRT++
806525
8008602
1171818
278476
1093070
2043824
13892212
295775
191022
--STOP--
++STRT++
800462
7977920
1184411
278527
1093104
2045123
13838214
303801
144247
--STOP--
++STRT++
804146
8202163
1255517
327224
1095265
2038488
13856233
279965
171560
--STOP--
++STRT++
802386
8020428
1174889
277653
1091213
2130122
13819044
279178
203874
--STOP--
++STRT++
841592
8174498
1181836
277766
1092956
2042897
13825491
296139
145637
--STOP--
++STRT++
843443
8029185
1171642
275656
1093964
2053629
13864216
272794
180596
--STOP--
++STRT++
804220
8001041
1178870
280097
1092655
2039636
13873951
296544
173376
--STOP--
++STRT++
802272
8156312
1169844
281787
1130718
2034319
13809921
276122
240357
--STOP--
++STRT++
807454
8065744
1172549
279736
1092155
2037798
13837235
297930
175240
--STOP--
++STRT++
800775
8050512
1171828
282154
1094070
2046082
13869465
270625
199472
--STOP--
++STRT++
803730
8062531
1218086
278394
1095798
2033410
13894046
282544
168627
--STOP--
++STRT++
801788
8006962
1200285
282892
1090807
2041578
13879162
281570
147972
--STOP--
++STRT++
799474
8203267
1169440
279871
1156735
2087582
13813876
362321
176120
--STOP--
++STRT++
859406
8171960
1173009
279662
1090600
2053494
13833323
282724
147546
--STOP--
++STRT++
804419
8062459
1180956
279241
1090335
2122838
13820686
281778
204603
--STOP--
++STRT++
803950
7984979
1169215
281570
1098256
2039908
13855529
297427
144687
--STOP--
++STRT++
798496
7985170
1184571
280349
1097057
2035709
13854004
273428
174722
--STOP--
++STRT++
800563
8138632
1173510
282031
1093147
2038086
13833292
270735
174553
--STOP--
++STRT++
799635
8186057
1235606
327973
1095272
2037228
13877624
284943
142362
--STOP--
++STRT++
851292
8255734
1173449
281443
1094326
2045271
13812849
280760
215961
--STOP--
++STRT++
813406
8038676
1168440
283115
1149906
2085971
13791799
298274
170171
--STOP--
++STRT++
806541
8141420
1185840
280966
1097305
2044514
13810372
297177
171890
--STOP--
++STRT++
808249
8065709
1167237
278275
1092800
2045881
13845959
273737
191081
--STOP--
++STRT++
806258
8079870
1172153
275666
1091940
2036063
13842301
272199
180153
--STOP--
++STRT++
800742
8138673
1198602
278618
1092377
2131694
13793766
296207
201161
--STOP--
++STRT++
804743
8127589
1168327
275452
1090685
2037374
13876061
271233
168207
--STOP--
++STRT++
800995
8003339
1175298
280182
1093851
2038787
13833367
283885
201462
--STOP--
++STRT++
802238
8006347
1183390
280569
1103846
2037102
13861203
270732
176323
--STOP--
++STRT++
802930
8144574
1181064
280220
1088849
2100826
13815514
270347
200728
--STOP--
++STRT++
802550
8118279
1180864
281011
1098684
2038433
13817786
270387
200616
--STOP--
++STRT++
800636
8027468
1169022
279587
1093597
2043472
13877707
285471
146997
--STOP--
++STRT++
799708
8009780
1165461
280015
1092819
2040133
13865703
270086
174904
--STOP--
++STRT++
846185
8236400
1180294
278139
1091719
2035995
13834864
284603
143820
--STOP--
++STRT++
799641
8115966
1178276
281150
1095028
2043702
13883625
334214
199180
--STOP--
++STRT++
863070
8050214
1171928
278392
1091720
2038902
13869796
281817
175290
--STOP--
++STRT++
800399
8066536
1170714
278196
1092856
2095702
13830923
273102
219033
--STOP--
++STRT++
848221
8180998
1173780
281747
1092440
2038539
13843293
270842
216343
--STOP--
++STRT++
801478
8109141
1179043
280128
1131505
2107504
13835964
273651
148383
--STOP--
++STRT++
808734
8123717
1177710
280853
1093802
2038133
13867830
284006
148395
--STOP--
++STRT++
803188
7999038
1170478
279898
1135818
2033580
13822580
279806
148175
--STOP--
++STRT++
801120
8211243
1184832
281148
1096244
2039963
13841824
269995
138234
--STOP--
++STRT++
801861
8123692
1170014
281138
1090321
2042159
13820939
282958
204168
--STOP--
++STRT++
800032
8130747
1172697
278527
1093414
2075796
13805347
313337
170732
--STOP--
++STRT++
801435
8101375
1172674
279744
1093483
2093796
13807355
280570
170208
--STOP--
++STRT++
802489
8101094
1195405
280288
1093065
2093386
13805475
296513
172481
--STOP--
++STRT++
803065
8038462
1167213
281289
1094981
2041693
13879843
281154
169387
--STOP--
++STRT++
800231
8009627
1256868
280773
1102863
2036474
13862774
284344
149137
--STOP--
++STRT++
803277
8137568
1173930
278335
1092245
2038523
13872176
284369
177086
--STOP--
++STRT++
804533
8136986
1230423
279096
1094332
2042446
13865320
300596
169317
--STOP--
++STRT++
799151
8195180
1187881
279708
1091758
2047348
13835331
282623
182030
--STOP--
++STRT++
802099
8207895
1235906
282197
1096031
2045493
13846585
270570
205698
--STOP--
++STRT++
804306
8004262
1182121
281652
1093694
2041770
13848117
272631
174663
--STOP--
++STRT++
805876
8212785
1171427
279571
1093046
2041965
13869445
283085
201617
--STOP--
++STRT++
807491
8220844
1167171
279892
1145368
2107217
13835140
272427
148799
--STOP--
++STRT++
803822
8034326
1171198
279195
1156099
2045777
13850427
286055
207017
--STOP--
++STRT++
848228
8228370
1184801
280968
1093640
2037859
13836377
273021
220670
--STOP--
++STRT++
810686
8181792
1266346
280264
1094619
2038544
13853596
270317
172115
--STOP--
++STRT++
805019
8096668
1227628
336308
1093128
2047014
13854379
278949
169797
--STOP--
++STRT++
806151
8108646
1188906
280190
1098875
2034712
13839284
313313
174245
--STOP--
++STRT++
813000
8013133
1268424
280823
1094098
2038707
13862367
296840
143984
--STOP--
++STRT++
847197
8068965
1171503
280493
1093192
2037480
13860673
284320
175551
--STOP--
++STRT++
845302
8201743
1167544
280247
1103164
2036836
13812084
284288
201894
--STOP--
++STRT++
799778
8066813
1180648
279045
1139413
2033292
13805844
302246
202079
--STOP--
++STRT++
805317
8197091
1166212
280286
1155688
2044086
13804309
299780
215004
--STOP--
++STRT++
805981
8066860
1183400
280040
1096276
2050843
13828538
285271
181221
--STOP--
++STRT++
849294
8072681
1194599
279443
1096267
2046420
13803395
272177
170800
--STOP--
++STRT++
805496
8123311
1184978
277370
1091917
2043310
13889570
281015
179480
--STOP--
++STRT++
805108
8056489
1170846
283572
1138581
2044538
13832226
284211
177564
--STOP--
++STRT++
803885
8220368
1198349
281882
1091542
2038689
13824425
296144
176889
--STOP--
++STRT++
796688
8215065
1258086
277985
1095691
2044205
13822851
270735
177814
--STOP--
++STRT++
803609
8143900
1169159
282028
1091322
2040382
13869872
271180
178935
--STOP--
++STRT++
799205
8141692
1213562
278690
1093274
2047470
13848896
283810
175718
--STOP--
++STRT++
799797
8141906
1217559
282992
1090571
2041769
13862984
283460
174746
--STOP--
++STRT++
803458
8145302
1253377
279594
1094807
2039885
13849391
282380
175909
--STOP--
++STRT++
804687
8197415
1168746
278827
1131723
2116602
13789403
280208
176505
--STOP--
++STRT++
804540
8069395
1230814
279394
1095053
2039672
13830059
280110
199919
--STOP--
++STRT++
799720
7998624
1180688
280677
1137309
2122774
13811491
322297
177016
--STOP--
++STRT++
813351
8189170
1175845
280408
1091076
2044106
13866885
297032
148709
--STOP--
++STRT++
804060
8162389
1199061
279343
1092155
2046720
13872349
284552
170416
--STOP--
++STRT++
798550
8020683
1179418
281970
1092112
2125674
13800346
274922
225621
--STOP--
++STRT++
807118
8046826
1180556
280801
1097877
2034030
13853556
301700
178212
--STOP--
++STRT++
804993
8126406
1167961
277814
1090555
2053447
13868053
285310
144611
--STOP--
++STRT++
803463
8036870
1265673
277069
1100444
2044362
13883111
283713
177853
--STOP--
