++STRT++
45863725
314972623
13387068
3145899
13019516
22828550
513266897
4595809
2948114
--STOP--
++STRT++
45603237
315083214
13382980
3154715
12990005
22836372
513758709
4530001
2969903
--STOP--
++STRT++
45724636
314742260
13409557
3158361
12992031
22856481
513164544
4873488
2905505
--STOP--
++STRT++
45660489
314922995
13388621
3099071
12971632
22799478
513851446
4537617
2869912
--STOP--
++STRT++
45654010
315075385
13377240
3151593
12983463
22839256
513675076
4812788
2870044
--STOP--
++STRT++
45701794
314871970
13373507
3156454
12999087
22840219
513370651
4683867
3037494
--STOP--
++STRT++
45837488
315074688
13375490
3162919
12992589
22835648
514173078
4569227
3027427
--STOP--
++STRT++
45725231
315030341
13411032
3156935
13022254
22857070
513403271
4660544
2810757
--STOP--
++STRT++
45657919
315075963
13387712
3172748
12997474
22835346
513654001
4495393
2984431
--STOP--
++STRT++
45636044
314835964
13426162
3098403
12995547
22859027
514019407
4780185
2919277
--STOP--
++STRT++
45741831
315007270
13364825
3155754
12998685
22844468
514357160
4568663
2969885
--STOP--
++STRT++
45708897
315194519
13383694
3124421
12978027
22886820
513468337
4502545
2982633
--STOP--
++STRT++
45702437
314934815
13358840
3098603
12976058
22842305
512964198
4634020
3041895
--STOP--
++STRT++
45819681
315031972
13408398
3094828
12984627
22811741
513799110
4569672
2862139
--STOP--
++STRT++
45704715
314984187
13400755
3092268
12980804
22806461
513822762
4722200
2853582
--STOP--
++STRT++
45549231
314868822
13388570
3094287
12985683
22857175
513658767
4657082
2925171
--STOP--
++STRT++
45609020
315128893
13396141
3156608
13039209
22841978
513909702
4678213
2932205
--STOP--
++STRT++
45383724
315163640
13411405
3094348
13043487
22871438
514099792
4613023
2856276
--STOP--
++STRT++
45857428
315448101
13407880
3150612
13005784
22875186
513976616
4720015
3061747
--STOP--
++STRT++
45879072
315348674
13360731
3149925
13015766
22846490
513878049
4641133
3006506
--STOP--
++STRT++
45700040
315135923
13490182
3095739
12973691
22856453
513536912
4611016
2922409
--STOP--
++STRT++
45712945
315190673
13413242
3181969
12978670
22910118
514076551
4578336
2951605
--STOP--
++STRT++
45573500
315071975
13431175
3123030
12987588
22800403
514054831
4660366
2868709
--STOP--
++STRT++
45702761
315219225
13431797
3098455
12989310
22898601
514526941
4747105
2889063
--STOP--
++STRT++
45836472
315297935
13433211
3094458
13037116
22904473
514035499
4789639
2961391
--STOP--
++STRT++
45830154
314941828
13405636
3129023
13031399
22850466
513990133
4668977
3098435
--STOP--
++STRT++
45689371
315247132
13458034
3098090
13010529
22951524
513601694
4817980
2798809
--STOP--
++STRT++
45772777
315523850
13368270
3101739
12972549
22888069
514263127
4747135
2961467
--STOP--
++STRT++
45815819
315272385
13421474
3156568
13111015
22918413
513810810
4804501
2914240
--STOP--
++STRT++
45739147
314994263
13403813
3096652
12999645
22812786
513743593
4586163
2954799
--STOP--
++STRT++
45556200
315020329
13367468
3098237
12980493
22841146
513261037
4733252
2909802
--STOP--
++STRT++
45807767
315053516
13367065
3091726
12974210
22880274
513548836
4496667
2886317
--STOP--
++STRT++
45273083
315306956
13439733
3096061
12992820
22878977
512882932
4580678
2955160
--STOP--
++STRT++
45691719
315244250
13431118
3160365
13067193
22858939
514124181
4872808
2903226
--STOP--
++STRT++
45689802
315256361
13408299
3158714
13016198
22887641
514077318
4681875
3024618
--STOP--
++STRT++
45744497
315364747
13429240
3155324
13007902
22881660
513222114
4819970
3132063
--STOP--
++STRT++
45627428
315467002
13399494
3146988
13072662
22816246
513758360
4897749
2921427
--STOP--
++STRT++
45823527
315188115
13380426
3099475
12976621
22851478
514003730
4643116
2947396
--STOP--
++STRT++
45854679
315140886
13433784
3152746
13059985
22838740
513921714
4805896
3099082
--STOP--
++STRT++
45728501
315341101
13430026
3155227
12995900
22869615
513933436
4636544
2852368
--STOP--
++STRT++
45741707
315285622
13494884
3092756
13022711
22805402
514180866
5128270
2937981
--STOP--
++STRT++
45626290
315350352
13451399
3097555
13025386
22844078
514201350
4664947
2824881
--STOP--
++STRT++
45694626
315652706
13406269
3086467
13013542
22864992
514071409
4787100
3034453
--STOP--
++STRT++
45733819
314888456
13464726
3149943
13015708
22812102
513651319
4706407
2937841
--STOP--
++STRT++
45817797
315278785
13386879
3187920
12999250
22898131
513910436
4719763
3051199
--STOP--
++STRT++
45678104
315071807
13393593
3136953
12991167
22847741
514072226
4870503
2971369
--STOP--
++STRT++
45806179
315116121
13416603
3093340
12989413
22814192
513915727
4907604
2973182
--STOP--
++STRT++
45759090
315123213
13402803
3089223
13003543
22874997
514262279
4713540
2913880
--STOP--
++STRT++
45650628
314860179
13413568
3091802
13015633
22913868
513717290
4759089
2900314
--STOP--
++STRT++
45706366
315003728
13479088
3097318
12999533
22858377
514289952
5195648
3075904
--STOP--
++STRT++
45453467
315011436
13425628
3091304
13039867
22880159
513705772
4804202
2825626
--STOP--
++STRT++
45318235
315248878
13427865
3153184
13039093
22814282
512977946
4816097
2898132
--STOP--
++STRT++
45556132
315033931
13376459
3127060
13018058
22884591
513944991
4538178
3086682
--STOP--
++STRT++
45749722
315061270
13369172
3157275
13002518
22842035
513966710
4531090
2990979
--STOP--
++STRT++
45833635
315043199
13470891
3089450
12984454
22845496
513942317
4558158
2926823
--STOP--
++STRT++
45806134
314924144
13414648
3156979
13016389
22858710
513714753
4666719
2950335
--STOP--
++STRT++
45546921
315277294
13364864
3205190
13076670
22844853
514062288
4610426
2976579
--STOP--
++STRT++
45715197
315138758
13377678
3099961
12997544
22860453
513297786
4714428
3005316
--STOP--
++STRT++
45827527
315012542
13394714
3177108
12992377
22856943
513885465
4769618
2985048
--STOP--
++STRT++
45558352
315011433
13410317
3098655
13025353
22868032
513566524
4627977
2807641
--STOP--
++STRT++
45602846
314991046
13395440
3118056
12985512
22823089
514313122
4742883
2824548
--STOP--
++STRT++
45281130
315040664
13400456
3097996
12985180
22837645
513826976
4942192
2955347
--STOP--
++STRT++
45599375
315090895
13388904
3161277
13005971
22867085
513434591
4722396
2822026
--STOP--
++STRT++
45836330
315095386
13393559
3107990
12948902
22832246
514183322
4713655
2906338
--STOP--
++STRT++
45774715
315144887
13367203
3099092
12972030
22828183
513281819
4570025
2990764
--STOP--
++STRT++
45563925
315372531
13462033
3090843
12940040
22838962
513284082
4723865
2888599
--STOP--
++STRT++
45707024
314818382
13496683
3097913
12951747
22900989
513868872
4893025
2794228
--STOP--
++STRT++
45746088
315077374
13425259
3098999
12949694
22817205
512811145
4595961
2897785
--STOP--
++STRT++
45572217
315580410
13404142
3153329
13000081
22923013
513918559
4621744
3073857
--STOP--
++STRT++
45777734
314984254
13365539
3159836
13003472
22835264
513647605
4797440
3066510
--STOP--
++STRT++
45617304
315133220
13401379
3094051
13001809
22826096
513599182
4662757
2861091
--STOP--
++STRT++
45773904
315095774
13358619
3159505
13006328
22852995
513418174
4612398
3018208
--STOP--
++STRT++
45593071
315013852
13419223
3120822
13020536
22841227
514607586
4657511
2895379
--STOP--
++STRT++
45769363
314998189
13396231
3197899
12992713
22875830
513243693
4809756
2906512
--STOP--
++STRT++
45795758
314669602
13406087
3152664
12986960
22898045
513680629
4800492
2895384
--STOP--
++STRT++
45196857
315217427
13386884
3088777
13015906
22835127
513405015
4669452
2961497
--STOP--
++STRT++
45670494
314823683
13348893
3099835
12952747
22864118
513129225
4557502
2924289
--STOP--
++STRT++
45792418
314895167
13436923
3095164
12977546
22785117
513457387
4553789
2883586
--STOP--
++STRT++
45648331
314934819
13397919
3171944
13035880
22780607
513639938
4612904
3128073
--STOP--
++STRT++
45566249
315169875
13449155
3160416
13048195
22819663
513517569
4584715
2826396
--STOP--
++STRT++
45602174
314999656
13410530
3162601
13018377
22844558
513624975
4678045
2853969
--STOP--
++STRT++
45302378
315045797
13398676
3093128
13004390
22857363
513864506
4685872
3010747
--STOP--
++STRT++
45708968
315082200
13369193
3161378
12994568
22850299
514173666
4764537
3027699
--STOP--
++STRT++
45657783
315376552
13512778
3092971
12968093
22804057
513452437
4678943
2920979
--STOP--
++STRT++
45719122
315243525
13401859
3090938
12935602
22801274
513677922
4713053
2858335
--STOP--
++STRT++
45598703
315011012
13416035
3129150
13003357
22867047
513331292
4669498
2846704
--STOP--
++STRT++
45675561
315040397
13399596
3120960
13072724
22838065
513796090
4750135
2842581
--STOP--
++STRT++
45755059
315101549
13374011
3160927
12984512
22841484
513713049
4644053
2779504
--STOP--
++STRT++
45730451
315019128
13424040
3146359
12985097
22833884
514029320
4592725
3077272
--STOP--
++STRT++
45369483
315018588
13432101
3098729
13009116
22869504
513453794
4657582
2821792
--STOP--
++STRT++
45656915
315012945
13421532
3092272
12996539
22855199
513532147
4657533
2835703
--STOP--
++STRT++
45621263
315052955
13432299
3093364
13034439
22860952
513714642
4769021
2833235
--STOP--
++STRT++
45534086
315201311
13426070
3090755
12983841
22836009
513941237
4500305
2923197
--STOP--
++STRT++
45830423
315042303
13387280
3160518
13012202
22849514
513804488
4768859
2888412
--STOP--
++STRT++
45696023
315055977
13443385
3159722
12988208
22835438
513685263
4674105
2945813
--STOP--
++STRT++
45798990
315047487
13385372
3159767
13007345
22855575
514235843
4619937
3007665
--STOP--
++STRT++
45768443
315148019
13379821
3098216
13000561
22854043
513631023
4539664
2932394
--STOP--
++STRT++
45449872
314976122
13414813
3096481
12987557
22779783
513470507
4572024
2942268
--STOP--
++STRT++
45704462
315115814
13435416
3094948
12961054
22807788
513534979
4685962
2944269
--STOP--
++STRT++
45643978
315112302
13407448
3093725
13017334
22822739
513915459
4805334
2892033
--STOP--
++STRT++
45748393
315879872
13364666
3159746
13008083
22863924
513533064
4706345
2999788
--STOP--
++STRT++
45624712
315060988
13416345
3095158
12989574
22886831
513160291
4654610
2991661
--STOP--
++STRT++
45803357
314927282
13408605
3091862
13158257
22956049
513970392
4747723
2973652
--STOP--
++STRT++
45719572
315058567
13418814
3154990
13018381
22850517
514490796
4692842
3006354
--STOP--
++STRT++
45783659
315159984
13429238
3101507
12993158
22836171
513692041
4781541
2890531
--STOP--
++STRT++
45889230
315005725
13379531
3224953
12985176
22861986
513849652
4677568
2926533
--STOP--
++STRT++
45703458
315239719
13439681
3100658
13032946
22786511
513424026
4649307
2837640
--STOP--
++STRT++
45673794
315145545
13406469
3091770
13029428
22921717
513434952
4823571
2908092
--STOP--
++STRT++
45662507
314991382
13387300
3097684
13008990
22855098
513588468
4528592
2986180
--STOP--
++STRT++
45705365
314802959
13413115
3164013
13001989
22924334
513287320
4888579
2995139
--STOP--
++STRT++
45621662
314759756
13408558
3154102
13015134
22871719
513486282
4663632
2922663
--STOP--
++STRT++
45815372
315130636
13395218
3111888
12966409
22842544
513659311
4916524
2963887
--STOP--
++STRT++
45772450
315061873
13404755
3095209
12974871
22888002
513972677
4916125
3029878
--STOP--
++STRT++
45851404
315074552
13413226
3155671
13019643
22840592
513360087
4581020
2963763
--STOP--
++STRT++
45682267
314726812
13401126
3102607
13035037
22830608
513233108
4744008
2990464
--STOP--
++STRT++
45673940
315083392
13424459
3086118
13011653
22905659
513627639
4782651
2887375
--STOP--
++STRT++
45835242
314913202
13441819
3165152
12986551
22891855
513554385
4763954
2786128
--STOP--
++STRT++
45753705
315162126
13408740
3093368
12979895
22792675
513990884
4895580
2935668
--STOP--
++STRT++
45600329
314912110
13422099
3086965
12963986
22844477
513924057
4856968
2981135
--STOP--
++STRT++
45761461
314940537
13403490
3121837
12978730
22834528
513511702
4593566
2844055
--STOP--
++STRT++
45664259
315165392
13452830
3094601
12989038
22779093
513330036
4705233
2972294
--STOP--
++STRT++
45596417
315250122
13413250
3093390
12949706
22848989
513507693
4692373
2819252
--STOP--
++STRT++
45762044
314940974
13388509
3099419
12973843
22841596
513922871
4859488
2906607
--STOP--
++STRT++
45654866
315196613
13430045
3098226
12979585
22803291
513817677
4892765
2899368
--STOP--
++STRT++
45606043
315410927
13390272
3102352
12992000
22832919
513820696
4585347
3068742
--STOP--
++STRT++
45649087
314967461
13382101
3153006
13009239
22847638
513593891
4690535
3017309
--STOP--
++STRT++
45812774
315013350
13393283
3099134
13036619
22849587
513347460
4512527
2946236
--STOP--
++STRT++
45776619
314824132
13372582
3099850
13002424
22852680
513538170
4546427
2951010
--STOP--
