++STRT++
57746259
379970109
15363523
3533905
14906522
26409988
629941363
5620588
3332641
--STOP--
++STRT++
57728900
380067999
15450695
3587248
14941424
26338097
630248505
5656440
3518146
--STOP--
++STRT++
57625888
379467036
15417770
3535062
14949371
26472799
629577920
5782241
3516771
--STOP--
++STRT++
57547778
379543602
15439388
3580625
14911046
26419536
629595287
5521168
3470795
--STOP--
++STRT++
57578401
379779760
15392392
3539858
14954934
26438895
629765334
5781226
3579842
--STOP--
++STRT++
57548535
379560786
15417145
3578805
14915623
26405277
629790576
5569141
3670529
--STOP--
++STRT++
57664870
379347633
15420195
3538757
14964949
26499333
629297052
5698060
3477558
--STOP--
++STRT++
57784408
379732242
15396316
3583737
14918255
26394536
629842015
5562577
3542473
--STOP--
++STRT++
57623131
379807784
15465744
3540450
14944378
26501899
629443548
5602811
3464368
--STOP--
++STRT++
57650642
379656339
15406366
3585209
14892209
26414828
630201260
5557515
3566690
--STOP--
++STRT++
57610898
379643938
15437460
3544434
14974296
26408592
629512129
5632957
3480488
--STOP--
++STRT++
57646555
379354784
15396579
3591173
14939986
26508210
629566602
5746601
3484419
--STOP--
++STRT++
57684011
379657655
15431940
3589263
14938574
26456620
630266001
5545991
3428393
--STOP--
++STRT++
57578549
379815477
15408644
3537316
14958946
26357522
629816108
5583274
3571131
--STOP--
++STRT++
57555402
379520418
15398152
3543337
14919208
26390749
630651134
5670337
3392869
--STOP--
++STRT++
57630451
379335080
15458298
3592343
14945658
26435635
629548567
5795600
3573029
--STOP--
++STRT++
57619073
379802018
15419420
3539716
14947402
26454495
630171747
5401257
3571632
--STOP--
++STRT++
57068524
379686456
15409299
3540126
14938108
26443778
630051787
5777228
3472687
--STOP--
++STRT++
57766857
379740990
15381885
3585821
14963895
26458507
630066277
5594882
3620202
--STOP--
++STRT++
57585668
379916948
15432316
3537881
14958796
26392900
630080789
5605646
3407719
--STOP--
++STRT++
57490898
379861029
15422820
3587545
14910462
26465677
631132485
5609139
3608761
--STOP--
++STRT++
57534554
379828866
15414428
3599514
15008611
26487365
629847011
5671851
3388381
--STOP--
++STRT++
57605517
380091985
15411174
3593594
14964876
26420236
629730350
5726233
3368552
--STOP--
++STRT++
57727785
379709007
15418858
3539827
14944679
26398626
629858432
5289938
3500854
--STOP--
++STRT++
57618062
379590168
15410821
3541604
14938671
26458933
629853206
5298075
3292012
--STOP--
++STRT++
57610978
379571656
15430535
3534398
15024124
26456107
630239508
5506520
3299224
--STOP--
++STRT++
57652491
379353051
15391669
3566848
15003720
26460141
630356321
5773613
3413990
--STOP--
++STRT++
57607118
379527166
15397419
3570218
14948900
26414916
629536909
5708124
3460869
--STOP--
++STRT++
57774028
379930761
15373768
3594423
14894605
26465147
630182066
5562150
3543273
--STOP--
++STRT++
57719386
379824175
15366076
3543917
14952316
26374374
630175309
5445739
3413401
--STOP--
++STRT++
57666304
379619678
15395070
3582242
14927028
26463331
629854703
5585374
3297913
--STOP--
++STRT++
57768425
379827072
15401076
3536007
14935365
26341974
629914592
5455585
3710607
--STOP--
++STRT++
57671708
379604603
15452629
3538168
14959002
26413672
630352319
5690145
3456717
--STOP--
++STRT++
57725541
379327051
15405910
3541001
14955749
26472501
630174959
5494656
3375591
--STOP--
++STRT++
57531672
379472443
15400908
3588361
14893746
26420083
630590296
5599273
3629977
--STOP--
++STRT++
57483889
379666664
15412416
3533306
14954281
26432022
629779051
5496107
3342065
--STOP--
++STRT++
57679177
379659316
15447941
3535626
14931155
26461669
629970569
5696505
3443455
--STOP--
++STRT++
57549897
379747402
15381859
3589284
14892319
26417716
629903301
5787700
3701894
--STOP--
++STRT++
57224294
379402686
15498549
3537183
14943824
26414434
630394491
5563465
3499870
--STOP--
++STRT++
57643600
379756766
15415718
3548073
14946631
26456508
630462299
5736623
3435252
--STOP--
++STRT++
57670549
379533419
15405752
3575438
14956799
26385914
630108808
5497243
3537551
--STOP--
++STRT++
57567906
379723615
15437168
3537644
14943585
26421568
630464853
5676993
3443293
--STOP--
++STRT++
57713432
379296236
15379229
3578985
14883111
26394102
629920127
5510349
3554282
--STOP--
++STRT++
57666441
379679657
15450776
3577487
14968957
26432995
629386443
5569168
3592821
--STOP--
++STRT++
57701941
379792596
15410104
3542367
14975839
26432595
630758724
5637835
3556753
--STOP--
++STRT++
57699038
379828327
15397838
3588846
14934041
26413132
629965089
5754847
3479340
--STOP--
++STRT++
57670532
379698498
15379590
3540332
14947120
26411798
629593993
5342600
3336942
--STOP--
++STRT++
57661504
379638877
15380426
3545253
14921217
26422584
629700864
5511128
3508008
--STOP--
++STRT++
57773384
379774035
15420153
3585798
14928789
26417221
630017405
5582349
3479402
--STOP--
++STRT++
57731944
379842813
15399767
3537155
14933755
26450686
629095816
5413582
3537159
--STOP--
++STRT++
57576049
379674539
15409122
3537538
14966121
26445751
630169590
5856316
3321185
--STOP--
++STRT++
56954799
379513730
15421806
3530834
14933831
26471993
630012602
5610629
3363613
--STOP--
++STRT++
57695332
379565912
15393191
3539426
14947485
26440582
628885132
5573133
3350679
--STOP--
++STRT++
57582512
379409560
15419725
3571978
14944739
26461643
629927911
5641614
3410352
--STOP--
++STRT++
57622137
379815751
15444318
3651101
14897704
26408320
629995747
5502713
3598411
--STOP--
++STRT++
57622996
379668858
15416690
3534258
15011220
26402551
629617717
5818423
3551322
--STOP--
++STRT++
57192548
379756437
15436468
3539644
14953331
26383426
630057583
5606432
3753968
--STOP--
++STRT++
57574688
379628443
15367875
3582289
14875627
26415253
630464192
5415634
3556387
--STOP--
++STRT++
57617901
379678602
15396897
3538554
14932639
26329431
629634653
5310425
3348272
--STOP--
++STRT++
57553159
379691711
15401940
3552233
14928120
26415911
629635547
5275784
3254070
--STOP--
++STRT++
57790534
379447937
15396978
3635278
14914311
26463446
629629998
5593037
3350831
--STOP--
++STRT++
57683364
379594874
15472016
3542960
14946817
26463244
630283993
5502391
3469954
--STOP--
++STRT++
57740018
379727395
15412184
3592848
14904421
26466979
629267694
5874999
3616295
--STOP--
++STRT++
57558561
379462918
15432654
3645069
14989977
26310680
630208093
5487293
3353450
--STOP--
++STRT++
57652969
379186277
15414032
3587283
14927792
26313408
630699751
5582069
3531139
--STOP--
++STRT++
57733807
379711405
15401839
3539740
14934106
26378906
629714787
5341113
3376412
--STOP--
++STRT++
57715415
379638459
15400704
3542154
14932404
26399539
629758127
5585832
3446512
--STOP--
++STRT++
57570890
379742556
15396968
3585288
14938890
26429791
630605757
5893102
3617006
--STOP--
++STRT++
57657390
379879543
15414138
3532493
14951030
26363066
630296397
5728958
3484547
--STOP--
++STRT++
57588883
379596511
15451035
3546321
14924202
26467174
629523347
5604920
3376441
--STOP--
++STRT++
57512451
379777784
15404588
3585537
14977823
26433291
629456475
5700285
3599165
--STOP--
++STRT++
57752929
379787400
15373678
3565140
14913383
26416794
628733742
5370111
3453916
--STOP--
++STRT++
57631306
379543912
15420320
3535824
14968454
26468838
629623235
5494190
3363287
--STOP--
++STRT++
57482907
379634322
15388090
3587848
14936033
26425294
629740328
5496685
3494272
--STOP--
++STRT++
57628361
379706739
15407130
3536073
14953794
26465482
630336407
5338884
3326340
--STOP--
++STRT++
57772980
379542408
15395529
3538406
14977113
26467586
629570386
5699470
3491580
--STOP--
++STRT++
57559683
379341849
15435885
3540785
14955749
26415484
629737611
5412390
3465136
--STOP--
++STRT++
57628054
379551533
15489886
3593589
14958730
26391366
629871362
5582647
3516273
--STOP--
++STRT++
57677182
379735314
15396393
3587557
14943074
26503220
630450808
5594703
3503938
--STOP--
++STRT++
57712895
380001620
15439146
3538126
14949864
26449837
629599777
5936132
3476645
--STOP--
++STRT++
57693008
379632063
15427580
3595668
14976296
26354193
629573482
5704751
3656987
--STOP--
++STRT++
57689628
379738162
15403870
3544729
14963373
26431633
629619019
5546603
3594947
--STOP--
++STRT++
57501920
379857034
15399380
3543916
14960285
26387544
630298085
5623041
3495904
--STOP--
++STRT++
57733148
379679052
15445369
3583688
14960055
26412893
629704238
5419965
3579509
--STOP--
++STRT++
57737343
379458276
15397955
3538961
14925294
26459681
630138610
5678138
3456469
--STOP--
++STRT++
57780582
379073258
15418706
3535666
14937972
26415918
630748516
5921248
3472354
--STOP--
++STRT++
57674450
379759705
15422607
3582569
14987937
26423970
629629214
5635465
3480615
--STOP--
++STRT++
57699053
379657577
15410289
3542367
14892543
26456006
629735012
5549591
3383197
--STOP--
++STRT++
57470325
379473854
15398429
3546584
14929545
26440644
630393689
5733632
3359890
--STOP--
++STRT++
57602108
379796069
15400081
3533754
14927834
26409101
629818699
5464979
3380985
--STOP--
++STRT++
57563269
379896284
15378950
3538641
14935054
26450308
630500973
5455148
3325715
--STOP--
++STRT++
57618017
379739137
15438547
3578983
14953969
26495308
629639783
5580426
3636033
--STOP--
++STRT++
57472280
379564461
15459230
3539934
14937419
26418322
630000570
5491171
3507525
--STOP--
++STRT++
57676932
379378990
15414292
3531317
14933758
26451941
630452216
5847895
3402292
--STOP--
++STRT++
57663915
379671786
15445775
3538170
14960285
26306615
630262114
5504598
3366962
--STOP--
++STRT++
57738020
379744455
15407311
3539538
14948774
26424641
629322663
5716668
3505875
--STOP--
++STRT++
57553384
379244505
15412451
3584330
15047583
26365039
630051293
5800555
3643340
--STOP--
++STRT++
57602963
379966577
15390975
3587572
14971580
26427015
630189755
5692019
3536815
--STOP--
++STRT++
57669674
379423880
15401143
3533542
14943173
26490507
629765195
5385014
3316182
--STOP--
++STRT++
57729393
379658294
15406291
3533812
14959231
26465183
629893562
5614001
3378517
--STOP--
++STRT++
57456158
379315604
15392681
3593088
14934075
26367870
630055418
5788257
3497438
--STOP--
++STRT++
57514702
379401436
15380102
3537458
14947653
26407520
629610234
5390201
3419042
--STOP--
++STRT++
57621319
379248944
15404422
3601812
14901732
26411739
630098959
5665277
3688827
--STOP--
++STRT++
57515779
379757459
15403677
3546243
14935381
26408798
629191830
5811593
3487165
--STOP--
++STRT++
57549355
379814295
15427964
3531831
14921546
26460563
630508419
5718290
3396682
--STOP--
++STRT++
57622938
379691720
15417620
3533127
14957725
26400417
629370660
5854974
3665238
--STOP--
++STRT++
57542385
379423750
15426209
3548418
14919650
26408358
630380288
5643476
3516305
--STOP--
++STRT++
57612813
379958572
15382255
3533431
14946029
26419606
630016456
5748775
3469587
--STOP--
++STRT++
57528781
379802043
15418566
3593065
14945765
26440163
630033565
5761983
3626282
--STOP--
++STRT++
57686970
379839399
15420689
3589136
14891653
26419752
629561727
5625644
3714298
--STOP--
++STRT++
57814654
379596672
15454090
3534207
14947292
26502458
630245490
5692576
3454005
--STOP--
++STRT++
57617716
379621735
15399061
3590993
14935803
26495890
629469837
5765428
3679627
--STOP--
++STRT++
57644892
379504326
15417775
3593914
14944081
26443969
630287065
5704777
3672681
--STOP--
++STRT++
57397058
379733652
15419755
3537937
14904676
26397471
629948337
5679500
3494777
--STOP--
++STRT++
57414928
379621958
15438382
3545099
14954047
26438518
629377291
5669908
3419549
--STOP--
++STRT++
57658575
379654748
15493205
3565322
14928583
26463242
629892763
5591648
3442438
--STOP--
++STRT++
57787646
379452340
15424993
3579883
14963420
26409474
630153903
5560340
3594081
--STOP--
++STRT++
57569071
379612928
15360211
3598194
14952145
26412970
629862320
5681166
3633497
--STOP--
++STRT++
57418421
379492999
15384358
3534228
14895293
26436869
629679095
5518965
3417445
--STOP--
++STRT++
57696368
379593688
15402696
3590070
15039120
26434355
630299460
5912154
3591989
--STOP--
++STRT++
57563259
379619707
15399086
3543856
14928142
26406673
629888651
5547970
3388511
--STOP--
++STRT++
57550161
379539854
15416372
3541037
14955326
26393582
629824367
5582129
3591407
--STOP--
++STRT++
57529490
379819350
15489462
3565355
14939547
26438107
629253418
5413198
3532024
--STOP--
++STRT++
57337901
379913357
15445977
3584529
14901554
26391907
630072984
5707993
3574018
--STOP--
++STRT++
57556283
379616477
15428125
3540500
14943556
26430082
629816680
5553404
3561566
--STOP--
++STRT++
57737653
379626636
15422049
3544033
14948446
26489683
629548555
5682166
3394425
--STOP--
++STRT++
57750617
380058569
15442645
3541700
14971283
26439302
630173627
5643083
3480920
--STOP--
++STRT++
57655602
379134355
15380881
3587689
14945845
26416302
629279161
5790301
3725234
--STOP--
