++STRT++
68297056
594749456
17297181
4032727
17025865
29867204
842450442
6726515
4105074
--STOP--
++STRT++
68517904
588659413
17444710
4031467
17015477
29825951
816494963
6357081
3988112
--STOP--
++STRT++
68481540
593293721
17371141
4036581
16876988
29841744
785250171
6786891
4106514
--STOP--
++STRT++
68409721
593752039
17290197
3978331
16895080
29835558
834918120
6717433
4091164
--STOP--
++STRT++
68481149
592760085
17412032
4016114
16911671
29855569
785767057
6775482
3979996
--STOP--
++STRT++
68524123
592014227
17347870
3993748
16843952
29785741
785521302
6410620
3934468
--STOP--
++STRT++
68137845
588416101
17324161
4050470
16811376
29840045
815459152
6414972
3818624
--STOP--
++STRT++
68385596
592565625
17358715
3980135
16799467
29839722
830260706
6686021
4197714
--STOP--
++STRT++
68515647
594803831
17414640
4026290
16850307
29880085
820710129
6516770
4052199
--STOP--
++STRT++
68530502
593572692
17283669
4028730
16823549
29863596
826127558
6870615
4168934
--STOP--
++STRT++
68510844
592044375
17373335
4034889
16988630
29833087
799742674
6732692
4169882
--STOP--
++STRT++
68436873
593252863
17346789
3984297
16981660
29856617
777598445
6768189
3993881
--STOP--
++STRT++
68365332
592070398
17358878
4020560
16807557
29789268
796819137
6404014
3962817
--STOP--
++STRT++
69227473
591151306
17462184
4033411
16792442
29787526
815391432
6455775
4058146
--STOP--
++STRT++
68353709
593640083
17370632
3979009
16908173
29859958
817293582
6517463
4013139
--STOP--
++STRT++
68493213
594266355
17381149
3982864
16902136
29740176
792320499
6721504
4091407
--STOP--
++STRT++
68588460
594037108
17329210
4031302
16842732
29841782
823270676
6520882
4122872
--STOP--
++STRT++
68003266
586868869
17321286
3980626
16846966
29830010
810299331
6381978
3868518
--STOP--
++STRT++
68390689
593689922
17304900
4028898
16842500
29814337
810123729
6590722
4093462
--STOP--
++STRT++
68546879
592114660
17371817
3980171
16845378
29810470
787821087
6794209
4208707
--STOP--
++STRT++
68606009
592153999
17318475
3977279
16857341
29750530
804661525
6692135
4028766
--STOP--
++STRT++
68486516
592513468
17343842
3972932
16933703
29840856
787143557
6535947
4083616
--STOP--
++STRT++
68449004
591057319
17359056
4038273
16857351
29842012
814614889
6483007
4070562
--STOP--
++STRT++
68487151
589686252
17376685
3978530
16875453
29849572
789544080
6728008
4162813
--STOP--
++STRT++
68469308
593906790
17389698
4034962
16841003
29844669
780228465
6522033
3971719
--STOP--
++STRT++
68437835
591336662
17410172
4026367
16889102
29900210
792641698
6904662
4020685
--STOP--
++STRT++
68407375
593258846
17437131
3982198
16852722
29807175
814287240
6572109
4099779
--STOP--
++STRT++
68646847
593597963
17341280
3975194
16831317
29852611
806965469
6577013
4117805
--STOP--
++STRT++
68483180
593938192
17382008
4036532
16925548
29851800
792426983
6846112
4337372
--STOP--
++STRT++
68441382
594355707
17380731
3977318
16825617
29845251
797514095
6609431
4024323
--STOP--
++STRT++
68482194
592397208
17418360
4027892
16775854
29799556
827679062
6598606
4129091
--STOP--
++STRT++
68303559
590017157
17432085
4029628
16842067
29921105
789578451
6555031
4067767
--STOP--
++STRT++
68426341
592168699
17309322
4023259
16850571
29868059
789423334
6594751
4010803
--STOP--
++STRT++
68359143
592336890
17426730
4026763
16828264
29845913
821309184
6613107
3916467
--STOP--
++STRT++
68546442
591542808
17393972
4039702
16838850
29904695
809808553
6723598
4103474
--STOP--
++STRT++
68434368
592438487
17314860
4044755
16795971
29828098
787421464
6374150
4128106
--STOP--
++STRT++
68407932
592550614
17375725
3976946
16785117
29785752
807215314
6713768
4157396
--STOP--
++STRT++
68436717
593255393
17399481
4041353
16842905
29829361
812222087
6491959
4081055
--STOP--
++STRT++
68480041
594584622
17370069
3986876
16869892
29829679
791372374
6769650
4208068
--STOP--
++STRT++
68458808
593649224
17384956
4024778
16869196
29843596
790264854
6888346
3975302
--STOP--
++STRT++
68490487
592861725
17366127
3983483
16800887
29815996
815583174
6657856
4137679
--STOP--
++STRT++
68451036
594686464
17385286
4050691
16816179
29883712
805509686
6589793
3998334
--STOP--
++STRT++
68451272
593678517
17332299
3973745
16872487
29772712
810188677
6605800
3977379
--STOP--
++STRT++
68423379
594668180
17401326
4028256
16843625
29779534
780534654
6704355
4120125
--STOP--
++STRT++
68411388
591453771
17473267
4021499
16780622
29878699
831226373
6774660
4074834
--STOP--
++STRT++
68396340
593616676
17376054
4038456
16777467
29831694
792410629
6969549
4216317
--STOP--
++STRT++
68414942
591538926
17450727
3973201
16930400
29782245
824014258
6720976
3943561
--STOP--
++STRT++
68435140
594207383
17405936
4029961
16798817
29830934
806395440
6771909
4045351
--STOP--
++STRT++
68452019
593677339
17380682
3985455
16759530
29868611
791448513
6712006
4073527
--STOP--
++STRT++
68504800
588339558
17417235
3973043
16905929
29785249
792269763
6904140
4187778
--STOP--
++STRT++
68461872
594619256
17304757
4051754
16935063
29842345
817299005
6815523
4123288
--STOP--
++STRT++
68436096
592731969
17389476
3990513
16786486
29766298
793016018
6670296
4037694
--STOP--
++STRT++
68349113
594048689
17421720
3976265
16944678
29905392
817849309
6667209
3990833
--STOP--
++STRT++
68381860
590734393
17378004
3988329
16838930
29844251
785402589
6427217
4099740
--STOP--
++STRT++
68243823
593281847
17385291
4027942
16913970
29854487
789168958
6699955
3989123
--STOP--
++STRT++
68394535
591660995
17435081
3986438
16841029
29807178
797948869
6663411
4256840
--STOP--
++STRT++
68114121
592479220
17335877
4073114
16771371
29848641
841499987
6682962
4068806
--STOP--
++STRT++
68609808
593626591
17367504
4037710
16779036
29859137
814419912
6223482
3978314
--STOP--
++STRT++
68329908
594657780
17341491
4034603
16858880
29907497
809374022
6456789
4059375
--STOP--
++STRT++
68477648
594152557
17375881
4015841
16960461
29856153
776734036
6611399
4001037
--STOP--
++STRT++
68327354
588015525
17369398
3983939
16828287
29797695
800613859
6594226
4158134
--STOP--
++STRT++
68080188
589895973
17442398
3974265
16822159
29876675
793299292
6752083
3950745
--STOP--
++STRT++
68407332
593908052
17384666
3973414
16886983
29788793
811386035
6745125
4047690
--STOP--
++STRT++
68449759
592484071
17360901
4085703
16805880
29901484
786439442
6626728
4027810
--STOP--
++STRT++
68459489
594008685
17348894
4023855
16796038
29827509
786496741
6381349
4125640
--STOP--
++STRT++
68439777
592206233
17455781
3983599
16893115
29772727
798376423
6417766
4110697
--STOP--
++STRT++
68479078
592064184
17337540
4011683
16907093
29904818
791045054
6610662
4057021
--STOP--
++STRT++
68267074
592455023
17322650
4028519
16838069
29840338
804961408
6372510
3940689
--STOP--
++STRT++
68265114
593137941
17294765
4021262
16892162
29797959
789042681
6514676
4001136
--STOP--
++STRT++
68491833
589486464
17327079
4029233
16781373
29857039
797024925
6672926
3999938
--STOP--
++STRT++
68334390
593032104
17361050
4037749
16814251
29931767
786809308
6461293
4020723
--STOP--
++STRT++
68466426
591485786
17344123
4030898
16794554
29845668
782864879
6809153
3981392
--STOP--
++STRT++
68482776
592292439
17357402
3980546
16874339
29855760
804198079
6752295
4219684
--STOP--
++STRT++
68219417
592552873
17327698
3980643
16954376
29877009
802023273
6529303
4020336
--STOP--
++STRT++
68401000
591383870
17415300
3984494
16831431
29764580
814714609
6574734
4085022
--STOP--
++STRT++
68351900
593744526
17330734
3972326
16848645
29867507
821102554
6580494
4191389
--STOP--
++STRT++
68516504
592898793
17349922
3971772
16976456
29838725
841349128
6684049
4110136
--STOP--
++STRT++
68384378
594319867
17381209
4021121
16915200
29883263
780651525
6907627
4163143
--STOP--
++STRT++
68343782
593437986
17417758
3990417
16778503
29853382
798885738
6812933
4203970
--STOP--
++STRT++
68384962
592045592
17392342
3973326
16860937
29784254
805001736
6987085
4195735
--STOP--
++STRT++
68452326
592715583
17355431
3995260
16867913
29837161
798671772
6743274
4003780
--STOP--
++STRT++
68488208
593357725
17347677
4034630
16899762
29803564
800525488
6644985
4165406
--STOP--
++STRT++
68354390
594196431
17447807
3978485
16797052
29873468
792983415
6596443
3928068
--STOP--
++STRT++
68404777
592837806
17352340
4032566
16908740
29853171
808023307
6807456
4141296
--STOP--
++STRT++
68548166
593437696
17366681
4048929
16810671
29855164
780586312
6695590
4103610
--STOP--
++STRT++
68272691
592886104
17414330
4031740
16881680
29853865
800662418
6725592
4303623
--STOP--
++STRT++
68518693
594364907
17406793
4034209
16861101
29837548
792296094
6648364
4004310
--STOP--
++STRT++
68565725
591179188
17344018
4026143
16903479
29829261
802142578
6547546
4254260
--STOP--
++STRT++
68457482
592687165
17332561
3975676
16806648
29821430
779194298
6349660
4093142
--STOP--
++STRT++
68431258
593391320
17429276
4026678
16800729
29761780
791839680
6649449
4191378
--STOP--
++STRT++
68620205
591186712
17349493
3989537
16865386
29851937
782357696
6706391
4098201
--STOP--
++STRT++
68565371
591846618
17429402
3976842
16838041
29870561
783356452
6637680
4098057
--STOP--
++STRT++
68451613
593001128
17338864
4038715
16791651
29745994
777111741
6569365
4118068
--STOP--
++STRT++
68451855
593415022
17351914
4048262
16808024
29832199
813650615
6913042
4070224
--STOP--
++STRT++
68373778
591855801
17392236
4039036
16989718
29858802
818157051
6606156
4140928
--STOP--
++STRT++
68537852
593722271
17360378
4023326
16805994
29921939
788438391
6787503
4158713
--STOP--
++STRT++
68499414
593470987
17341058
3983852
16806016
29827765
814822778
6966749
4333726
--STOP--
++STRT++
68532570
594159372
17395275
4067197
16816200
29844437
822185999
6805762
4054336
--STOP--
++STRT++
68480422
592068053
17352228
4031892
16782566
29867276
784903895
7183781
4251766
--STOP--
++STRT++
68409909
592773494
17389732
3983848
16848268
29719357
792738849
6830661
4188838
--STOP--
++STRT++
68468731
591819133
17400165
4030543
16826094
29894190
812432121
6698599
4182134
--STOP--
++STRT++
68468575
593369547
17330523
4039235
16877235
29850760
829540853
6400929
4104036
--STOP--
++STRT++
68489279
589429247
17483109
3975735
16783621
29879828
782802371
6544965
4149932
--STOP--
++STRT++
68381423
592169829
17393212
3983846
16889049
29818580
804860992
6496319
4084900
--STOP--
++STRT++
68480964
592610411
17444095
4032459
16869737
29854501
797109441
6597436
4162071
--STOP--
++STRT++
68495688
589903003
17295451
3974409
16860288
29753914
815732217
6739221
4224472
--STOP--
++STRT++
68417421
593959725
17332412
4034259
16808924
29856479
781924648
6565046
4057237
--STOP--
++STRT++
68371673
592413291
17349898
4033407
16800969
29823123
785899980
6547203
4129792
--STOP--
++STRT++
68534363
589579192
17345172
3983627
16818488
29868099
793602657
6742953
4180045
--STOP--
++STRT++
68443973
590361197
17442991
4009866
16888959
29807971
783328896
6634816
4085785
--STOP--
++STRT++
68634928
594066871
17322703
4022750
16824164
29826373
801490722
6995432
4306627
--STOP--
++STRT++
68419076
594272188
17289085
4047758
16805070
29831163
785179759
6623774
4155932
--STOP--
++STRT++
68240659
591592641
17329166
4026342
16790289
29876496
800256809
6664893
4061392
--STOP--
++STRT++
68433761
593570084
17409508
4031835
16819653
29778956
837706041
6594570
3990365
--STOP--
++STRT++
68491278
593973958
17395913
4038531
17034486
29874449
779983513
6370093
3890080
--STOP--
++STRT++
68318854
593869582
17349986
4036848
16794772
29898908
833073960
6597931
4153330
--STOP--
++STRT++
68513613
592348760
17397616
3970448
16754881
29870983
786037937
6596485
4014718
--STOP--
++STRT++
68283080
592893696
17348261
3983651
16783492
29875484
820957916
6546236
3938866
--STOP--
++STRT++
68374421
593480841
17411847
3992434
16878953
29865056
803819784
6583142
4002359
--STOP--
++STRT++
68565634
592970204
17378148
3996921
16933795
29830461
780340017
6612110
4165932
--STOP--
++STRT++
68483724
591006052
17381459
4037211
16855626
29837237
790071167
6806190
4298751
--STOP--
++STRT++
68490814
593586514
17512097
3986708
16785105
29795274
797399877
6773859
4245394
--STOP--
++STRT++
68157023
589047133
17318703
4027953
16828316
29829093
828390271
6550993
4007996
--STOP--
++STRT++
68505476
592296190
17368132
4045779
16886312
29855483
776641634
6442740
4042509
--STOP--
++STRT++
68407784
594549873
17357343
3979073
16818875
29740635
805118779
6448987
4117926
--STOP--
++STRT++
68493955
593388482
17423613
3987224
17012974
29919606
810532139
6540568
3908113
--STOP--
++STRT++
68452490
593963876
17322740
3985129
16993014
29866938
778218945
6381125
3948772
--STOP--
++STRT++
68408531
593597471
17374975
4024812
16849579
29897360
812866192
6550410
4025317
--STOP--
