++STRT++
83558732
541582252
19341198
4423487
18756880
32993169
889470820
7558379
4777334
--STOP--
++STRT++
84419551
541518477
19348963
4426282
18749004
33036122
887164208
7409274
4721587
--STOP--
++STRT++
89091999
541733254
19382235
4478596
18980178
32851916
888605271
7795818
4678984
--STOP--
++STRT++
88310601
541551988
19517026
4427872
19052382
32919609
890451891
7721603
4876494
--STOP--
++STRT++
92232757
541314544
19559174
4429080
18790309
32945358
890594758
7653191
4824997
--STOP--
++STRT++
84064979
541688526
19491999
4432369
18709281
32989703
887858911
7856792
4756238
--STOP--
++STRT++
84785353
541414861
19347054
4493074
18744584
32939123
887207866
7540233
4665874
--STOP--
++STRT++
86967020
541332762
19444657
4472703
18893997
32916296
892577482
7859734
4838739
--STOP--
++STRT++
84889455
541320685
19524229
4531334
18911554
32953744
886860504
7589285
4827066
--STOP--
++STRT++
84529980
541504167
19384463
4434568
18780843
32905935
886532667
7645033
4662868
--STOP--
++STRT++
87763686
541666058
19374559
4490698
19124485
32930618
887097617
7798249
4696518
--STOP--
++STRT++
84686654
541766144
19563709
4477114
19019580
32883375
888816704
7897935
4697682
--STOP--
++STRT++
84797273
541996614
19529183
4487108
18745996
32914105
890445624
7589150
4608887
--STOP--
++STRT++
83273371
541563282
19372127
4435800
18816043
32933500
887163859
7622190
4741442
--STOP--
++STRT++
83934187
540782943
19350303
4485082
19019179
32881363
891722008
7494222
4590203
--STOP--
++STRT++
85452392
540748260
19537677
4482727
18716860
33014485
888833895
7708829
4744369
--STOP--
++STRT++
83640765
541771297
19512809
4471029
19142562
32981408
886836191
7713453
4611151
--STOP--
++STRT++
84836871
541646553
19530728
4462911
18701154
32947093
891245764
7832524
4810858
--STOP--
++STRT++
84076733
541494353
19473150
4431638
18758941
32950836
888043004
7518015
4632454
--STOP--
++STRT++
84646753
541658753
19356887
4478638
18739169
32941447
887028205
7561788
4734220
--STOP--
++STRT++
87619653
541610216
19518184
4476160
19073291
32971839
890344237
7916965
4836258
--STOP--
++STRT++
85777883
541697760
19667511
4485684
18769292
32943354
891141654
7781673
4927594
--STOP--
++STRT++
84375877
541364836
19399770
4426728
18756734
32921175
886369164
7841338
4626714
--STOP--
++STRT++
89277315
541566212
19436747
4433821
19108472
32944463
887150944
7777147
4808979
--STOP--
++STRT++
86109025
541286188
19694423
4425869
18909224
32860886
889845449
7825222
4787030
--STOP--
++STRT++
88864318
541768948
19544576
4476952
18782553
32852168
890066524
7481104
4521834
--STOP--
++STRT++
88054550
542130571
19405481
4486094
18690502
32902756
886671012
7495324
4730977
--STOP--
++STRT++
89259815
541999421
19509620
4475536
18801729
32917779
893045008
7531173
4525620
--STOP--
++STRT++
83776529
541815334
19508966
4481565
18771840
32917333
887207615
7582508
4619816
--STOP--
++STRT++
87995943
540915633
19388294
4438587
18693774
32850468
887874698
7677428
4740496
--STOP--
++STRT++
94417104
541418242
19511777
4426482
19036378
32914358
890764626
7767307
4544457
--STOP--
++STRT++
84818563
541892101
19557237
4499493
18727474
32996628
890678581
7413932
4785047
--STOP--
++STRT++
88709778
541600125
19425892
4484365
18718413
32958243
887064181
7944165
4684718
--STOP--
++STRT++
84660557
541890128
19541208
4457551
18928993
32930122
889847181
7632599
4677102
--STOP--
++STRT++
87665953
541227431
19529327
4477012
18714534
32861047
891326014
7647100
4814719
--STOP--
++STRT++
83620587
541654165
19505462
4473023
18725437
32899744
887184861
7707556
4789539
--STOP--
++STRT++
84173144
541466700
19468054
4438731
19030878
33020986
890316581
7892341
4638093
--STOP--
++STRT++
91261363
541681135
19558133
4509938
18964615
32907810
889566737
7716511
4805870
--STOP--
++STRT++
84551247
541553463
19400723
4473421
19042380
32973623
888144632
7723243
4746637
--STOP--
++STRT++
83610284
541618175
19434123
4430441
18794334
32929646
886724130
7645570
4660152
--STOP--
++STRT++
85857829
541550939
19332100
4438467
18692840
32979681
889342678
7854081
4725974
--STOP--
++STRT++
84419385
541621372
19577306
4430141
19050923
32981656
889344366
7782702
4710455
--STOP--
++STRT++
84547181
542022956
19513382
4481826
18762991
32829633
888836345
7783953
4599132
--STOP--
++STRT++
83960476
542032787
19458761
4515078
18699605
32917006
886579017
7712748
4674718
--STOP--
++STRT++
85013365
541949377
19431502
4428377
18844502
32880587
889334474
7671082
4587376
--STOP--
++STRT++
84088832
541768581
19378320
4469880
18964098
32920023
891148912
7483469
4583492
--STOP--
++STRT++
89527612
541617439
19398225
4425653
18733732
32934050
888954445
7830759
4666318
--STOP--
++STRT++
93431452
541828116
19526762
4489041
18935356
32913494
891765539
7645484
4602271
--STOP--
++STRT++
86511179
541894196
19515163
4479957
18943556
32954597
888620730
7852182
4698005
--STOP--
++STRT++
83628672
541848907
19374744
4488827
18891739
32941828
889944017
7673506
4613909
--STOP--
++STRT++
83977560
541554569
19491905
4470180
18981707
32921893
889765704
7641219
4730301
--STOP--
++STRT++
88623554
541602374
19524842
4475234
18695355
33000169
887798168
7958822
4854461
--STOP--
++STRT++
85139912
541959228
19582014
4440118
18745437
32931145
887323117
7535408
4600476
--STOP--
++STRT++
84441667
541955669
19437837
4469828
18982002
33003641
888889926
7612003
4690379
--STOP--
++STRT++
83656004
541507207
19502129
4468439
18746495
32967348
891576013
7724226
4555274
--STOP--
++STRT++
91372176
541283168
19551900
4480265
18880325
32935955
887925663
7517803
4612905
--STOP--
++STRT++
84951758
541785247
19378585
4480700
18710427
32936842
888205806
7861939
4803597
--STOP--
++STRT++
85634543
541574329
19432457
4473100
18916242
32929397
889102753
7753853
4668308
--STOP--
++STRT++
88936619
541555347
19568361
4452217
18732411
32889175
888216932
7673796
4879076
--STOP--
++STRT++
85368274
541417999
19414722
4436013
18669920
32938656
887450147
7645079
4848402
--STOP--
++STRT++
89051970
541321180
19534181
4469594
18896415
32813939
889370769
7997841
4747555
--STOP--
++STRT++
89497320
541586575
19547725
4435778
18831031
32927597
888975054
7579970
4616457
--STOP--
++STRT++
83628682
541542542
19366289
4481561
18713116
32903412
887434502
7642009
4691251
--STOP--
++STRT++
84560891
541666693
19537293
4468746
19086542
32920616
888160427
7837154
4617257
--STOP--
++STRT++
85352534
541659797
19506024
4479381
18853680
32941000
890466397
7600416
4640830
--STOP--
++STRT++
84056323
541618490
19518090
4476297
18772378
32926750
887233691
7524918
4572019
--STOP--
++STRT++
84166281
541509480
19417069
4482418
18864113
32930364
889058192
7616045
4563067
--STOP--
++STRT++
85869754
541808144
19555632
4486101
18979994
32923405
889949858
7449071
4573140
--STOP--
++STRT++
85032390
541551046
19606348
4479860
18942275
32813174
887709973
7951152
4834563
--STOP--
++STRT++
84937649
541613068
19563939
4414372
18847338
32946833
890670757
7602791
4614031
--STOP--
++STRT++
84025035
541513359
19560491
4491177
18715900
32981129
886942023
7551477
4784353
--STOP--
++STRT++
85444461
541605324
19379921
4432313
18684651
32994863
889075114
7676125
4598357
--STOP--
++STRT++
85795175
541499164
19504653
4425300
18798484
32851467
888817102
8072499
4826672
--STOP--
++STRT++
85652310
541475264
19604988
4480289
18866834
32912164
890923114
7917353
4684493
--STOP--
++STRT++
84151157
541519595
19581098
4480749
18787809
32978256
887214540
7932946
4616855
--STOP--
++STRT++
93117363
541745852
19366415
4434879
18862527
32997993
891241168
7976162
4815676
--STOP--
++STRT++
85884719
541314084
19532864
4463281
18839275
33046307
888947537
8195446
4773511
--STOP--
++STRT++
86031935
541617944
19555579
4433695
18693085
32966495
891728680
7703609
4781446
--STOP--
++STRT++
84411837
541529106
19432366
4420447
18761387
32907434
887113486
8080420
4850004
--STOP--
++STRT++
88058671
541396376
19414668
4436435
18837036
32965746
889028846
7868331
4799933
--STOP--
++STRT++
85230640
541501589
19377678
4479697
18786557
32963310
888996132
7829139
4535854
--STOP--
++STRT++
84796899
541624485
19463327
4478713
18758227
32811660
889856901
7797292
4689579
--STOP--
++STRT++
88095557
541536665
19549310
4434126
18739852
33022177
886661749
7831776
4844644
--STOP--
++STRT++
85049580
541740162
19380796
4439411
18758295
32833980
888806351
7919964
4722657
--STOP--
++STRT++
85530044
541622796
19552190
4471735
18921706
32916135
889884415
7888988
4715919
--STOP--
++STRT++
85333504
541662780
19510229
4489035
18778560
32933224
891313815
7839388
4828702
--STOP--
++STRT++
84088076
541650059
19370077
4503350
18748500
32919431
890329280
7627098
4641723
--STOP--
++STRT++
85894253
541444304
19427319
4467369
18977444
32952109
888405832
7775206
4514118
--STOP--
++STRT++
85826255
541638975
19507318
4453541
18722532
32948916
889320179
7631724
4793267
--STOP--
++STRT++
87669879
541652407
19542586
4436392
18750650
32944253
888038625
7770782
4629878
--STOP--
++STRT++
84641058
541419229
19332943
4478986
18684211
33025104
886717264
7888928
4755700
--STOP--
++STRT++
84521978
541395269
19507761
4427677
18915909
32941653
889296067
7648575
4782943
--STOP--
++STRT++
84000173
541639831
19565084
4435092
18756023
32983633
889948602
8001704
4879931
--STOP--
++STRT++
84722475
541477845
19539964
4426330
18733223
32956650
887645366
7713177
4834182
--STOP--
++STRT++
84882757
541800915
19390637
4484663
18797140
32907800
888042209
7803138
4757989
--STOP--
++STRT++
88150373
541765521
19535172
4429868
18939812
32839600
891728802
7746294
4736177
--STOP--
++STRT++
84615598
541730434
19555958
4431039
18697049
32948242
888599253
7651361
4767764
--STOP--
++STRT++
83814508
541449341
19519119
4417639
18740484
32970413
888011638
7601952
4646905
--STOP--
++STRT++
88929309
541449857
19392616
4495689
18725346
32981684
887360287
7964856
4796788
--STOP--
++STRT++
84737977
541510852
19485799
4421611
18780757
32919071
892119420
7477703
4515746
--STOP--
++STRT++
83174169
541595072
19400294
4483005
18980873
32822567
888295841
7563316
4727711
--STOP--
++STRT++
89470838
541525233
19489343
4416977
18718676
32952267
888448473
7760757
4668859
--STOP--
++STRT++
87529674
541496984
19559874
4472243
18715762
32813960
888754196
7817409
4683890
--STOP--
++STRT++
85793991
541177162
19346754
4479159
18746204
32935722
887191739
7743435
4716506
--STOP--
++STRT++
84599706
541770223
19438581
4495479
19069689
32936220
889833672
7418002
4545450
--STOP--
++STRT++
85148062
541883486
19586265
4480850
18741287
32877312
887913354
7589583
4762687
--STOP--
++STRT++
83690456
541582800
19346156
4420957
18796333
32923575
888001448
7817593
4736693
--STOP--
++STRT++
84192733
541762407
19532177
4481715
18939849
32921861
889351653
7816952
4638698
--STOP--
++STRT++
87733831
541359013
19510254
4421473
18775154
32943037
889069472
7742413
4830925
--STOP--
++STRT++
92167764
541647991
19405697
4481192
19014756
32954513
887542775
7547977
4572822
--STOP--
++STRT++
86369203
541341491
19366554
4474419
18952441
32952502
889816277
7789007
4754602
--STOP--
++STRT++
88255693
541749408
19568164
4479146
19061502
32919684
889167016
7623413
4714357
--STOP--
++STRT++
95382029
541442236
19525281
4434057
18849090
32914951
893811811
7680392
4661132
--STOP--
++STRT++
86626010
541542171
19382520
4476767
18725283
32991278
886792035
7813625
4615876
--STOP--
++STRT++
84781222
541459011
19377150
4485037
19009100
32846082
887939315
7777341
4668654
--STOP--
++STRT++
88516169
541673677
19494316
4481396
18963710
32844922
890131032
7567529
4698482
--STOP--
++STRT++
84863778
541583705
19534479
4483580
18742512
32921690
891478736
7629838
4787824
--STOP--
++STRT++
93300399
541311718
19394161
4483081
18874973
32932134
889174553
7688515
4682160
--STOP--
++STRT++
85340703
541472845
19456200
4452991
18828276
32955499
887977883
7552764
4757142
--STOP--
++STRT++
85588676
541610305
19526922
4427871
19020163
32949435
890485802
7508769
4723542
--STOP--
++STRT++
85494625
541787091
19486185
4497838
18782777
32945946
889924372
7301633
4519770
--STOP--
++STRT++
84128007
541411245
19355967
4475683
18970565
32939710
887662625
7851224
4729300
--STOP--
++STRT++
89585499
541636336
19529334
4483474
18967909
32968501
889280936
8072646
4709391
--STOP--
++STRT++
85133597
541428845
19541175
4490569
18800025
32919507
887966991
7596812
4782950
--STOP--
++STRT++
88505143
541275763
19501084
4436766
18723203
32850596
888895650
7404633
4678147
--STOP--
++STRT++
88734181
541700174
19396143
4471532
18699860
32912946
888950194
7779180
4661588
--STOP--
++STRT++
84562634
541340130
19369743
4468870
18752842
32933557
894769587
8032827
4801505
--STOP--
++STRT++
84031696
541590773
19518288
4423356
18718905
32944395
888955206
7806126
4736923
--STOP--
