++STRT++
83402178
555269200
19753612
4584594
19169002
33888805
981604706
7881239
4677364
--STOP--
++STRT++
83718872
555151522
19691444
4580676
19048353
33845048
981760840
7798176
4787073
--STOP--
++STRT++
83505553
554819934
19727898
4579242
19112140
33884470
954921934
7907936
5017825
--STOP--
++STRT++
83641092
555497296
19718392
4586998
19116451
33858797
964218535
7777046
4863458
--STOP--
++STRT++
83631972
555277722
19789566
4533224
19091916
33881459
947465584
8045801
4713362
--STOP--
++STRT++
83566957
555380776
19722310
4527006
19087897
33909499
950285252
7861461
5028426
--STOP--
++STRT++
83297005
554942956
19759254
4582963
19094904
33862796
964108389
8044053
4944256
--STOP--
++STRT++
83514860
555092435
19737325
4532084
19073433
33927859
942701408
7925536
4904943
--STOP--
++STRT++
83548118
555457445
19713948
4576913
19107360
33845437
950694631
7963176
4975427
--STOP--
++STRT++
83611766
555169243
19709172
4525536
19094829
33908096
949353935
7971535
4718575
--STOP--
++STRT++
83722259
554881960
19733908
4532474
19084866
33899451
942399085
7892833
4694903
--STOP--
++STRT++
83648495
555171468
19767886
4584466
19061399
33872360
943221435
7909918
4851889
--STOP--
++STRT++
83714048
555178324
19673522
4527232
19158784
33956725
955835789
7701994
4720533
--STOP--
++STRT++
83441457
555004941
19754704
4528302
19098389
33918018
963844393
8008362
4765389
--STOP--
++STRT++
83745263
555155346
19738985
4572876
19076485
33841249
966041348
7843502
4824177
--STOP--
++STRT++
83618986
555203812
19680737
4566723
19148582
33929551
937625456
7813642
4885957
--STOP--
++STRT++
83638559
555153946
19757248
4578542
19093039
33921167
951862279
7804401
4829879
--STOP--
++STRT++
83589524
555129580
19747926
4584136
19064229
33863448
969833035
7703585
4694727
--STOP--
++STRT++
83634116
555326734
19719785
4597271
19077241
33882496
945048199
7820287
4678204
--STOP--
++STRT++
83673616
555031101
19685088
4593866
19086884
33895153
954527764
8130120
4992383
--STOP--
++STRT++
83638040
555325879
19711898
4551973
19140442
33901338
940689325
7991759
4826177
--STOP--
++STRT++
83669547
555214424
19687489
4535892
19140545
33899094
954154953
8076394
4843985
--STOP--
++STRT++
83526636
555283219
19734956
4519347
19086389
33933974
966363541
7928538
4964230
--STOP--
++STRT++
83739679
555161073
19679563
4528630
19087267
33919789
933871708
7859588
4847343
--STOP--
++STRT++
83655068
554917044
19709505
4565436
19107297
33923845
934621201
8151123
4829385
--STOP--
++STRT++
83716787
555122691
19698344
4524512
19103296
33944538
961136475
7650995
4754690
--STOP--
++STRT++
83694834
555109500
19713566
4575224
19223268
33874326
974906731
7846047
4993010
--STOP--
++STRT++
83928330
554923334
19760380
4573264
19158579
33912755
936960854
8076572
4847178
--STOP--
++STRT++
83678128
555079489
19736033
4579976
19110904
33850612
951991911
7623073
4771577
--STOP--
++STRT++
83645690
555296276
19708515
4530421
19108397
33868913
975116540
7668709
4832865
--STOP--
++STRT++
83731720
555260692
19722826
4565366
19095267
33882330
943329471
7900704
4760489
--STOP--
++STRT++
83689979
555000683
19657148
4576054
19164815
33881290
937115425
7857317
4819085
--STOP--
++STRT++
83563332
555141369
19684299
4590683
19132004
33871757
974685965
7825086
4858959
--STOP--
++STRT++
83682804
555328770
19745435
4524463
19078821
33985401
981745121
8093228
4883953
--STOP--
++STRT++
83530589
555302281
19695271
4564789
19141704
33856031
974907273
7538935
4662818
--STOP--
++STRT++
83818269
554882520
19677503
4568243
19136154
33886444
943587849
8058378
4880340
--STOP--
++STRT++
83591864
555048046
19690178
4581113
19153842
33871699
969099218
7734409
4722884
--STOP--
++STRT++
83608216
555422485
19760982
4580424
19102648
33873771
981429708
7858007
4932408
--STOP--
++STRT++
83888289
554786313
19707707
4623337
19090915
33885482
937565514
8122085
4890180
--STOP--
++STRT++
83672077
554753262
19715331
4637208
19162744
33932646
958096219
7739407
4710779
--STOP--
++STRT++
83566581
554903594
19728743
4579587
19062547
33865418
968153432
7768026
4764823
--STOP--
++STRT++
83657031
554820132
19689880
4597367
19111012
33880037
955807636
8041759
4936839
--STOP--
++STRT++
83688832
555304530
19675553
4572020
19118051
33884087
946403808
7935525
4878323
--STOP--
++STRT++
83834800
555081749
19684713
4581748
19187947
33875393
971851597
7872088
4934685
--STOP--
++STRT++
83528805
555382162
19713585
4537694
19072848
33855351
969425613
7934128
4837922
--STOP--
++STRT++
83677184
555349318
19871734
4595525
19046733
33907337
948437520
7980706
4916611
--STOP--
++STRT++
83662450
555116606
19691415
4568842
19098351
33863131
946765826
7910612
4821694
--STOP--
++STRT++
83748914
555179865
19771305
4528267
19158491
33879613
934469500
7803834
4653852
--STOP--
++STRT++
83763305
555132617
19814975
4577674
19144041
33860883
964099506
7991687
5090554
--STOP--
++STRT++
83608749
555403014
19683850
4519375
19048663
33893787
950545652
8129207
4854935
--STOP--
++STRT++
83637276
555228553
19660430
4574488
19108523
33860613
949706197
7933246
4747517
--STOP--
++STRT++
83580249
555338430
19694080
4530526
19062948
33953757
952352120
7921419
5034532
--STOP--
++STRT++
83545540
554918958
19723443
4540807
19079416
33914373
962570153
8172712
4800457
--STOP--
++STRT++
83691765
554985990
19741414
4520976
19060248
33924771
943466768
7842319
4894365
--STOP--
++STRT++
83836854
555169651
19722591
4528816
19127399
33884045
938144631
7825362
4780041
--STOP--
++STRT++
83632240
554334596
19666607
4578398
19115141
33890109
946916590
7892010
4855759
--STOP--
++STRT++
83578128
555387299
19728606
4528920
19085491
33848894
974581131
7890952
4769166
--STOP--
++STRT++
83693979
555376905
19757100
4526264
19140087
33884520
941141532
7551087
4690790
--STOP--
++STRT++
83752533
555171369
19692817
4570306
19065431
34015861
935398779
7809447
4641803
--STOP--
++STRT++
83651314
555298028
19660729
4530047
19119231
33938357
950996611
7992393
4875394
--STOP--
++STRT++
83798525
555243202
19762092
4531730
19139717
33988319
981337697
7805815
4848642
--STOP--
++STRT++
83615961
555299036
19694537
4581355
19090415
33887132
940493641
8067314
4886847
--STOP--
++STRT++
83734745
555155180
19697722
4532256
19076282
33846751
943794646
7948187
4825444
--STOP--
++STRT++
83693838
555284409
19723512
4567907
19099529
33871296
965977076
8028665
4929143
--STOP--
++STRT++
83673800
555210557
19726202
4532736
19042731
33860001
948415505
7929671
4704161
--STOP--
++STRT++
83638648
555359103
19730458
4600414
19090403
33909819
974640992
7824996
4828184
--STOP--
++STRT++
83819953
555294682
19704947
4600307
19148614
33953165
953230388
7903993
4941179
--STOP--
++STRT++
83660154
555219205
19659411
4573864
19079717
33887156
946597388
7685219
4761141
--STOP--
++STRT++
83686048
555185259
19687541
4518432
19150846
33983800
952996059
7939609
4936590
--STOP--
++STRT++
83579322
555361722
19747192
4525149
19122550
33948265
966689112
7967710
4922916
--STOP--
++STRT++
83664553
555173284
19690741
4581085
19087387
33938677
945613823
7932739
4913270
--STOP--
++STRT++
83609512
555116788
19655078
4589170
19096017
33969603
956301070
8064278
5011052
--STOP--
++STRT++
83621749
555069759
19763091
4585285
19190137
33934961
953933712
8055772
4929379
--STOP--
++STRT++
83661354
555009300
19667353
4518770
19087679
33881502
942969356
7796149
4864677
--STOP--
++STRT++
83719345
555454663
19678564
4580080
19154501
33863542
974979115
7761088
4885415
--STOP--
++STRT++
83705523
555447184
19746153
4584687
19087105
33865894
942872155
7802497
4747250
--STOP--
++STRT++
83602109
555342109
19731514
4526073
19068306
33906139
942652532
8209182
4989073
--STOP--
++STRT++
83766742
555154093
19705639
4529932
19113431
33868722
956203606
8078484
4828962
--STOP--
++STRT++
83636978
555555798
19699450
4529403
19126602
33909619
960435617
7717485
4819034
--STOP--
++STRT++
83551548
555102828
19723043
4533788
19092068
33921921
942901786
7983039
5042242
--STOP--
++STRT++
83677570
555259372
19685153
4518354
19108080
33901819
946983625
7874029
4706121
--STOP--
++STRT++
83629319
555343240
19683768
4516842
19049120
33903434
937161374
7815564
4850200
--STOP--
++STRT++
83796918
555140429
19680930
4526308
19236751
33886801
961066603
7855685
4819956
--STOP--
++STRT++
83633903
555426307
19711953
4526577
19129061
33972106
975062822
7891852
5020975
--STOP--
++STRT++
83678476
555560643
19735795
4545235
19088953
33867988
953709975
7879975
4856720
--STOP--
++STRT++
83676835
555643763
19690795
4544501
19104495
33922805
938472536
7813515
4722851
--STOP--
++STRT++
83548175
555189275
19688271
4529450
19165741
34003839
964108924
7744816
4680784
--STOP--
++STRT++
83742228
555570396
19701276
4571739
19159844
33879829
976504631
7864924
4783115
--STOP--
++STRT++
83689773
555452447
19681504
4614136
19108316
33879266
937917644
7786152
4884207
--STOP--
++STRT++
83680776
555278331
19785374
4569748
19191763
33862184
940646268
7993968
4963449
--STOP--
++STRT++
83608464
555581862
19692686
4615256
19167291
33894865
974616417
7913236
4932298
--STOP--
++STRT++
83557898
555265320
19808797
4591877
19153196
33874214
981410950
8108661
4903051
--STOP--
++STRT++
83771043
555159357
19750677
4588417
19241722
33830500
951221287
7941620
4705119
--STOP--
++STRT++
83627195
555383151
19757413
4590344
19053042
33964806
941683761
7813804
4795960
--STOP--
++STRT++
83659923
554466709
19712129
4574062
19175879
33886231
975933539
7929753
4810872
--STOP--
++STRT++
83656413
555373359
19784359
4576232
19155910
34022692
947267869
7968723
4883876
--STOP--
++STRT++
83551087
555038157
19684115
4579408
19119811
33884140
949490114
7758543
4707443
--STOP--
++STRT++
83674215
555273337
19754713
4575372
19058423
33852305
956014780
7726597
4801621
--STOP--
++STRT++
83561691
555056959
19769251
4571722
19068630
33852677
948091411
7848161
4832217
--STOP--
++STRT++
83575360
555458946
19650728
4525999
19147915
33881058
949431926
7775602
4665980
--STOP--
++STRT++
83657846
555418133
19699078
4608253
19131763
33861040
975163844
7842200
4667704
--STOP--
++STRT++
83715522
555335343
19780746
4524996
19085000
33901994
949518960
7970845
4863216
--STOP--
++STRT++
83652970
555134018
19698823
4568781
19140174
33884855
964653055
7917437
4677341
--STOP--
++STRT++
83729553
555156268
19698653
4516020
19097087
33933705
944692847
7714850
4704202
--STOP--
++STRT++
83482626
555140582
19661831
4524319
19143148
33931072
967608090
7672264
4874143
--STOP--
++STRT++
83720423
555403129
19784546
4537986
19175448
33871851
948683000
8082981
4752945
--STOP--
++STRT++
83518398
555280866
19676064
4548774
19117250
33958429
947789426
7658431
4647823
--STOP--
++STRT++
83533529
554841377
19708242
4523195
19104209
33920308
975968219
7824238
4822769
--STOP--
++STRT++
83654661
555048719
19707272
4524791
19051323
33993648
953303229
7791211
4681524
--STOP--
++STRT++
83636042
555187080
19659486
4590574
19119086
33927353
943545286
7778655
4727550
--STOP--
++STRT++
83541350
555106113
19688811
4522236
19101148
33896434
934102422
7776475
4800366
--STOP--
++STRT++
83712377
554918910
19670755
4624720
19123015
33928447
974821624
7600786
4757098
--STOP--
++STRT++
83665782
555035915
19764974
4594594
19133405
33892649
967707568
7724128
4657733
--STOP--
++STRT++
83559342
555268205
19739056
4590134
19055784
33879249
939126143
7748838
4646291
--STOP--
++STRT++
83573014
555412451
19680962
4523322
19090571
33924649
943516591
7955084
4910112
--STOP--
++STRT++
83810826
554997685
19675388
4592139
19169394
33882082
943233874
8098126
4946911
--STOP--
++STRT++
83556110
555119424
19701061
4588084
19083914
33870816
974983549
8136713
4793617
--STOP--
++STRT++
83518006
555210100
19727366
4586637
19192132
33907895
941939569
7843924
4730420
--STOP--
++STRT++
83651251
554964875
19679376
4519022
19041233
33880418
949359883
7898187
4746922
--STOP--
++STRT++
83584533
555274650
19714354
4567910
19103422
33861956
944167792
7917423
4778320
--STOP--
++STRT++
83566999
555213207
19728050
4580483
19191389
33862052
951130485
8000196
4895638
--STOP--
++STRT++
83566142
555232958
19724635
4574314
19065834
33947975
950607989
8021257
4812322
--STOP--
++STRT++
83653257
555086858
19796756
4520655
19075368
33924702
949674222
8173182
5042064
--STOP--
++STRT++
83716674
554974464
19722908
4620609
19134607
33886361
942978789
7922184
4940947
--STOP--
++STRT++
83638409
555179884
19667453
4588590
19090828
33906962
969348560
7859042
4876315
--STOP--
++STRT++
83654517
555232775
19741750
4539349
19115064
33895586
969342238
7755132
4831761
--STOP--
++STRT++
83570048
555094228
19715498
4527871
19061844
33910194
957936959
7843812
4799326
--STOP--
++STRT++
83596672
555364166
19752512
4529442
19120723
33882420
947290628
7946471
4724827
--STOP--
