++STRT++
94468570
617789773
21410160
5105048
20832307
36683081
1022266982
8749026
5348621
--STOP--
++STRT++
93980717
618277196
21469055
5100611
20989146
36662679
1024806480
9056425
5555469
--STOP--
++STRT++
93777525
617791545
21432242
5032068
20830378
36640652
1022490436
9021293
5414934
--STOP--
++STRT++
93773799
617799909
21387256
5053307
20827562
36700921
1023128514
8606858
5328050
--STOP--
++STRT++
93708539
617930338
21414098
5045171
20729849
36600748
1024731106
8970143
5398988
--STOP--
++STRT++
93884136
617912603
21493469
5106409
20947695
36733588
1025130800
9001162
5355318
--STOP--
++STRT++
93774172
617974111
21434811
5091984
20922001
36772155
1023286940
8913692
5333465
--STOP--
++STRT++
93752024
618177977
21399059
5093169
20814956
36703742
1021868095
9016298
5394046
--STOP--
++STRT++
94116729
617894535
21475405
5120284
20881758
36771231
1025494317
8734881
5313187
--STOP--
++STRT++
93805280
617838671
21587937
5101159
20945202
36819047
1024943710
8958473
5531590
--STOP--
++STRT++
93611055
617963702
21397107
5086008
20933310
36618665
1022496886
9371158
5474549
--STOP--
++STRT++
93991600
618314537
21565782
5121090
20891558
36709921
1022591005
9138400
5317279
--STOP--
++STRT++
93955125
618023191
21610069
5062200
20896211
36613831
1025294160
9285698
5559615
--STOP--
++STRT++
93929264
617980451
21502627
5040192
20832631
36595928
1024603596
9165183
5344727
--STOP--
++STRT++
93780223
617897352
21345838
5048536
20892324
36626636
1022479233
8822148
5419448
--STOP--
++STRT++
93827120
617581529
21420670
5098973
21016394
36669182
1022069972
9125032
5455679
--STOP--
++STRT++
93859929
618017479
21407384
5100155
20826151
36741740
1022359227
8906757
5282528
--STOP--
++STRT++
93786587
617848369
21532287
5055493
20774264
36766960
1025134327
8989621
5346931
--STOP--
++STRT++
93853613
617797162
21483123
5102263
20927149
36646778
1024268481
8966159
5368211
--STOP--
++STRT++
93605319
618085943
21436804
5043064
20965717
36750590
1022979193
8768021
5273140
--STOP--
++STRT++
94066949
617807436
21383350
5060711
20842875
36712869
1022904551
8975278
5466525
--STOP--
++STRT++
93839978
618110084
21441338
5083937
20757337
36651519
1022521359
8877781
5483648
--STOP--
++STRT++
93910967
617963067
21497737
5110842
20869492
36627410
1024184810
8813284
5268118
--STOP--
++STRT++
93802167
618195043
21579004
5101115
20917065
36706144
1024393263
8941123
5532280
--STOP--
++STRT++
93758069
617831852
21545829
5092969
20862103
36667004
1022211813
9095068
5490789
--STOP--
++STRT++
94077032
617838986
21449160
5105225
20874053
36682048
1022070773
8950534
5297255
--STOP--
++STRT++
93825544
617943516
21427758
5082947
20794768
36622659
1024021579
8878724
5295517
--STOP--
++STRT++
93874254
617787931
21491520
5065407
20851479
36686041
1023628190
8875590
5484903
--STOP--
++STRT++
93445838
617934701
21388092
5088421
20909127
36663779
1021946686
8981624
5387130
--STOP--
++STRT++
93775636
616944483
21482791
5052682
20822531
36596654
1025021506
8829660
5328266
--STOP--
++STRT++
93847481
617797115
21527823
5067034
20902534
36694298
1023232694
8966105
5252600
--STOP--
++STRT++
93719766
617758854
21392314
5049819
20861547
36683487
1022137660
8672653
5381306
--STOP--
++STRT++
94140482
618092748
21412738
5101432
20942854
36782857
1022990895
8826698
5412417
--STOP--
++STRT++
93838058
617929087
21528380
5065014
20732799
36661136
1023335005
9131728
5441427
--STOP--
++STRT++
93822167
618067352
21579931
5162863
20870236
36657726
1022876291
8972570
5416082
--STOP--
++STRT++
94013900
618059128
21435542
5095973
20917130
36651321
1022267331
9092607
5328622
--STOP--
++STRT++
93852889
617646980
21446767
5033324
20722646
36748724
1022407629
9046455
5402539
--STOP--
++STRT++
93925924
617813117
21413863
5051031
20783577
36755706
1024810070
8903794
5311026
--STOP--
++STRT++
93827213
617615008
21418754
5121501
20862496
36615153
1022418034
8855937
5416565
--STOP--
++STRT++
93903899
617953925
21442884
5109152
20733982
36650639
1022393480
8727305
5363258
--STOP--
++STRT++
93770061
617724277
21439182
5099844
20942236
36662932
1023778696
9101802
5291153
--STOP--
++STRT++
93641940
617687933
21471672
5049135
20842818
36709803
1022684882
9057716
5496862
--STOP--
++STRT++
93764047
617779563
21407801
5098244
21042670
36689193
1022134149
8856931
5329356
--STOP--
++STRT++
94062356
618014684
21523404
5104193
20833272
36801472
1023729313
8768318
5308029
--STOP--
++STRT++
93777336
618016115
21564883
5098820
20886025
36724469
1023535574
9033768
5417029
--STOP--
++STRT++
93828123
617870025
21375987
5042302
20912087
36617204
1022395182
8832865
5389041
--STOP--
++STRT++
93817470
617803854
21361163
5098075
20789915
36600338
1024089918
8811791
5436462
--STOP--
++STRT++
93816669
617361500
21538565
5133229
20772572
36691212
1024766846
8725575
5295154
--STOP--
++STRT++
93852227
617647478
21497716
5099306
20887328
36635908
1022906479
8654173
5240873
--STOP--
++STRT++
94019445
617978034
21469988
5103586
20945003
36714630
1022363849
8941428
5280868
--STOP--
++STRT++
93778449
618125306
21441878
5094333
20805101
36740399
1023241062
8769410
5309856
--STOP--
++STRT++
93732690
618109796
21508619
5096914
20847627
36659749
1025016472
8765083
5310016
--STOP--
++STRT++
93697879
617840897
21462234
5088426
20906096
36677434
1022188371
8984815
5297595
--STOP--
++STRT++
93740450
617869416
21398471
5052825
20989786
36664685
1022017207
8979200
5398897
--STOP--
++STRT++
93986714
617756713
21576304
5125089
20711565
36668055
1024232895
9028315
5325791
--STOP--
++STRT++
93762542
617739334
21605614
5110621
20777663
36672139
1024686222
8655619
5355197
--STOP--
++STRT++
93780361
617937208
21384221
5134620
21002826
36674732
1022265558
9068646
5352062
--STOP--
++STRT++
93805515
617710018
21508521
5099124
20767683
36682750
1023114069
8858119
5328804
--STOP--
++STRT++
93795254
617845605
21541408
5076397
20749293
36594363
1024550991
8982291
5144897
--STOP--
++STRT++
93811730
617869803
21503810
5050667
20836300
36599844
1022326218
9227280
5430960
--STOP--
++STRT++
93907372
617984147
21436144
5053800
20950680
36663212
1023810403
9063751
5424233
--STOP--
++STRT++
93715889
617917796
21396171
5092184
20776035
36683961
1023922076
8708716
5145708
--STOP--
++STRT++
93794772
618134980
21469692
5054368
20890373
36678605
1024897420
8906733
5327663
--STOP--
++STRT++
94060045
617754932
21469843
5035821
20928287
36669942
1022419321
8670669
5358418
--STOP--
++STRT++
94041583
617757467
21491614
5097182
20762945
36714541
1023709128
8906782
5236626
--STOP--
++STRT++
93750579
617932371
21428592
5071674
20727383
36637790
1023634475
8831961
5179526
--STOP--
++STRT++
94062987
617473842
21451958
5050946
20859258
36705838
1022126669
8974821
5490391
--STOP--
++STRT++
93938236
617540221
21553096
5140978
21068579
36670849
1022095498
9402740
5356222
--STOP--
++STRT++
93897533
617941127
21457637
5089003
20848011
36632986
1022476116
9268186
5392487
--STOP--
++STRT++
93928060
617558568
21528515
5115245
20815172
36707564
1023994786
9047617
5311110
--STOP--
++STRT++
93816791
617862455
21461983
5101289
20929575
36665284
1022236918
9080023
5501744
--STOP--
++STRT++
93923992
618153948
21406057
5105422
20944286
36664308
1025463463
8751427
5447575
--STOP--
++STRT++
93879755
617735565
21400884
5041053
20772860
36640239
1025040522
8913611
5346276
--STOP--
++STRT++
93645059
618021151
21440133
5130579
20798644
36662354
1024871497
9038473
5291984
--STOP--
++STRT++
93963699
618091934
21414610
5092540
21004871
36746675
1022178522
9156024
5720421
--STOP--
++STRT++
93906944
618243858
21473979
5094215
20970227
36630514
1023348290
9178008
5528637
--STOP--
++STRT++
94046269
617840914
21496931
5060762
20770597
36625250
1024114050
9126067
5281762
--STOP--
++STRT++
93781210
617887668
21465483
5087688
20875590
36638558
1022032003
9048298
5401965
--STOP--
++STRT++
93960876
617828326
21416211
5089736
20886747
36672295
1025278463
8881158
5319821
--STOP--
++STRT++
93855349
617965542
21550945
5116738
20736254
36681383
1026261096
8905662
5315450
--STOP--
++STRT++
93822364
617834404
21493526
5103855
20808473
36721757
1023931498
8970884
5452513
--STOP--
++STRT++
93776017
617999882
21374536
5098989
20981586
36733260
1023681762
8952942
5426863
--STOP--
++STRT++
93869271
617717048
21559525
5105114
20783447
36768409
1023512398
8772171
5322958
--STOP--
++STRT++
93888008
617697066
21499562
5100147
20921593
36667896
1024073640
8960848
5373425
--STOP--
++STRT++
93873634
617787876
21427824
5034450
20926666
36691005
1022854401
9162520
5491748
--STOP--
++STRT++
93753465
617961900
21405119
5092531
20776871
36597479
1022563353
8808447
5208778
--STOP--
++STRT++
93930888
617744683
21475605
5030129
20855416
36792977
1023955299
9126386
5410261
--STOP--
++STRT++
93739404
618191560
21438658
5083826
21003565
36673263
1022754656
9025421
5457115
--STOP--
++STRT++
93879069
617888434
21426488
5109398
20846358
36679531
1024832681
8778074
5257591
--STOP--
++STRT++
94004921
617364800
21507923
5066451
20861063
36624355
1024585868
8629850
5291755
--STOP--
++STRT++
93687169
617542639
21366877
5112951
20777823
36684013
1022890838
8597778
5358791
--STOP--
++STRT++
93708403
618071847
21424163
5035398
20834262
36694045
1022626119
8703176
5505368
--STOP--
++STRT++
93671805
617882319
21373059
5087952
20947751
36687795
1024260481
8878665
5446702
--STOP--
++STRT++
93716070
618114483
21381943
5104005
20806812
36932501
1024413201
8911053
5425025
--STOP--
++STRT++
93784632
617716800
21565383
5082959
20940867
36729026
1023135678
8749005
5252704
--STOP--
++STRT++
93832144
617826879
21419106
5036473
20889479
36769954
1023734234
8885755
5294559
--STOP--
++STRT++
93764975
617992368
21418064
5106811
20858160
36663539
1023700867
9044169
5238165
--STOP--
++STRT++
93849795
617656221
21456966
5069672
20713271
36681702
1023572289
9036641
5291000
--STOP--
++STRT++
93841530
617713913
21471038
5102217
20981718
36692302
1024207761
8933584
5289542
--STOP--
++STRT++
93843632
617436636
21444036
5110613
20851060
36728298
1024585758
8829405
5261199
--STOP--
++STRT++
93914587
617780817
21382229
5074702
20730764
36643366
1022602347
8939405
5360521
--STOP--
++STRT++
93853902
617941804
21520511
5100273
20863354
36654152
1022721694
9038589
5454236
--STOP--
++STRT++
93843161
618149994
21506380
5084944
20963492
36780102
1021915802
8919648
5299955
--STOP--
++STRT++
93739822
617873843
21346986
5050410
20855122
36697185
1023183983
8668887
5348610
--STOP--
++STRT++
93720381
617826959
21419741
5073432
20751446
36681201
1023014303
9214466
5348353
--STOP--
++STRT++
93895878
618061402
21439800
5042835
20932627
36671022
1023476084
8989146
5318616
--STOP--
++STRT++
93897419
617808833
21513541
5046691
20914242
36674584
1023319601
8657072
5311151
--STOP--
++STRT++
93649610
617849906
21356194
5041411
20762282
36692186
1022688111
8822994
5309029
--STOP--
++STRT++
93872041
617954588
21604744
5038740
20900640
36586733
1024996173
8843338
5296052
--STOP--
++STRT++
93918687
617798622
21414785
5102223
20865710
36716898
1023713589
8649416
5305081
--STOP--
++STRT++
93734002
618035225
21414948
5095891
20753374
36663075
1023484879
8618730
5192873
--STOP--
++STRT++
93822062
617788402
21474625
5065861
20905695
36634097
1022283323
8914938
5254384
--STOP--
++STRT++
93900366
618006956
21590608
5091707
20951168
36693632
1022326538
8707855
5331872
--STOP--
++STRT++
93509566
617912485
21403974
5085059
20959175
36709911
1022007171
8770522
5281050
--STOP--
++STRT++
93966469
617779586
21543841
5055960
20823517
36686075
1022272070
8594443
5379239
--STOP--
++STRT++
93871625
617748103
21473508
5087846
21047088
36664260
1022235911
8848678
5262062
--STOP--
++STRT++
93878425
617597677
21339163
5044147
20824025
36729783
1023326826
8765590
5380880
--STOP--
++STRT++
93802615
618062613
21396618
5087081
20774228
36680139
1024157386
8660342
5340316
--STOP--
++STRT++
93912915
618090426
21611282
5105741
20948099
36663568
1024363621
8734221
5333248
--STOP--
++STRT++
93804523
617948882
21409807
5083624
20849981
36701195
1022728218
8821314
5313261
--STOP--
++STRT++
93729504
617668740
21411222
5087664
20836997
36679150
1022368345
8803970
5279799
--STOP--
++STRT++
93882601
616876307
21474935
5104284
20874638
36711837
1024490493
8912904
5469080
--STOP--
++STRT++
93774901
617754874
21405741
5105131
20945539
36732914
1024129363
8827471
5434290
--STOP--
++STRT++
93884660
617845481
21541708
5210474
20798442
36641186
1022391092
8825684
5230396
--STOP--
++STRT++
93699860
617900102
21432240
5060431
20888880
36772615
1025313648
8815985
5233058
--STOP--
++STRT++
93843602
617989960
21402381
5044539
20872671
36670230
1023979145
8870945
5374637
--STOP--
++STRT++
94010312
617974107
21503228
5048770
20994238
36762197
1022583838
8859861
5282713
--STOP--
++STRT++
93906580
618058961
21546673
5115921
20817644
36675001
1022093104
8968005
5399382
--STOP--
