++STRT++
2450796
23605052
2436160
567235
2269675
4181825
38163122
659810
454879
--STOP--
++STRT++
2464801
23531418
2359912
567482
2272405
4122869
38312988
657944
455049
--STOP--
++STRT++
2377139
23529119
2359678
567032
2277947
4125409
38225167
658473
446006
--STOP--
++STRT++
2339552
23528838
2358591
563990
2271627
4120727
38090667
660328
451217
--STOP--
++STRT++
2448443
23576619
2358497
562366
2274331
4110604
38149448
723596
524637
--STOP--
++STRT++
2377381
23481255
2394057
614859
2273307
4155265
38093369
676315
450687
--STOP--
++STRT++
2361585
23525804
2416872
563319
2270094
4178613
38168322
660827
453907
--STOP--
++STRT++
2427180
23645314
2362080
565986
2323539
4111855
38201913
660308
457317
--STOP--
++STRT++
2563170
23555108
2362474
567144
2272697
4178490
38255745
660378
453671
--STOP--
++STRT++
2476399
23425034
2361409
563741
2306118
4177100
38254688
655876
453210
--STOP--
++STRT++
2418326
23504380
2361116
565255
2332685
4111668
38562401
695698
468752
--STOP--
++STRT++
2466905
23548396
2358699
558789
2321110
4145044
38340805
660611
457127
--STOP--
++STRT++
2340144
23498855
2405514
619087
2273455
4147649
38135450
667326
461608
--STOP--
++STRT++
2541733
23474676
2365968
564028
2268888
4171845
38358017
658528
451114
--STOP--
++STRT++
2400415
23614459
2362694
567769
2269603
4184899
38183784
654869
451800
--STOP--
++STRT++
2376109
23541332
2357648
569360
2332909
4094340
38235082
663743
457171
--STOP--
++STRT++
2329081
23489698
2360540
560406
2267801
4124084
38125634
726486
524563
--STOP--
++STRT++
2727121
23480354
2356648
566091
2272378
4124548
38177510
658072
455933
--STOP--
++STRT++
2354566
23581050
2361401
568024
2272193
4121409
38244011
660066
453182
--STOP--
++STRT++
2437132
23592609
2359172
564692
2271466
4148187
38380949
715310
503762
--STOP--
++STRT++
2429209
23549662
2363122
564206
2274471
4124536
38231479
663993
499408
--STOP--
++STRT++
2367265
23548169
2417799
566970
2268840
4170487
38244199
662410
456110
--STOP--
++STRT++
2380759
23617261
2358198
563408
2320497
4123414
38290579
672613
447994
--STOP--
++STRT++
2367730
23609686
2362763
565660
2269522
4122979
38454283
662426
457472
--STOP--
++STRT++
2426864
23490054
2421710
562080
2273978
4213376
38215997
655827
452951
--STOP--
++STRT++
2509611
23582379
2357305
566971
2272853
4158086
38221250
666266
454361
--STOP--
++STRT++
2563882
23568738
2359481
561155
2331686
4124789
38212261
660014
450522
--STOP--
++STRT++
2452369
23588314
2367976
563065
2333977
4111764
38228669
663231
462019
--STOP--
++STRT++
2346303
23526596
2403494
565935
2271791
4148492
38156392
669940
454247
--STOP--
++STRT++
2346834
23485248
2420212
563345
2266638
4185389
38202949
661990
452125
--STOP--
++STRT++
2380145
23564595
2360971
561033
2272386
4096036
38162556
655650
453527
--STOP--
++STRT++
2353449
23578631
2363776
567246
2267957
4109385
38157056
661983
451704
--STOP--
++STRT++
2362268
23516004
2406644
563408
2275544
4149314
38089230
663035
449973
--STOP--
++STRT++
2338676
23549412
2437111
564342
2271201
4164103
38305261
661745
452228
--STOP--
++STRT++
2400183
23486598
2360391
561349
2268271
4166724
39277267
665173
465974
--STOP--
++STRT++
2418172
23517937
2358953
564817
2268889
4122969
38199188
707219
496694
--STOP--
++STRT++
2593238
23541914
2423572
563338
2271973
4170830
39201834
661967
449709
--STOP--
++STRT++
2406538
23565613
2361856
562400
2334326
4112910
38248363
654920
452333
--STOP--
++STRT++
2419531
23490524
2362631
565969
2270430
4109338
38153780
724318
515786
--STOP--
++STRT++
2506110
23463390
2361546
564197
2271426
4138512
38506341
658575
452783
--STOP--
++STRT++
2491480
23493110
2363835
604927
2335969
4109402
38200644
662582
452921
--STOP--
++STRT++
2465201
23586079
2417640
564073
2268399
4176297
38148775
662368
452583
--STOP--
++STRT++
2327054
23477900
2425713
563375
2272412
4174951
39945974
678589
459365
--STOP--
++STRT++
2358036
23498232
2406203
565561
2272124
4159690
38418478
658953
457795
--STOP--
++STRT++
2406457
23512247
2360781
565815
2275013
4165936
38218826
660842
454240
--STOP--
++STRT++
2465174
23542382
2355858
562877
2339167
4111147
38547872
656937
453225
--STOP--
++STRT++
2522537
23554748
2358869
564466
2321641
4109454
38229323
667101
456239
--STOP--
++STRT++
2387696
23506144
2359719
561178
2264468
4162334
38304833
661069
451929
--STOP--
++STRT++
2543646
23697925
2358386
565639
2322713
4112505
38263398
659199
460420
--STOP--
++STRT++
2395639
23549394
2363911
565377
2272889
4123509
38152198
713278
452021
--STOP--
++STRT++
2566893
23613136
2360749
559472
2330609
4108959
38242683
661137
452964
--STOP--
++STRT++
2703122
23639188
2361599
564377
2320772
4126570
38227781
656396
457536
--STOP--
++STRT++
2390372
23508745
2398970
603665
2271621
4149561
38099692
671794
453530
--STOP--
++STRT++
2402599
23507739
2358766
565040
2275042
4108329
38134240
719713
519320
--STOP--
++STRT++
2415434
23638912
2406552
564469
2310910
4175057
38268749
661824
452818
--STOP--
++STRT++
2382261
23473903
2359301
563334
2270124
4170542
38224841
660836
454714
--STOP--
++STRT++
2537006
23554897
2363259
562240
2329172
4161657
38207592
659260
452587
--STOP--
++STRT++
2401078
23499040
2361758
562178
2269475
4217786
38265963
658895
451315
--STOP--
++STRT++
2467109
23519336
2360371
567058
2320672
4112835
38988025
654830
454133
--STOP--
++STRT++
2488009
23501707
2356814
563571
2310533
4109855
38182689
664116
452742
--STOP--
++STRT++
2493423
23592566
2357616
568012
2328388
4169001
38227667
662657
453209
--STOP--
++STRT++
2567608
23592529
2359984
563603
2322872
4123965
38612318
670112
452445
--STOP--
++STRT++
2520626
23602892
2357575
567032
2332771
4152651
38277375
657280
452165
--STOP--
++STRT++
2483131
23602639
2363775
565716
2328260
4125741
38209216
660528
460862
--STOP--
++STRT++
2538980
23487003
2405037
563073
2269570
4180112
38103592
670798
461529
--STOP--
++STRT++
2390519
23521948
2358921
563721
2269251
4110797
38976835
665327
450937
--STOP--
++STRT++
2469979
23509404
2362881
563792
2265551
4161795
38236502
662404
454421
--STOP--
++STRT++
2368832
23476479
2365226
560369
2271226
4169522
38287965
659655
450996
--STOP--
++STRT++
2486755
23602685
2358631
562744
2322544
4121902
39900269
667920
455573
--STOP--
++STRT++
2406012
23537219
2420714
564990
2270874
4168062
39888308
667811
450411
--STOP--
++STRT++
2408738
23508763
2359372
566035
2326253
4125727
38242543
660059
452902
--STOP--
++STRT++
2425406
23534172
2360029
566478
2271904
4124190
38120361
659580
452941
--STOP--
++STRT++
2363269
23527268
2400081
562086
2268163
4166772
38111472
662269
455496
--STOP--
++STRT++
2465470
23510284
2361600
561478
2272218
4181064
38254614
668385
453352
--STOP--
++STRT++
2484087
23579147
2362577
566499
2272351
4109792
38079869
656815
452716
--STOP--
++STRT++
2333149
23507999
2403888
565838
2267306
4140104
39001950
659856
453016
--STOP--
++STRT++
2408295
23470909
2363045
564510
2332046
4109428
38215077
662058
453026
--STOP--
++STRT++
2365929
23561786
2405081
565205
2272235
4178141
38133466
665343
455541
--STOP--
++STRT++
2429913
23478305
2357192
563787
2332447
4125158
38207797
659202
452575
--STOP--
++STRT++
2350510
23608457
2360686
561906
2269523
4112470
38149916
709589
501109
--STOP--
++STRT++
2368650
23494952
2405354
566985
2271058
4153095
38087144
667690
461187
--STOP--
++STRT++
2458732
23431426
2363690
563880
2273061
4177565
39178148
667182
449589
--STOP--
++STRT++
2394612
23508287
2361247
558234
2272000
4124809
38087127
658222
453040
--STOP--
++STRT++
2331596
23533169
2402902
564501
2271094
4166714
39895068
694439
453379
--STOP--
++STRT++
2332035
23516742
2357912
562325
2269102
4123215
38100872
731734
502625
--STOP--
++STRT++
2519671
23525280
2360989
564404
2322053
4122168
38406479
655241
454668
--STOP--
++STRT++
2371452
23501841
2362301
565069
2269865
4171398
38261535
662709
454014
--STOP--
++STRT++
2402330
23505279
2418394
561038
2268108
4171535
38134102
658366
451320
--STOP--
++STRT++
2543294
23593111
2361678
604013
2315401
4125674
38241693
658847
454417
--STOP--
++STRT++
2573140
23586346
2364251
560976
2333590
4129209
38203435
661351
452932
--STOP--
++STRT++
2460597
23500142
2422611
565281
2270614
4180538
38227611
661517
453588
--STOP--
++STRT++
2503632
23498177
2417246
567508
2269096
4186079
38520429
664313
449941
--STOP--
++STRT++
2619208
23423587
2356197
567939
2268038
4173941
39042879
655346
450466
--STOP--
++STRT++
2400205
23495675
2361375
565104
2327029
4172265
39301956
664309
451600
--STOP--
++STRT++
2458865
23498867
2399349
602056
2273612
4097667
38119128
665871
453934
--STOP--
++STRT++
2384312
23649731
2367836
564164
2324050
4126348
38633933
661929
456392
--STOP--
++STRT++
2490827
23591100
2362764
563923
2331094
4097241
38593363
664934
455022
--STOP--
++STRT++
2501121
23514421
2398865
636679
2274211
4123097
38197035
710869
459642
--STOP--
++STRT++
2522341
23570735
2360191
563227
2317947
4111501
39076518
665622
453998
--STOP--
++STRT++
2342676
23540125
2409019
564725
2271137
4156041
38152695
665160
463342
--STOP--
++STRT++
2409046
23635783
2360394
565029
2323659
4123133
38214776
663156
457843
--STOP--
++STRT++
2355636
23481356
2418196
566822
2270529
4165421
38478637
656966
452963
--STOP--
++STRT++
2399680
23587617
2362334
563279
2344355
4154766
39082233
667960
453606
--STOP--
++STRT++
2520561
23494899
2413914
564527
2337748
4172025
38541109
673815
454941
--STOP--
++STRT++
2480989
23447327
2362058
565462
2267978
4186887
38549339
657394
453970
--STOP--
++STRT++
2337161
23444114
2364012
564014
2270784
4226477
38316746
657228
457723
--STOP--
++STRT++
2344646
23431244
2364302
564704
2267182
4186292
38318846
663937
452313
--STOP--
++STRT++
2443754
23529784
2425449
565550
2267661
4177474
38168474
671503
452122
--STOP--
++STRT++
2394450
23524675
2359551
564512
2268731
4160858
38296865
656446
454424
--STOP--
++STRT++
2375862
23510422
2416330
562411
2269977
4176839
38149415
664963
454066
--STOP--
++STRT++
2640298
23532045
2405061
564489
2269569
4151153
38155001
661810
450798
--STOP--
++STRT++
2407007
23426554
2357749
565360
2272581
4150354
38236493
666975
456044
--STOP--
++STRT++
2417618
23485248
2358351
567852
2336401
4195521
38583267
661066
453591
--STOP--
++STRT++
2494595
23601491
2366127
564071
2341454
4122749
39278857
675129
456634
--STOP--
++STRT++
2385665
23644680
2362686
567551
2267606
4110853
38122638
654867
451646
--STOP--
++STRT++
2350882
23568337
2361422
564971
2274696
4109885
39880953
681147
446691
--STOP--
++STRT++
2410891
23499007
2360900
561812
2323529
4110704
38192435
662686
461455
--STOP--
++STRT++
2424978
23577900
2360902
566297
2272833
4105561
38257815
717481
492165
--STOP--
++STRT++
2479215
23599461
2362672
562756
2320088
4125211
39296886
658570
466676
--STOP--
++STRT++
2430601
23509528
2362553
567095
2322473
4108062
38248663
662642
453175
--STOP--
++STRT++
2444250
23638882
2363302
563617
2324024
4123459
39061837
659795
454378
--STOP--
++STRT++
2418968
23599659
2361100
567233
2330145
4176302
38307112
659592
454577
--STOP--
++STRT++
2378098
23513095
2419707
564893
2273427
4156367
38172878
663577
451497
--STOP--
++STRT++
2347687
23667259
2362109
568381
2271035
4163373
38333203
659629
454386
--STOP--
++STRT++
2405440
23474483
2362015
566834
2272366
4124848
38168243
664261
453155
--STOP--
++STRT++
2378958
23540429
2360620
565903
2267962
4180739
38227174
654410
451990
--STOP--
++STRT++
2360357
23451348
2364697
565241
2270036
4183863
38187446
662988
455381
--STOP--
++STRT++
2374928
23581011
2361215
567304
2273333
4124836
38211012
723947
520227
--STOP--
