++STRT++
7089108
67043735
4782400
1132436
4608869
8231752
111872932
1430057
953841
7218503
66805049
4811255
1128974
4607732
8207333
111716104
1478165
966882
7689127
66560829
4778119
1136632
4635922
8212207
111773995
1444538
952245
6940460
67045084
4809716
1138195
4646258
8220321
111843659
1472678
964901
7656233
67287811
4773716
1130898
4650761
8203748
111793184
1460588
1043787
7371226
66749792
4810972
1136412
4606570
8198728
111745873
1450675
995716
7546736
67262334
4784737
1128705
4616616
8221537
111826683
1437866
967231
7452131
67181401
4825441
1128622
4643377
8185017
112505203
1453244
975624
6905859
66677324
4782661
1131273
4648826
8180834
111766020
1465104
1049895
7091158
66848524
4821002
1135457
4609258
8201974
111971979
1502837
1151923
--STOP--
++STRT++
7744205
66822728
4850600
1128354
4642759
8211228
112158482
1449575
961084
7859661
66911973
4819084
1133345
4643269
8224546
111706684
1473888
971065
7145706
67149811
4814685
1171765
4637599
8193120
111716826
1430833
999503
7920053
66737448
4777183
1131922
4609058
8252189
111803222
1457814
967631
8034971
66498642
4838224
1182494
4651790
8217893
111719569
1535533
999934
6947248
66870147
4804327
1130384
4613496
8208389
111723475
1447170
974161
7469850
66923577
4809199
1132568
4653504
8206719
111765539
1451734
968775
7027299
66619649
4776277
1131660
4635706
8182709
112018383
1430741
1072459
7341048
66809368
4805339
1134612
4639201
8210542
111744343
1456131
1000316
7300351
66577894
4779927
1138544
4655596
8218024
111789460
1542092
1025343
--STOP--
++STRT++
7647872
66589999
4874996
1133357
4609451
8254864
111934979
1438855
953437
7473976
66648014
4828685
1133797
4610529
8201721
111839697
1446095
985278
7804243
66732457
4791827
1134612
4605097
8198206
111879127
1431357
958505
7337616
66812985
4808508
1134355
4611407
8223102
111745894
1457760
962629
7133853
67152319
4772210
1129315
4637055
8186179
111859116
1543230
991691
7077220
67144834
4780909
1131905
4635291
8190952
111756551
1454543
1064724
7277352
66915915
4816493
1133945
4606586
8225325
111869254
1446481
966591
7340992
66935541
4801987
1131829
4643767
8183594
111873952
1443748
958641
8178271
66953208
4779550
1191858
4635989
8209646
111739044
1465498
994090
7174535
67264673
4820073
1139088
4622170
8205680
112563695
1518151
1051846
--STOP--
++STRT++
7284626
67160913
4774798
1136007
4635499
8180772
112246269
1420856
1030223
7332980
66735977
4779395
1132294
4647647
8198579
111655774
1505190
962185
7323386
66814997
4779628
1133772
4605205
8203651
111732562
1443608
957660
7627720
66634250
4805056
1138396
4609690
8222271
111807638
1453776
966590
8074269
66751854
4782370
1166853
4642206
8195625
112251093
1473710
981355
7945062
66936795
4778326
1183669
4650347
8189502
111723314
1547416
975779
7274812
66745655
4808856
1131029
4643162
8219932
111755451
1434502
967113
7315124
66720163
4776664
1176267
4682653
8210175
111733168
1428332
1017801
7584192
67118323
4812471
1134189
4605649
8209010
112141417
1615870
1024322
7184780
66877869
4781346
1140686
4657426
8219196
112141130
1482069
1045721
--STOP--
++STRT++
7254520
66988524
4801579
1138528
4653218
8206953
111904516
1442457
950385
7785189
67126950
4809556
1129662
4606850
8262624
112221842
1438496
973559
8351171
66585802
4783235
1132592
4604564
8201142
111802631
1432430
959547
7057777
66958473
4783552
1130721
4610796
8206716
112188498
1458982
1047769
7196414
67354305
4813242
1126203
4616384
8259202
112239399
1439590
981264
7820267
66876649
4816966
1128576
4652511
8209399
111695121
1451444
978130
7458890
66747715
4782469
1130155
4610816
8207017
112044471
1444928
962489
8351983
66637585
4808829
1127704
4607423
8206259
111841651
1437198
963984
7465820
67291354
4774212
1128019
4652984
8204565
111709947
1551056
991871
7359157
66884346
4815886
1143692
4610673
8229940
111869065
1473357
1147362
--STOP--
++STRT++
8228707
67265188
4800118
1126466
4613131
8218679
111869635
1431183
957288
7993162
66724467
4805565
1129601
4604034
8220536
112106116
1449014
963801
7060269
66577284
4778612
1133033
4612154
8195088
111832982
1424700
955975
7293241
66678495
4835095
1128848
4616884
8207782
111777776
1452214
976997
7174727
66604245
4781609
1134475
4610356
8228721
111729863
1456409
1043393
7098646
67120450
4810588
1132586
4616105
8215758
111756899
1468311
968539
7113193
67498354
4780965
1127313
4608591
8245223
111878351
1444499
959399
7359444
66699409
4811538
1133033
4640070
8196396
111800952
1432756
952359
6936200
66833768
4774800
1133646
4599606
8214187
111734851
1447623
1009344
6981031
66969463
4772638
1140180
4658418
8208482
112082698
1546279
1028576
--STOP--
++STRT++
6954228
67192256
4832093
1126722
4612239
8237944
112174471
1422095
951578
7009308
67176070
4809948
1127908
4609564
8207480
112510505
1445707
971231
7783018
66686381
4806566
1130404
4609864
8214602
111888074
1433525
946512
6990985
66619171
4850168
1134735
4648209
8193305
112065891
1462746
971664
7564671
66787311
4810834
1128179
4609564
8210632
111945819
1452368
979240
7698900
66759997
4779099
1132452
4612216
8213460
111922638
1447610
972882
6905503
66949250
4807113
1132950
4642420
8208180
111754073
1457513
950118
7095104
67045375
4782267
1175198
4655305
8200619
111735075
1508710
974636
7478093
67138121
4835116
1125422
4606497
8228803
111781859
1472321
1042340
7765047
66751631
4785099
1230904
4648023
8228196
111900483
1560243
1034223
--STOP--
++STRT++
7191536
66903395
4823235
1129885
4618015
8235060
112005002
1483854
953987
7383571
67103539
4808537
1126511
4609637
8219977
111786270
1485154
975330
7122270
66715578
4776530
1127373
4644778
8206471
111815979
1433669
976242
6960325
66723658
4782827
1132232
4608492
8209792
111890223
1462721
976861
7357644
66816748
4779540
1184056
4653091
8231157
111719356
1567026
1004009
7009391
66791372
4781249
1134704
4617077
8196526
111853270
1450636
1024814
7049117
66944756
4776167
1186197
4657232
8212432
111886577
1534396
967493
7210989
66835758
4813645
1134936
4611908
8196227
112112745
1444348
961555
7039412
66806571
4784511
1133105
4633306
8183023
111653518
1549592
983189
7771995
66949726
4818330
1141248
4614531
8262010
111949746
1520798
1047415
--STOP--
++STRT++
7511415
67352603
4778734
1135008
4650939
8215798
111980491
1440183
955157
7316038
66665171
4779358
1126603
4602429
8193531
111771532
1456436
1030225
7532489
66784624
4778273
1167855
4635812
8194558
111916567
1483449
1008945
7822416
66703430
4878072
1124740
4607216
8208368
111841752
1453992
977556
7159051
67334236
4773117
1167635
4639224
8197544
111890436
1512057
990564
7774575
66929549
4775689
1128983
4607404
8196787
111776070
1440784
996704
7281191
66996280
4804149
1131470
4609501
8210775
111862261
1449836
962876
8148611
66941173
4800743
1130063
4638834
8217253
111765419
1450120
962978
7296671
66601322
4810702
1126622
4612061
8219852
112627716
1572293
1006167
7453449
66821237
4811937
1129704
4612735
8214425
111760571
1465055
1037648
--STOP--
++STRT++
7984891
67336780
4772975
1170851
4647845
8185543
111991410
1476365
953498
7860270
67146296
4807446
1129906
4641314
8206093
111745367
1458319
974424
7180657
67422833
4778336
1132613
4609219
8206510
111899060
1490735
1044339
7665016
66820418
4805787
1128063
4608660
8172924
111740399
1452211
967885
6992117
66636923
4817088
1132058
4614265
8237587
111841542
1458336
997417
7177216
66770769
4808117
1136024
4607499
8203508
111770390
1443426
992600
7985670
66767715
4778556
1128963
4616867
8211139
112245104
1448831
965262
7201018
66889838
4805909
1132040
4639603
8197116
111759544
1437266
957372
7452645
66978365
4784201
1134436
4645562
8169641
111754814
1669812
1061105
8220194
66733623
4788592
1139331
4664927
8208236
111797650
1598124
1166481
--STOP--
++STRT++
6900340
66769833
4798850
1136951
4650108
8187937
111699371
1518631
955427
7281814
66946483
4805718
1130496
4645565
8230865
111762830
1469459
976966
7093865
66554157
4775822
1131805
4606997
8234177
111829387
1435795
954762
7030010
66718080
4807622
1133403
4613391
8220203
112080401
1455609
985352
7442858
67747874
4778467
1133288
4635743
8219761
111662055
1543015
989557
7240652
66561859
4785313
1131609
4606683
8179623
112014336
1474962
986207
7127365
67428867
4804378
1133883
4646402
8223776
111726856
1467604
958506
8003012
67241102
4775501
1164330
4632731
8200566
111755454
1499273
979671
6859455
66751165
4856972
1128106
4599783
8222348
111793961
1458322
998359
7253805
67314774
4776988
1187642
4662930
8210557
111888564
1509250
1053343
--STOP--
++STRT++
7228141
66802908
4816839
1134207
4612765
8251745
111938956
1429992
951637
7576600
66795813
4779451
1132999
4652993
8244040
111888342
1438825
1039547
7881987
66831312
4776128
1129600
4612519
8207135
111868098
1441518
973606
7177949
66782977
4782516
1131575
4605963
8253019
111716101
1455814
1007519
7160673
66716207
4781108
1129320
4693541
8233446
112114689
1531099
993920
7333355
66546292
4783615
1133288
4615239
8193644
111904191
1476321
969442
7738807
66867738
4817139
1134257
4646902
8234685
111893492
1457261
977769
7754341
66882007
4825099
1139450
4615140
8248426
111908724
1434189
964202
7331562
67658436
4803618
1133842
4647539
8269423
111846910
1619898
1016518
7562928
66684745
4777956
1133012
4662112
8203884
111794745
1546577
1044829
--STOP--
++STRT++
7769915
66924477
4804185
1136219
4668631
8211847
112542168
1433865
955814
8218447
66969498
4824085
1128399
4608721
8213306
111762874
1432612
971351
8123745
67100811
4857532
1136171
4638527
8222752
112015079
1490462
955612
7471457
66831837
4803895
1134406
4642631
8230836
111846826
1505832
970734
7798129
66724227
4779336
1130889
4610727
8205960
111783062
1454797
1031745
7798965
67105553
4784871
1129463
4617853
8202013
111719790
1437658
974286
7540435
66762211
4832535
1131386
4610147
8226458
111912131
1435270
959831
7440986
66916073
4809532
1138567
4605863
8217621
112631456
1431616
954510
7416446
66982781
4796602
1127732
4641136
8223562
111658478
1533329
999835
7770020
66798943
4787530
1136636
4612958
8208593
111901719
1536550
1040255
--STOP--
++STRT++
7017864
66852592
4775153
1173019
4636178
8191330
111948398
1439891
1028801
7358130
67221551
4775414
1130220
4637852
8223469
111896762
1451933
1071335
7219339
66737705
4804658
1137565
4640903
8219464
111868086
1438016
945904
7768454
67277105
4775406
1181486
4639297
8185034
111719979
1505795
975326
7024724
67225499
4828326
1130255
4603252
8249291
111806753
1447920
1081130
7897442
66540619
4810832
1131205
4608111
8179117
112151236
1444037
977585
7286885
67154467
4780666
1128030
4668143
8200549
111868653
1438026
1011499
7547290
67086294
4811299
1133092
4612780
8218266
111893086
1429239
956238
8185465
66965261
4776002
1126979
4607487
8216597
112180401
1451662
1040317
7159564
66973263
4781243
1134280
4609502
8267759
111952515
1525314
1034377
--STOP--
++STRT++
7244166
67110305
4829192
1129343
4611431
8254867
111953073
1429954
959373
7645572
66528483
4775881
1129019
4612994
8202143
112270858
1450154
1019771
7310323
66703225
4797317
1135982
4642559
8211070
111848149
1438851
954089
7376295
66694133
4780943
1125254
4647520
8208256
111744588
1463949
1005329
7751196
66946020
4822548
1127344
4611856
8211199
111762451
1442160
1027447
7077189
66775066
4817400
1129884
4615422
8207712
111774722
1458856
974945
7238993
66959935
4820271
1134192
4612293
8185240
111843919
1438644
961817
7508620
66984371
4810204
1129082
4636212
8192857
111908240
1444923
959609
7190995
67049574
4777905
1130707
4598501
8184109
111798303
1502982
1011884
7108276
66657264
4815921
1137830
4610814
8219184
111767203
1531641
1029149
--STOP--
++STRT++
7193863
66922579
4809883
1130446
4611075
8225617
112662542
1491557
960274
7515035
66943121
4780013
1134441
4609648
8213147
111816921
1441635
967058
7059825
66745801
4783562
1127428
4611233
8219958
111796372
1434326
954311
7486828
66960650
4779121
1132151
4655633
8225658
111756940
1437041
967626
7970960
66975544
4780058
1135426
4635651
8241121
112135823
1480768
988310
7854196
66800939
4819561
1131272
4646938
8230412
111796542
1445201
974672
8470196
67078390
4781526
1129668
4608552
8214662
112583008
1445662
1503632
7301751
66653539
4824200
1136828
4610411
8194822
111959952
1432249
954793
7870771
66974589
4821657
1129315
4661651
8217445
111740304
1442688
981621
7115871
66673184
4785918
1135006
4612277
8206801
112698552
1534703
1026938
--STOP--
++STRT++
7088993
67073786
4855842
1133763
4649506
8199613
112585474
1451974
953654
6900901
66910528
4820361
1129107
4637001
8226901
111682960
1445448
967540
8576514
67160729
4777373
1131570
4611104
8226992
113026159
1492369
1014122
7161107
67019488
4825979
1131479
4615086
8252974
111823009
1450705
1023580
7847170
66674682
4807623
1132892
4648064
8235325
111698316
1542823
1002113
7084601
66591848
4781440
1130103
4641786
8193336
111768643
1464730
1031937
7186955
66929642
4809815
1130616
4617347
8227216
111832809
1448319
962234
7593088
67363805
4803601
1133102
4663728
8163632
111747623
1455979
966822
7354429
66647777
4809287
1125754
4608034
8200476
111712553
1476763
1049818
7380369
66909120
4776236
1139388
4665238
8207551
111850086
1607203
1035197
--STOP--
++STRT++
8148340
66593408
4828029
1132250
4613728
8254167
112241282
1428668
953650
7759187
66767647
4811819
1129837
4603645
8245668
111714672
1452760
982664
7168950
66606883
4780050
1134362
4608432
8206088
112126623
1444129
956406
7282592
67040590
4804609
1128826
4652466
8206808
111722073
1470716
967261
7095219
66601961
4807565
1126164
4607947
8243869
112080246
1443907
974397
7064573
66674081
4822248
1129156
4606209
8206553
111807627
1447356
963495
7878782
67024632
4783871
1131183
4671306
8214929
112121767
1531242
969158
6961442
66873130
4778122
1133075
4606659
8239809
111803596
1424737
954945
8321303
66714222
4770440
1124558
4652164
8209897
112551813
1536458
1002963
7471390
66570395
4815673
1139162
4612424
8245548
111812284
1509920
1046976
--STOP--
++STRT++
7098485
66616744
4779779
1131763
4607534
8232943
111948690
1414372
952716
7148574
66615481
4779405
1128092
4606420
8215379
111881918
1457375
957332
7111575
67114808
4803038
1131644
4636045
8201111
111770509
1454912
956409
7042004
66703295
4781788
1174085
4643454
8195835
111751361
1522087
968688
7454251
66697519
4810288
1128738
4643563
8191326
111718759
1468376
978692
7334203
66775110
4776708
1163965
4639884
8193825
111968675
1525501
974770
7059361
66989324
4805994
1131948
4639521
8191060
111956657
1465028
966862
7306494
66864575
4805989
1131614
4608206
8199765
112155579
1441402
963785
7737948
66726987
4801145
1132048
4613158
8230143
111808250
1450987
1003385
7874520
66779213
4809046
1134655
4650139
8215131
111779684
1471641
1038700
--STOP--
++STRT++
7191435
66763315
4771283
1173850
4648563
8237305
111873942
1426256
1026141
7640300
66763035
4778290
1182638
4647052
8214375
111703264
1504628
970870
7102566
67052367
4808891
1128541
4642206
8216760
111746512
1435162
953904
7487573
66803538
4803276
1129170
4647963
8218167
111755687
1449292
957983
7257913
66718601
4777118
1130746
4609648
8189033
111866282
1445874
1034356
7766056
66941498
4820257
1129983
4613958
8199496
111834189
1446177
962633
7077282
67089198
4780885
1131375
4608196
8217584
112205295
1432083
962702
7576821
66948308
4801747
1129544
4611465
8206948
111806397
1431812
956166
6878583
66613574
4774407
1126778
4647586
8238490
111699973
1525510
1004965
7735839
67304094
4775411
1184756
4653568
8199525
112188003
1488922
1032074
--STOP--
++STRT++
7277000
66974501
4813733
1135654
4651762
8204596
111938567
1436101
960977
8037721
67262958
4805152
1134127
4607302
8196475
111856457
1439452
972304
7061233
66809637
4777689
1173883
4636242
8202755
111867510
1508609
962577
6959259
66677393
4823218
1134219
4643899
8230454
111937844
1458679
965757
7029589
66843893
4787114
1136484
4664352
8242016
111790017
1472052
1039360
6847831
66647137
4810625
1130667
4605462
8209910
111817727
1453801
976987
7312463
66751315
4805148
1131437
4609159
8211819
111931301
1460151
969779
7691108
66793409
4809586
1136077
4639117
8203091
111711402
1436229
959578
6856494
67163862
4779485
1131447
4653813
8204377
111779361
1563829
1007413
7589356
67028190
4815162
1133424
4616514
8231118
112301712
1462254
1107655
--STOP--
++STRT++
7129030
66996853
4780060
1134025
4608077
8239063
111921126
1424031
946261
7892877
66610944
4822375
1127870
4606074
8262292
111846748
1445508
1015948
6951193
67044046
4809778
1128580
4639724
8244479
112724180
1436851
944955
7589622
66700252
4808394
1129627
4650020
8221657
111844812
1452928
960536
7478781
66690591
4822629
1131437
4605808
8213203
111928856
1445923
986930
7087571
66804399
4813873
1129355
4607465
8207570
111881792
1449290
973110
6911907
66744793
4775487
1133484
4644305
8216600
112141312
1447386
1010487
7648591
66833483
4809651
1132694
4607775
8246271
111795128
1447482
960188
7221875
66669740
4782569
1133275
4652620
8196724
111805539
1550455
1003293
7103208
67154946
4819085
1132649
4610091
8273699
111957621
1511752
1030046
--STOP--
++STRT++
6919437
66805005
4774974
1133328
4651382
8236688
112230602
1425568
1032138
7195089
66841255
4827186
1130098
4611535
8188711
111803278
1432437
1051904
8421707
67153752
4809067
1130261
4637998
8194431
111706115
1446942
951843
7957356
67093072
4784725
1138223
4615732
8229078
111780619
1452930
963161
7454126
66789513
4782133
1191670
4705888
8206674
112994368
1468634
996171
7415520
66677346
4780691
1128971
4610422
8185257
111747660
1455366
990507
7163513
67233632
4778844
1134383
4608869
8254914
112569120
1444823
1055504
7668671
66899264
4806447
1132784
4610453
8203292
111779533
1443817
968646
7011514
66887031
4778206
1177919
4652106
8217357
111689470
1527766
1021489
7004683
66609122
4778093
1132695
4638034
8200159
111819454
1556473
1048474
--STOP--
++STRT++
7324904
67310286
4829689
1130981
4606929
8237693
111999953
1434630
957052
7752215
66711503
4778658
1129501
4605729
8206063
111820067
1454209
969429
7406914
66804704
4828441
1137114
4640343
8201651
111909390
1442626
960450
7224453
67062305
4778295
1131117
4613574
8185333
111900331
1451728
972796
7076916
66624278
4807037
1132991
4644338
8212774
111731732
1528855
978660
7427783
66988324
4804495
1130326
4647265
8222912
111897792
1450971
968267
7812102
66950259
4776193
1132662
4609475
8185865
111764384
1452111
1054516
7129207
67412202
4809864
1164763
4613091
8242648
111899139
1435130
954873
7104245
67178667
4807051
1128552
4641259
8223874
111815339
1442381
996609
7008279
66975844
4809832
1134152
4652815
8201440
112077308
1486662
1041177
--STOP--
++STRT++
7081286
67038964
4807768
1139728
4701014
8232372
111888401
1439525
953208
7019076
66749984
4816464
1133826
4638027
8222431
112529151
1451135
977198
7284899
66584896
4815550
1129416
4606938
8211359
112513882
1426535
959597
7909782
67024271
4814759
1128805
4611718
8193673
111733289
1458744
970276
6969663
66918912
4784628
1133729
4648003
8216484
111907080
1539199
989035
7088670
66880290
4785482
1130381
4608328
8163065
111871271
1457507
1029795
7791850
66675712
4780038
1220935
4639515
8228675
111828989
1534794
966389
8281595
66694350
4779105
1133173
4610921
8174161
111891246
1432787
956074
7464815
67384946
4814369
1129614
4609914
8214142
112536848
1552883
1017388
7835207
67425217
4812044
1132417
4610510
8220521
112159679
1464878
1076021
--STOP--
++STRT++
7692233
66667534
4817402
1131638
4607611
8228791
111992731
1425938
955549
7284097
66879495
4799683
1130051
4604774
8212253
112282619
1447494
963633
7648842
67097638
4787676
1134391
4674764
8223633
111785540
1440649
961333
8574849
66704547
4807096
1128713
4613562
8211409
112585679
1456584
976411
7324567
66811608
4774655
1179509
4639352
8212150
112068132
1527883
978877
6951780
66750681
4780573
1129589
4611436
8166266
111801720
1453325
972766
7044211
67191826
4816921
1133377
4607491
8201717
111807432
1446206
954682
7305965
66789408
4809322
1130099
4706761
8204354
111878252
1459450
955160
7014186
66923570
4774728
1131337
4602741
8201151
111774052
1461778
1025296
7297932
66790438
4789063
1143737
4644662
8186395
111809373
1547293
1063765
--STOP--
++STRT++
7153189
67542526
4779588
1129314
4612739
8217134
112163487
1415691
950959
8004798
66663161
4775983
1127340
4603833
8189014
112031751
1447535
1006415
7478744
66689487
4803791
1133933
4641549
8216344
111784043
1439215
959637
7606784
66662603
4819062
1133371
4608613
8222960
111788420
1453410
967467
7579446
66916680
4774239
1185698
4655854
8196024
111681222
1552148
986068
7185923
66763501
4788929
1129661
4647101
8213008
111722906
1482262
1049469
7143410
66868841
4786357
1132807
4614313
8238010
111750306
1466362
969217
7018467
66602885
4862007
1134538
4606290
8214315
111726018
1458897
977845
6971580
66899492
4779120
1184843
4653803
8222473
111707223
1469577
994654
7800162
66744630
4786947
1136346
4649332
8203203
112566891
1498752
1035284
--STOP--
++STRT++
6849782
66756907
4779996
1127847
4611251
8222312
111960415
1430682
1002535
7265837
66614020
4830775
1129491
4607545
8196719
111877207
1443314
967799
7528617
66985173
4800342
1129191
4656786
8190816
112279713
1439067
951148
7194152
66571910
4776396
1126308
4613322
8243849
112134631
1442339
1017306
7148679
66660016
4771585
1131959
4647259
8204872
111761089
1447427
970466
7095233
66731986
4792520
1132024
4610800
8207055
112350529
1440669
971852
7196447
66659212
4778383
1134988
4637235
8200647
111875531
1438763
1063254
7140902
66593133
4815750
1130326
4608042
8227233
111750096
1453650
956691
8180587
66820312
4800544
1127339
4645709
8224080
111672389
1459358
1000021
6955599
66991639
4813867
1134651
4606020
8260697
112025522
1459779
1091939
--STOP--
++STRT++
7482113
67029688
4774628
1128860
4616991
8240886
112067112
1429633
952351
6958723
66992341
4833491
1134099
4606445
8201044
111830432
1454073
964957
7785110
67350278
4782381
1130627
4604677
8217530
111892094
1428881
963834
7476469
66772553
4800239
1128164
4646185
8197698
111706643
1455638
969156
7091235
66625637
4782018
1131805
4606405
8198933
111817042
1472794
1003640
7062830
66681861
4810356
1129457
4614468
8199317
112501413
1485102
981418
8210188
66715279
4781483
1140775
4612153
8200960
111866002
1446680
973470
7240998
66731655
4801734
1129254
4642836
8202878
111827888
1480708
985130
7414400
67081427
4779071
1129894
4647894
8215026
111720017
1525596
990180
6856823
66869172
4786898
1135621
4644137
8206381
111814468
1549089
1039117
--STOP--
++STRT++
8127432
67039441
4814859
1131467
4653716
8219576
111802475
1435085
950318
7020270
66799842
4804898
1128463
4643497
8185102
112318717
1454924
986136
7146205
66847752
4784260
1125104
4610911
8222902
111858511
1429136
948406
7004124
66918014
4813562
1128992
4609072
8204472
111807967
1448134
964712
7751975
67133799
4791463
1131887
4608735
8198450
111739898
1461679
1037974
7234153
66552434
4780653
1136804
4612790
8198432
111865376
1451826
986069
7640416
67577109
4775626
1133848
4614251
8198997
111947168
1438274
970427
7574273
67398890
4810992
1129587
4640791
8186466
111834194
1441217
946481
7727347
66799690
4810945
1130290
4636821
8234996
112150158
1442826
996825
7512960
67037772
4807255
1138455
4677202
8209585
111857385
1532191
1039091
--STOP--
++STRT++
7722425
67501845
4810758
1130747
4667414
8221101
111982514
1442974
992291
7219415
67143518
4775082
1130634
4655987
8255411
112439679
1510051
985853
7735503
67101614
4829642
1129415
4639327
8207411
112480255
1441675
954767
8435330
66776332
4823201
1127778
4660218
8217923
111821094
1471282
979662
7712403
66653204
4776219
1132100
4604073
8285542
112018264
1465792
1037100
7922937
67042508
4773878
1132395
4606429
8200633
111833962
1470304
966579
7638203
67103822
4811488
1130209
4667712
8208182
111713461
1454894
965969
6979205
66959277
4777898
1131463
4653339
8209403
111741235
1428954
967883
7306448
67168167
4814241
1132706
4609139
8249518
111663624
1493046
1133945
7454757
67446588
4810629
1137400
4645902
8214915
112139286
1486443
1068146
--STOP--
++STRT++
7334989
66995691
4782339
1176349
4660645
8215017
111798670
1494761
952169
7115755
67131338
4772547
1185313
4661352
8214937
112003823
1527259
974234
7919116
66755634
4783129
1130102
4605987
8204590
111848719
1429166
958184
6992825
66878352
4812478
1129968
4647246
8166616
112121342
1465095
965574
7458162
66621889
4819838
1130896
4607549
8203921
111863968
1467813
994982
7248377
66670268
4781445
1134496
4616695
8209416
111880400
1448184
980949
7180572
67428803
4782960
1169629
4634341
8201097
112245493
1521286
963216
7816005
66973064
4783578
1131222
4617289
8217972
111946354
1461766
961364
7827988
67541274
4809027
1126961
4650240
8205934
111848705
1446443
1010337
7913820
68033682
4818520
1188196
4662637
8222398
113032953
1472583
1044278
--STOP--
++STRT++
7335370
66650689
4773575
1130688
4608118
8298934
111772693
1438534
952815
8346922
66798912
4826622
1127901
4609124
8180035
111643798
1454813
962331
7362391
67027440
4805493
1129520
4602268
8217160
111776394
1437217
957818
7536764
67012382
4800828
1128846
4638019
8205977
111678256
1475131
963805
6967955
66888426
4802267
1126390
4611082
8211321
111754247
1465386
973650
7343733
66871946
4783296
1131901
4653828
8210894
111769241
1499755
970813
7551208
66855707
4810850
1129457
4666124
8219127
111799287
1454976
955172
7054215
67525337
4773117
1183694
4629759
8187244
111724809
1484231
964117
7834126
67122172
4775475
1127629
4633216
8202213
111949943
1505672
1048542
7673584
67117791
4811451
1136584
4647915
8202472
111772678
1466437
1067020
--STOP--
++STRT++
7264589
66954392
4778941
1185093
4648962
8221346
112206205
1475540
953479
7513036
66830823
4816490
1133349
4647142
8191903
112884719
1463447
980934
7094231
66804358
4776849
1133594
4609680
8201440
111877032
1443476
954397
6946865
67629706
4805302
1132965
4642546
8226078
112148711
1489632
979808
7760425
66659052
4819788
1132735
4617138
8218029
111788251
1490491
987620
7007774
66912807
4814078
1131130
4649028
8202576
112217201
1473057
983129
7353269
66672087
4812534
1132773
4612272
8198653
112214899
1432063
968089
7663754
66779602
4810121
1131192
4644783
8199965
111727037
1435476
955755
7797043
67507877
4772013
1184911
4641003
8217247
111728137
1477945
1003670
7313900
67219043
4785473
1137956
4661971
8216107
111840681
1561335
1052563
--STOP--
++STRT++
7053385
66662122
4822890
1131722
4609627
8250440
111917076
1424935
945043
6932953
66976429
4773894
1189204
4640756
8195873
111874399
1526059
972789
7489564
66775761
4781713
1164292
4635674
8230839
111937610
1492566
965114
7355462
66700767
4828183
1131304
4613447
8211444
111870928
1446425
993193
7267856
66911809
4776526
1168379
4633719
8185930
111799113
1521556
987291
7104350
66897225
4780050
1128057
4609519
8192921
111688887
1455497
1006285
7092546
66782491
4803025
1124713
4647921
8206965
111729573
1433601
967056
7300285
67152596
4804106
1129891
4640203
8198376
111930576
1450798
967867
7165814
66732393
4773961
1126719
4631636
8193539
111705055
1506613
992935
7492987
66837543
4819843
1134422
4615125
8204055
111804527
1465215
1020946
--STOP--
++STRT++
6986337
66938196
4811850
1133863
4657790
8235738
112306313
1440332
962283
7043166
67110637
4847042
1130090
4644611
8267979
111727218
1465531
977970
7014761
66554091
4786040
1128111
4611382
8201333
111996222
1449293
1020404
7084775
67014320
4822756
1129535
4623591
8209639
111837017
1440919
1038819
7029000
66832244
4777943
1128142
4651625
8266434
111736301
1466683
1038496
7427317
66809816
4809520
1125226
4614242
8194269
111757981
1452612
974147
7281785
66734589
4804171
1132633
4659944
8199036
111833981
1445493
962342
7195509
66676540
4783554
1178099
4628720
8196420
111758742
1434264
995830
7206376
67136268
4803408
1127497
4601273
8225504
111885683
1546290
1023517
7260504
66720640
4778927
1139983
4645983
8220058
112660133
1468333
1042092
--STOP--
++STRT++
7006563
67262874
4779874
1179567
4661153
8234711
111936456
1478660
956288
7588491
66630754
4780406
1177585
4654379
8231049
112434290
1456636
973603
7336928
66733379
4802972
1184785
4646287
8197544
112337755
1473637
957026
7305345
66717906
4817555
1130009
4614234
8256971
111892992
1466070
1002089
7009365
66600206
4772897
1131004
4646627
8222128
112039927
1540449
1003288
7621295
66666205
4776377
1131939
4619093
8277949
112136102
1476353
1027915
7811526
66880030
4811530
1130635
4645854
8205425
111717600
1452468
965977
7046760
66941332
4784518
1169102
4633276
8185819
111878400
1467028
968772
12003388
66916505
4781304
1129182
4656396
8214240
111803406
1698296
1157015
7530726
66906352
4779039
1136610
4667176
8223269
111898300
1495202
1177113
--STOP--
++STRT++
7370802
66871869
4782844
1181100
4652621
8203838
111698269
1502540
957674
7125746
66553828
4812849
1134552
4649836
8215646
111671915
1457064
982255
7440533
66522471
4783473
1128203
4610520
8175200
111690538
1427165
964474
7992872
66925050
4780920
1129393
4611199
8169650
111920798
1453142
964588
7432861
66767186
4807535
1129638
4642966
8210697
111723739
1459718
993557
7335692
66965436
4800303
1133329
4646675
8220166
111786585
1466342
976255
7577211
66978519
4815544
1132238
4608605
8195328
111849764
1445544
998481
7078244
66753472
4799934
1126110
4631155
8196198
111731942
1498759
967129
7425884
66796295
4771446
1128117
4633317
8200930
111689976
1530936
1051276
7059633
67008862
4774742
1195074
4639704
8216474
111795698
1488434
1050869
--STOP--
++STRT++
7581932
66948567
4835885
1134362
4610478
8219360
111859153
1424608
952176
7031073
67048779
4816613
1127061
4603520
8257870
111669168
1444598
962202
7877906
66931139
4775740
1179440
4656200
8211933
111937232
1507282
962690
8025623
66511250
4828248
1129765
4608591
8209934
111759102
1457680
980159
7368150
67131017
4774617
1127541
4633156
8238008
112109858
1527810
976905
7418180
67050660
4772641
1137598
4621181
8215470
111739319
1453742
969718
7240297
66734463
4813641
1131523
4692668
8193402
111763759
1454648
960451
7216860
66725781
4819661
1131866
4613824
8236601
112226552
1441216
961576
7970574
67351535
4806440
1128851
4647455
8216054
111911370
1508179
1021299
7264653
66780277
4810627
1136625
4653243
8208335
112192199
1521601
1045414
--STOP--
++STRT++
7210014
66666449
4779362
1136036
4611391
8222359
112148303
1424350
945889
7193556
66911762
4775648
1131309
4608770
8192650
111869654
1441933
1005445
8062652
67060425
4805600
1133226
4660142
8179761
111909565
1446983
952526
6938902
66573498
4780611
1131524
4601705
8199068
111776849
1456527
965422
7206267
66930901
4777461
1132313
4605970
8211889
111770624
1473235
1020996
6938446
67219588
4811160
1132960
4617360
8199492
111876785
1444841
972474
6922232
66865424
4776060
1128163
4646937
8213402
112026614
1450764
1012164
7684091
66631501
4779074
1126122
4610105
8203877
111868744
1439373
954641
7158233
66754659
4809627
1124335
4645494
8197587
112174931
1455023
1070934
7766384
66932864
4818551
1136745
4614227
8213728
112551498
1476025
1155253
--STOP--
++STRT++
7252524
67064546
4823210
1130557
4615098
8226106
111831351
1431001
956987
7518781
66873383
4815474
1129351
4610938
8254387
111756862
1433707
961104
8272443
67232092
4780173
1130858
4609566
8216991
111855452
1430272
953098
7074400
66890509
4808671
1129894
4639792
8223423
112564027
1441988
967408
6977632
66711764
4810531
1131547
4603874
8181237
112601914
1455003
1032936
7019133
66795005
4805695
1139378
4606565
8192689
111760254
1440642
973016
6878164
67167354
4782996
1132462
4607131
8199160
111819113
1441803
974301
7078448
66600826
4799086
1129967
4645745
8185446
111735744
1465234
952835
7181035
66822795
4774728
1132159
4605271
8195903
111713541
1474093
1030174
7060862
66636645
4826793
1137356
4616970
8200995
111845346
1577412
1037919
--STOP--
++STRT++
7026579
67006386
4801587
1132219
4637070
8175874
112047947
1444113
951675
7060115
66628816
4812222
1132990
4641826
8199423
112480689
1458928
967836
8196868
66810654
4781651
1135350
4609214
8199611
111849727
1437530
948847
7449231
66826340
4778776
1130067
4610539
8231598
111843539
1449592
969966
6968218
67348312
4809493
1133586
4644945
8230660
112141556
1446509
984012
7633113
66801545
4802348
1126596
4641830
8187823
111702910
1446627
966958
7610545
66626510
4809533
1130449
4611782
8209208
111819217
1436608
959467
7376140
66966749
4805685
1128319
4639695
8195172
111707155
1447208
957172
7821110
66547157
4785799
1128998
4648399
8213281
111714699
1534681
989038
6986051
66790788
4811466
1134541
4618699
8211495
111981672
1469881
1037782
--STOP--
++STRT++
7851213
67184029
4817858
1129869
4662234
8229725
111980654
1430856
947758
7335893
66758071
4804892
1127443
4641652
8214584
111751142
1439805
973665
7122161
66709085
4806618
1168856
4635037
8200175
112111352
1491280
958718
7153584
66693449
4813645
1129997
4618250
8242672
111878422
1451152
977655
7260669
66786157
4807456
1127680
4640545
8212870
112097513
1468186
991663
7412364
66693638
4799608
1130445
4649233
8234061
111948416
1453997
973716
7607698
67052392
4788004
1131698
4607769
8275672
111766736
1442643
1003867
8266883
66759481
4817189
1130284
4607618
8198223
111775875
1425875
960026
7012383
67322850
4808472
1133495
4662163
8217376
111991954
1480456
1010781
8303537
66979128
4782374
1191299
4666038
8273265
111752756
1496834
1062820
--STOP--
++STRT++
7006609
66823565
4808307
1130683
4666872
8231266
111863634
1485804
954030
7292392
66722777
4775393
1190473
4649713
8205325
111914465
1510087
981780
7565764
66753903
4819228
1130132
4616024
8193001
111870645
1434842
951694
7173940
67013352
4803713
1125999
4648775
8197131
111731801
1448800
975484
7075415
67644581
4808631
1134691
4605042
8199860
112497796
1472562
982639
7215260
66760535
4781716
1130559
4612600
8223126
112159830
1447801
966501
7900329
66545187
4779502
1127940
4611664
8222002
111842896
1450331
965442
7189231
67172076
4773844
1134378
4614728
8207400
112134303
1441841
991470
6916513
66808027
4774182
1126260
4631161
8199978
111817172
1534365
999121
7230345
66565392
4775040
1139122
4649811
8216095
112713976
1498104
1031910
--STOP--
++STRT++
7781717
66738739
4818067
1132881
4612309
8217328
111876193
1430837
963082
7805380
66847112
4809565
1129672
4614576
8199654
111694609
1449927
975792
7260016
67213048
4776736
1133699
4615303
8226230
113003924
1446398
1005870
7499469
66578338
4810689
1131145
4607307
8208877
112005282
1458523
961486
7125410
66753039
4872819
1128700
4607255
8218856
112076937
1470691
1114503
7136989
66909869
4805701
1135851
4614546
8214040
111816442
1444681
987103
7521735
66869275
4814052
1131854
4617652
8204944
111832288
1450517
963373
7129801
66638366
4813666
1132184
4645887
8207151
111900917
1438148
1019955
6990507
67036923
4776394
1136824
4609934
8199753
111705035
1464421
1026653
8325939
66887589
4816895
1140812
4651116
8217618
111830690
1532895
1039955
--STOP--
++STRT++
7132863
66639328
4782288
1187887
4641521
8231766
111893001
1475028
963546
7061631
66953931
4771514
1126757
4650746
8295415
111729673
1511037
974701
7047785
66858799
4806209
1141184
4634466
8200103
111828405
1443053
966831
6938951
66920841
4819083
1130377
4614143
8224573
111750433
1462343
985560
7030784
67033287
4776350
1126109
4661164
8229124
111797759
1520502
1001890
8148953
66941140
4780919
1129513
4635933
8204117
111776230
1448468
1154225
8061306
66932499
4814175
1128333
4612322
8252738
111854559
1460400
959110
7534652
66868062
4804218
1136664
4644842
8242738
111900483
1458976
964308
7831562
66746528
4781249
1129790
4620118
8185549
111803681
1463378
1040764
7209224
66768134
4820452
1135276
4650225
8220723
112113491
1499505
1043866
--STOP--
++STRT++
7486370
66777789
4776284
1172160
4638913
8189756
111862014
1491199
957788
7018044
66703634
4774608
1178625
4649195
8213864
111701259
1517726
971302
7376104
66901789
4780300
1137602
4612213
8217573
111830325
1439176
952695
7268143
66623359
4777161
1132589
4613946
8196517
111815944
1454652
965415
7591559
66974621
4772585
1184926
4656227
8212207
111730390
1518926
981218
8571636
67084790
4781777
1183270
4643661
8202133
111771829
1537115
962020
7154184
66955248
4809555
1134617
4649920
8205867
111780981
1466411
954075
7064352
66851016
4784549
1131880
4608732
8190228
112026193
1433758
1001167
6999639
67146439
4802807
1129649
4637361
8231419
111907197
1478151
1003167
7403866
67053996
4781241
1187146
4660435
8196041
112170426
1470672
1028917
--STOP--
++STRT++
7062134
66849444
4825348
1135029
4609172
8237920
112020099
1428133
958938
7070258
67280253
4809953
1134633
4604577
8217160
112137137
1449433
967588
7185622
66772730
4780061
1132461
4609313
8228420
111829000
1442410
954574
8489253
67002851
4818334
1134021
4651229
8230681
112614456
1474548
973627
7545715
66953644
4773271
1131523
4641894
8203967
112074520
1544669
995534
7111067
66818017
4829096
1134175
4609935
8210716
111863674
1449009
973368
7500528
66772607
4783056
1129853
4617146
8210945
111868588
1440939
967917
7388770
66753624
4780109
1131488
4645614
8199094
111907436
1423073
955808
7636275
66695158
4803680
1130374
4644738
8219399
111751661
1437992
988752
6979628
66767304
4807016
1137082
4653284
8213949
112698868
1537567
1037467
--STOP--
++STRT++
7431560
67106107
4815063
1139808
4657981
8257398
111932425
1440140
960336
7585671
67364511
4813137
1173083
4643621
8215513
112194727
1449226
980297
8088467
66766312
4778755
1179058
4613430
8209483
111833284
1446113
961802
7095115
66635377
4774171
1131580
4613770
8278653
111766655
1462650
1105052
7408908
67042689
4804210
1133573
4678886
8211141
112127433
1479000
999816
7069565
66774644
4774225
1183927
4644577
8202484
112122653
1521773
985265
7130034
66950047
4814613
1135769
4617931
8257574
111805972
1472112
971090
7063158
66839523
4816257
1130650
4641535
8192772
111762912
1458173
960845
7867598
66906712
4775289
1176948
4645974
8217543
112006056
1465440
997307
8048526
66935929
4784442
1138277
4612069
8210284
111745441
1533570
1046784
--STOP--
++STRT++
7284748
66659885
4776139
1129401
4637637
8192084
111837623
1423012
959805
7461841
66699672
4773806
1127531
4645009
8264236
112083392
1543219
973670
7880931
66833621
4776954
1130474
4611209
8208377
112551565
1445110
1016489
7054989
66847834
4816555
1132842
4606327
8207317
111856287
1455521
966294
7612662
67006432
4782211
1125064
4649385
8254903
111773966
1450053
1021316
7468414
66899056
4797061
1130122
4614952
8253463
111787635
1446795
963724
6998458
66652567
4824648
1179990
4648144
8217530
111749336
1505675
967971
8078471
66743155
4779633
1129958
4606180
8236528
112276958
1426876
1022807
7111908
66751671
4815819
1129396
4609008
8228533
111789547
1463991
1026845
7812313
67192992
4776461
1136567
4659401
8219591
111879521
1484064
1032653
--STOP--
++STRT++
7198600
66679525
4774452
1131703
4608561
8240624
112026416
1439612
956240
7502461
66730190
4778481
1131838
4605485
8198269
111813275
1439352
961544
7411627
66802436
4815866
1132975
4641809
8225839
111798292
1488288
959077
7951291
66737659
4821444
1128805
4610914
8223730
111740923
1447774
962756
7477878
67305187
4807036
1129738
4644879
8281101
111724682
1455386
974093
7119483
66941779
4803722
1127290
4637670
8206273
111809139
1461719
986049
7016494
66789882
4811122
1133265
4625769
8244677
111890468
1455385
955696
7039836
66530696
4822250
1129595
4636603
8201804
111815274
1436066
957111
7079147
66717391
4806000
1127997
4604785
8212947
111693387
1478681
1049830
7136825
67106412
4781872
1133244
4656145
8211010
112293472
1478780
1026462
--STOP--
++STRT++
7494135
67106614
4781921
1128869
4609786
8239268
112116146
1420672
957054
7167909
66934418
4776366
1129627
4611550
8189617
111760208
1466883
974140
7620045
67118444
4783209
1134292
4608681
8197397
111840210
1431835
952630
7331448
66711121
4776521
1130390
4607554
8202578
111932879
1493583
979647
7555625
66803220
4772821
1167799
4683354
8206215
111740086
1523775
976076
7147421
67113906
4780502
1129511
4609134
8242872
111745435
1438863
973041
8115325
66750199
4826993
1130645
4607027
8181074
111896332
1428939
957735
7770109
66884081
4810082
1130289
4645081
8193315
111778363
1448848
961911
7243527
66889611
4811290
1134859
4610606
8214921
111683609
1502879
1101162
7120482
66841126
4808153
1139341
4657868
8236064
111848236
1500933
1029708
--STOP--
++STRT++
7229083
66719312
4814159
1132582
4648395
8206333
112834227
1440778
950978
7704026
66637838
4832223
1125676
4647317
8198977
111817602
1444643
969953
7382335
66585406
4777526
1131338
4605092
8218225
112157384
1457845
958805
6977088
67171901
4815576
1128035
4644133
8207784
111760096
1451421
982763
7115532
66723427
4773476
1189740
4638564
8191412
111794448
1530928
977819
7921859
67004093
4778623
1130066
4642215
8202112
111737443
1517845
970197
7582425
66772634
4810806
1128863
4610447
8236447
112066670
1475006
963048
7486009
67041560
4804736
1134736
4637984
8214786
111740526
1446444
976865
7318926
67077805
4778997
1126278
4638134
8192303
111815279
1534394
1015460
7635402
67186222
4775755
1185881
4642210
8206176
111821063
1552186
1038193
--STOP--
++STRT++
8556702
66882829
4788183
1180726
4652227
8246975
111892805
1476930
977489
7083368
66814835
4809529
1127339
4644939
8224149
111776452
1451764
985723
7800329
66623600
4821235
1128475
4617512
8203093
111713586
1446815
955989
6896424
66958320
4807087
1125949
4643948
8218410
111952571
1480408
982386
7243899
66707697
4812067
1130582
4610752
8203204
111816228
1523162
980621
7397058
67276033
4775736
1133268
4611029
8207407
111801299
1461952
986836
7708702
66605167
4814844
1304580
4644529
8203597
111817403
1516074
962121
7125822
66914667
4809909
1129042
4609126
8257010
111871104
1435368
966897
7817810
66880207
4774705
1130198
4648331
8213566
111825445
1537058
1045354
7687160
66996814
4809167
1137778
4660848
8205716
111777057
1491464
1043889
--STOP--
++STRT++
7416870
66865859
4780298
1127201
4653623
8212335
111739826
1426607
1003176
7578248
67075934
4774822
1131357
4610705
8213327
111693569
1442829
1023331
7390480
66834368
4779897
1133474
4648460
8205102
111890506
1441231
1010832
7191941
66936867
4813146
1172658
4640989
8209995
111703348
1458644
1016805
7041591
66513958
4774017
1186702
4669027
8221484
111794220
1536539
983562
7033601
66937543
4779107
1136497
4613748
8235512
111634798
1452010
966976
7097428
66844873
4855932
1132987
4622302
8196887
111806384
1461400
970087
7131707
66698386
4805120
1134977
4642924
8222380
111752471
1507007
958067
8379959
66629511
4821352
1192253
4649484
8192756
111823034
1571155
1021243
8135921
66806429
4786249
1139824
4659687
8216457
111826671
1610927
1032618
--STOP--
++STRT++
8453454
67487934
4826084
1129243
4608107
8217706
111969440
1429309
951350
7321763
66715071
4776799
1188666
4654349
8260358
111889621
1529357
964310
7470561
66881248
4806880
1131257
4638373
8219531
112175897
1429554
952526
7654775
66969969
4805446
1135571
4640826
8213396
112482008
1457573
970522
7158475
66581335
4804726
1135271
4643024
8199169
112454188
1462608
974942
7066847
66859822
4781525
1131599
4606668
8204245
111819329
1450801
971346
7068543
66937680
4779637
1132165
4650713
8186263
111805149
1451984
1014982
7076870
66866632
4807853
1131042
4645846
8228442
111743696
1447954
959231
7229167
66881116
4776311
1128525
4605137
8250107
112398564
1530225
1032967
6932003
67135559
4781610
1133782
4648881
8218449
111785056
1530426
1035883
--STOP--
++STRT++
7250666
67248068
4800274
1133651
4610224
8232360
111862119
1422138
948369
6979871
67146057
4829946
1130132
4663456
8208947
111799800
1444668
961801
7539115
67169210
4781027
1129848
4612461
8197193
111803522
1436008
954119
7064924
66875344
4783335
1134556
4607627
8207187
111776115
1443870
968681
7762361
66836101
4809098
1130707
4607933
8227236
111709093
1480882
992604
7169837
66587187
4806756
1132016
4646112
8199786
112046473
1455298
976745
7217845
67213563
4779600
1133803
4611817
8266526
111774465
1437004
958957
7142502
66597797
4777307
1128903
4644906
8186173
111777110
1429758
960713
7726273
66911540
4801448
1131433
4643245
8213738
111750983
1467546
994532
6996202
67111126
4786776
1135015
4644302
8219521
111979615
1537080
1046112
--STOP--
++STRT++
7334759
67787298
4779230
1128348
4644958
8194672
111983858
1428556
1017420
7400636
66693885
4774899
1127381
4643892
8214934
112146247
1459096
972503
7278646
67108361
4781560
1136317
4611384
8199969
111876127
1436711
954710
7724158
66558619
4804661
1135641
4611861
8200114
112129138
1448618
971125
7305428
66538121
4829601
1129307
4604320
8213964
111836691
1459912
1100831
7606545
66612820
4827775
1127627
4606451
8216442
111861559
1438152
976756
8223642
67002413
4811498
1130212
4612713
8213696
112505787
1455995
965602
8577885
67094356
4803735
1126765
4610751
8204057
111876967
1433530
960758
7651549
66616673
4786221
1196714
4652171
8201177
113381147
1496610
999464
7088620
67298733
4779054
1187202
4671303
8204555
111756116
1484455
1044445
--STOP--
++STRT++
7356288
66770775
4776941
1177625
4636691
8210377
111942816
1475793
954917
7159090
66583908
4774722
1131882
4651954
8226494
112110813
1444849
974085
7341123
66665865
4781962
1126837
4658311
8195432
111987599
1429314
956058
7440191
66688210
4777787
1130985
4610128
8208752
111833062
1446712
979790
7618349
66828263
4804334
1129987
4647393
8207490
111999138
1486319
971275
7126840
66590185
4809326
1135053
4645297
8178994
111836367
1458648
969937
7107279
66819106
4810220
1134464
4645651
8213852
111716256
1454088
962094
7321826
66840633
4774070
1182771
4638649
8193806
111729231
1505373
963963
7145148
67083890
4810218
1135586
4612609
8264383
111700984
1493277
1155483
7550139
66994312
4783957
1189464
4655621
8275817
111890978
1514626
1035663
--STOP--
++STRT++
7292650
67247465
4806066
1132755
4611349
8236391
112236395
1425840
952158
7404236
66700582
4777863
1130597
4607201
8240795
111764799
1443024
1009706
7670426
66926879
4775955
1133005
4607701
8206421
112493682
1422937
960741
7149015
67235007
4812594
1130251
4659465
8202278
111933719
1445337
970732
7904859
67066353
4839932
1128229
4613655
8211086
111859850
1466802
992431
7096064
67058426
4781243
1130289
4610214
8241306
111899026
1454730
972457
7887925
66811628
4813525
1134195
4648614
8193208
111849286
1434113
956085
7888495
66977500
4808325
1130878
4645835
8202530
111873058
1493464
957419
7127409
66742383
4810079
1128836
4602982
8238652
111774099
1455730
1000420
7298562
66888458
4814013
1136854
4649930
8211304
111680832
1472578
1035058
--STOP--
++STRT++
7206709
67187925
4780842
1175295
4637223
8250512
111866506
1482714
968087
7405771
66950788
4810483
1131992
4644644
8231438
111817896
1507223
959548
7110701
66949250
4808041
1129770
4609918
8205641
111818234
1439522
950394
7276025
66780423
4803210
1130091
4642552
8203571
112135006
1460507
975661
7196692
66589024
4818494
1133136
4609621
8215669
111795387
1460994
983385
7531935
66761517
4825386
1133416
4650259
8223482
111752025
1461194
963226
7408486
66997019
4779324
1130692
4612314
8210808
111799924
1433081
960049
7383441
66848581
4803673
1125767
4642620
8194422
111758720
1459252
969898
7147493
66739056
4786692
1131077
4637376
8185169
112073608
1530712
1006584
7334351
66979166
4808396
1135592
4612856
8220931
111790222
1484871
1027878
--STOP--
++STRT++
7131485
66817802
4776265
1130002
4606383
8241528
111951281
1414965
952319
7523620
66856601
4779263
1124581
4611040
8195986
111841577
1438242
965094
7034384
66956501
4814071
1130110
4636748
8204146
112094145
1444942
962976
7428854
66527137
4780599
1128310
4611376
8211196
111706605
1442353
973375
7239242
66799143
4776836
1132125
4642666
8209598
111747056
1473898
979239
7627243
66746188
4782957
1179009
4641224
8203130
111700913
1517051
977490
7341764
66638243
4801392
1126732
4646216
8208419
112119148
1456094
966644
7903328
66731108
4776195
1165254
4640288
8185386
111786472
1498063
959462
7347174
66966294
4808959
1129528
4608312
8213147
111760553
1453897
1049427
7695924
67168215
4828949
1140541
4610703
8231195
111819656
1506975
1048440
--STOP--
++STRT++
7325424
66884113
4812631
1128161
4657516
8232088
111878435
1433669
947185
6993601
66785416
4818542
1130081
4650743
8184557
111721492
1439273
969802
7184142
67034112
4777034
1165423
4638864
8208271
111753273
1422129
999046
8278690
67031140
4781413
1130611
4611991
8212825
111918885
1449313
976162
8089841
66826028
4825285
1134123
4641461
8196458
112445556
1456778
975851
7267137
66927234
4806093
1135223
4645285
8192502
111691636
1463888
983766
7322547
66572539
4817698
1135745
4602851
8216817
111806197
1434091
963043
7560494
66952414
4803961
1132122
4604666
8207293
111824771
1424347
959164
7167930
66696326
4778465
1123411
4648676
8207281
111787758
1500220
998407
7214701
66730192
4780441
1134429
4640171
8188430
111931258
1551870
1032854
--STOP--
++STRT++
7163447
67112154
4820020
1130898
4607296
8247688
112575621
1431811
991274
7171511
66770655
4822583
1130043
4612502
8202682
112109906
1446894
970543
7401909
66683598
4775244
1182780
4709195
8203580
111902541
1504017
973024
7425357
66975682
4809908
1129579
4606079
8214941
111759745
1450208
959890
7296305
66996095
4806267
1131511
4641988
8225700
111745527
1468675
1024785
8382656
66577568
4798353
1130280
4644884
8240717
111791511
1504157
970807
7366073
67311103
4775821
1135356
4611535
8242818
111875587
1455315
964662
7579286
67006416
4780224
1131992
4612111
8218363
111902718
1490080
973689
7161885
66782204
4805310
1125567
4645621
8228249
111886032
1513558
1020736
7108222
66964039
4777140
1135031
4614926
8199641
111873080
1525678
1072983
--STOP--
++STRT++
7771943
66827969
4815867
1136713
4612425
8219736
111948156
1429434
955593
7044670
66940485
4810312
1129000
4612427
8230985
112010632
1465235
964421
7215597
67083698
4784243
1170760
4634519
8207592
112591202
1493061
953770
7473033
66807365
4778635
1130171
4612895
8232704
111769877
1443413
968316
7589246
66764044
4783705
1186883
4656239
8205216
111721853
1565093
1012248
7216646
66639948
4776355
1134124
4607593
8196507
111704750
1451729
1024914
8181430
66702266
4809422
1129640
4645081
8208068
111837046
1449542
958787
7217571
66807077
4772092
1127331
4606676
8277375
111759568
1441866
959381
7204866
66939000
4777569
1129577
4652427
8204500
111697277
1520393
1023622
7712754
66870186
4817617
1136146
4616039
8215227
111833063
1466046
1079034
--STOP--
++STRT++
7069506
66986384
4815258
1131871
4667287
8228193
111832746
1441408
945967
7579058
66688723
4782291
1135033
4605411
8197388
111748947
1429790
957338
7413997
66687996
4816079
1129969
4634896
8225153
111761460
1497646
954819
7459901
67018770
4785334
1132327
4614550
8240764
111739238
1469850
977968
7047310
66536687
4784210
1134963
4646472
8202414
112219913
1514248
987108
7977231
66652136
4773467
1131345
4611729
8235844
111911287
1449646
969455
7165396
66828486
4813315
1127346
4646546
8208962
112174734
1456232
961755
6988697
67100604
4782554
1130079
4608520
8272228
112046218
1433754
966675
7505700
66628696
4775193
1127458
4653245
8198938
112907445
1568984
1015801
8068745
67149823
4781191
9292827
4661958
8213999
112246541
1514659
1048882
--STOP--
++STRT++
7738758
66836186
4806206
1129680
4664603
8219765
112261172
1451336
955584
7248767
66928205
4775860
1169762
4644456
8188265
111841436
1512347
969497
6944397
66825539
4813869
1170902
4634790
8209327
111802723
1423699
1006703
7107907
66742704
4809762
1170053
4641225
8202809
111797579
1524564
970306
7552472
66581806
4809515
1126541
4650089
8191216
111755844
1488031
993786
7214870
66837354
4779066
1177820
4664101
8202353
111882195
1531377
996396
7177079
66607176
4804978
1129548
4613700
8259011
111793098
1436166
963446
7221708
67162452
4810777
1133918
4643898
8198921
111722866
1446512
971741
7493424
67188935
4779020
1131315
4639498
8205735
111731998
1527051
1026657
6987518
67019036
4808908
1136510
4645720
8216425
111836884
1474047
1037938
--STOP--
++STRT++
7108040
66940123
4784484
1179627
4640938
8197410
111942892
1429307
1038726
7356175
66565107
4775612
1180469
4650655
8215343
111820326
1527142
981703
7555915
66890808
4810287
1130014
4611750
8208019
111867051
1435254
953228
8026271
66978534
4779772
1128738
4613211
8254999
112623914
1477064
1073173
7950755
66927634
4813268
1134286
4609545
8216629
112086061
1461465
1040960
7200793
66592228
4787709
1136521
4638190
8212712
111768429
1507842
1046228
7142166
66862569
4805020
1130101
4644901
8201841
112201758
1473247
963130
7311102
67266465
4787450
1130040
4635765
8184070
111795190
1443767
1055906
7237898
67074013
4773827
1127541
4650577
8216061
112075914
1492931
997331
7651248
67143220
4818117
1139357
4609635
8248145
112664091
1552600
1065893
--STOP--
++STRT++
7572396
67147719
4828190
1130487
4611604
8231197
111978166
1439123
959624
7252782
66948272
4780428
1183074
4657352
8208108
111757370
1521448
994750
7676123
66737480
4816635
1131768
4639878
8210988
112264747
1506415
953960
7747426
66826994
4789893
1132289
4658669
8213923
111816442
1471893
1037538
7029903
66685181
4781059
1131686
4648294
8203209
112191268
1462600
986783
7481870
66648206
4778093
1133460
4649469
8175987
111759121
1459266
977358
7027854
66767798
4807282
1129595
4642437
8210463
111775193
1447325
961444
7329677
67111723
4805570
1132474
4643802
8223094
111762143
1492298
958699
7494263
66848076
4809136
1124773
4608271
8203434
112390778
1495627
1073305
7622604
66629512
4784341
1133810
4642484
8200764
111743374
1552586
1049489
--STOP--
++STRT++
6979659
66879961
4823839
1129614
4610017
8233888
112996303
1424080
954522
7920033
66679174
4774786
1130677
4608684
8210034
112564596
1453799
1007239
7517885
66896849
4805097
1139561
4639569
8196096
112121301
1429307
957734
7084955
66939703
4775871
1128897
4613637
8214093
111922264
1445285
968210
8463065
66740236
4812326
1128187
4612341
8217317
111796982
1466667
1079121
7160005
66824594
4803488
1134132
4645750
8229775
111762138
1482283
972994
7174358
67109094
4779415
1132037
4611730
8258493
111745271
1435718
959783
7285854
66874587
4813295
1128475
4648113
8189963
112103241
1442412
957318
7199019
66846026
4778815
1124670
4632075
8190589
111711506
1541829
1004627
7862272
66641889
4818955
1133711
4616772
8220530
111979466
1509032
1157323
--STOP--
++STRT++
7199179
67195564
4804514
1137265
4663345
8234063
111796850
1446541
976411
7982054
66676556
4810757
1136126
4610518
8210889
112105947
1439980
963274
6989090
66869168
4777470
1136356
4653194
8211633
111734924
1435093
995971
7844164
67020323
4818641
1131460
4645002
8236164
111730170
1465170
969838
7291808
66871418
4779496
1127071
4634301
8191558
111838070
1529239
993392
6930838
66631261
4783811
1127833
4616988
8254558
111705319
1443575
984417
7124703
67099239
4781098
1141593
4639705
8187020
111843237
1446072
1074054
7203832
67002076
4808323
1129793
4611689
8209985
111803817
1452038
960499
7653731
66997342
4798597
1126818
4646530
8201138
111760432
1444904
989271
8219797
66622147
4780637
1133881
4652510
8206990
112190711
1554983
1032669
--STOP--
++STRT++
6975750
66804819
4804612
1128218
4611484
8200541
111797762
1427690
954587
7608186
66726854
4810259
1132018
4612637
8205429
111756594
1445570
978603
6976673
66970591
4782795
1128831
4642673
8210908
111751373
1457173
993380
7063310
67526329
4784048
1132360
4606534
8212180
112084850
1454129
1030472
6924469
67196317
4807828
1126975
4642044
8224395
112440551
1457386
977916
7505999
67026521
4775206
1174485
4639221
8204478
111875752
1505069
997940
7018792
66894975
4777400
1172918
4636174
8192844
112465874
1438108
961564
7515106
66988533
4812547
1128444
4641314
8221751
111684445
1434717
955572
7110882
66856667
4777029
1178288
4660179
8221681
111742218
1501791
1002276
6914236
67005122
4784068
1188255
4647762
8209627
111729471
1475592
1071871
--STOP--
++STRT++
7009064
67088190
4777679
1174483
4650158
8178311
112000005
1506692
959611
7009035
66503582
4777778
1128259
4648182
8209054
111684097
1442268
1010171
7705295
66800204
4807784
1128542
4611527
8230167
112123245
1421052
956782
7116914
66672042
4808518
1128997
4618852
8221922
111704341
1447671
968068
7410311
67147583
4772559
1166677
4642559
8234892
112090271
1465034
980339
7350243
67100015
4793644
1181612
4629538
8186805
111734196
1504556
973631
7208763
66889778
4812771
1169715
4648490
8207593
111662269
1504163
968355
7854040
67308653
4795572
1129980
4641431
8224080
111729934
1496702
958344
7361124
66936800
4808511
1126983
4611454
8212165
111990395
1455947
984140
7310224
66811374
4818364
1141563
4616999
8201046
111730448
1551321
1034085
--STOP--
++STRT++
7006467
66875184
4797915
1129216
4609490
8225500
111957402
1424893
949751
7505313
66668176
4809128
1133412
4606150
8208145
111800753
1446969
968879
7088666
66588130
4809218
1132744
4606797
8207485
111876737
1432235
960941
7349011
66719030
4824625
1130983
4607199
8207708
111902131
1450749
971930
6961283
66913211
4780830
1131817
4647647
8217011
112159573
1523409
996168
7855295
66755864
4776789
1128398
4613251
8238445
111733098
1469931
967027
7364172
67439221
4807130
1130879
4639259
8216086
112518119
1451259
960189
7543243
66623611
4780729
1133925
4608834
8204914
112152712
1447324
970532
7579729
66699213
4804152
1127589
4643185
8206207
111686668
1452684
1008303
7464919
66793763
4781078
1144093
4645367
8211858
112210634
1505012
1027291
--STOP--
++STRT++
7346360
66708830
4783160
1129326
4608193
8263391
111889167
1427777
949453
7444416
66677234
4830966
1128479
4609894
8195595
111752981
1437103
964099
7241750
66693361
4781605
1129948
4612790
8168476
111886868
1429683
961574
7138095
66649013
4808250
1132294
4644738
8245954
111771836
1468511
966596
7570602
67055615
4779272
1132039
4630742
8215450
111806493
1554515
983565
7799458
66630852
4773275
1133439
4609920
8218126
112215193
1452516
974209
7080730
66608024
4780741
1180996
4653228
8204106
112046865
1499266
1003401
7088583
66572047
4818087
1132099
4612047
8216520
111841434
1426901
964430
7386842
66930875
4774613
1127414
4605470
8194339
111736506
1441818
1099321
7427174
66669220
4804722
1137301
4655841
8234732
111813078
1458417
1033004
--STOP--
++STRT++
7397288
66950633
4782113
1182553
4640089
8249206
111830135
1503805
984605
7326082
66891989
4814159
1167493
4641542
8228621
111744346
1450193
961740
7165144
66669985
4813775
1172440
4635429
8196887
112191357
1486723
965413
6966465
67278072
4817451
1128405
4641509
8227473
112019762
1456436
958235
7354846
67124830
4775458
1126160
4631487
8197144
111853761
1445898
1014196
7242285
66985155
4805929
1129686
4630879
8257444
111715438
1522352
977558
7042442
66628174
4800247
1131114
4642346
8202640
111782274
1449315
959999
7879255
66666766
4776421
1183246
4650011
8207646
111790677
1489045
975653
7852316
66781647
4775219
1129211
4608922
8255648
111775185
1491065
996444
7302225
66679111
4805908
1140552
4658249
8218280
112116567
1471984
1065832
--STOP--
++STRT++
7129946
66700893
4813708
1130543
4659890
8253514
111789349
1449846
953750
7716748
66714154
4822758
1134294
4648591
8186596
112148934
1454357
982220
7777064
66768731
4785307
1130777
4610720
8177931
112569909
1455189
1083492
7534082
66573944
4858147
1128119
4609899
8219311
111756268
1449693
997485
7127656
66806447
4779493
1130854
4651181
8226987
112603233
1536398
1015494
7966243
66802739
4779966
1137453
4611315
8248663
111799079
1461412
970134
7905242
66988852
4810501
1134435
4638468
8219425
111825269
1519020
963072
7537046
66654097
4777255
1129536
4609410
8254482
111749319
1451921
969963
6963954
66848566
4794507
1126478
4644066
8244031
111817036
1468950
990976
7495152
66574477
4814713
1134575
4617704
8261635
111743344
1486337
1038368
--STOP--
++STRT++
7318441
67004803
4803167
1126605
4660350
8235897
111932904
1434546
956079
6929494
66784641
4779320
1125171
4610372
8247339
111935386
1455131
1097056
7722813
67208985
4777639
1171438
4641634
8177587
111739639
1492156
970590
7279810
66728821
4820217
1136737
4617817
8211449
111848932
1455676
977622
7217268
66969354
4780010
1135503
4609323
8199562
111825757
1469160
1085570
7441996
67231862
4820236
1133475
4611705
8190137
111907399
1447825
968922
7211381
66834851
4778108
1127862
4685873
8215132
111765243
1455803
1014816
7455745
66695339
4827279
1133072
4611679
8205349
111907251
1444376
965540
6970634
67360446
4776551
1179580
4650614
8214508
111783631
1511823
1028013
7701316
66753096
4821314
1137649
4613872
8201320
111823243
1485134
1148268
--STOP--
++STRT++
7248227
66786382
4813366
1129393
4653271
8222388
111917754
1425995
955895
7629384
66701575
4803742
1125696
4643266
8271394
112124232
1442942
979632
7013841
66954547
4776589
1134640
4615028
8210999
111753292
1446397
989357
7010140
66990505
4826129
1133348
4651234
8208375
111807917
1470804
963656
7493202
66936452
4778043
1128918
4639036
8199132
111650496
1535214
990544
7131920
66980555
4828489
1130026
4612424
8212518
112120543
1470494
1058484
6951003
66899656
4777372
1129531
4635632
8184887
111837710
1453668
1057219
7718741
66751261
4780382
1133801
4612484
8193607
111838115
1481021
1021615
8024976
66855596
4809977
1132076
4604857
8229200
112019101
1462128
1107036
7913647
66655856
4812977
1134999
4616838
8204631
111771831
1584640
1050496
--STOP--
++STRT++
7228004
67115337
4802907
1130223
4640127
8209094
111931550
1443566
968797
7433862
66910392
4803730
1131543
4642170
8218248
111782297
1460924
967098
7261218
66729083
4783768
1129089
4611375
8238941
112624347
1442280
967296
7315499
66897157
4816932
1130377
4608608
8196166
111982017
1462979
962901
7873117
66614708
4805980
1127107
4643064
8197110
111975783
1487231
976123
6943553
67348193
4780230
1215892
4645489
8206285
111700970
1471279
983323
7287624
66978096
4780942
1127691
4609369
8251678
111795590
1463557
969444
8155877
66651641
4808851
1131965
4611392
8183338
111853463
1426912
976372
7069460
66735629
4771611
1129936
4641212
8196660
111763848
1470376
1018530
7243301
66728659
4820394
1135593
4615190
8201710
112317539
1589548
1075277
--STOP--
++STRT++
7378513
66747291
4779482
1130591
4652075
8202179
111844596
1444177
1041992
7364304
66705014
4772391
1137976
4610068
8240326
111781824
1440137
1036453
6995273
66788661
4807364
1130579
4654809
8212926
111757827
1434320
958340
7487149
66933094
4770853
1167171
4637378
8227812
111757371
1513796
971829
7167778
66759020
4778070
1133292
4605051
8228315
111748671
1439514
1083165
7288874
67121066
4814080
1127391
4616940
8204265
111870252
1449373
973271
7151758
67035844
4779015
1130436
4648448
8229478
112249253
1463208
971445
7644037
66724673
4781463
1178787
4636503
8195980
111757218
1484691
974166
7553284
67150541
4811154
1126162
4600232
8219789
111726163
1468830
1061714
7207369
66809175
4783774
1133446
4656502
8193219
113166693
1494951
1045313
--STOP--
++STRT++
6949757
66828654
4780807
1130682
4607930
8232618
111933066
1421075
947373
7846231
66824531
4774590
1132205
4602819
8191346
111769649
1458746
956952
7795493
66760842
4780819
1128047
4606403
8231179
111739225
1421875
965057
7057103
66766596
4804257
1128902
4652523
8195290
112255309
1456404
967426
6919865
66760397
4806175
1128965
4609659
8200610
111766043
1457987
998691
7069888
66735826
4776360
1132565
4609825
8228045
111854276
1453221
965459
6964174
67161863
4782343
1129604
4606359
8212100
111847755
1453454
964555
7534309
66928841
4811806
1136931
4648393
8190940
111780232
1447344
961006
7767925
66762705
4775910
1132720
4663788
8215364
111706010
1527873
1029217
7941158
66631936
4836297
1135369
4610982
8190560
111835895
1483199
1044418
--STOP--
++STRT++
7636972
66869304
4778385
1132979
4639868
8177969
111866186
1425546
1025622
7095468
66682256
4776469
1128775
4652997
8207491
111902830
1457954
974666
7175390
66646306
4817090
1134425
4612448
8204300
112224952
1443764
960713
7297793
66654044
4814452
1132530
4611404
8227890
111900435
1455902
969265
7455776
67425845
4775420
1132051
4652826
8217292
111792818
1529008
993599
8144422
66569829
4778942
1129018
4609869
8186911
111724436
1456450
1072756
7327777
66638368
4813787
1127915
4608634
8209389
111841321
1438667
964650
7770873
66661472
4804985
1136474
4638886
8199475
111872088
1493443
962510
7780346
66900624
4805188
1128249
4602508
8211906
111715119
1462230
1048679
7332266
66679574
4814925
1135016
4610798
8208024
111710790
1489392
1038051
--STOP--
++STRT++
7195200
66848228
4808663
1135129
4607584
8224740
111971818
1438200
954920
8214161
67065634
4831898
1130054
4610981
8197261
111882457
1474466
969194
8071607
66986071
4804743
1132717
4633781
8216991
111840823
1451205
954753
7183356
66779700
4777408
1132271
4606962
8222744
111770350
1454834
1023575
7187072
66700712
4815777
1126739
4605423
8213403
111742034
1491748
988416
6832321
66603232
4781683
1133048
4606023
8221639
111845773
1450005
1018212
7499393
66887450
4777957
1182235
4651723
8232751
111842601
1511201
978620
7204210
66871175
4808149
1134062
4608956
8207752
111790332
1460797
991739
7438101
67286921
4822782
1129934
4646357
8209129
111757638
1551510
998213
7741001
66810774
4780942
1140045
4610479
8203541
112590979
1591350
1094401
--STOP--
++STRT++
7756252
66625874
4814976
1133181
4650770
8200264
111930790
1443278
961346
7704403
66651899
4807803
1129144
4649595
8209198
111820852
1466432
976744
7590984
67106020
4780305
1130115
4617555
8232151
111930385
1439926
962754
7071349
67201566
4807080
1134635
4641119
8195868
111821094
1453179
975313
7323385
66565983
4822609
1130454
4611697
8203256
111904310
1470425
996144
8128524
66725010
4806137
1129693
4611059
8205137
111913531
1475134
968609
7438266
67184240
4781683
1128779
4611371
8220639
112195630
1455114
962125
7903867
66713761
4811277
1132576
4643151
8214996
111748958
1439751
957223
7891042
66950377
4783996
1181155
4667806
8210169
111793109
1485233
987030
7304923
66554783
4771833
1135814
4639739
8190962
112570966
1499546
1026745
--STOP--
++STRT++
8047277
66612584
4804967
1128873
4660497
8202357
111690817
1508885
958492
7087303
66539424
4828794
1132521
4609167
8219306
111799371
1447638
974658
7216718
67284676
4824125
1131304
4638391
8188481
111778031
1444619
955135
7117300
66642213
4806906
1131923
4646744
8200669
111803039
1459639
979573
6927025
67303701
4812157
1138209
4615228
8225690
111872094
1516305
993344
7106571
66704077
4803345
1135472
4648078
8207363
111710035
1449957
972707
7177547
66585445
4780007
1131352
4657831
8216282
112445309
1453915
963169
7349663
66548887
4779835
1163384
4640775
8183555
111653830
1477627
967530
7581260
66612049
4806044
1128621
4612448
8216883
111675271
1445025
1034497
7344315
66784092
4798798
1136602
4656034
8219988
111716608
1584908
1044516
--STOP--
++STRT++
7429200
66645472
4783487
1171384
4663333
8208174
111808759
1478904
955055
8201146
66926183
4798324
1128634
4640948
8236295
111719178
1453659
1002028
7219129
66856720
4780104
1134419
4609853
8195357
111806620
1421187
965397
8649822
66775952
4805481
1133817
4611414
8207504
111778009
1441102
972731
7214725
66893795
4818127
1130144
4610264
8212117
111820795
1455398
981274
7292273
66646157
4778041
1126199
4613833
8190763
111960807
1457944
1007241
7993772
67002362
4813821
1133057
4651488
8219961
111801840
1511013
965347
7642027
67107545
4777570
1133679
4609803
8205927
111911091
1439961
958380
6975566
67052889
4806188
1128403
4605882
8210231
112378429
1444388
999585
7746386
67179936
4775399
1141640
4648201
8212004
111826551
1473477
1029053
--STOP--
++STRT++
7268598
66901072
4775036
1171452
4635434
8236630
111850989
1481877
978335
7850867
66812312
4773756
1187450
4646836
8227066
112012038
1506184
981153
7120169
67071967
4783038
1130665
4606780
8257827
111843272
1423948
955314
7852007
66653133
4806038
1135571
4661330
8209942
111792908
1453154
987194
7046563
66695603
4780133
1132420
4658522
8245923
111791002
1461902
1023479
7627637
66603883
4806409
1128330
4612413
8207629
112655033
1488318
970116
7111226
66614350
4776706
1129548
4616747
8235869
111875137
1439695
976688
6992753
66694779
4820240
1128912
4604131
8205378
112259467
1437794
963174
7225867
66596778
4775726
1132160
4657120
8213776
112738939
1477519
995567
7087425
67207465
4781801
1136144
4665704
8205732
111823381
1475699
1029757
--STOP--
++STRT++
7730745
66648720
4770657
1179300
4630634
8213956
111782346
1482726
958402
7845344
67383270
4817865
1134921
4643847
8215295
111681671
1459539
970355
7973601
67163738
4772830
1134784
4618248
8218380
112545598
1440950
969003
7922979
67082698
4804529
1129960
4612437
8213650
111757882
1484247
962107
7599938
67343984
4816648
1134270
4646482
8207898
111832046
1467509
973829
7066506
66596897
4775070
1207667
4647884
8198964
111744993
1482357
975204
7033909
66936156
4808337
1131034
4642527
8203981
111722320
1440847
964432
7366401
66542063
4789243
1180514
4636369
8200439
111809069
1431412
1003068
7087439
66600563
4775412
1127578
4614337
8202504
111698294
1462786
994773
7515145
66849862
4812150
1138227
4670730
8273296
111789945
1488468
1057595
--STOP--
++STRT++
7343600
66974314
4806116
1132148
4607120
8229650
112214556
1422428
949424
7735665
66919127
4821821
1132985
4621321
8258978
111827536
1447393
969215
7319654
67209604
4809984
1219367
4648506
8198964
112217158
1549325
959203
7120681
66781323
4784923
1130570
4606257
8205418
111681719
1452558
970868
7919494
66721358
4810767
1126972
4611747
8223418
111748135
1455681
1003171
7278748
67150303
4790856
1173640
4641388
8217613
111872836
1511031
990446
7053224
66926075
4809264
1133724
4647334
8210108
111960246
1456688
961789
6991567
67100647
4775250
1129450
4614713
8198399
111787711
1429458
1043908
7249475
66494510
4783495
1127181
4636697
8197033
111738246
1470226
997295
6884643
66681670
4782787
1178497
4641989
8199575
111822076
1480946
1112831
--STOP--
++STRT++
7174507
66902505
4779006
1138280
4626560
8217397
112682279
1446020
1031321
7783114
66733287
4774323
1129939
4605104
8207514
112231057
1443526
973885
7182827
67937825
4805382
1135089
4640237
8225162
111835682
1499671
953927
7548381
67032902
4779091
1130553
4633757
8190520
111759966
1464403
1071828
7274788
67423299
4814577
1127893
4612081
8250843
111847660
1460535
992054
7333632
66704294
4778591
1136350
4654255
8224141
111786253
1453950
963584
7472373
66717988
4830932
1129021
4607181
8212210
111898823
1479409
967580
7504987
66809330
4808710
1132627
4646335
8196933
111865983
1455305
964525
7349308
67159996
4773343
1131398
4650018
8211185
111771283
1564361
1006992
7466123
66923114
4815568
1136382
4609136
8226142
111859529
1508357
1025402
--STOP--
++STRT++
7579109
66979780
4821528
1128714
4648263
8208774
111931499
1445311
955820
7772327
66805810
4774475
1129534
4615235
8246847
111872792
1480171
1037757
7310195
66585664
4776818
1134685
4610337
8181365
111872965
1428190
953845
7122068
66744946
4803863
1134532
4647152
8194275
111793119
1464968
978555
7501517
67039804
4817147
1125092
4606908
8201728
111728732
1506319
985536
7548923
66593191
4809599
1133649
4649463
8208234
111736971
1462416
969549
7606735
66887253
4775786
1186720
4638044
8193251
111760404
1515435
972418
7741019
67012309
4813616
1132634
4610419
8205384
111723241
1431244
957195
7133502
66899687
4827976
1211248
4685237
8233749
112288951
1472425
996094
7816625
67382260
4782989
1142766
4644967
8195863
111897174
1487110
1028116
--STOP--
++STRT++
7352937
67065073
4810807
1133778
4606887
8226261
111949921
1427846
955856
6938012
66873888
4776551
1131555
4601732
8252871
112103416
1437358
1067770
7699066
66673772
4809143
1132439
4635481
8220633
112025114
1490103
964475
7280344
67031589
4784713
1133453
4606409
8266690
111758040
1464197
1062619
7193789
66817278
4772995
1132751
4640898
8210520
111724246
1461604
974105
7182390
66959881
4771082
1130435
4643116
8186432
111768335
1504160
980430
7601882
66659017
4809753
1131497
4646016
8206295
111789633
1447900
966222
8436965
66711461
4778945
1130053
4605772
8272317
111734307
1435948
967773
6981668
66925722
4794992
1128644
4643255
8176288
112414015
1468408
1006508
8139026
67075820
4810271
1132135
4644484
8208220
112688094
1449851
1037584
--STOP--
++STRT++
6920108
66724354
4826543
1161392
4608497
8235540
112198887
1423226
956897
7059321
66841086
4804963
1127487
4609621
8208105
111774746
1449753
982417
7057026
67107040
4774104
1128369
4607185
8208153
111982661
1423559
952352
7544055
66960328
4806421
1131920
4608664
8222815
111748505
1456243
966174
7766541
66784488
4773976
1131521
4608731
8236817
111729875
1468535
1036488
7570706
66751090
4812997
1129324
4601683
8243231
111869548
1438781
970788
7751764
66945672
4779318
1126872
4611523
8229844
112267398
1441503
1053451
7062790
66691014
4784816
1168477
4631448
8173295
111731564
1467035
958986
7335583
66809418
4828872
1127041
4607850
8180161
111802435
1505131
1114504
7702299
66738562
4815405
1134561
4654256
8209267
111860400
1471681
1029204
--STOP--
++STRT++
6863877
67021545
4782124
1130143
4605812
8225326
111893349
1429315
955001
7929343
66744812
4817659
1135405
4664334
8196283
112185420
1491727
962123
7517781
66633914
4851596
1132367
4638581
8201762
111744878
1452457
965293
7187862
67854671
4840450
1132329
4642604
8203656
111773155
1450684
993819
7134640
66753940
4782295
1132969
4642921
8208857
111934631
1467209
982418
7928324
66767533
4776681
1184087
4647168
8183615
111821120
1552027
976200
7010983
66642783
4823501
1131960
4609824
8213395
111858182
1442739
993390
7997026
67009556
4777155
1129334
4605623
8203681
111878478
1446453
953647
7161894
66795731
4800994
1126906
4606244
8221365
111724720
1455265
995240
7225519
66894171
4781610
1217049
4658320
8200357
112090935
1546704
1034852
--STOP--
++STRT++
7560355
66836888
4778633
1184132
4652237
8200456
111828050
1540205
972825
6993794
66527541
4819245
1182936
4642657
8207522
111656281
1507213
1007349
7733635
66636670
4824526
1133085
4612537
8195458
111876529
1466886
970516
7323197
67372944
4802840
1132175
4648822
8191272
111836321
1488549
985812
8110414
66957524
4772496
1131354
4611048
8212233
111708362
1476752
1052482
6914894
66675295
4811793
1130416
4612930
8214926
111717060
1468205
987763
7334176
66907101
4780098
1130339
4614918
8213492
111809400
1452011
958006
8282616
67408049
4804907
1131942
4611146
8207148
111679108
1453309
961257
7084481
66705369
4800674
1128890
4649557
8204118
112006329
1493930
1008332
7077768
67095935
4779823
1142063
4657679
8234571
111772580
1584350
1055874
--STOP--
++STRT++
7379903
67096831
4812481
1129676
4642150
8179772
111916442
1441919
955256
6926084
67173120
4804267
1129076
4644096
8209117
111814255
1441049
961458
7654356
66973887
4824292
1128755
4609919
8205577
111735970
1445789
953024
7936579
67049803
4801807
1131971
4645716
8223345
111823869
1454132
979168
8091274
66561613
4825576
1129348
4604121
8212071
111771687
1455439
977686
7045813
66833219
4818817
1130927
4646316
8202965
111925343
1456864
971278
6997226
67219545
4809244
1131875
4646262
8195967
111827614
1449890
971544
7538548
66806519
4804574
1210642
4639763
8194889
111804587
1499567
969477
7244658
66556841
4775324
1127445
4629490
8212383
111755507
1521971
1058913
7278883
66767791
4811166
1139723
4655571
8230216
111722724
1506759
1026099
--STOP--
++STRT++
7351730
66865973
4814176
1128716
4610033
8245974
111890086
1429736
950949
7041182
66636677
4781750
1128784
4610186
8210883
111738293
1431297
984069
6956968
67045991
4863741
1135889
4606398
8202234
111808351
1431917
957673
7488476
67024077
4782675
1133038
4605204
8211791
111829599
1454465
965469
7530896
67414336
4804436
1129397
4647832
8209670
111746071
1476354
986126
7386156
67609573
4779849
1180464
4629226
8212507
112909113
1518611
968068
7743469
66583853
4812041
1130854
4647482
8209236
111664655
1456080
971771
7092420
66669214
4776503
1130637
4608537
8230731
111808345
1426147
956554
6943239
66833974
4777331
1128460
4643178
8227964
112086866
1458955
994269
7023044
66862739
4818343
1136169
4613903
8270030
111891416
1480012
1039508
--STOP--
++STRT++
7674784
66795030
4811275
1129062
4610509
8244934
112641518
1435300
957692
7554324
66531520
4839658
1130816
4608916
8250270
111707197
1428937
960074
7675894
66751884
4775890
1214648
4639788
8202125
111802299
1491957
968530
7051524
66944330
4820482
1134495
4608663
8195464
111690357
1448076
964991
7265095
66798355
4805531
1130134
4605803
8223148
111801213
1476603
977805
7373606
66812968
4808657
1131839
4658767
8218221
111984017
1456204
969095
8103429
67214801
4782320
1132430
4609719
8261481
111778475
1428425
963502
7267557
67191309
4806225
1131877
4608751
8190318
111878408
1446444
952850
7482232
67350925
4771684
1183694
4649504
8219188
111664974
1525232
999919
7068109
67467459
4831809
1133991
4614179
8217621
111887885
1468096
1135896
--STOP--
++STRT++
7165978
66595318
4820383
1136805
4609011
8216604
112004640
1428698
952311
7396928
66893770
4808952
1129107
4603011
8203565
112023657
1436386
970619
8086246
66549674
4822001
1126934
4610967
8182840
112231701
1434652
947183
7306725
67621719
4819117
1133637
4643565
8192090
111695098
1455106
969694
7330926
66856594
4812138
1133252
4607509
8199807
112123662
1459535
983642
6964197
66600710
4819739
1133483
4610726
8204559
111825261
1527361
968243
7502253
66916958
4784497
1128866
4651113
8199813
112309285
1569492
967584
7802820
67008867
4775010
1128798
4607034
8235864
112137772
1446293
998659
7567411
66543395
4773241
1131812
4635790
8192007
111756742
1468357
990576
6941304
66826635
4830754
1133781
4609493
8206460
111834075
1467451
1027896
--STOP--
++STRT++
7706679
66829053
4821197
1129406
4665733
8209374
111949186
1434540
956035
7566097
66775292
4804940
1126333
4652411
8210860
111722407
1450512
1016476
7513732
67421181
4781004
1132995
4612860
8194663
111982988
1442520
967101
7745744
67114378
4812245
1129998
4612969
8217721
111733359
1438400
977809
8152472
67113271
4781287
1130460
4607895
8232860
111902894
1454207
1041211
7111168
67184371
4780254
1200609
4653227
8199962
112084986
1448592
1033945
7489505
66919612
4780667
1130486
4609957
8196742
111929110
1434656
962120
7354334
66654584
4801794
1132263
4639920
8210430
111821792
1443357
956050
7211350
66587837
4768602
1126517
4688236
8211833
111826309
1540973
1000143
7460236
66796701
4784116
1133153
4642987
8210934
111846363
1536707
1047379
--STOP--
++STRT++
7880552
66599165
4782037
1133111
4607217
8187693
111951345
1432579
1033463
7011108
67021508
4775765
1131519
4605318
8208301
111714809
1432688
978317
8363829
66808451
4807598
1131171
4643936
8191678
111776120
1440507
965264
7292121
66912319
4779756
1170669
4642019
8207556
111990075
1508583
962110
7068139
66960667
4814156
1131332
4605798
8216806
112522086
1460190
1050989
8014865
66621385
4782532
1132746
4614023
8199862
111877583
1458841
969729
7552172
66721686
4782336
1181807
4644923
8239003
112043488
1504164
956044
7691885
67323870
4776683
1132560
4611150
8258962
112046730
1425325
950374
7334806
67012823
4769149
1126609
4640374
8198698
111806660
1535719
999399
7580496
67200312
4782419
1191972
4639940
8199304
111805315
1471852
1043793
--STOP--
++STRT++
8070656
67224941
4775911
1177805
4649308
8221805
111957080
1477599
959910
7002971
67081246
4780594
1127812
4607495
8236957
111769526
1446696
1041066
7498915
67413144
4796068
1170736
4641408
8227730
111782229
1434264
1003877
8038855
66485322
4805564
1216071
4641908
8211496
111824182
1508785
963062
7692983
66790857
4782701
1127873
4607780
8261651
111859610
1529357
1103349
7890501
67014479
4812049
1133257
4609197
8193932
111778066
1466804
969991
6853716
66780295
4808530
1128728
4659855
8202213
111713239
1449783
966690
7746541
66661538
4780297
1141073
4611258
8174051
111966411
1436523
1050993
7494741
66632178
4775423
1127266
4670210
8189155
111768374
1536719
1020021
7079657
67044316
4787189
1188566
4663639
8224124
111988219
1502394
1037289
--STOP--
++STRT++
7442718
67236816
4777534
1128497
4663727
8195744
111802287
1422551
950388
7148102
66851387
4775326
1128064
4605101
8194132
111722569
1452644
975826
7235851
66980683
4797250
1130253
4638423
8206584
111855569
1436207
951195
7354259
66798098
4782133
1133734
4637656
8189087
111772966
1512869
976408
7055534
67135205
4806123
1132570
4650885
8209014
112126436
1471400
980513
7086191
66708160
4781841
1169103
4640403
8198272
111821086
1515850
976704
7129283
66570312
4778624
1133685
4611496
8242329
111880050
1437112
961397
7110394
66554906
4803401
1134574
4637869
8198336
111701454
1442638
965306
7194001
66755236
4766344
1182700
4654209
8216201
111693848
1476542
1002277
7214098
66727810
4819057
1135140
4612516
8230115
111753565
1469488
1147816
--STOP--
++STRT++
7689332
66790962
4811337
1130097
4647392
8259936
113022133
1439701
958377
7500924
66861471
4829408
1126609
4604436
8199603
111718880
1452803
964361
7617990
67223335
4802277
1169981
4635268
8200567
111773403
1491778
961732
7628836
66666275
4816499
1132215
4605692
8206104
111789554
1436672
971360
7486790
66903055
4810865
1130129
4646053
8208415
111850947
1444457
974718
8193405
66867084
4781638
1127983
4609134
8221554
111743985
1462571
968485
6988471
67042267
4823951
1135252
4617910
8204341
111849571
1440628
953557
7675236
66692927
4800032
1131109
4644773
8191227
111762212
1464851
953969
6890864
66733289
4778370
1127472
4641752
8199646
111754920
1538918
1003308
7717291
67047267
4785970
1136944
4644121
8201446
111750655
1564365
1091040
--STOP--
++STRT++
7236149
67271845
4823540
1130065
4653182
8249283
112304602
1428200
963001
7540972
66791273
4833536
1130144
4608584
8186300
111706901
1440232
973169
8191800
66662708
4858680
1129983
4646933
8213512
112321966
1489569
989769
7517234
67509889
4780072
1130948
4612185
8195971
111735478
1459471
983895
7901440
66955271
4815946
1132984
4686331
8224835
111738104
1460591
991914
7643746
67023481
4807691
1132149
4646948
8213876
112097386
1455455
968713
8336673
66899342
4786599
1129016
4614913
8212076
111806076
1448262
967007
7078773
66583349
4807223
1127546
4641996
8214177
111749487
1446782
963668
7300795
66863663
4774502
1129769
4638151
8216660
111739033
1558579
1016699
7036931
66982099
4785108
1138998
4641762
8188330
112931282
1474021
1035857
--STOP--
++STRT++
7239520
67024663
4799878
1133807
4660940
8216129
112168202
1439163
1025569
6974148
66920443
4781849
1130685
4609165
8208948
111682450
1447607
978015
7200200
66680611
4781206
1220933
4634734
8214240
111894018
1500359
961293
7324795
66652801
4807382
1132449
4607723
8286103
111735355
1459690
963242
7673120
66800288
4780552
1127280
4606147
8210477
112134803
1451029
1034382
7202877
66833264
4813972
1129740
4606690
8249640
111740939
1447845
970935
6934695
66707645
4791295
1133623
4612744
8195656
111813434
1444780
966597
7175948
66811669
4817699
1131640
4650595
8213856
111871069
1495604
964318
7272062
66767257
4770816
1129560
4614150
8199638
112079515
1513330
994462
7637891
66835731
4819877
1131805
4611767
8217654
111861083
1479651
1047515
--STOP--
++STRT++
7346324
67040879
4814420
1134203
4661940
8237884
112190069
1455291
948597
6998761
67270700
4805814
1128420
4646700
8223628
111703651
1463188
964914
7171982
66724738
4785193
1127740
4629808
8207101
112157695
1508042
964262
8643630
67156966
4778779
1132548
4606750
8258731
111824797
1444370
1061653
7191464
66712006
4780985
1168049
4641530
8175016
111914570
1535296
986722
7290267
66649231
4777607
1133791
4652134
8198088
111753678
1505954
979169
7322353
66827274
4809457
1132233
4611587
8201319
111809538
1446793
970693
7595162
66554242
4797278
1127899
4642670
8226078
111863923
1510852
963298
8061489
66831410
4814136
1127074
4602754
8252957
111699416
1475135
1065549
7452202
66799500
4814008
1135996
4652429
8223552
111816881
1510991
1046351
--STOP--
++STRT++
7167565
66725263
4805755
1135191
4682358
8209222
112036393
1504458
951731
7607221
66894487
4815007
1132761
4639315
8228144
112432892
1467079
981178
8155691
67294663
4780115
1127388
4615341
8196304
111681981
1426153
950053
7046545
66926686
4806904
1130797
4655627
8228075
111743448
1449904
966328
7450024
67052809
4777076
1129996
4613700
8213914
111750375
1467817
1039017
7493434
66884230
4779510
1128649
4661080
8169077
111765321
1455753
989670
7150060
66782427
4807806
1134021
4639475
8195953
111697552
1445433
962427
7705177
66873002
4777547
1171805
4631783
8229431
111707568
1503080
969234
7577686
66486177
4821624
1128081
4604810
8265496
111585497
1459849
1146850
7386766
66702049
4820250
1136038
4647841
8225429
111718226
1492929
1038183
--STOP--
++STRT++
7736555
67344437
4824640
1130958
4652743
8237825
111970073
1450612
962398
8456537
66622017
4777693
1133790
4606397
8213737
111701010
1436734
972124
7603555
66738084
4782771
1182430
4645887
8218914
111855369
1494155
966848
7454433
66787783
4781628
1132279
4606706
8197092
112197027
1450737
976395
7918677
66813983
4806097
1133376
4608011
8219660
111770774
1464480
986063
6938715
67167484
4803389
1126992
4648441
8207437
111866127
1464211
970171
8378476
66830630
4779064
1133228
4638517
8183973
111767841
1445794
1064482
7232029
67210484
4817773
1131633
4608139
8190725
111782336
1436908
958630
7742041
66785124
4774254
1181312
4658326
8242817
111923284
1500529
1004874
7135782
67247760
4813239
1136650
4645783
8202013
111770273
1500647
1047923
--STOP--
++STRT++
6993610
66656836
4776967
1130983
4630809
8179592
111962216
1441682
1035518
7490307
66682841
4779728
1132988
4645216
8212744
112104208
1434950
1021265
7884723
66787269
4822801
1129223
4616174
8166112
111866475
1436739
957412
7110506
67297554
4811890
1128611
4644618
8214222
112162928
1456001
975598
7195645
66770158
4783943
1131273
4651367
8214222
111829931
1520274
1000125
7006286
66902769
4816889
1136489
4615247
8210312
111782626
1468879
972699
7270651
66993290
4778500
1184989
4643213
8207403
111874990
1511130
976604
7403660
66673689
4822459
1126743
4605528
8202023
111789481
1438904
965250
7100463
66572699
4825337
1128078
4608089
8250406
111790616
1457091
1053278
7239874
66759792
4823332
1181752
4614336
8176342
111820693
1568774
1031243
--STOP--
++STRT++
7041063
67126561
4822539
1137924
4604903
8253780
111897868
1443589
969554
7102130
66596068
4781475
1134186
4610389
8212143
111843580
1465079
1000008
7166457
66820780
4802817
1134797
4641154
8200406
112247975
1497990
954809
7345031
66879226
4776769
1131182
4615354
8275459
112126479
1459404
1090867
7257078
66771436
4812080
1132030
4612717
8222551
111749181
1459405
989547
7964639
66907557
4813528
1128164
4611163
8211910
111786856
1453318
971968
7123856
66635575
4810399
1133773
4607953
8244173
111968399
1448135
958670
7142934
66745782
4804125
1133483
4641011
8189621
111769287
1446404
958749
7940665
67282901
4778481
1126580
4633983
8195079
111940736
1535818
1003437
7673881
66873544
4828515
1133879
4609268
8250958
111834486
1474353
1121041
--STOP--
++STRT++
7971802
66973445
4822315
1131128
4612536
8247138
111960415
1430845
957694
7419561
67066083
4814435
1128586
4609905
8205518
111748222
1437364
977690
7501295
66568583
4782404
1136449
4635464
8210269
111771939
1437279
1006651
7148772
66859209
4807887
1128718
4610101
8213269
111732739
1447159
978023
7518951
67011190
4810420
1130101
4648466
8212012
112023639
1506393
1030573
7352578
67019418
4801290
1130770
4662321
8218800
111885287
1475536
979401
7089784
67079237
4808217
1130404
4642127
8202537
112179916
1459974
980835
7860404
66907624
4783782
1132436
4634320
8179591
112023979
1493671
981971
7425450
67171918
4814416
1128836
4605517
8246723
111734853
1461409
1091689
8078773
67150916
4813669
1137753
4683494
8226754
111884063
1533573
1063542
--STOP--
++STRT++
6872400
67434626
4783362
1129118
4609854
8225495
111942451
1425127
957970
7643924
66664591
4779825
1131140
4608562
8200327
111682652
1461470
976489
7635560
67018896
4803296
1134779
4638977
8186242
111920496
1441098
957192
7267520
66508599
4780552
1131476
4640812
8199422
111892119
1457749
1022381
7759323
66719846
4835139
1131512
4618675
8210220
112578276
1463868
1096638
7720438
66560748
4782743
1129534
4607269
8196173
111841535
1464831
1010343
7141680
66954783
4785062
1131432
4651532
8231040
112133541
1495491
1018764
8630817
66610292
4805106
1129003
4648179
8205107
111823883
1470505
968180
7339348
67302236
4823753
1126527
4615036
8260256
111836958
1501418
1130102
7271255
66828325
4781351
1142371
4656871
8221415
112577254
1501445
1045121
--STOP--
++STRT++
7113279
66868560
4781926
1131214
4639073
8175438
112179845
1427448
1023687
7926561
66945881
4777152
1178603
4647234
8214708
111796409
1520528
959005
7195634
66620789
4781627
1133397
4609423
8208838
113114324
1432327
968162
7511341
66873191
4774783
1131358
4612638
8220123
111836028
1458529
974257
8265162
67076004
4813879
1131259
4630143
8179012
112252914
1472260
1002490
7855471
67060550
4840888
1127367
4611494
8216128
111838458
1453918
982364
7295130
67490832
4776126
1131509
4601567
8208497
112316602
1448432
1020095
7511124
66652430
4808436
1134588
4609156
8202265
111815835
1435020
962571
7351575
66884944
4805039
1128116
4647237
8191989
111650454
1468581
997977
7473830
66848224
4778295
1139443
4614734
8225997
111849268
1554507
1032005
--STOP--
++STRT++
7282654
66925672
4777958
1129127
4650895
8250771
111927636
1420144
950520
7922344
67160814
4818408
1131441
4637832
8192892
112118195
1444179
969327
7048572
66722858
4772298
1128696
4611849
8212875
111850457
1427916
959876
7248348
66611458
4849958
1174532
4647201
8206894
111818104
1512525
965313
7023002
66805997
4779094
1130483
4611440
8272863
111751405
1448804
1092564
7001892
66739279
4810490
1128258
4614839
8210527
111788247
1442456
981212
7159435
66855490
4808265
1127431
4648220
8195937
111782840
1452263
967743
7059575
67098116
4779138
1128886
4648169
8209835
111769396
1431638
1004336
6938980
66949374
4810512
1127840
4604286
8210423
111814692
1461690
1000281
8844581
66785751
4812194
1139998
4650168
8270690
111989792
1484846
1054124
--STOP--
++STRT++
7715256
66713979
4772470
1131058
4669201
8200842
111803736
1432987
1024538
6933030
67125026
4817425
1141504
4641027
8212890
112110048
1465868
975857
7052194
66811969
4801638
1137118
4605630
8201292
111733420
1424304
957334
6965380
67180841
4804674
1130772
4639658
8230957
111748715
1449695
969365
7857389
66728225
4813982
1130519
4609367
8224144
111793058
1441860
982048
7276247
66694668
4805574
1131714
4640455
8189092
111679140
1453521
985318
7594493
66708183
4815917
1127818
4610510
8206074
111883340
1468823
966758
7809941
66826096
4801223
1133426
4641182
8226879
111754375
1510270
964547
7384815
66667182
4816503
1130028
4603927
8217213
111628207
1476770
995516
7576163
66580000
4778270
1131017
4615533
8216252
111798060
1532087
1047637
--STOP--
++STRT++
7505002
67039379
4812290
1128438
4605038
8223578
111829974
1424474
951962
7060046
67003665
4836850
1125622
4602560
8212145
111851528
1461990
977444
7682572
66649140
4807821
1133181
4609389
8195530
111807074
1431943
952995
7157590
66642801
4780892
1216349
4639415
8202014
111769097
1523140
980577
7638159
67274788
4777835
1130846
4634534
8207146
111712064
1456293
997862
7572048
66624895
4806316
1131670
4609237
8207727
111674336
1443871
971300
7063087
66855040
4811184
1130667
4638281
8203637
111777383
1454821
966808
7060763
67270800
4773232
1133816
4649115
8206528
112482542
1501909
963114
6910206
66880430
4815448
1127111
4608421
8213803
111777142
1485205
1057748
7428657
67347084
4814921
1142471
4660384
8222554
112480598
1644870
1041249
--STOP--
++STRT++
7064121
67332973
4822919
1131567
4666855
8221346
112655030
1432454
951752
7711702
66618374
4809062
1130871
4606593
8225582
111861310
1452731
962610
6999864
66758795
4779878
1135062
4603013
8204539
111817775
1430071
964278
7556205
67027597
4808779
1135532
4647461
8225816
111682687
1466493
973002
7744446
66948764
4773897
1133242
4614848
8177029
112110639
1445312
1027316
7216156
66736345
4784546
1129250
4607455
8214005
111823585
1462776
961859
7074957
67012890
4809724
1133812
4642176
8186445
111765135
1455357
972775
6927066
66806919
4777635
1161954
4632961
8211104
111861348
1433064
1015428
7592895
66544388
4807159
1128715
4605758
8224718
111858798
1476793
1003107
7256399
67075365
4835183
1136943
4621574
8223579
111869486
1476893
1076738
--STOP--
++STRT++
7429804
66827625
4799211
1131258
4645932
8206971
111848567
1447646
959811
7275807
66802199
4797176
1132056
4643633
8211847
111767272
1465444
970051
7764538
66748515
4780337
1132339
4659028
8205784
111775027
1426472
1002926
7061545
66921959
4807747
1134113
4644518
8193436
111878683
1455663
963093
7622466
66665281
4810596
1129066
4610799
8219536
111821303
1450577
978387
7411866
67493127
4810847
1134833
4610427
8215579
111884537
1448372
957274
7090644
66732211
4810945
1134075
4625086
8208306
111763819
1436141
965017
7087784
66906743
4798517
1131803
4636843
8206699
111934689
1437014
952336
7737773
66606204
4781383
1177036
4632524
8193047
111694865
1445923
985033
7287714
67030252
4816518
1138774
4619028
8218395
111747326
1453922
1043464
--STOP--
++STRT++
7414529
66799115
4805452
1128058
4643292
8207271
111833603
1442327
957762
7501523
66795581
4824534
1124997
4609273
8209656
111777758
1458281
974214
7308222
66927066
4786374
1133693
4615670
8202023
111826714
1433516
968567
7958582
66785198
4777487
1130008
4613263
8214059
111884617
1457299
965255
6923551
67104695
4776949
1182440
4647177
8217203
112022707
1474809
980264
7442244
66666466
4771133
1130022
4636098
8198238
112146384
1449168
1018615
7258696
67193768
4807124
1135193
4650310
8204696
111729440
1444193
975387
9055777
67091843
4804425
1128317
4636835
8213238
112565100
1493034
960433
6954531
66921278
4776876
1129255
4603179
8174715
111661409
1611087
1026238
7287616
66777925
4814138
1134190
4650776
8225335
112181456
1489368
1088901
--STOP--
++STRT++
7331074
66931321
4835605
1129722
4646989
8212988
112123331
1432796
944810
7286499
66950432
4812768
1134333
4649673
8220784
111699237
1451088
1025028
7512896
66822832
4813654
1219853
4637383
8211290
111828171
1499467
1020113
7030254
66861660
4812716
1219402
4648737
8216275
111897445
1517964
982001
7727680
66851664
4799020
1131091
4644421
8232888
111786827
1507533
986808
6948495
66627421
4811477
1170390
4645422
8264574
111845932
1459743
982019
7408702
66984912
4782838
1131899
4613601
8204316
111744786
1444543
979624
7305887
66883154
4809319
1133774
4635446
8226011
111772648
1454273
959993
7877004
67132843
4767614
1127256
4660567
8205901
111734262
1508661
988994
7319676
66770684
4819519
1137956
4618375
8199972
111781008
1481536
1083482
--STOP--
++STRT++
7778470
66822615
4802388
1135684
4643623
8244602
111934022
1488235
958581
7606799
66669566
4774591
1177323
4652415
8220262
111748147
1517576
968647
7726041
66543526
4821579
1126809
4607399
8218102
111826145
1441036
960421
7185870
66590951
4807723
1130147
4678751
8176059
112496144
1463658
963339
7647848
66908070
4778378
1132702
4606722
8254422
111767348
1453070
1084558
7395894
66900642
4817184
1128068
4606059
8206217
112371985
1456388
971676
6932157
67027605
4813175
1135921
4608516
8207049
111805417
1447036
964325
7659539
66956704
4800391
1129810
4638389
8209247
111890137
1448252
954433
7846896
67667918
4773066
1127474
4641252
8194789
111619524
1519000
1009751
7055496
66771907
4814230
1140908
4620651
8212787
112045409
1490021
1118717
--STOP--
++STRT++
7625005
67035509
4814610
1135029
4614691
8202911
112605719
1437765
949420
8047137
66658604
4829707
1131483
4611906
8210030
111705340
1468804
968142
7556255
66784128
4794543
1130484
4604766
8205924
111792690
1436878
958345
7673904
66797811
4808941
1129448
4645347
8246128
111826517
1461468
971692
7566191
66575030
4782531
1183453
4649071
8206810
112155810
1521328
997601
6974081
67170227
4779276
1129993
4610359
8206282
111871201
1456260
1029699
6995365
67099745
4812899
1129178
4612907
8215139
111780764
1439876
987079
7254959
66727902
4809224
1129395
4657856
8216907
111807253
1439619
959249
7092921
66580092
4808163
1125946
4610320
8272594
111727470
1475750
1066207
7773448
66676249
4823161
1138271
4645061
8204121
111780979
1539811
1037827
--STOP--
++STRT++
8415812
67032912
4786304
1131356
4611379
8253703
111772796
1421685
951134
7417955
66761529
4781604
1131609
4606815
8255979
111712924
1453232
1030533
7342045
66927150
4780056
1131989
4610817
8224331
112079254
1437127
965295
8518328
66928926
4808950
1135315
4608307
8195259
111840109
1445323
973276
7090811
67457170
4806171
1132793
4701719
8192199
111762495
1466858
1005112
7397438
67256570
4778353
1128871
4611581
8204682
111869308
1444451
1064165
7655718
66902208
4815490
1131572
4646348
8199456
111762726
1498242
967967
7056253
66907007
4775923
1166590
4639843
8200239
111691266
1506908
961177
7603303
66642374
4802237
1176826
4608784
8215687
111688820
1450325
1006882
6932898
67572711
4803135
1134154
4650710
8277527
111762066
1476656
1030802
--STOP--
++STRT++
8282707
66942404
4781083
1172677
4664068
8216663
111826197
1470780
955321
7013910
66587519
4814245
1132338
4642505
8200096
111763761
1446181
987142
7589535
67016603
4811279
1169835
4637078
8198579
111698571
1475966
994194
6980336
66826923
4779657
1130380
4609749
8194259
111802670
1455157
967542
8028016
66828084
4804800
1128703
4646714
8222400
111735779
1450253
973470
6989669
67256344
4776569
1175093
4638451
8176837
112019315
1502429
980071
7020170
67228856
4814977
1129909
4612410
8199856
111823291
1449412
961910
7878352
66999108
4803178
1128096
4640887
8195558
111769933
1442493
963721
7538433
67153128
4779712
1128221
4612791
8199003
111754715
1550779
1022630
7567956
66694842
4785970
1140028
4664913
8198183
112048200
1526377
1033540
--STOP--
++STRT++
7032453
67583647
4775182
1134349
4606759
8254064
112061690
1427179
954687
7349553
66618219
4766186
1126589
4602535
8225175
111751057
1452160
1023354
7604051
66937491
4783727
1133597
4608159
8192853
112655042
1419108
955513
7552903
66693234
4810832
1171741
4633064
8208997
111734055
1504842
966306
7189405
66851734
4814063
1128671
4611895
8215590
111702356
1444200
1014701
7585077
66888660
4803332
1130174
4613702
8213440
111737133
1444126
981822
7617344
66732265
4822249
1130606
4643520
8181092
111819148
1450223
955903
6973034
67475742
4781563
1131529
4608700
8240153
112118993
1437512
968803
7274436
66876990
4806738
1126987
4602322
8213073
111748598
1449969
1006949
8294407
66948960
4806430
1130851
4650303
8240334
112162086
1486186
1036674
--STOP--
++STRT++
7770649
66830412
4783529
1178669
4643618
8177692
111816499
1419749
1026172
7098873
66644611
4823101
1131613
4650357
8212733
111730390
1500075
996965
7918295
67366923
4781766
1131536
4647884
8197898
112220890
1430439
958365
7606692
67358090
4797585
1126745
4642625
8203005
111903567
1456902
971836
7687883
67041134
4778319
1127504
4637867
8196269
111899693
1502280
1003057
7118477
66783319
4782537
1129338
4610364
8224165
112236723
1447972
1061851
7688921
66896951
4781649
1164702
4650203
8191171
111866533
1511692
964960
7695871
66977736
4795745
1171768
4637370
8251678
111830411
1481914
957176
7550798
66712886
4811743
1135046
4610455
8222231
111840171
1440660
998838
7069633
66774344
4834421
1139414
4652852
8203542
111843750
1538225
1048338
--STOP--
