++STRT++
258321
2780004
620519
140262
630619
1024552
4588767
125079
58767
263334
2780027
565226
139568
541548
981895
4650082
126728
58937
262592
2817183
562670
140203
541266
983718
4611362
126415
63504
263731
2815285
562268
139781
539763
982944
4585388
123532
58680
262405
2861092
565010
141540
539217
991112
4593271
127865
61459
264440
2821945
562927
138516
541422
981173
4587937
127412
61082
262795
2825145
564476
141636
543439
986073
4594111
123227
63046
259300
2856414
566675
141001
540184
981371
4586587
126633
72509
263138
2814950
616930
140828
543134
1026000
4625003
125093
62113
262830
2777363
565346
138856
539394
982577
4629745
125599
62921
--STOP--
++STRT++
258685
2812603
568405
216140
594744
1053063
4666564
128316
63358
260359
2785073
562662
139789
540546
987678
4636581
125789
62288
262926
2857354
571856
134592
542767
985695
4581326
133795
60400
260140
2814649
563853
140650
542631
977706
4582884
124977
60898
260529
2868200
564738
133806
540900
989461
4585671
123908
63063
263932
2860778
563990
140471
542902
979186
4588988
128037
70921
259516
2813852
562842
141213
539022
980436
4580638
135565
60929
261986
2830757
564845
141445
588155
1057602
4582958
125990
59374
261720
2776994
563906
138612
542057
986015
4625819
124021
62364
259358
2831444
561878
140826
569200
1016501
4588855
125882
61796
--STOP--
++STRT++
259221
2825783
563474
138963
546304
978764
4585502
129049
60978
266251
2813453
606801
140126
542708
980303
4621431
127692
64905
262033
2780951
562845
140402
540400
987681
4627334
124843
72337
261662
2782691
570687
139531
547117
990215
4621843
133474
61177
259938
2780009
563481
134714
541635
979223
4662715
133223
58726
261867
2778967
565732
136374
539304
979520
4623112
128741
59396
259938
2778199
564430
138590
538332
990187
4613414
126021
63237
265571
2783811
564882
139834
541470
983131
4609223
127146
60772
262334
2853320
565075
136400
539012
986891
4591345
124885
59258
258790
2785632
562610
140841
539792
987626
4654613
123946
72621
--STOP--
++STRT++
262540
2823734
562284
139936
539181
986655
4599349
125484
62251
259933
2781959
604439
140365
547918
985213
4630823
132993
62635
261225
2778303
565499
140056
540339
982554
4616058
127669
62856
259490
2853184
564299
138882
540273
988265
4585863
123886
60426
259356
2781712
562068
140793
540806
989736
4589540
127648
58408
263715
2829168
564113
138657
539851
981484
4591704
125073
70732
260038
2780989
651161
138606
538907
1031752
4621851
125371
61548
258555
2858683
565568
140175
537541
989801
4589710
127055
59099
262603
2828690
565149
139290
587046
1048502
4626662
128775
60941
262601
2858485
564115
138770
543029
988694
4587864
128415
56947
--STOP--
++STRT++
259132
2780746
571384
141008
539072
981854
4581797
126165
62259
261630
2825749
564249
139698
543783
1057275
4583417
124509
58350
262847
2787530
572417
138735
540277
987592
4620910
134449
63562
258220
2847715
565622
140628
547843
980440
4582740
128422
59660
261780
2821153
635328
139246
540461
1031291
4669546
127498
69116
260656
2856812
571154
141415
545495
987765
4584567
133597
71296
261887
2822183
565151
135117
539914
991509
4585250
133089
60854
258396
2823331
564658
136571
542412
981502
4583465
124491
58642
261516
2775385
642848
139589
539851
977927
4622228
128603
60473
261458
2776041
563424
138903
539761
985746
4630722
127613
60982
--STOP--
++STRT++
258833
2779060
571246
139250
541470
984300
4629663
125811
63853
263614
2782608
570601
139584
540509
988133
4638022
125758
70163
262128
2854888
562908
139916
537943
992121
4583943
125151
60687
258479
2816538
563974
140559
539572
985892
4587207
124609
58389
259239
2816505
562348
135058
542774
986079
4588257
126706
60859
263059
2816417
570817
140111
548200
981555
4584447
125357
65017
260029
2851334
562433
138706
544626
1020749
4591175
125323
61077
259466
2864638
563734
140167
539213
987482
4584730
126487
63687
261692
2855719
565127
140190
538690
983957
4583491
128145
61725
258611
2777350
573045
140466
540492
988061
4612874
128224
61214
--STOP--
++STRT++
259293
2784228
571572
136443
541553
987635
4652014
127537
111606
260201
2856706
563558
139273
540231
982631
4584121
126767
63106
265089
2826466
564543
137981
543667
1032192
4590477
125149
59825
340793
2820890
563478
139261
541340
980375
4592853
126483
71988
264722
2855328
571487
134492
547922
990003
4594554
126915
60353
265243
2849031
566256
141931
548994
1020912
4585903
134908
58721
262898
2860174
571140
136838
540315
980970
4583542
127038
62810
262409
2828269
563113
141039
538056
981728
4584131
122880
64614
260484
2858955
565321
139101
540786
986664
4622146
127673
109890
260038
2783459
570552
137470
548489
985401
4581342
128412
62982
--STOP--
++STRT++
260624
2777832
565269
140358
541599
985594
4656014
135281
72358
263342
2781466
564507
139660
542676
985716
4583413
127753
60564
263034
2820613
563709
140346
540973
982252
4586215
125702
63367
264340
2855141
562354
136317
538843
986620
4591471
125352
62693
273536
2811396
565005
138455
572067
1007190
4591403
125615
62567
258862
2856118
569244
180544
585704
1013269
4634616
127249
59310
263146
2779469
571088
139103
545113
979124
4608578
125553
60710
258382
2826816
565933
137551
542106
984097
4628359
128456
57133
261566
2781156
562677
135573
539509
988753
4583606
134077
58258
275612
2818565
566319
140722
588879
1052153
4586637
123047
63178
--STOP--
++STRT++
259943
2816922
565853
141561
619267
1038148
4587231
125302
61925
261511
2781208
562552
135124
537646
986277
4640792
124469
57569
262742
2777790
562417
139946
541454
986076
4617739
128304
61621
263346
2863060
562599
139409
542024
985843
4593019
127640
61701
272176
2780291
603001
140410
538019
985849
4613776
123137
61262
260978
2781245
609325
139992
540942
984428
4631922
126483
59085
263158
2780539
566042
140199
537878
984959
4620197
125348
64304
260658
2860460
562324
139015
541154
992152
4587763
126943
59036
259183
2781152
571240
139081
539269
989702
4584379
125609
63053
267402
2829563
568877
138727
541291
987895
4589219
125444
71436
--STOP--
++STRT++
259472
2775636
565786
139718
540317
981615
4583554
127354
63162
261443
2816664
564557
141172
543461
990938
4582643
126630
62016
261903
2854212
564678
138473
545718
984518
4591331
125929
60989
263970
2827662
564359
140003
537659
984564
4589776
124056
59741
272761
2776544
563713
140329
541542
991447
4621685
125122
59137
262376
2782402
563322
141511
544231
990302
4616391
125915
61584
261618
2781430
566615
139734
549115
983107
4611100
133717
61818
264037
2817522
565652
141473
541964
982331
4622496
126186
65086
258637
2836814
565499
140592
539969
1020895
4633211
126926
61962
259919
2811299
563959
140226
541025
1017056
4588262
125482
61916
--STOP--
++STRT++
260000
2776217
564557
139352
541375
985934
4608157
126349
72793
262800
2822101
563549
139437
540760
980108
4582254
124336
62451
261432
2851056
565241
138895
541048
983616
4590062
123279
60715
261545
2861562
564195
140545
538037
984808
4589412
124910
57989
263261
2868150
566083
138743
540952
989588
4585664
126838
70352
263705
2854442
562872
133034
543660
980803
4586985
125769
71624
259168
2834596
571423
139488
546617
989728
4585638
127008
64213
263041
2777013
571654
135072
541633
988863
4611088
124786
58295
263608
2857385
562652
140333
540951
990933
4586263
123656
58905
262512
2826175
632919
138760
540110
1026553
4616617
127369
59531
--STOP--
++STRT++
259112
2819452
564004
140980
541379
980263
4581788
124713
61935
261569
2779873
640885
140875
541420
989420
4622560
137144
60613
262605
2858668
565831
138646
540018
983279
4585647
127293
70963
275683
2821945
563968
139960
568804
1009846
4613801
125876
60092
259569
2782903
564658
142010
541299
991417
4611936
123405
63468
262598
2797781
562380
141645
539636
986011
4631431
125158
62874
259612
2821915
566724
140417
541169
1022233
4586275
124993
58859
262358
2780414
591218
136226
546730
982846
4613723
124996
70488
263491
2784367
564733
141985
540767
986523
4616893
128972
63966
259116
2776258
563920
139396
540004
977737
4630153
126971
61521
--STOP--
++STRT++
260416
2816956
564390
135900
545346
1033948
4584932
127566
63315
262829
2832838
563226
138810
539300
981580
4589748
125201
63653
262315
2824169
565736
136330
585435
1055749
4630660
127615
61326
342535
2821340
562787
134944
536570
981924
4595856
127058
63805
259947
2817227
601747
138955
540949
1058161
4630400
126781
58959
264680
2858659
563331
140379
542063
988205
4586472
125340
59369
258804
2781075
571858
140309
540881
985773
4582180
128633
61232
302221
2835425
564472
139801
539007
987082
4586164
127192
60374
260311
2775855
573122
141027
537665
979345
4583293
126803
61268
263546
2851993
565320
140172
541113
990150
4587196
125942
63190
--STOP--
++STRT++
258583
2821068
571552
139312
542421
987382
4592671
126026
62800
265845
2856967
564913
137779
541852
999184
4590350
134801
60660
263563
2852379
565210
134510
541983
1008538
4593623
127530
62845
259179
2808995
563532
140080
572432
1011829
4611713
128253
62941
260833
2779624
564155
139819
547274
978594
4627050
124900
58944
266013
2780944
573087
139904
540446
979081
4615681
127329
59946
259366
2783395
642439
140069
538756
982062
4660808
127134
59879
262527
2778336
572001
140080
541160
989989
4618376
124435
64266
261733
2784319
563907
138781
537612
985136
4612341
127966
58117
260486
2778232
564575
140328
546170
984486
4589619
125775
62767
--STOP--
++STRT++
258682
2777735
565916
139993
537557
979474
4660416
127434
61361
262066
2849542
565007
138614
538289
990325
4588492
135970
62650
261940
2824134
566115
138793
541268
982062
4590870
133594
62848
264401
2859288
565383
140650
543648
985495
4586805
125253
62580
260496
2866256
563273
140130
537583
983800
4583358
133723
59181
258766
2825414
565290
141611
547320
980098
4592329
126929
72044
260831
2786310
606783
139809
540991
985422
4631473
127497
58217
262902
2810547
565566
140989
538011
982604
4590256
127416
63170
262517
2850235
563726
139718
542455
987438
4584104
127064
60821
261094
2856433
563946
141094
582399
1015981
4585037
125099
61185
--STOP--
++STRT++
261240
2826471
563059
141082
539454
983737
4585971
125891
59020
261922
2779965
565520
139781
538484
977930
4622546
127449
62882
262278
2774876
562860
139942
540134
985192
4619237
125978
59265
259165
2776651
609060
140844
548407
1026515
4667913
127657
70860
312771
2859062
570930
135773
547719
987427
4588608
126726
59658
264481
2825103
570565
138702
547971
979718
4597354
125707
63617
261502
2777463
566640
139981
539753
978648
4620891
125053
63624
262185
2853837
565949
140001
541201
979931
4588801
124798
61191
264470
2781621
562109
136970
541210
979430
4670300
126551
62520
261929
2823458
565046
141082
540994
980345
4584015
126638
60717
--STOP--
++STRT++
258001
2779696
608868
140138
537814
983809
4591354
128664
60036
262834
2805196
564864
140845
543336
1058885
4585647
125292
58687
264949
2780611
570599
138714
540994
987267
4621848
128211
63647
259688
2861213
563186
141056
538319
985693
4586769
125535
60666
259999
2811622
567933
139960
574195
1014605
4621252
126299
63428
263301
2786977
563064
138920
538961
981003
4631105
126555
62719
259760
2828493
573166
178632
573597
1026830
4622199
127269
60988
262628
2783554
571437
140308
540421
984033
4621415
127740
70864
260721
2859947
572410
141113
548158
983358
4590874
127551
62712
262624
2778654
564757
141040
540113
987596
4635777
124893
64762
--STOP--
++STRT++
259508
2824322
569112
139878
540917
983745
4585561
125711
70789
262127
2826905
566100
138863
541344
984505
4589676
126927
58643
262242
2854301
562575
140714
539358
987140
4591762
127182
62913
264912
2814610
569544
142454
539435
981476
4592960
126352
68500
261509
2838785
562802
135643
539486
991258
4591323
125632
59937
264278
2817654
606417
139588
591279
1051681
4585770
128817
58687
259225
2782684
563232
138868
539457
984166
4587005
124313
61594
261703
2826922
570816
134563
541139
983645
4586709
128620
64340
264540
2828016
564498
139967
539366
985751
4583072
127921
69054
260282
2815018
562999
140977
538780
988660
4583941
129104
61595
--STOP--
++STRT++
259720
2854517
562022
140547
541079
979968
4588211
125213
58674
265998
2822976
563648
139879
544621
1032137
4583485
125907
60769
261690
2810797
565361
139628
546713
981235
4583776
135931
63855
261435
2811245
566937
139313
544700
1033905
4591415
125542
61805
260247
2852480
562243
140241
541227
985846
4591493
127140
71694
266595
2787004
565424
138988
539661
1034198
4667121
124868
62137
261034
2777687
571935
141336
541855
992327
4619502
126007
62136
264181
2789933
571706
139933
539768
983760
4629733
127221
60869
258410
2822637
568371
139987
614752
1027206
4594240
126985
59398
260183
2860087
570256
136318
539189
980743
4588091
128183
63857
--STOP--
++STRT++
259942
2813929
563212
139597
546811
989730
4583830
125618
58118
263216
2851050
562482
140041
540601
986469
4583312
127349
62573
287864
2774226
565306
140453
541434
982136
4634625
123380
72852
261126
2782634
564726
140895
543640
980057
4617251
125186
61659
261356
2780573
564561
140044
540100
984102
4609746
168305
62201
263767
2815335
563915
140054
542183
1019102
4583793
126348
61502
260378
2849037
562735
139953
539339
984363
4580865
127302
63208
264495
2824179
570307
138442
541369
989304
4583980
125295
60397
262168
2863978
563724
140319
540954
984743
4635445
126688
61846
260807
2810410
565146
140177
543236
1029141
4589470
126580
73012
--STOP--
++STRT++
260117
2812766
563469
139760
617334
1036485
4588468
126874
62801
261425
2787313
564337
141117
538749
991722
4626147
127333
58976
259509
2874434
565025
140383
539699
982823
4583879
127026
59632
263160
2809964
566155
138915
620159
1015514
4584092
167786
61324
260522
2859603
563815
137734
539993
982546
4583133
126889
57156
260786
2822549
562852
140957
541203
983430
4582889
125058
61391
262113
2811080
567702
136694
613595
1036206
4582090
133912
70573
263606
2818730
624071
140204
540023
1032225
4622571
126410
61337
262884
2785687
562805
140073
538310
986525
4618437
126285
61811
259314
2862641
564530
135025
542941
994264
4589740
125464
61910
--STOP--
++STRT++
259350
2826700
563003
136886
542581
979649
4582364
125277
64663
260720
2857192
566667
141097
547697
991736
4583113
122831
61202
260140
2857256
565491
142024
538778
982320
4585292
124584
63181
264103
2824856
564587
137018
547235
984811
4587428
126033
63232
259473
2852004
567793
135820
591050
1016839
4633742
126242
61010
260714
2779983
565674
138996
542439
989509
4611419
135695
68732
261362
2873665
562776
138546
541651
987986
4581492
126901
62925
262945
2828525
563269
140779
541197
1027338
4582206
125300
58224
262542
2775818
563574
140875
539967
990707
4614426
125567
61632
262499
2780287
563354
139764
539585
986992
4641043
126275
62137
--STOP--
++STRT++
260486
2779383
563095
138791
543231
978356
4657203
128260
62996
263497
2782682
562706
137238
540104
987678
4631171
127004
63847
263724
2856012
564705
141063
540780
978379
4590065
133369
71927
263218
2859560
563744
140005
540277
992064
4582455
126857
69694
259117
2850286
571013
140333
540443
989411
4581577
125326
73921
301426
2780599
641603
139944
539380
1042649
4622746
127552
61981
261350
2862044
562993
140493
542107
982253
4661193
125063
60361
260182
2776916
564446
140517
541001
982497
4616944
127061
62673
263462
2782742
562883
139202
538974
989404
4621793
126407
60791
260793
2780779
563898
134161
538486
985736
4591151
125915
64074
--STOP--
++STRT++
258710
2778020
562417
138996
539152
989584
4658216
126594
62069
260947
2781809
571101
140890
540138
1017867
4582607
135959
63605
273779
2819095
648539
139953
540434
989904
4588602
125877
58615
263907
2850676
572917
141495
586631
1032278
4586374
126994
63803
262310
2779183
562082
139673
541242
988362
4617425
127195
60395
263182
2800867
564378
139852
540940
981346
4661770
123738
70591
275554
2805358
598027
139275
539556
985400
4621404
125926
70757
267113
2776544
564784
135403
541676
985766
4625944
125480
61498
261963
2779005
566291
134990
540539
982067
4615625
134432
61699
259790
2808872
608582
140188
541039
1009689
4634499
127396
59705
--STOP--
++STRT++
263016
2824988
571194
134024
540778
979855
4589110
127070
61000
261053
2810849
596131
137519
539758
988906
4621466
124660
62878
261123
2783549
564494
140404
541385
989826
4617509
128792
61528
259333
2852820
563796
138133
542092
983792
4590358
124808
61766
258787
2776552
565401
134281
539209
982408
4607222
125118
59495
259895
2774500
571906
141356
542612
987064
4625457
127259
61928
261153
2775187
561509
140937
539885
981904
4615413
135624
62254
262210
2857606
572904
138320
539414
986487
4617028
125889
62576
263135
2819266
600999
139331
540909
983564
4635557
127331
60761
341403
2817675
573231
139053
541807
984787
4590726
128168
62063
--STOP--
++STRT++
259396
2861295
563203
139741
537826
984985
4582640
128912
59309
262595
2856289
564877
140421
538523
987323
4581911
127273
58331
263260
2848655
564371
136306
540288
984064
4588312
128199
61718
263713
2837215
563355
139402
538391
979918
4588433
125430
61894
261006
2820718
600664
140083
583852
1054063
4592108
126859
60712
262085
2859966
561737
140015
541098
981202
4590677
135843
63829
259130
2786269
563666
139522
539519
978498
4584042
127643
62025
259164
2778072
572257
141127
541069
981260
4653621
125858
62370
261610
2775742
565159
139429
539143
986473
4625588
125536
64417
259971
2779540
566163
141146
542582
984951
4657284
124907
69911
--STOP--
++STRT++
262419
2818281
564470
140131
539428
979657
4588560
126101
59271
265402
2812179
564962
139999
591612
1018073
4626858
126448
60559
259562
2779173
565437
140303
546909
982501
4622344
128522
60010
265526
2780130
571444
138845
541265
984228
4583951
125893
63827
264135
2860142
564311
139694
540540
989507
4591516
124710
73834
271790
2816574
563864
142265
539272
1009648
4584043
127205
70760
265940
2806568
568130
139867
588254
1020955
4615776
127445
58427
262758
2780877
571850
140617
538960
982715
4621044
125403
62063
260170
2836647
563695
140387
542202
990193
4583488
126651
57075
263591
2809561
563251
139271
544287
1065238
4586637
134880
59751
--STOP--
++STRT++
259967
2786471
565413
139116
540209
990385
4612073
127901
62007
261436
2814627
563338
134885
538789
982354
4585174
127105
62620
260659
2781112
564700
137766
540383
986166
4609657
127786
62963
260008
2808728
563925
137070
571281
1035655
4655914
127767
69561
259060
2824362
566171
139166
541029
1033709
4582571
128295
63732
263125
2859534
562463
139254
539589
984922
4600046
123297
58535
262429
2776692
564783
188569
539632
977969
4619776
124458
69524
265160
2778992
563176
137838
540623
979922
4617425
127214
60836
260873
2852487
564919
141686
539991
985249
4583939
126574
63106
262693
2818302
642082
139841
542486
1029350
4626680
124145
62359
--STOP--
++STRT++
258485
2781387
564803
135829
538793
981914
4640757
128037
63267
262398
2820383
565472
135426
541148
987600
4583437
125221
61943
261231
2779324
599657
141081
542599
982700
4621166
124877
69184
263151
2787111
566123
140805
538207
985705
4615099
132971
61042
260934
2781643
563591
139741
540208
979312
4614651
131787
68587
262889
2864809
562492
139391
539623
986248
4630098
126890
71415
260309
2854896
571708
223429
586154
1021848
4632614
124487
73441
294981
2821496
570828
141082
537497
991073
4588205
126874
62006
261753
2854714
563424
139171
540805
988658
4583716
126155
61457
260761
2815264
565728
216049
577976
1058865
4587701
125449
57767
--STOP--
++STRT++
260796
2775262
563532
141565
540050
982712
4587299
122855
57406
262991
2808815
570682
141032
542380
992539
4587157
125312
63213
259573
2836434
562335
138986
541712
989980
4585191
127512
70610
264707
2871445
565832
139770
573129
987497
4588111
128046
61010
259816
2863447
562076
139866
540416
981366
4583833
126892
63783
262058
2859053
565672
140019
538676
984442
4588201
125707
70442
259340
2814751
566011
140783
543265
980092
4591093
127720
58154
263993
2818712
628118
136919
617529
1027507
4623647
127093
60885
260902
2779782
564767
138641
539208
981358
4665535
126327
62801
274475
2803728
565451
140482
538911
1057660
4587470
122980
63046
--STOP--
++STRT++
258641
2855315
566805
141357
538526
979442
4591172
125881
63121
260281
2809672
596662
139080
539882
987208
4623952
126756
62748
267296
2778171
565436
136118
541729
981335
4625482
127438
61871
259123
2856208
566078
140780
539332
987579
4620977
123952
70602
261494
2817154
643783
138830
538255
1028552
4660791
127778
63544
261629
2784811
564592
141438
542970
983142
4625293
125213
59683
262054
2859732
563716
139204
541559
986144
4587365
125289
62918
263071
2827413
565986
135622
548580
982938
4588103
133962
70153
261368
2819476
567965
183182
620727
1030492
4622250
125692
59573
264198
2859487
564333
134803
540863
987855
4588997
127143
60741
--STOP--
++STRT++
260788
2782945
562792
139397
537881
980764
4624118
128125
57679
262771
2853591
562404
139210
538236
986802
4588473
126577
62811
262983
2851265
565271
141072
546726
988049
4580610
135338
61909
261398
2859314
566632
139929
544284
986421
4622937
135243
71297
260345
2820298
572767
137001
626879
1031873
4583779
136828
62784
264174
2783588
567103
138992
538171
981800
4633151
125821
60465
262582
2851064
562598
138826
541184
980531
4584906
127885
63560
262818
2813185
574599
140227
618765
1032764
4588219
127061
61978
267602
2854099
563715
136926
540828
978731
4596101
126606
62483
266593
2779552
572757
138908
540913
983705
4626410
126477
59026
--STOP--
++STRT++
260185
2825822
572114
141253
549299
985288
4591110
126920
62126
266128
2778093
564913
139860
543256
983187
4621398
127425
61853
263162
2783810
563028
139662
542179
980723
4631342
127372
69925
258282
2829234
562576
135494
543027
1032947
4586882
129042
62928
263794
2853378
563327
141619
547316
984289
4582280
135322
62563
261100
2862727
562651
135023
542921
983864
4587074
128369
63952
261636
2782220
571277
139200
540754
1026314
4616999
134846
62295
264524
2781210
563404
135436
540569
986489
4626408
134668
64001
264382
2774485
563515
136384
540040
981944
4617327
126555
64017
259746
2778817
571021
138346
541528
987216
4613164
126081
60863
--STOP--
++STRT++
260734
2832803
564755
139598
537898
987899
4591854
125061
64278
263328
2856305
563402
141743
545973
978266
4622344
124446
63443
262790
2853340
563105
140116
622028
1031164
4581786
126935
59546
259635
2777128
570810
141139
537918
985453
4582325
125141
63345
263524
2827548
562605
140048
540556
984076
4586374
124886
60746
262272
2834698
564239
139754
544193
1032009
4590341
127724
70423
261382
2781116
562641
139310
538722
989412
4610879
124678
61506
259532
2810252
572943
139417
545065
983101
4631290
124837
60532
263102
2845195
571298
140189
539357
982692
4589803
125033
62438
260364
2818705
569109
178973
612549
1024085
4655290
125223
59091
--STOP--
++STRT++
259762
2780723
566238
134871
545935
984786
4672814
124216
60641
262103
2786337
565525
141011
547915
984210
4632117
124778
60399
265446
2786593
572789
139871
542818
986528
4617114
134980
61694
258871
2779587
563093
141154
542781
985624
4622599
124790
59889
260577
2780835
566019
140159
538586
985718
4615796
135193
64356
260886
2816131
564915
140436
542117
979637
4585130
125573
56963
262616
2823570
566724
191714
573211
1020520
4619551
127416
58432
258749
2864126
562754
135860
541066
990370
4583440
133048
63126
272716
2820622
565601
171769
577087
1014324
4621554
127800
60377
264369
2866681
564921
139926
540840
987464
4589359
126194
63008
--STOP--
++STRT++
261704
2779696
565616
139870
542172
990939
4654537
194962
60321
266886
2812057
565206
140108
536317
991430
4591302
135872
62169
260418
2779661
568931
140628
538960
987352
4627880
125032
58615
261571
2779770
563000
140961
540391
984351
4591626
126765
63649
260322
2862676
562094
138657
541684
981666
4584201
125128
60502
277313
2810041
563947
137714
574812
1015890
4619561
128531
61239
259505
2786899
561740
138348
540036
985341
4625292
127001
60188
266223
2775248
563098
140485
540257
986503
4615429
126194
61125
263773
2861386
565470
139865
541434
1023746
4586724
125668
58173
306812
2864975
566150
139130
545669
989892
4587632
126401
71618
--STOP--
++STRT++
259178
2782588
564488
135520
541003
986756
4624467
133883
62752
261362
2774770
563624
138614
539713
979048
4611669
135300
60675
264432
2779952
567046
139720
542818
980283
4606398
134885
61372
259041
2816048
565525
139972
544803
994879
4583958
124716
58812
265318
2818507
566486
140062
584409
1057737
4588650
127003
62622
259878
2818007
563707
138943
617567
1031449
4587532
127979
60953
263737
2861827
565976
140308
541385
986943
4582446
127027
63634
261750
2850940
563143
138934
540531
980684
4591075
126429
64589
274974
2809199
567035
139025
571093
1007543
4619158
125542
61350
261898
2777175
609148
139264
542529
982833
4627477
122497
59814
--STOP--
++STRT++
259609
2785801
564621
135639
539112
985978
4589326
125335
71821
262947
2813508
564428
138696
540896
985932
4589645
126447
61916
260959
2852904
562571
141691
538710
990003
4586419
126303
58786
265897
2810721
562407
139885
542341
1007869
4585852
122734
63109
258667
2781086
572259
140695
539286
989365
4625187
126324
66985
261919
2776436
571905
138975
540344
980687
4623436
125280
58789
262396
2807371
563002
138012
542958
1009778
4589714
124870
60291
262856
2821749
597529
139836
539266
980408
4612084
127699
61334
261162
2780233
564954
141533
541006
984848
4659976
136120
59713
258666
2849697
571627
141943
541972
1027248
4587743
126753
63280
--STOP--
++STRT++
302476
2819223
563130
141129
539787
979622
4585092
125436
59786
260171
2821108
568179
136055
612342
1073846
4666421
124592
60400
262266
2776111
564218
135451
539708
991267
4621866
125053
62395
263795
2782267
570600
140417
539990
987284
4613461
127813
62805
260158
2848847
572077
138843
625925
1028210
4591419
123952
60597
263394
2778172
604113
140230
541179
984999
4667291
124178
60815
260290
2833068
565050
139278
539289
982745
4616096
126722
62248
263301
2823689
563940
138679
538514
986983
4595754
126060
65421
261307
2861497
571969
137686
542435
1012108
4583386
126775
57970
259991
2814278
564621
141148
538815
987611
4599583
126993
63769
--STOP--
++STRT++
259197
2776241
571654
137448
549110
982542
4619168
127177
58453
262326
2781210
571034
136447
549360
981174
4609623
209106
62467
276135
2783989
565653
141142
541297
981431
4631904
123805
61277
262608
2780136
563905
139725
542275
980275
4615382
127497
62523
261053
2788747
564895
139573
540632
979461
4584727
127194
61467
273392
2866931
566095
140197
570753
1019564
4617921
126345
61168
264440
2782004
566484
135188
540824
991708
4615150
125564
62246
261069
2811481
563996
141360
571358
1017532
4590131
125372
62673
264109
2777227
572073
141259
540673
986813
4629355
135802
60902
260013
2822081
566060
180215
571878
1027194
4613975
126884
61143
--STOP--
++STRT++
260254
2775448
563680
138670
540192
977650
4621560
127439
62864
261165
2854203
562961
139613
541275
998999
4587368
124926
61065
261581
2852824
564935
136211
541772
980619
4590371
123083
57384
266955
2867383
563731
140894
539570
989584
4587720
126970
60095
259848
2856416
566249
139201
586198
1019863
4583179
131906
62779
262264
2778215
565799
139241
539632
982766
4615177
134258
71039
261778
2791721
565396
140081
539372
987018
4608231
123767
60095
260570
2776993
571985
135172
542121
983623
4582050
125891
63257
265460
2833129
562711
139649
541106
986479
4589533
126600
64558
262785
2818473
572855
139723
542683
979182
4584082
127182
69626
--STOP--
++STRT++
259734
2781011
565467
141166
539867
996529
4581497
135296
61924
262441
2821875
566273
139739
541729
978512
4583137
125333
64257
261062
2806608
569707
142313
620284
1029851
4587402
125818
63599
259218
2776853
571498
138322
539100
987639
4630407
123210
63857
260133
2783395
563901
139522
542082
990172
4629455
132728
58891
261101
2776048
566305
135140
539826
986110
4621232
132531
64374
263691
2775863
563638
139162
541710
979644
4590435
125526
61424
261767
2814342
575688
135215
538920
981502
4586714
125557
60921
258945
2777835
564619
138748
545930
979956
4588469
127455
70759
262524
2848414
564330
137652
541498
979737
4582027
123044
64222
--STOP--
++STRT++
260159
2785574
565060
133516
539523
981986
4584853
126528
64761
261926
2819193
566168
139635
584238
1061576
4593092
126052
60669
306770
2817819
562184
134752
541124
979570
4589221
126911
63800
258850
2788580
565167
136161
541189
990304
4582703
126904
58848
262707
2824756
565072
139970
540208
981713
4588692
130131
62002
260682
2782659
565106
140828
538945
982109
4586630
125042
63737
296175
2825976
565545
136005
541608
986719
4582232
124429
59175
259966
2853882
562989
135925
542009
1017724
4591058
135889
58200
259675
2817119
563745
136096
539563
986595
4585545
126929
61777
262911
2854306
562991
140456
547715
990961
4584264
127191
61933
--STOP--
++STRT++
297808
2819356
642725
212496
592721
1057249
4589047
125730
59037
264377
2777153
564783
136547
539521
984097
4631020
127727
61168
262662
2777798
562158
139614
540355
984963
4607143
125562
61179
263619
2816455
565382
140414
542047
980987
4590013
124489
63565
259511
2818972
561886
135272
540978
1015526
4583961
124097
61083
273834
2836306
571077
140078
537738
983419
4591275
126052
61389
261740
2809011
645563
141187
619085
1030220
4618942
124623
64126
260827
2777207
562785
138669
539791
988112
4626354
126956
62005
259067
2851840
565545
135340
540354
984174
4583094
127169
60257
274183
2813433
566877
139509
537933
981293
4584152
127154
58097
--STOP--
++STRT++
258831
2779964
565965
139499
541303
979757
4614379
134396
59333
262606
2782891
571981
139707
542755
989457
4584146
126420
60361
264573
2810295
564936
139869
541294
982402
4585291
128424
63504
262472
2855688
565209
142076
536524
987169
4583224
123529
63073
261492
2817445
637315
133068
617419
1025047
4659282
134766
61103
263290
2785373
564921
136500
541580
983665
4627505
133051
74628
260163
2776750
562839
138075
549151
990208
4617405
124575
58890
258922
2778751
565276
138839
540233
981164
4634439
124752
64054
261151
2775471
572590
140351
546716
1022995
4613287
135093
58786
263041
2779584
564890
140490
539595
987281
4585280
127415
60763
--STOP--
++STRT++
259946
2779536
563556
141907
541092
987938
4655135
129047
62892
261456
2783477
565508
139852
550130
987196
4583201
127430
61128
260895
2856544
572668
139974
540985
981620
4588662
126271
63081
261908
2855689
565592
139124
547298
983844
4583278
125840
62710
265808
2781007
572095
141473
541155
990559
4625204
125620
60871
259614
2817277
650086
139917
541044
983203
4666580
125339
61579
261851
2782567
564736
138842
541260
988997
4618199
125179
64128
260628
2780967
563104
139220
541588
990281
4615030
124793
62095
259859
2785218
564734
139476
541535
983694
4620963
126052
60541
263093
2859853
570402
139869
537953
980175
4583927
124498
61587
--STOP--
++STRT++
260120
2782390
565197
139189
540386
987783
4583314
126123
61951
262931
2825899
565996
136147
579916
1060483
4629890
128812
60810
262339
2776286
565596
136381
540841
985708
4616071
124850
64348
260134
2806365
573046
137356
589830
1014739
4583926
135277
64283
258942
2821058
564349
140137
547386
979870
4584611
128350
64701
263824
2778591
571509
140195
547790
982572
4620486
125332
62089
262659
2857139
566112
141381
547041
988812
4622102
127233
59445
264979
2826353
573394
140046
545691
989146
4587749
127440
72968
263804
2820240
623496
139974
545622
985177
4635393
124234
65053
263381
2775607
565280
140580
538180
986803
4617264
133798
63228
--STOP--
++STRT++
260756
2777963
565101
139984
539426
979666
4660876
127546
60066
260639
2774940
564233
139942
538261
990254
4651935
126665
61328
261856
2844696
565178
139551
540880
989609
4590112
125219
60564
261725
2827118
562683
139969
540922
985905
4584788
127755
61661
260534
2812799
563636
140189
568128
1011810
4584289
126620
59399
261362
2822078
569190
140522
615820
1033696
4594399
126026
59330
260107
2851990
563212
139251
545083
1027866
4586213
123193
63650
262895
2860848
564019
139993
540017
989778
4585397
123353
59257
262658
2853890
567021
178372
621267
1027378
4617326
134177
62652
258642
2866097
571202
139513
537950
983834
4590102
135568
56915
--STOP--
++STRT++
259951
2776254
565045
139654
542863
982426
4619195
166427
70548
260074
2815956
566182
140784
546762
986053
4584006
127243
63073
262553
2819367
568677
185580
581614
1026084
4616648
124194
59828
262957
2780045
598982
140446
542344
987109
4639829
133690
64236
262452
2783020
565526
140132
539441
987474
4614096
127024
61399
263276
2779623
564128
138949
539160
982225
4621102
127941
62962
260079
2782495
562746
140942
539373
984663
4623716
124534
62993
263657
2851710
565942
136438
539257
989554
4581427
127091
62730
262509
2820093
648019
188575
618866
1020398
4588393
125528
62094
260008
2852341
565067
141088
540951
981688
4582396
123997
64109
--STOP--
++STRT++
260260
2810795
646563
135302
589570
1061055
4658995
127634
58672
261889
2775715
564863
139392
540998
985832
4635692
126233
62478
260157
2782437
564376
140428
540168
989857
4627473
125978
63628
267884
2789081
570934
139723
540637
988429
4586712
134169
62838
260711
2782724
562278
140922
540638
987020
4625110
126530
61351
264430
2778678
563380
138648
538587
985437
4613747
128718
63147
259302
2783500
564047
140167
541398
979523
4623466
126551
62041
262101
2779187
564351
140838
547240
979261
4610742
129149
73290
264491
2817774
563283
138646
539386
980479
4587429
125763
62511
258989
2808857
562239
140360
541624
1008600
4593034
127409
62378
--STOP--
++STRT++
258721
2787842
564340
140946
546087
983017
4588523
127731
58438
261767
2850815
562780
140571
541475
986454
4586603
124046
61455
261393
2857139
565523
138844
539945
984451
4580244
122874
62838
264598
2824209
573140
138225
541048
979740
4588112
127189
55960
263812
2820410
625539
139359
540940
1027343
4619880
123904
61383
261881
2781489
564877
138860
540004
982053
4616563
123803
62374
260842
2782742
565002
139808
544365
987860
4581137
125884
62875
259006
2783924
571889
141370
540906
981817
4611108
127622
61078
260321
2779986
564841
134740
540232
981706
4629033
126377
61719
260441
2852710
566041
139395
540011
982386
4586560
126728
59548
--STOP--
++STRT++
259270
2778890
565244
138642
539767
983871
4589030
134849
62519
259340
2815400
563315
135082
541958
983130
4628256
124052
62635
260285
2817712
564655
140418
546060
978953
4586853
126258
63879
263777
2826810
562845
139724
538825
989434
4621746
127737
62478
263391
2862421
563625
140253
542030
983929
4631137
134620
62969
259046
2849767
564317
141649
539631
989871
4587992
126663
61247
265352
2806512
598096
140918
540818
1015151
4619273
134545
62644
258881
2859521
565923
137410
538449
990219
4588108
129355
62656
261764
2852607
562967
141165
537741
981686
4582035
127962
63252
266687
2818607
654131
140093
540060
1023083
4665408
127575
61329
--STOP--
++STRT++
259245
2780097
566165
140346
540660
984502
4618215
136523
58808
264019
2783213
572217
141177
545951
979568
4610273
124616
60221
267341
2812020
571940
139112
543039
1017104
4593771
133829
62719
265166
2775686
570813
139950
545849
988316
4611911
126629
58234
261282
2807173
594100
140139
538878
983120
4654357
125762
58236
264374
2787133
565592
139299
541250
986434
4630076
126048
74400
262573
2779854
562907
141491
539701
991915
4625127
129257
60428
260321
2789443
564584
141407
537193
981117
4658260
126377
73153
260814
2778754
562726
138960
546490
983140
4612595
125635
59193
259211
2781032
564803
137594
541367
979562
4621777
128162
61789
--STOP--
++STRT++
260975
2826319
564995
137793
546731
987557
4585799
122616
63512
260084
2775897
563267
139187
539395
982026
4615180
125745
58446
259211
2853121
563492
140341
540925
987947
4588998
126395
72406
261342
2811999
567424
170146
568783
1005817
4677848
123578
63853
260893
2789469
564130
141186
540319
986356
4629965
128691
59972
259782
2849972
563746
139531
540055
979268
4589791
127518
62187
261649
2855741
563935
136105
541280
987200
4584650
125851
63233
263829
2858336
565945
139906
542239
984221
4589514
126972
71442
265102
2857851
567263
222592
586768
1018332
4635076
126470
59438
258610
2816191
565555
140711
545199
1009046
4625445
132247
62758
--STOP--
++STRT++
260241
2820857
563285
135319
538415
984668
4598651
125745
58925
261210
2784560
565043
138970
540593
985130
4645580
127090
62806
262191
2778695
562152
140785
542495
984892
4613338
124877
63754
258599
2809100
603620
140150
537551
990213
4623955
127554
61377
263960
2855452
565785
138621
539112
984906
4583454
127559
58615
266881
2817671
566295
140002
540294
983894
4591971
125785
59111
273860
2809780
564994
168053
571996
1013316
4618223
124957
62809
262454
2781053
564639
140090
538864
991024
4627592
127346
61712
260495
2857575
569965
140862
541950
985025
4625786
133939
72119
260918
2812787
564866
139792
541790
979378
4593480
125108
62091
--STOP--
++STRT++
259610
2814311
641401
139680
541102
1057490
4661772
126594
61990
260382
2779160
562542
140811
539840
981136
4627691
126294
71246
262524
2846720
564522
135983
540976
979032
4581905
126833
64517
260977
2860454
563378
139052
548795
1021728
4583285
125956
60614
260801
2779910
564431
140520
543600
985578
4615305
128505
61787
261685
2861682
564933
139054
541568
981989
4582332
127321
63200
271411
2778677
563901
134817
540490
980163
4615137
125686
56396
263187
2780469
570526
139670
546223
987074
4612684
122603
60203
262825
2859506
566156
140847
541814
982063
4610902
124772
60503
273393
2780508
572880
140164
538147
980765
4616283
136173
61112
--STOP--
++STRT++
259055
2779178
562462
140094
538497
982375
4623033
126367
59549
261847
2787553
564805
140059
537927
989013
4590560
124055
63290
297770
2825131
565911
139771
540254
984753
4581886
127988
60695
260350
2780766
565559
134146
540983
989161
4592058
127097
61614
259871
2777746
562382
137988
538988
987035
4621043
124764
61233
262253
2779034
563013
141428
540411
981618
4613201
125923
59375
258578
2775275
570355
141148
539618
986615
4634155
125348
59450
262440
2780214
569669
139077
538586
983066
4613640
130080
60940
263975
2860348
565060
136827
583654
1011538
4636927
126351
59361
269744
2811052
563375
140117
612189
1025784
4588192
125045
61332
--STOP--
++STRT++
261104
2825119
562497
139066
540181
981800
4599764
135008
62820
258367
2780752
562101
140145
538040
982098
4590297
128408
71311
302431
2825876
563351
141143
542711
990649
4590327
127432
58633
276375
2778253
566060
140005
538778
982611
4638915
124910
60380
262482
2782481
562904
140701
541903
984250
4615116
135048
62369
263001
2849644
565303
141760
541631
986034
4585488
125967
73539
262412
2823744
562271
139518
540923
987094
4587703
128178
58618
261658
2783765
606190
140161
541376
986604
4634180
126860
62698
260138
2779873
571305
136795
541172
982592
4628107
126849
63247
275437
2813161
563361
139090
541140
983856
4586959
125791
63077
--STOP--
++STRT++
259131
2778365
565325
138980
538767
978631
4589012
124419
60890
262252
2817185
564986
139980
542818
984131
4587670
127471
65263
260365
2813922
563812
140718
540462
980332
4582620
124884
61369
262515
2825022
565699
140634
540878
986776
4587942
127083
70448
261902
2818724
569401
139691
540712
981827
4595160
128703
61677
263890
2784578
610867
139222
541031
982166
4622952
126885
62167
261195
2779796
563044
140392
540344
981280
4639521
127001
58365
266883
2778153
563795
137364
537794
983662
4618702
128509
58193
264263
2784329
566897
139364
540056
985091
4610119
126364
61587
259722
2779225
563335
140274
537694
985181
4618892
129579
63628
--STOP--
++STRT++
260130
2778601
563928
140007
537395
986902
4660440
123390
61265
261000
2776792
565918
139805
545435
987348
4621423
127757
71316
263685
2780068
564749
141782
539216
989608
4615869
127889
70346
267748
2776817
564101
139214
541567
985538
4591218
131226
58712
308152
2863939
563572
139413
539176
989548
4588226
124729
73310
334600
2817372
562466
139183
540800
985175
4588838
127900
61479
301407
2855962
564307
139044
541678
984524
4589651
127195
73783
261810
2824453
563853
140540
544090
1062290
4588961
127543
58571
260981
2817570
656890
138649
537723
1028690
4667848
125345
61076
309194
2857458
564773
138989
539761
990025
4616201
125558
71654
--STOP--
++STRT++
258272
2780230
563955
139179
541047
982060
4656466
125118
63253
265427
2777491
562490
140944
541106
986809
4588097
124569
60149
260787
2807887
566027
140092
548414
983244
4588496
135036
60501
259110
2866250
564391
140066
540405
1014437
4590530
125244
59012
260748
2778267
565560
137901
545752
982881
4621388
125751
61818
261756
2812654
563031
139780
544138
981313
4585319
128721
65286
259484
2856286
564724
140220
540767
988925
4590388
125336
58820
262125
2777514
563204
141373
539921
987288
4638888
134938
60119
260365
2780611
572166
139500
540276
989488
4616386
124454
61781
260026
2824658
654615
139904
542984
981778
4668181
125617
56450
--STOP--
++STRT++
262649
2781374
561766
139435
541197
985843
4662748
123638
71108
261628
2780431
570577
140035
540354
981067
4629585
125774
62892
259559
2780500
564772
140750
540868
985036
4613675
127158
58409
264650
2779889
571512
138997
540496
986625
4608014
198491
63183
264561
2858873
570847
138899
539728
985319
4585701
125193
62246
262241
2829107
564847
140890
547714
1028779
4586709
127161
70327
261573
2777387
564062
138543
539335
984587
4623599
126526
60491
258013
2845156
564882
138820
540177
1054563
4585571
125879
59863
261407
2807532
596960
139802
538796
984859
4616095
126731
62337
260547
2778666
562841
139496
538226
980579
4622648
127227
60956
--STOP--
++STRT++
260370
2820564
565863
137080
539254
990310
4583189
128192
62806
262299
2861543
563162
140378
540529
988061
4582271
134516
59601
261541
2857544
567428
140608
584741
1015695
4638856
122905
61337
262215
2783541
566157
140075
538416
982987
4623132
124144
60839
259054
2823080
563507
140382
542619
986522
4591344
126776
63233
264761
2858109
572022
138984
540110
984952
4591766
127427
59995
259532
2811899
566687
140187
541827
986695
4584969
125580
63886
261704
2778261
564401
140335
540753
986211
4626125
126900
72246
261286
2859151
564675
140263
541687
980437
4582861
125564
60733
262148
2781908
564333
140891
539812
987000
4625254
126242
61397
--STOP--
++STRT++
258903
2781155
564404
138789
539904
980061
4621015
126548
61280
259615
2780599
564026
140561
539688
988578
4621913
126090
59091
261896
2858784
565011
140303
541275
982878
4593548
127238
57474
261279
2856343
572498
139014
539747
990537
4584979
123661
61038
262265
2857273
564631
135932
543097
990926
4582469
125823
63012
258266
2812916
566032
138861
616260
1026093
4590317
134960
60240
262428
2778758
563492
140802
540336
986226
4618662
127783
58660
264803
2780342
561482
140429
541981
987631
4616661
129285
62845
262829
2819160
565639
137403
539766
991105
4588755
127420
58690
259985
2781101
573184
138421
546897
986890
4674333
122758
62618
--STOP--
++STRT++
259696
2860873
566048
140540
538616
987351
4589250
127303
70975
263692
2831350
563280
141049
538182
979802
4583462
125735
59617
275466
2826184
566692
140151
541288
987523
4588242
127096
60484
261866
2820460
563763
138035
540973
990299
4589159
127224
64303
262976
2856791
571899
136133
540908
989854
4590099
127268
62431
262646
2842038
566010
141233
541334
984916
4591008
126340
62469
261347
2808988
646688
139409
615857
1025020
4616286
124616
62562
259528
2830521
562399
139455
540496
988419
4588655
125615
62588
262070
2851472
566463
141795
540043
981914
4588112
126769
61830
278874
2809524
600458
139874
539675
980660
4639021
128337
61147
--STOP--
++STRT++
263148
2776757
563989
136280
537585
986274
4664109
127704
60324
261348
2781847
564560
138949
548534
984347
4614991
125381
96081
259596
2815725
562298
141101
539904
983566
4630892
125351
58254
259296
2776047
563991
137292
546936
982470
4620323
125868
61545
260942
2780521
565718
141499
540626
985920
4585071
135675
58794
352575
2813110
562809
139789
537608
985000
4621827
126645
62880
263375
2785256
563582
141098
538253
985161
4619581
128808
61692
262286
2816856
563766
140302
542033
982819
4583211
127451
64052
263844
2813860
639464
138658
539400
1030496
4623843
125788
72651
260567
2777580
563668
140199
540951
989001
4634858
134877
64657
--STOP--
++STRT++
258443
2784725
562490
139077
538434
988110
4655115
127436
72251
262413
2783113
565456
139799
541542
990162
4581207
125674
64208
264754
2813678
564956
140496
539039
989677
4586804
124053
63266
260704
2778614
570189
140423
537732
986706
4593717
127282
62494
261076
2819179
566601
140494
547719
983398
4587185
127379
58346
262805
2814989
567157
139077
546365
1028879
4590716
127291
70024
276255
2778492
562302
141645
541472
986625
4645344
123679
64328
263156
2825148
562587
139388
540479
981642
4609379
125438
59558
262432
2783119
561876
140430
540333
982021
4581404
125372
62967
263828
2815019
565154
141011
538827
980680
4581305
133151
63840
--STOP--
++STRT++
259637
2821132
566105
140718
546151
991803
4583464
125804
68914
259402
2777392
565539
140020
538851
980506
4633013
125332
60821
259561
2849303
564409
138585
540563
987133
4583118
135504
60847
264812
2828422
565986
139460
539784
987581
4580607
125992
60782
260758
2819428
566404
141001
588638
1058542
4589993
125411
63161
259984
2821076
564649
139542
576670
1015418
4615797
127551
71078
261133
2861438
564768
138818
539943
979679
4585437
129049
61097
261991
2829434
563282
138692
539525
978416
4592206
125642
62072
261289
2865530
565305
140818
548134
989474
4587405
123632
61951
260225
2829713
563857
139284
542013
986104
4582698
125317
64796
--STOP--
++STRT++
262154
2828564
565368
139432
546751
985494
4587004
126563
62854
261023
2775544
564956
139681
541287
983772
4617199
125497
62953
262589
2866119
562866
140031
541546
983481
4587843
126606
71034
261694
2817781
564924
140168
541724
985207
4581625
125232
63416
264667
2856382
564297
136597
542566
1021677
4590127
127220
61416
261292
2849691
572315
141081
542375
1032359
4585995
125912
56238
261409
2813492
564793
135628
548603
979145
4590217
126699
63194
263329
2826684
562683
140165
543086
989704
4582898
131817
60225
264687
2851452
565925
215520
584141
1019810
4586084
126411
59774
262960
2855636
563897
135955
542488
981018
4583603
125346
64137
--STOP--
++STRT++
259267
2785958
563783
139851
539720
990366
4663829
125792
60843
260139
2779446
570753
138873
545265
991535
4582509
124799
59296
336871
2830266
564772
136925
542631
989973
4594078
127389
63514
262817
2815338
563059
141657
539221
985304
4591144
126916
61679
259138
2778657
561838
141413
539504
982406
4592991
128120
63461
262792
2807867
570761
136934
539814
987397
4591076
126821
61645
261846
2810816
564788
139754
541583
1011968
4584920
124028
60764
261350
2821278
565492
178140
612857
1021270
4614469
134690
63062
261799
2786061
566516
141632
539798
986235
4621639
127196
61101
261074
2778583
564018
140688
542305
991531
4612471
126050
59716
--STOP--
++STRT++
263574
2779233
565960
141604
542123
984512
4584524
127046
61425
261572
2848604
564984
140718
539214
979187
4593850
125086
62742
266143
2816482
627427
140178
538625
1025782
4619142
128793
61543
260115
2815749
570247
140466
540497
990331
4630012
124125
70700
263835
2810016
659591
141298
539460
984531
4660814
125303
63177
265372
2780716
570463
139426
543514
985163
4623856
134888
71888
276533
2805322
566849
135278
576254
1012984
4644738
125435
61787
264599
2776601
608188
141322
538892
981707
4616967
125552
61418
259644
2865785
565733
139965
545256
983395
4588371
140622
62618
261434
2826318
642457
140789
540639
1027169
4664958
127673
71984
--STOP--
++STRT++
259706
2784978
639726
137266
541525
1015834
4662330
127780
60727
261226
2777918
564184
139199
540333
989748
4632251
127478
63626
260153
2775052
571189
136748
540089
981698
4615884
126829
63090
261269
2776123
565706
138871
541004
988101
4586990
124946
58805
258717
2820294
565327
139078
539372
981768
4614686
124649
62626
263315
2774167
566313
135474
541347
984773
4617035
127580
58883
258807
2776568
563699
139473
546526
981903
4615784
128109
71582
264467
2776841
571015
137263
542677
977853
4617095
127281
58709
259860
2779985
562137
140239
540422
983204
4610320
128861
62506
258925
2778993
609139
139503
539280
987933
4621019
127653
62837
--STOP--
++STRT++
259669
2819356
564767
137012
540304
985635
4586554
127007
59687
266103
2783709
563578
134566
540285
990168
4615211
128321
63599
260848
2777937
565848
140313
546054
981169
4627216
123022
62180
260071
2842860
564904
140206
544932
1052326
4590784
127244
62848
261118
2780051
563230
139917
538553
983320
4662560
126255
71792
258451
2860479
565341
139872
539379
982582
4585466
126182
63771
262394
2775925
655033
135690
613173
1032406
4662132
135304
63195
265213
2784630
562483
139652
538688
985032
4627265
123191
60852
262436
2852449
564357
138553
539293
990512
4588175
125460
60325
263142
2856523
564335
140339
538682
985870
4580909
125300
62339
--STOP--
++STRT++
303187
2822768
564876
140126
549083
980437
4590264
129075
62385
262050
2782582
565693
140021
540839
980747
4619223
127436
61346
259263
2818181
565985
140003
541536
980995
4580078
124112
71772
262009
2819595
564313
138524
586090
1052557
4631961
124491
62368
262569
2778804
562366
134402
540498
982660
4632672
133391
61678
264983
2780506
562961
139726
538221
991249
4615773
125935
63054
259716
2779151
565717
140093
538677
979548
4626321
125135
61336
261943
2858024
563362
138829
536667
980632
4584225
126926
63520
261164
2781772
564839
140852
539423
985048
4627260
133849
63730
259984
2777986
562756
141219
537351
988445
4589779
125790
58427
--STOP--
++STRT++
259041
2777526
603391
139824
538320
1061772
4632541
124814
63133
261162
2776073
562385
139823
541021
990055
4634285
126065
71631
259901
2850034
564967
140003
547219
980108
4661145
127108
60064
264171
2827326
564879
140022
539687
987121
4584819
134374
62861
264571
2778301
638918
141007
539259
1026657
4627596
122616
71322
260275
2849298
565692
139954
548017
981548
4589276
122717
61044
261787
2848088
568715
140269
585677
1012454
4637425
125547
63425
261346
2785706
565064
140378
539232
985141
4620632
124381
60513
259240
2853390
565935
136305
541486
982869
4581300
126970
58876
262077
2825285
569925
180698
614652
1029075
4582691
125886
59867
--STOP--
++STRT++
258645
2857351
563690
140159
545302
983427
4585430
125394
71051
261870
2806368
567239
139869
539535
983480
4613386
135543
64754
261285
2862165
565110
138644
542249
985428
4593337
125646
61214
264566
2820521
565135
141205
622041
1029841
4626603
125270
59322
308011
2816206
563697
140183
540499
982605
4581676
126734
63165
262219
2853200
563063
140323
539908
1019511
4595167
124332
71074
259799
2859347
565119
136106
579588
986123
4584619
127120
58620
262039
2826874
562703
135945
540135
981431
4585821
133686
62868
264724
2860590
564856
139050
543839
1014236
4590961
124936
69519
307022
2865680
565897
139510
541330
989016
4588412
124671
60895
--STOP--
++STRT++
262102
2781947
563546
139764
539887
987407
4622613
133742
61104
261999
2776787
565721
136950
540731
989596
4629888
123894
57704
265999
2779205
563074
139840
540740
987750
4583768
128422
62973
259577
2778707
565773
138996
546768
982092
4651150
125203
62171
262908
2858876
564572
138459
538311
985864
4586734
123564
63892
258473
2777333
565445
140188
540405
981359
4624307
126827
63306
261092
2820327
562068
138768
539652
979326
4589507
125019
61311
262856
2817582
571135
141481
546919
986308
4641180
126515
69880
263494
2825263
564297
141560
592106
1023907
4585204
134460
60806
258956
2777658
570692
139249
542656
987451
4590679
133591
63914
--STOP--
++STRT++
260216
2781849
562761
141413
539754
985376
4659100
126718
60862
261812
2777346
565254
139530
546184
980016
4587724
127001
63758
262253
2855431
563579
140970
541435
987689
4589770
122165
62966
259735
2780916
563367
141624
538529
982212
4592778
127041
71119
261079
2815057
565107
138651
537725
981044
4586175
126092
63368
262544
2809863
566911
139603
570375
1017699
4613229
135174
57934
262071
2781004
562507
141237
540493
983482
4625814
135959
58868
259598
2857756
565200
137789
543334
1058097
4585678
125653
58601
261437
2778130
565780
139565
546885
989358
4624880
125682
62139
260886
2853824
563451
139190
540556
989035
4584265
127831
61114
--STOP--
++STRT++
261984
2782501
571721
142736
541224
985321
4661023
126081
62574
264714
2781912
571165
139359
540015
981827
4588523
135487
61794
262632
2853006
565421
139135
540916
983286
4590831
136392
63521
262421
2819676
565180
141449
538774
1020515
4594813
136296
61057
274868
2778442
564092
138870
539563
981825
4617137
128564
61978
262675
2814032
564756
139781
539225
985068
4590997
124777
62727
262732
2819377
652051
134099
539132
1023868
4617481
126439
58059
264912
2779937
564573
138519
539555
983583
4640812
124830
63527
262304
2777293
565056
141522
541527
984044
4614059
127185
63194
274500
2781555
565615
134590
539408
982606
4632864
125215
59336
--STOP--
++STRT++
260796
2778676
564985
141176
541118
984752
4638798
128652
71838
265755
2856876
572293
141243
541812
987011
4587233
129208
64363
265398
2861684
572202
141295
541234
1019866
4584577
133968
61602
264478
2856064
567073
138520
615773
1032162
4593220
134376
68980
260523
2861272
565032
139944
542535
986032
4590201
126313
69922
261199
2822369
562667
139734
540308
988507
4591102
126347
63374
263364
2812579
624191
141244
547441
1025531
4634303
134666
62097
265979
2787093
572246
136568
541329
984031
4627767
135097
62708
264466
2775018
570529
139246
548534
986361
4634789
127322
60708
259116
2851090
567916
140709
595861
1017756
4629421
125424
61500
--STOP--
++STRT++
259596
2819185
565739
140073
539846
985624
4593519
126155
61930
260118
2818288
597055
139329
542188
983249
4615025
124046
56580
266005
2779285
564704
136254
538945
986706
4630903
128038
59093
260458
2812467
563252
140963
539987
983776
4592181
124933
63145
262508
2781165
662906
139793
540832
1026779
4661016
126270
61301
262919
2857416
562509
140013
539233
990493
4583411
134260
61466
274676
2777062
563672
137392
544506
987844
4631375
125682
61135
263486
2779492
563333
136584
538913
989943
4619835
135901
59009
262534
2816841
572223
141533
539802
985909
4585237
135985
58347
260768
2854030
617111
138341
544742
1026828
4620591
128600
59397
--STOP--
++STRT++
259599
2777218
562238
139438
538262
983092
4631647
127498
59470
261826
2831289
564537
139075
542313
984737
4585248
132721
72603
263292
2865097
565677
139927
547417
989508
4583761
127052
64585
273053
2808370
567829
170898
573865
1012415
4615471
125236
64425
261209
2865943
565441
141388
541151
979251
4587771
126616
62569
266249
2810850
568167
140837
620781
1024546
4600850
126798
63932
260811
2812879
565943
142183
539896
986992
4588080
126790
60174
262888
2860521
565938
140054
546303
984328
4588025
127858
60995
260012
2853586
573362
173435
629939
1026207
4619354
127633
62513
261198
2858384
565673
132825
539902
990797
4583776
128686
60012
--STOP--
++STRT++
258917
2877751
568158
135890
543372
1064598
4589401
132729
63793
262260
2781606
563875
141222
539226
978401
4643832
127588
59238
258277
2811869
565708
137058
541916
988772
4584386
125894
70883
264112
2779921
641419
140486
620024
1045217
4589805
134706
71490
260720
2779933
564732
135285
539644
988380
4620836
125693
63741
263510
2781101
562758
141675
540428
984623
4618467
125590
59071
259300
2780136
642493
139688
539108
1021925
4628645
126959
62834
262015
2782411
564496
140548
542554
982700
4620889
134680
61377
263185
2776228
563370
138677
540940
986918
4607597
126068
60875
259264
2779056
562918
138890
541417
990672
4614673
127422
71160
--STOP--
++STRT++
259983
2781496
639740
140213
538380
983921
4656170
125170
59145
262183
2780182
565559
134011
539365
980601
4638862
127290
64342
258347
2778113
565438
142174
541417
988945
4637449
125549
60806
261180
2861459
564059
138961
540156
979729
4629412
127892
58206
261610
2864213
562958
139193
540696
984990
4586651
135119
71525
262512
2829270
564594
139898
545226
987776
4581598
126955
69880
258181
2781823
563454
140852
541165
981124
4605275
126368
71994
261823
2857137
563675
140864
542762
985985
4628396
124999
60943
262305
2781043
599344
137911
540190
988469
4629847
128291
62639
258766
2871691
562388
139920
538978
982652
4590911
124446
63615
--STOP--
++STRT++
261996
2777842
566892
136189
541363
983488
4582178
138001
62454
263132
2828080
564987
140069
540295
989611
4588622
135248
61075
260258
2862047
563325
141778
540051
990436
4582590
125061
63157
272797
2855755
565649
140070
542534
1014014
4589315
123495
62620
265518
2861506
572301
140096
540324
983979
4628142
124550
65397
262120
2826755
562782
140338
540622
991685
4583917
133891
70427
263141
2849426
567927
139799
622256
1024096
4614417
124592
58468
259123
2864060
571122
139140
537679
984834
4581899
136329
62569
263657
2820039
564918
141272
539557
980393
4582732
134873
62242
262073
2862557
564977
141478
579092
1015479
4586051
127329
62797
--STOP--
++STRT++
259987
2821632
565595
138077
538895
991372
4591332
125230
60945
262010
2809124
599072
140538
541508
985218
4614315
125259
59793
261990
2857899
563352
141425
537888
988802
4586404
124730
60980
270984
2834181
563432
139620
539549
1028853
4583758
125455
61379
261688
2818135
600210
140996
585241
1056440
4590862
126536
63756
262198
2777259
564582
139631
539522
980735
4667550
125614
60723
257989
2856706
566516
140034
536890
983624
4586374
126092
61036
262678
2851730
566584
140342
540158
1022028
4587856
129925
61781
259280
2856031
563527
141512
541230
982493
4585266
122906
72657
262988
2833875
570751
139122
542724
991283
4588485
127063
59012
--STOP--
++STRT++
259155
2779673
564699
139831
538132
988669
4583297
133323
58300
274271
2781184
562530
138963
539065
981672
4653364
134443
60760
263422
2862417
562676
139774
541149
991373
4584850
127673
63529
261206
2825175
572113
140460
541515
988005
4581696
125420
63258
259440
2784060
566170
133884
539890
989979
4590909
135219
60741
259478
2777462
564223
140176
539431
981868
4608303
128947
58798
261297
2780646
562589
141383
539015
980441
4613696
124861
62455
260544
2783046
570736
137342
537832
978421
4623698
129073
65520
261810
2865013
572299
140093
546548
984818
4585631
126003
59979
259655
2780429
563326
139012
538886
981218
4612502
125164
61248
--STOP--
++STRT++
259810
2835994
565632
133047
540744
992936
4580245
126416
63561
261311
2787038
562337
138926
537825
986756
4624548
127878
63612
259025
2842504
567307
138743
540635
989221
4584933
126956
58072
262309
2811211
564599
140183
544220
1026752
4590908
127423
61082
260679
2871279
564977
140393
540316
981200
4588518
124842
62702
262099
2863388
564178
140464
540547
1010637
4588364
126176
61037
263575
2779212
564436
141080
540806
984228
4633421
135108
59953
260199
2817640
564851
138152
540631
982754
4588565
126447
63440
263364
2828496
563085
140978
541775
1060512
4588079
125091
62706
262393
2782709
572056
139778
538416
983139
4619876
125524
61535
--STOP--
++STRT++
259433
2773034
565095
141708
539394
991369
4665287
125210
61012
262677
2777088
564748
140008
541810
982029
4613096
136253
63111
260294
2777437
564229
137034
542290
988160
4634571
128441
60616
260355
2855465
564374
140975
538943
987559
4588110
124947
61862
260039
2811206
564137
133599
546976
988772
4581272
126599
61136
273447
2805590
564722
138602
570655
1016512
4653852
124207
62674
264954
2785792
643546
140412
541682
980727
4623709
123128
61612
296064
2816325
563645
139242
540801
987859
4586881
126911
60729
262931
2867698
565401
140824
546537
990211
4587033
125678
62703
261200
2819573
600562
137532
583147
1054881
4591594
125839
63886
--STOP--
++STRT++
259921
2826970
562972
135530
540838
986192
4583869
134565
63531
262759
2776304
570441
140266
542413
988730
4618127
125236
63670
261134
2780411
566459
140318
540847
982191
4630220
127858
60805
259801
2814061
638631
182221
621057
1030805
4591353
124979
61934
263276
2779080
562699
140172
540318
983912
4630662
127040
58908
263922
2780558
563916
138941
539841
988817
4617152
127292
70385
258812
2821055
569186
136699
619230
1027219
4665376
127834
62714
262047
2780644
564824
137182
540289
985906
4624047
124822
61539
261688
2807056
566420
135103
537239
981664
4589889
127524
61973
262081
2823946
565471
139515
537230
981885
4619047
125842
61601
--STOP--
++STRT++
259163
2779418
565287
136028
542121
985351
4630109
125220
61224
266249
2859209
565766
140144
540679
988649
4582443
134326
62288
262335
2822402
567298
137190
542791
1056211
4586260
126474
74333
258996
2808301
565612
141075
570281
1006208
4584705
125838
59224
261123
2787651
563994
139737
540465
984037
4627460
125108
63926
262655
2782091
562969
139187
538934
978936
4618619
125608
62359
266878
2857043
571918
141095
537506
987186
4584326
126988
69684
260768
2775470
563601
135444
540344
982571
4590450
123364
62860
263837
2858974
566479
141085
542062
988447
4588552
124750
63935
263017
2822308
565107
140029
543209
1061040
4584817
123887
60873
--STOP--
++STRT++
259037
2776362
564346
140877
540216
980820
4581841
134454
60592
266530
2865313
566458
137779
539874
979033
4585602
125740
59591
261117
2855423
562371
141334
540398
980648
4581125
122610
59144
260301
2778066
565049
139655
540599
986317
4607474
126173
62574
314952
2854204
565137
140751
539182
981383
4585828
123875
60470
262587
2816752
572569
140275
539258
986497
4588718
134830
62841
266753
2808521
565119
136876
621329
1032238
4590851
126601
63333
259624
2856874
564638
140265
545127
988260
4589579
125160
62184
258757
2779238
571643
140501
539052
981369
4615169
129371
63153
266085
2862970
564622
140916
542945
990305
4605092
128205
62248
--STOP--
++STRT++
260008
2781258
562862
137033
548992
988903
4583823
126644
72337
261477
2811636
563257
138864
540824
1025218
4589054
134176
72752
261668
2780696
621757
140321
540951
984910
4619086
125348
60793
261729
2781715
564041
138612
540822
990000
4623684
128938
59045
262644
2820641
563038
140181
540175
1009359
4583933
128052
63507
262445
2855002
563399
136424
539413
990351
4589697
126395
63905
262255
2821876
564865
137942
543509
1061245
4590807
127711
69549
262975
2780803
608815
140620
541232
985183
4618514
126305
62374
260384
2858879
565616
140972
539244
989780
4589905
125277
61067
259716
2829851
565665
140328
541420
988092
4588898
124808
61978
--STOP--
++STRT++
259067
2819034
571114
140565
541348
987920
4587464
133745
73743
261048
2777521
563994
141352
538985
981598
4615327
124967
62015
262340
2820546
571802
134280
542847
978641
4582867
126698
59185
262138
2822028
567900
137028
545866
1026405
4584362
124163
61428
261123
2853110
570679
138813
544984
989561
4589782
124579
62175
261940
2850981
565770
140795
584842
1021574
4590854
126133
60507
261061
2776704
565200
136702
547243
983028
4638992
127579
61894
259793
2844736
610886
139710
580448
1053087
4625792
123906
59277
263275
2783074
571224
139903
541200
982106
4636634
127555
62662
259585
2775446
599077
141655
538475
985519
4618219
126650
68448
--STOP--
++STRT++
259472
2819263
563808
141355
540273
990373
4592042
126889
62117
260439
2778565
561223
141596
542243
988147
4619930
125538
62576
260720
2779113
565311
139891
548441
986009
4621335
125720
71723
262917
2780923
564075
135923
541293
981653
4615463
126345
60832
262813
2818466
567003
141278
544121
1032737
4583582
124991
70699
264297
2849115
573427
139123
584628
988278
4589523
126765
57228
262361
2777264
610397
140379
616367
1027801
4681084
126420
70499
264189
2787554
572704
139918
539538
987613
4641485
136373
60667
258128
2818300
566605
139849
541051
988638
4580273
127705
62810
260953
2818526
566597
139891
585500
1061830
4590141
127802
73840
--STOP--
++STRT++
259135
2784443
565529
138615
541702
984444
4626506
128895
59610
262281
2853431
564074
139638
547680
981197
4586309
125165
62737
272201
2823391
563859
135293
539702
979799
4593141
136863
70108
264519
2813437
564190
140221
542733
984602
4590290
125413
73092
262949
2821422
567519
187810
619510
1033890
4614507
124802
60188
264515
2783015
562876
139808
539231
990090
4615688
127534
61545
262472
2817317
563668
134961
537893
979382
4588962
124471
62620
259872
2852934
565399
137338
540498
980282
4583606
125723
61315
264491
2780465
612990
139636
541724
980420
4626705
127292
72633
259730
2833485
565862
139614
547231
997324
4585467
125624
72287
--STOP--
++STRT++
259640
2780620
564041
138624
540651
984702
4655125
124581
71096
260419
2822100
565277
139213
539312
982119
4586600
126528
62012
265643
2826087
564397
140369
540246
978162
4588021
125650
61895
263578
2861319
566503
140129
547141
981060
4587280
126269
62898
262059
2811614
564332
139613
543164
1026339
4588693
124627
60472
262691
2818786
569126
140228
617213
1025189
4619438
126021
58722
264673
2857108
565133
135393
540115
979908
4626830
127200
62185
261694
2819904
564357
141174
542031
1018209
4591871
133527
62914
259101
2855160
565280
139840
540528
1016225
4588540
125108
62927
262076
2864729
572048
140225
541683
990762
4587819
126427
59453
--STOP--
++STRT++
263003
2778472
562720
134923
540787
979606
4650975
125894
62515
263300
2856395
563123
138843
541961
984710
4589209
125488
72400
260591
2851743
571617
139818
537425
985661
4594133
126377
63760
265637
2824683
568240
141161
586567
1057343
4628435
128307
64040
343409
2821920
563840
139790
539862
985000
4593020
135605
72052
261921
2820060
564160
139418
543044
992105
4582948
122770
62877
259605
2813509
569881
139903
546218
987640
4584706
126027
64127
262451
2808468
642279
178362
618976
1023717
4591682
127199
58232
264430
2777899
564631
139768
541930
981168
4618680
134805
61635
257631
2860722
562926
141037
540621
988221
4587307
134224
62555
--STOP--
++STRT++
260083
2780015
562505
137973
539562
991180
4656437
129517
64325
262000
2862868
570399
139077
542975
989296
4587371
127281
60721
261020
2812858
564431
139104
541753
985106
4583568
124536
63284
275650
2779366
608177
139925
583432
1060177
4584864
125883
64070
261516
2853652
571366
139126
540086
982770
4588140
126657
62485
261942
2851821
566781
139624
547243
991254
4584896
122640
59353
264323
2820402
570499
141237
549134
1057183
4588821
126767
72292
259881
2853662
565858
138327
542460
983294
4587457
127510
60471
263146
2817145
647080
139061
614609
1057676
4585109
127606
63807
260408
2782347
565059
141665
541001
988897
4637471
124725
71368
--STOP--
++STRT++
258285
2783566
565243
140907
541656
982459
4654370
127477
62717
261515
2851600
562315
138081
538485
980904
4586771
127813
63261
261466
2856016
563863
140396
541930
983008
4588318
126292
63547
261965
2815585
565744
137923
543433
1063000
4587472
125073
62415
259490
2849925
565212
141440
585682
1014568
4631700
127010
60616
261401
2775358
562892
140066
538549
983339
4620127
126462
65132
260984
2780705
564998
140180
545386
984216
4615305
168711
62418
259843
2780170
570814
140076
547912
981247
4628932
129343
62991
263166
2777254
563028
136586
539489
982361
4614337
126371
61424
260581
2778804
562932
134112
537997
987520
4629644
157721
62378
--STOP--
++STRT++
259319
2780680
563325
139993
541185
986040
4618614
127561
62135
262183
2776795
564633
134646
539056
986374
4632655
133649
63696
263947
2856916
564410
139312
542282
984329
4631170
134842
61772
260513
2785080
562878
135005
539693
984838
4606794
128878
59054
260147
2901878
565138
135080
541742
983739
4585432
125814
63069
259916
2860950
571576
138873
542342
985884
4589816
123208
62293
261825
2855747
564651
135338
588476
1015705
4582016
126128
60467
260645
2852667
571623
140416
547674
1022462
4588982
128123
71245
264581
2778725
564715
139052
540695
989484
4650699
127305
61096
263118
2864433
563366
139125
541684
988913
4588941
132632
63253
--STOP--
++STRT++
257604
2777802
572300
141056
538884
990180
4625357
129758
61758
311529
2855776
565101
136312
549012
984417
4585029
128084
58644
260760
2821544
606340
135600
592131
1051252
4630995
127711
63719
262315
2862580
563061
140172
538597
986463
4584493
125336
60853
260896
2784802
600704
141626
540800
980768
4633328
125965
62118
266922
2782744
564825
139613
541531
983137
4618206
127729
61888
262506
2845586
572630
139840
627102
1031283
4585189
133337
59185
262836
2785775
564411
140560
546392
980287
4636146
126702
61465
265391
2778900
570886
140806
537618
981325
4614043
129046
61885
261662
2779875
562721
139305
539176
988144
4585534
137084
61343
--STOP--
++STRT++
260155
2776958
562713
139603
546014
984924
4657637
126842
63107
262349
2781521
564017
139644
541611
988765
4593487
134308
63060
297071
2829687
564856
138589
539265
986330
4587817
127954
58772
264397
2857713
565514
134930
546717
980393
4590456
125287
61634
264121
2821231
571297
140741
619918
1027431
4582084
125514
59177
259534
2866288
565386
139851
538892
983184
4589579
126766
61438
260360
2824190
564917
139885
541277
1063864
4591474
126817
62816
259941
2858498
572473
140153
543533
987781
4586474
124992
59369
258343
2780009
565193
138780
539600
986948
4624098
134121
59727
262073
2859966
570356
135808
542925
1016861
4592010
128222
62116
--STOP--
++STRT++
259461
2824041
563236
139091
547683
985049
4651162
128367
62391
262616
2814720
564191
140902
547034
982007
4592901
125405
62744
262314
2858669
564760
140589
543153
987195
4586093
126633
72487
261792
2830121
571364
139008
540919
984529
4588559
125480
62521
260600
2858693
565661
218836
587688
1012082
4627553
127395
61538
273051
2812848
565627
140175
541585
1051376
4582514
127168
71213
260251
2865945
563163
139750
542498
1011220
4589257
125785
62334
262898
2778776
564740
139670
542795
988603
4612527
127926
59081
264021
2780238
563257
141512
539884
981414
4623167
127495
62213
259351
2855205
571709
141722
543359
1051662
4581108
127826
61118
--STOP--
++STRT++
258843
2775450
571354
139785
540021
982463
4593678
134028
60934
260704
2854111
562409
140270
539486
984537
4585206
126944
63753
262114
2819654
573822
139954
543268
1032491
4582535
125037
62483
262663
2847748
564380
140977
541986
1021521
4587433
127004
71037
264075
2817279
564389
140029
538531
982209
4588047
125905
61108
263591
2850862
561996
137999
538769
987962
4581761
126197
60287
261213
2779859
643177
140433
541196
988382
4670104
127278
64122
261491
2778180
563249
139941
547780
986461
4627708
128259
60692
258536
2857700
565674
138855
540027
988951
4589798
126779
63755
260285
2856947
564653
140226
541397
984716
4595050
126713
71471
--STOP--
++STRT++
260023
2811594
565217
139772
595876
1059117
4586203
132039
62030
260077
2779702
564887
140063
546717
989897
4626181
126755
63648
261840
2780274
562704
136877
539598
982498
4609404
124449
58204
259480
2806177
598848
136801
541274
982050
4658168
124698
62884
260983
2777763
571483
139014
540898
980185
4632427
124507
59331
263659
2786110
566092
141701
541353
986014
4608319
127908
58883
259852
2814908
594956
139213
539370
982496
4615808
127089
62359
263204
2781567
572992
139695
539701
985689
4614834
127006
58886
261144
2782997
564454
140276
540532
978338
4610359
125454
58196
262851
2781552
563768
141329
545952
983519
4620605
126028
72844
--STOP--
++STRT++
302160
2824487
562962
140514
539298
981578
4587075
123301
62148
262653
2810511
568764
140642
538292
1020788
4625333
135981
60473
260706
2782506
564199
139311
541602
982636
4619247
125672
62998
260003
2811470
607691
140717
538791
1015844
4668312
125828
61273
262171
2780866
565125
134226
538942
989321
4626188
127087
59721
262495
2778768
564895
139072
550518
986274
4620538
127378
58713
261433
2784198
564899
139924
547079
982930
4625042
125049
71408
261308
2778793
561983
139932
540970
979614
4628441
127441
62438
262825
2856698
564700
136272
539055
988735
4582011
125951
64013
260183
2852853
565028
141727
547541
1013512
4580437
124767
60207
--STOP--
++STRT++
259072
2821810
611956
141566
541109
1061097
4634777
124771
70054
261978
2778521
564997
137389
537933
980742
4633307
127265
60937
259479
2785317
565971
140465
540248
984411
4635275
126725
61471
264095
2781273
565572
135793
538282
985153
4593897
127623
71074
262092
2823787
572273
142634
541566
985171
4588443
125649
60512
259119
2812830
565014
139341
543663
986809
4583226
125026
61064
266514
2780948
644460
138824
541638
1032136
4624501
127940
62064
308157
2868847
565689
139936
540595
981609
4592706
125935
63323
263026
2827767
564804
141132
542209
984884
4582109
128003
71382
261045
2869352
562453
141266
545985
984361
4581068
133204
59237
--STOP--
++STRT++
260649
2775653
637478
137594
545387
990537
4641469
127881
62054
264087
2781966
571876
139761
541324
986916
4616742
127025
61960
262314
2812317
565095
140372
539675
981499
4627313
125761
63783
263005
2814324
567676
135353
615085
1028351
4589160
127907
62742
259452
2817731
568779
182430
619698
1026982
4586967
127744
70246
262435
2781156
565208
139731
546893
986563
4618253
127163
60459
260689
2776883
565517
141090
540340
978828
4624610
128026
61260
259345
2809130
566538
137200
579525
1048370
4591353
127547
64048
261473
2783813
598183
135646
539738
982570
4638480
127037
61726
261527
2776661
564371
137169
538340
982692
4652872
128104
60544
--STOP--
++STRT++
259379
2780963
565807
138780
541798
979763
4658655
132757
60495
260187
2776275
565359
139506
537937
990899
4585520
127084
73008
347177
2828727
571640
139692
542442
982320
4584168
135120
60669
271940
2811584
564389
165277
571985
1015177
4633826
125895
58780
261724
2778536
566026
140843
541291
988767
4624556
128258
62506
263682
2819246
562656
139909
546224
985843
4585937
127877
61175
276271
2829624
563491
138732
541949
979764
4583998
125099
61129
261736
2852065
564132
139070
618405
1030509
4583271
125137
60420
259785
2810916
571962
138443
540526
989253
4586768
125526
69714
259542
2774765
564447
137860
539277
988083
4623934
127358
62333
--STOP--
++STRT++
260461
2782254
564777
139328
541047
985566
4662282
128968
63843
259055
2777849
570646
141178
545189
984399
4624370
125611
61881
264524
2823812
571328
140259
540674
987028
4591495
127728
70379
261343
2781988
569051
139483
541400
986975
4674319
127753
62378
259714
2779358
569774
140129
542322
990636
4587733
125381
61077
273758
2877497
571650
139371
540896
986895
4617435
134164
96097
261296
2855403
563066
140107
539501
990390
4588439
124518
61309
259392
2816455
570195
134581
538520
984347
4582705
127323
62032
262334
2776815
612245
138625
538580
987130
4634054
125395
60810
258828
2779534
571029
140000
539865
987915
4635508
125129
70229
--STOP--
++STRT++
259833
2814698
649709
140812
587286
1079672
4664179
126858
72695
262243
2779019
565506
139566
541552
985517
4642559
122518
62988
265657
2780766
562992
140720
539557
990284
4615218
127024
61918
301512
2785412
565188
138856
537163
987662
4618407
124801
60712
264684
2777281
564554
141200
538468
982376
4614958
124570
71580
260687
2856901
564147
136480
541179
985903
4584921
126329
72414
265937
2818651
603200
138677
537588
1055742
4633114
124900
62120
259842
2864446
563763
141376
539108
980974
4583047
125596
64033
261557
2825265
564256
139226
539906
988409
4584436
127183
71146
261778
2854301
567426
137826
623760
1032816
4583164
123686
60031
--STOP--
++STRT++
259126
2776129
643455
133875
547155
986193
4638969
124860
72294
261798
2815082
563059
137472
541236
987948
4583332
126689
71607
264523
2852695
570025
141006
539350
984586
4588092
126132
62984
262939
2854395
563529
139474
540582
979193
4588490
124912
72699
262918
2784954
610504
138876
544808
981500
4617566
125141
61324
259773
2850591
562957
137347
541938
987063
4587076
135492
62344
262081
2848716
564321
134790
540040
985658
4586177
134653
63820
261829
2860465
563097
138803
541260
989785
4589586
122666
63049
264365
2810189
561853
134137
540031
980620
4582860
135437
62557
259268
2868539
570944
140706
542035
982194
4627593
127685
63903
--STOP--
++STRT++
259184
2823527
563008
142100
538682
990876
4583863
127502
63757
262087
2818771
567766
181181
623033
1032387
4589715
127975
70427
262597
2778134
563180
140211
542146
980290
4633673
129268
62859
259711
2852802
564205
141209
538590
981549
4592253
126519
59292
260766
2849623
570856
139759
540101
982370
4587261
123464
62457
259524
2868729
563693
135155
541152
984742
4586685
124810
63829
259531
2776082
563008
140086
540296
990536
4632288
133589
72707
264723
2781110
564703
139956
537654
989912
4588840
124828
57568
261509
2813894
563403
137571
539349
988328
4591355
124881
71040
273167
2819801
567480
138482
566704
1016740
4610786
132102
60862
--STOP--
++STRT++
262600
2834553
564370
139658
539291
984745
4667127
134383
60255
261620
2779799
563167
138927
537648
983631
4614882
128617
62298
263124
2785596
566353
140425
539881
980562
4624659
127646
60730
264075
2776749
563180
140330
538868
987449
4589360
128224
59624
274637
2816154
566843
141078
576173
1028772
4657911
135912
62201
262943
2864510
565652
140278
541754
986209
4590458
124081
60951
262936
2853380
565441
140419
541080
986833
4584823
125197
60974
261897
2822036
566969
141163
581473
1048710
4626630
126165
59364
262785
2863411
565780
140205
540579
982352
4589630
125487
61729
261621
2824033
567493
137170
620255
1025919
4584325
124781
63348
--STOP--
++STRT++
261891
2784308
571196
139360
547102
982957
4666497
134614
58840
265715
2785845
565511
141171
539827
980309
4615115
124983
62867
262269
2863138
564947
137880
543390
981470
4592717
128705
73071
263112
2891734
562968
139761
539309
980188
4583406
127697
62936
258651
2852440
567037
173550
620969
1027718
4585836
127186
71729
263362
2814900
564973
139297
541854
987016
4585474
129217
61259
260901
2823297
564237
140453
544646
1034506
4591553
128338
63370
264036
2785008
562553
135484
541569
988604
4623342
126088
60857
261258
2778934
565685
140133
541916
981809
4619317
125215
64085
260938
2808982
564569
139621
571061
1012909
4584082
126571
61112
--STOP--
++STRT++
259575
2779564
564913
140039
545813
986865
4606462
135422
72534
261751
2849537
562929
138908
537963
980798
4589602
124736
64158
263462
2818863
565359
141534
622933
1033608
4581910
128106
62832
261360
2846528
574096
212993
585392
1015767
4589198
125088
70009
264280
2785562
563410
140007
539988
986078
4616080
126624
61219
263781
2779753
565593
139434
539622
987454
4614596
128079
105243
262668
2811103
562604
140569
540838
1017500
4588138
127734
59526
259774
2782165
565120
139251
541658
987870
4586161
126709
60905
260010
2784083
570979
141610
539515
987984
4625317
125465
72400
260830
2830232
566029
140850
547804
979639
4589551
125671
62379
--STOP--
++STRT++
259579
2779889
572369
139039
541333
990524
4650383
127345
56464
261533
2822194
570588
138081
541624
987937
4593581
127514
62321
261066
2856981
563870
140248
543007
990595
4587294
126188
61871
264109
2784802
566209
141730
542477
986020
4655528
128401
63458
261533
2778946
564600
140266
540241
977614
4627286
127346
61222
262797
2853461
565074
141685
548866
978314
4584848
126863
61894
258557
2781365
628390
135530
541090
985020
4622728
126601
61444
259663
2850626
563353
139869
542558
989499
4587870
124597
63542
261613
2816418
606916
134567
539069
983112
4632590
125233
71201
268664
2805980
565746
140090
538962
989075
4655162
124372
60466
--STOP--
++STRT++
260144
2777509
564413
140866
538773
984527
4654118
124854
60690
260341
2776315
564717
135361
538305
981890
4584686
125399
64304
262034
2852966
565024
140281
538898
985573
4584983
125783
60955
258214
2780997
564524
141094
550958
984624
4582839
127051
73568
309318
2854179
563726
140008
540308
979260
4591792
124243
60808
259291
2778548
563206
140217
540624
980103
4582791
126195
58302
261571
2810663
562604
139298
542012
1024968
4584773
127504
62239
264465
2776164
638779
139985
542128
981220
4620122
124586
63033
273645
2817413
564042
140269
541242
992610
4625749
127180
71613
263412
2779054
562526
140396
537363
984940
4616486
127465
63338
--STOP--
++STRT++
260960
2780460
563371
141221
536738
979644
4657663
127341
63501
260735
2786553
562729
138710
541959
980552
4625948
125551
61350
259071
2781833
567069
139010
540970
981058
4648538
125023
63526
258959
2778925
564929
137268
538346
979448
4654349
124510
62338
261348
2782709
563331
140198
544609
983208
4626677
125376
61928
266056
2782129
571429
140980
538455
984738
4622658
160927
63901
257616
2777660
563487
138601
540294
990992
4631046
123641
63647
261824
2774893
565425
141206
541179
981353
4612926
122878
59207
262009
2782661
571986
138717
539387
985192
4584406
125823
61254
259290
2783384
563746
138745
540664
983001
4623090
127508
61344
--STOP--
++STRT++
260036
2813068
606322
135589
614651
1025893
4666714
126016
64324
261281
2778759
566414
140576
541363
990942
4639023
125534
64397
261964
2783575
566616
139601
541790
978937
4607182
125446
57989
260293
2777225
564443
138286
541032
982351
4637188
123530
61609
260795
2783855
564662
138365
542287
980384
4610330
127381
61763
263064
2781980
564507
140058
541405
984863
4590607
125120
62374
259056
2810392
565795
133655
542129
979124
4585315
134174
61013
262517
2815505
570621
140055
579263
1007735
4624030
127563
60691
259366
2850308
566126
135161
543596
1033703
4583421
126615
61059
263045
2787650
605549
139999
545865
984622
4638995
126494
64704
--STOP--
++STRT++
258718
2818294
563582
139850
540125
987558
4618937
134656
62495
265231
2782022
565460
141189
540258
982142
4625442
128614
60443
263479
2778776
562254
135418
540592
981531
4655258
123294
62965
276169
2821970
563900
138912
540008
982141
4590729
134783
64020
259779
2826492
562468
141202
540610
986285
4589670
128876
62733
261881
2857421
562934
139777
540120
989633
4583425
124931
70828
262326
2857882
564615
138948
541267
988555
4590320
127094
60915
261242
2863072
563859
139827
548250
987434
4585518
128063
63165
262864
2821871
566358
141357
589774
1053770
4589709
124746
59455
265456
2811094
598091
139849
538292
984122
4617480
125041
56625
--STOP--
++STRT++
259547
2777094
562672
137480
540469
983721
4610821
125672
74124
261147
2783700
565894
140576
538774
989205
4627272
124599
71974
265005
2852143
571722
139909
539619
991626
4581865
125460
62608
258679
2784325
562990
135102
537991
989024
4608500
128323
58960
262191
2778413
565091
140873
540978
985040
4587838
127430
62292
307799
2858255
564125
140175
541162
990399
4590358
125509
71178
260455
2852193
564554
140514
544895
1026749
4581989
126867
61159
263411
2776806
562674
139205
541360
979374
4638485
127773
61492
262758
2780391
564829
139459
541815
979416
4619148
125612
58131
261660
2849571
564752
140034
540516
983661
4585897
127019
60267
--STOP--
++STRT++
260135
2826658
565009
139654
537561
981702
4584314
124008
62188
263412
2816168
565457
140083
541037
981125
4582793
126593
58348
264803
2856522
561995
139918
537850
987694
4587926
124066
60880
274800
2812715
571197
141565
573346
1008395
4617163
124914
61936
261169
2774435
606055
140540
540778
980772
4626461
125918
59014
263197
2775915
564979
140213
537825
989640
4618125
123545
60704
261910
2779486
564517
141781
542119
989947
4621124
125781
60759
260192
2775038
563256
141010
539131
982141
4624534
124146
61310
261500
2780557
565403
139830
541600
982679
4613976
124899
63105
262136
2786459
571855
138183
546689
986666
4614345
123488
62992
--STOP--
++STRT++
262010
2778263
639622
139242
541944
988709
4665918
127799
61983
261516
2780626
561824
140800
540180
982524
4638787
124217
58376
264751
2777081
565592
139818
541141
988530
4616349
128437
62441
262432
2870915
563167
141001
542400
981311
4582156
133542
60715
261612
2784171
572212
139070
545913
980391
4608162
128895
61672
265351
2816066
562710
140990
541670
978092
4589417
134844
57785
262839
2855302
565428
137390
547073
989442
4584168
125129
62913
261415
2821204
563593
140329
539712
991368
4585969
134945
63488
261807
2816673
597816
140164
547399
981990
4619572
127087
59954
274923
2808812
566042
169907
573427
1013920
4635279
126742
63535
--STOP--
++STRT++
260273
2780222
613483
142632
541129
980617
4637859
126328
63854
263452
2778027
563065
139470
539652
981524
4618578
125801
62895
263965
2778576
564969
138711
540079
987284
4615157
126026
63443
261426
2855243
566205
140400
539273
985189
4603391
134222
65582
264229
2860030
564716
135653
540500
984709
4584767
127049
59146
277731
2815183
564194
140163
539813
1027399
4590008
127098
70871
262330
2781137
572596
140030
538817
984365
4698197
124922
56547
266614
2786150
564544
140434
538920
985633
4626722
126606
61706
276067
3088196
572499
138354
543446
1310576
4585385
126139
70893
261077
2817232
572144
140298
540449
991079
4590130
126489
60577
--STOP--
++STRT++
260115
2820697
613478
142322
541808
980602
4669940
124993
62438
261748
2774939
562635
138336
539325
982128
4615054
124441
57238
261562
2813346
570200
140982
540519
981491
4583792
127321
60296
274933
2807130
601665
140719
541985
989011
4614448
126429
61450
262201
2780210
569935
139476
540364
987434
4631528
126119
58273
262296
2782356
563225
138830
539316
985569
4618751
126996
71141
265503
2776864
564084
138327
540721
986623
4611411
164161
56483
263279
2777173
566939
135548
538933
989208
4591034
123113
63221
261752
2860075
565306
139554
537172
985089
4586821
124697
62272
259167
2856262
564018
136874
547260
983617
4589683
123795
62588
--STOP--
++STRT++
258199
2816300
564016
139240
539141
984582
4593417
128454
60498
261941
2820018
563419
135513
544246
1054632
4582449
125901
63404
261778
2774380
613222
137349
539209
1029963
4621817
125577
60741
267626
2821533
567589
140485
537719
986851
4583175
125433
57190
261120
2857806
562444
140937
543416
994176
4581974
135609
59337
264229
2859656
565544
141986
537891
982667
4583880
124104
62970
258790
2786501
570157
139634
540836
984110
4621030
127478
60593
263098
2779038
565783
139937
540581
989458
4626364
134740
62638
263122
2816062
564212
140439
541339
987686
4590285
126843
63412
262400
2850838
565535
140492
584432
1015332
4630628
123094
62250
--STOP--
