++STRT++
803495
7979085
1176805
278594
1092389
2039595
13862711
297174
148395
808173
8188633
1180063
280471
1092537
2040749
13835004
280134
144417
805731
8009508
1223468
278119
1091411
2088909
13779731
298641
202966
809819
8051268
1213576
278701
1095124
2044560
13820772
317541
250947
814427
8015191
1168928
280763
1093958
2045329
13842982
271777
198966
806535
8187614
1186475
279195
1178734
2041329
13880135
325859
148121
801153
8199765
1178363
280556
1097653
2079309
13806479
296946
217916
889952
8099286
1220893
276949
1093516
2035363
13823812
304143
236476
804852
8028474
1172749
277303
1091996
2043895
13843819
271194
171954
888147
8037188
1171357
280312
1091740
2037349
13897516
281951
168683
--STOP--
++STRT++
805121
8186888
1185131
283034
1093434
2040318
13851520
271475
203237
812606
7968345
1165510
280293
1101921
2039580
13828169
283798
147651
816715
8051583
1167764
279857
1093578
2079916
13793225
285021
148454
799629
7988139
1188378
281659
1097664
2032179
13844512
279948
144656
810256
8011032
1181291
283110
1150269
2093028
13785435
281601
200486
809676
8041325
1177309
280008
1092005
2051618
13870696
283596
218554
822111
8126680
1170904
278176
1091763
2068679
13792956
278539
195314
804788
8175928
1215798
278832
1094219
2064395
13825648
281974
226500
806937
8046594
1171061
280696
1103716
2036878
13898452
280288
174473
798319
8066943
1226892
281108
1093852
2041725
13840297
304952
213442
--STOP--
++STRT++
804515
8198894
1198008
279529
1139791
2042412
13850918
289145
171574
809864
8103240
1179501
277901
1091820
2045433
13830391
281012
175219
808260
8129198
1174248
280493
1093594
2051225
13811005
273437
175761
815238
8000839
1165047
279678
1148319
2072911
13790846
279956
148438
858669
8183206
1226024
280547
1093950
2038377
13816299
274272
148746
803399
8137411
1168984
275644
1144193
2119335
13810204
398653
172629
810600
8169385
1216910
282210
1096173
2044332
13827096
281017
173016
811664
7970323
1187318
280649
1091039
2045196
13834754
298808
173878
891102
8074886
1168128
281126
1092676
2044207
13833403
280334
143355
805343
8004648
1177009
279126
1089442
2076928
13803668
283957
203319
--STOP--
++STRT++
807433
8026057
1180058
280888
1093135
2069736
13791744
281360
177423
801592
8004315
1217275
279823
1153754
2045282
13819368
287910
176458
815852
8126517
1167855
279765
1092958
2036878
13828906
283373
143593
800957
8181972
1208921
280856
1093123
2037495
13820980
287370
174159
810232
8048396
1169419
279545
1096713
2039989
13813672
282865
174577
809356
8230584
1204801
279232
1131625
2078674
13788994
295065
206155
815961
7968126
1171977
280291
1092789
2054820
13811077
281592
200251
802993
8181411
1206551
281497
1093729
2043804
13803613
282418
144965
817942
8076005
1170619
277573
1091038
2036325
13826893
270752
201113
804295
8064804
1172667
278636
1094594
2038982
13823522
280088
167267
--STOP--
++STRT++
804036
8175296
1227757
281932
1095264
2035673
13871116
280328
206467
801455
8000180
1172155
280113
1090441
2034413
13855493
298410
147014
806858
7995132
1171179
283139
1122932
2083581
13787564
284239
176337
808390
8219137
1168175
278736
1090874
2054099
13836474
282007
148531
803121
8053430
1220285
276960
1094988
2043861
13848542
283508
176822
814343
8110582
1171131
279910
1093057
2073737
13797452
274519
143479
806057
8154158
1228630
282247
1093135
2044414
13806387
273147
171339
804292
8040115
1196604
281656
1132973
2124976
13816562
370759
173299
805003
8198913
1176900
277821
1094540
2044254
13813611
272025
168425
802914
8118762
1193285
282378
1088914
2044534
13842556
298082
174081
--STOP--
++STRT++
801726
8194270
1167371
282832
1091316
2123112
13795546
282909
173273
854290
7990563
1172258
279792
1093403
2038085
13823608
272879
176560
814659
8111026
1188067
280358
1089638
2068782
13800834
281268
179573
817466
8110508
1188561
279950
1097818
2036757
13840031
271175
141677
804537
8230431
1209347
281670
1092957
2038521
13813995
304784
147088
810574
8023382
1166242
280838
1101681
2067621
13798815
268352
143428
805279
8203492
1174843
282086
1091439
2033553
13842586
273330
147860
806637
8104885
1207041
279862
1124127
2035315
13833566
356480
179084
805931
7987736
1210426
279367
1091213
2038463
13821188
296936
147138
804651
8186937
1177770
280519
1092034
2034203
13844883
288549
199067
--STOP--
++STRT++
842784
8190666
1168291
280901
1091886
2042869
13801004
315866
175420
804882
7982240
1185111
278794
1091176
2037186
13830747
284849
216246
803991
8062566
1228849
282331
1092811
2054006
13812186
283943
218274
806885
8012607
1210297
279290
1096173
2047860
13808245
302459
218479
806602
8098077
1178994
280837
1095073
2032833
13818343
300045
202579
808709
8082980
1179373
280226
1098508
2083537
13776150
277095
177967
804947
8121509
1171167
279358
1103094
2035911
13840414
297079
203336
895199
8156139
1172684
276885
1093180
2044954
13828896
281357
172826
804510
8216713
1219795
279969
1092095
2038279
13838212
301926
172953
799155
8075428
1218347
280089
1095996
2044159
13819374
283505
176396
--STOP--
++STRT++
809033
8191562
1163728
282499
1097569
2073818
13789978
280739
171924
805143
8060115
1246491
278112
1091189
2047818
13823073
282457
146934
809689
8040435
1169491
281611
1098572
2042563
13843871
281439
175499
802545
8124753
1184687
280764
1092075
2033027
13834563
283157
220489
807564
8199246
1214775
279518
1098455
2029896
13828698
284529
229056
811511
8004578
1178053
281822
1094027
2037092
13860036
272360
220412
811990
8084175
1232968
278566
1095082
2036985
13833106
303699
150154
805493
8228414
1227918
281751
1091778
2044711
13814788
303845
176151
803817
8003136
1167738
276911
1141988
2047226
13796058
370818
176507
808582
8106645
1260953
280624
1093536
2041929
13827800
277764
143495
--STOP--
++STRT++
806936
8140244
1172285
280239
1090962
2045569
13873364
297370
199019
817381
8050296
1194711
282272
1091394
2035045
13781596
271555
170331
809971
8127302
1201007
281102
1125308
2046011
13803482
276809
201463
806857
8085426
1196018
282301
1090800
2037599
13779060
299596
226323
802968
8068714
1170880
278676
1098028
2043799
13883243
269699
201221
810552
8072410
1170373
279424
1090429
2090368
13805914
280769
174870
806732
8153826
1191772
278834
1096982
2036674
13812899
283497
229164
804999
8183050
1182776
278987
1092818
2071124
13788487
282870
200811
803847
8043783
1173051
277329
1091146
2044412
13845827
297186
172586
802415
8164095
1269204
276338
1095288
2044856
13827519
300949
168617
--STOP--
++STRT++
800934
8012320
1170862
278180
1091075
2044894
13824268
282323
203121
809828
8119494
1173024
280024
1090530
2035449
13833451
273659
177912
801908
8171574
1230396
359433
1093900
2068490
13807442
285600
218771
808495
8075308
1175463
277491
1098169
2035530
13869264
273284
148837
811021
8117983
1170432
278421
1093131
2042161
13851329
298286
198429
816761
8045279
1234802
276266
1102924
2038375
13866871
274169
217690
802266
8208162
1242148
281398
1138642
2044540
13834849
286476
212108
807572
8132182
1182650
282849
1092708
2038361
13885134
303075
202573
808372
8211137
1222218
355677
1093070
2039683
13830717
314150
201194
810247
8184416
1227405
281503
1092564
2054284
13821162
285825
219565
--STOP--
++STRT++
801064
8194214
1180305
275905
1096181
2073858
13829439
315710
147695
816784
8045761
1247633
282482
1092266
2046259
13817283
314575
207417
806134
8043642
1209296
278241
1105466
2037185
13816947
271688
174816
803933
8053726
1222484
280675
1096331
2035803
13807094
303156
193331
805469
7979293
1170363
276959
1093105
2040337
13841679
271475
144314
820951
8147398
1207216
283292
1095191
2043748
13816195
280426
145511
803334
14412250
1178480
281751
1144809
2085246
13814424
297921
191308
801420
8128536
1206306
281730
1135975
2121686
13792455
295390
177696
813303
7985065
1168899
279879
1103750
2050164
13840818
273625
171409
820980
8208604
1179818
282073
1094398
2127493
13794346
284472
145041
--STOP--
++STRT++
806597
7982867
1168253
280288
1172942
2076078
13830086
313299
175838
856549
8043160
1168346
279186
1098246
2036985
13814915
273430
152527
811044
7994533
1234318
365416
1098309
2046033
13802395
281822
205685
810816
8082541
1171220
280952
1090861
2043398
13841433
317264
200092
807040
8063360
1252548
283479
1093546
2038187
13837848
279992
203610
802673
8148465
1185770
277127
1144318
2054635
13808138
303349
144056
800219
8013428
1195582
282700
1091672
2072478
13805337
282553
199812
817514
8193940
1248759
278574
1122848
2045491
13827124
320516
150260
811250
8041702
1179381
276967
1097588
2038461
13839939
283835
172330
803418
8056275
1262155
280167
1091015
2046837
13813743
297156
174080
--STOP--
++STRT++
798800
8122969
1172773
282450
1093507
2046244
13852173
299717
179512
812973
8203235
1166121
280833
1149004
2074677
13809374
323610
202425
798913
8065523
1174571
278648
1104101
2124102
13788518
274546
172744
814024
8052132
1171786
280905
1092554
2046503
13863517
299664
145248
799229
8055529
1219392
280921
1092800
2036351
13804166
274597
149522
806135
8047579
1180169
281393
1144591
2055480
13802000
288616
144423
804529
7975655
1171703
278331
1092305
2038287
13837708
281333
200637
814822
8251170
1245464
280455
1091623
2037171
13816079
283881
202655
803055
7996433
1166007
281969
1147134
2046252
13794677
302001
250858
802207
8194182
1171939
280648
1139644
2120694
13810304
346300
148758
--STOP--
++STRT++
805154
8059782
1254294
357411
1093853
2044425
13875542
270936
172295
801847
8138270
1170388
278735
1104128
2037154
13842466
286307
168253
809514
8195321
1207128
278951
1129145
2045725
13818732
368405
173421
804499
8116001
1178739
282779
1093885
2036647
13841582
299460
201290
814455
7976625
1167544
281293
1091047
2036935
13837503
270745
147349
808770
8195857
1217615
283939
1092444
2054208
13816215
270121
176267
805561
8058793
1210734
281839
1125696
2045353
13809271
408445
174991
802544
7978267
1172708
282282
1092524
2039100
13818098
282362
148169
808876
8193171
1187625
279292
1093177
2045281
13830547
280091
202222
802301
8031197
1183206
281647
1092094
2033802
13850349
298206
174582
--STOP--
++STRT++
801528
8052713
1166101
277377
1093848
2121936
13784949
297062
172794
803767
8088750
1212334
278663
1091346
2046453
13819319
269796
175300
806842
8106125
1171659
280176
1096671
2037988
13850278
281294
190131
806599
8076314
1184513
278133
1092892
2038801
13833591
272227
217454
804043
8037904
1211859
316695
1093493
2042016
13823109
301013
173720
806692
8180690
1172437
280934
1091523
2044346
13826018
272198
146813
799348
8137968
1225905
279090
1092585
2037885
13810035
297971
150072
803982
8077338
1179478
278446
1093931
2074789
13823347
270148
201958
807577
8006622
1220030
281943
1094337
2034805
13810269
280847
176988
808764
7968078
1185069
277610
1089961
2039233
13856266
281875
177895
--STOP--
++STRT++
804234
8142568
1169048
279736
1138575
2033991
13856166
313804
148543
850458
8156888
1168487
280338
1092467
2041284
13830468
279284
180461
807904
7983515
1212125
278602
1128987
2077634
13839261
297452
145714
808700
8121782
1184766
280183
1093354
2038650
13843560
286666
229806
806988
8034808
1210580
315516
1092782
2055128
13828397
282521
173972
807661
8058660
1172169
278732
1093742
2036866
13817954
279727
140855
801985
8143227
1175059
280797
1096658
2041759
13888312
284379
176837
803223
8064477
1209315
279129
1097402
2036530
13828728
275445
142939
804031
8100031
1216288
277031
1092514
2038273
13819384
277878
196756
809368
7972540
1182021
280929
1090571
2037512
13852486
283338
175460
--STOP--
++STRT++
801295
8119659
1172478
281227
1094761
2037325
13867999
270304
200604
808896
8204835
1172490
282042
1091105
2086890
13781705
297458
204038
809350
8046228
1269435
282538
1091763
2045462
13831361
281277
201568
820094
8057325
1187505
276231
1097145
2038028
13869403
283970
146706
803859
8237689
1175814
282324
1090927
2038694
13809974
272781
148991
810750
7997745
1196893
280925
1147537
2095770
13815214
319217
199038
798933
8057885
1185436
278656
1132845
2118689
13781636
273631
175755
803007
7960033
1169853
278093
1091136
2046075
13835901
281498
144938
807091
8213537
1168327
274500
1144070
2046245
13863512
285079
201984
802775
8217629
1165935
278821
1142851
2036286
13818799
277294
226189
--STOP--
++STRT++
805368
8108014
1187066
281627
1093663
2079751
13790443
300937
172018
824634
8157509
1227210
278273
1093303
2045636
13804397
279718
203199
810904
8246544
1172921
281341
1090148
2046043
13826668
300269
202518
808440
8123545
1185419
280250
1092545
2071253
13787657
284963
172720
807921
8192866
1172059
279281
1089885
2053073
13783575
315790
150236
898886
8040119
1172391
280139
1103779
2094647
13912180
301823
144608
808454
8213275
1206145
277016
1098989
2046311
13855372
272064
149543
807540
8218160
1230459
325485
1097851
2037622
13813439
283210
171796
814938
8040850
1177509
279324
1092978
2038629
13837094
301033
151053
803082
7974103
1177954
279405
1092093
2052164
13854317
279931
217339
--STOP--
++STRT++
803696
8210798
1171562
279358
1091257
2051812
13847798
294538
147589
803835
8118163
1170704
283433
1097083
2069988
13814237
293271
204083
808228
8000820
1212283
281002
1096384
2043459
13808143
271983
145191
806679
8126502
1169625
279798
1094362
2077037
13792351
297324
203176
803537
8031193
1168443
281368
1092571
2050707
13796129
284391
146538
845667
8098509
1173139
280299
1090015
2036516
13832104
273175
201971
805042
8044724
1170916
278456
1093230
2062131
13791470
297983
151132
803156
8159580
1169497
280120
1093393
2038675
13829623
283459
150442
805085
7998281
1177188
279738
1092155
2037294
13818425
269059
201401
800349
8073839
1177964
278033
1095234
2045094
13835426
315784
201501
--STOP--
++STRT++
799558
8002838
1181247
281457
1092932
2045134
13856610
283064
214679
806537
8193383
1171615
276084
1093309
2078474
13792714
280134
173822
848503
8184574
1172795
278897
1096810
2052662
13798994
272530
175170
803665
8143229
1172539
280018
1137637
2045645
13804701
371413
211370
810610
8113032
1170739
281819
1092045
2053109
13855624
313544
200640
806890
8146605
1212445
279018
1094967
2040592
13832637
299137
199023
802527
8064623
1181561
277474
1144414
2032186
13806860
292298
144817
805106
8068326
1172003
278407
1136874
2125705
13796076
281575
188930
811454
8036495
1220209
279045
1098676
2032993
13811842
301212
172085
802577
8031974
1169319
278437
1090551
2037490
13844177
270055
189440
--STOP--
++STRT++
805476
8213596
1171716
280866
1091725
2045295
13808309
281362
174521
855538
8050207
1171922
275025
1094407
2035491
13797809
280512
173557
804995
8202973
1168313
281101
1092700
2051804
13877134
272261
176958
807784
8029151
1220966
278491
1100252
2044147
13809215
281012
177050
805659
7964762
1172777
279247
1103644
2041597
13836212
271170
143607
820271
8067760
1171367
280703
1090558
2037439
13824217
284572
145539
808282
8130458
1197673
281039
1103578
2043889
13840704
282979
201367
825349
8137422
1255217
279230
1093018
2043834
13829048
285525
226712
801587
8187992
1170721
283308
1098312
2043508
13833079
279648
148913
804759
8011203
1210648
359507
1092920
2053805
13828449
299765
200910
--STOP--
++STRT++
799975
7983582
1181497
276660
1093229
2033618
13878685
283872
144867
804190
8063251
1171081
277896
1096818
2089686
13787679
297971
169410
813446
7961771
1185641
279392
1096042
2034009
13834425
281186
203008
802427
8202488
1190896
282218
1096630
2038929
13806915
282615
177183
804728
8146302
1170528
280624
1096385
2040156
13797379
272545
201687
896066
8089271
1185346
280180
1088648
2035382
13826945
298231
177224
805902
8095842
1177894
280794
1095651
2125495
13785197
272176
176238
804077
8079675
1169009
277961
1093820
2039755
13814475
283621
148746
804709
8048779
1173006
279231
1093512
2088149
13839265
281302
172820
804542
8201558
1216270
276657
1093654
2032898
13803645
283706
189092
--STOP--
++STRT++
811437
8094371
1170045
279838
1094644
2096606
13828478
276415
148089
811501
8047888
1226135
282429
1096664
2045429
13808210
272214
148368
806088
8054015
1168878
279181
1147496
2080363
13787687
272414
175125
805806
8038175
1167538
280157
1096349
2052688
13825528
280942
173700
805764
8034424
1257872
278843
1099448
2035738
13815471
268289
174591
819308
8091084
1170824
280537
1096343
2038048
13842258
281382
146865
813303
8084245
1220760
278491
1093350
2040643
13829267
282392
198100
813740
8137904
1232721
307131
1096013
2053932
13830442
317063
232413
808617
7987607
1166673
280463
1092322
2045835
13836696
281988
181233
814951
8136712
1169401
278229
1141754
2036620
13826197
287929
177607
--STOP--
++STRT++
799592
8230994
1172363
280743
1103761
2038282
13783080
270489
146119
803164
8213019
1173589
281538
1096781
2053329
13819141
298862
176099
807815
8239468
1173507
279993
1094279
2044645
13823650
281693
172221
807270
8024132
1218380
354750
1099843
2038039
13804831
317938
200521
815580
8036602
1209847
279609
1094990
2035320
13826158
299075
174417
807651
8137041
1168972
278243
1090083
2075950
13788394
281943
166420
802750
8069912
1176557
279968
1093231
2034727
13835642
281807
175336
823021
8068832
1172869
280718
1092947
2050967
13824226
270718
147811
804950
8134531
1170656
282612
1092875
2037087
13836114
281875
174504
803724
8198397
1166858
279740
1089298
2051354
13888726
281770
143512
--STOP--
++STRT++
807097
8193421
1199565
282311
1092818
2078764
13833116
312725
146790
808454
8183881
1179348
279294
1093668
2037277
13803387
271087
146691
808756
7987724
1172606
280959
1094721
2032562
13825728
280128
173901
888726
8099595
1197014
282158
1098840
2044183
13805087
272694
202579
803171
8190641
1175045
279087
1092992
2087841
13797201
300497
145805
805655
8195032
1171533
279846
1095574
2070497
13790383
302710
147676
802447
8096013
1169919
278467
1090147
2055972
13837064
300604
172531
895490
7985715
1245680
280545
1093574
2035084
13810705
270547
191103
808974
7986075
1173754
278782
1092947
2039377
13816883
280152
174335
804305
7974401
1169003
277730
1094163
2035097
13865972
284567
191629
--STOP--
++STRT++
806458
8012993
1170680
280862
1092943
2037811
13838695
281598
204529
808541
8103647
1236332
281126
1099186
2044123
13878557
297100
200943
813290
8115814
1186686
279537
1090910
2071555
13798814
272914
151845
801029
7985530
1167652
278690
1094059
2045436
13843355
281272
169585
828046
8204317
1176592
279184
1091127
2046186
13823205
271733
149804
808798
8077448
1172473
281116
1097135
2071883
13782979
284624
145753
805119
8231160
1219321
280795
1095473
2035756
13811547
315418
217445
810154
8043650
1170308
281073
1091253
2067765
13797202
302956
169389
803343
8042089
1166468
280709
1092655
2039610
13855166
284916
145311
806090
8061524
1280653
277891
1097565
2035486
13838237
296786
172843
--STOP--
++STRT++
804938
8141903
1171620
278264
1093497
2088950
13794892
280079
201799
878861
7989822
1222586
280061
1095001
2051164
13815005
285464
207142
810721
8121385
1180822
281576
1092039
2045799
13834552
273644
174884
853075
8031171
1174329
279363
1089452
2045898
13842661
274131
147774
807945
8078490
1179257
279420
1092525
2041572
13804842
313744
201663
829669
8076730
1186369
280259
1089676
2044742
13827028
283519
198845
813771
8101257
1169643
279329
1097679
2087920
13800852
271119
198815
811691
7960488
1166664
280957
1092483
2037053
13839966
283346
145000
811407
8105597
1176046
277394
1093554
2034505
13842990
280971
147028
808176
8201734
1249127
278356
1094283
2032203
13804957
268233
172468
--STOP--
++STRT++
805913
7979925
1183296
280762
1092717
2045281
13861978
311577
172529
809346
8004537
1169713
281379
1094599
2094783
13790066
272761
171215
807479
8041870
1211470
278893
1094913
2045722
13867376
272566
175135
806330
8209000
1216841
279743
1100417
2037245
13811844
289614
178701
800954
8177203
1172332
281253
1096588
2045715
13838513
282017
147184
823226
8052146
1171686
277880
1090129
2070875
13796341
280920
174297
801094
8121736
1178685
280512
1091436
2038703
13835736
297382
175971
812077
8204093
1219256
278323
1094693
2052618
13798681
295491
175155
806471
8120356
1170540
281090
1093036
2045232
13836164
271114
146544
810928
8153698
1184281
281236
1104692
2045767
13860126
281908
151828
--STOP--
++STRT++
803403
8122676
1183356
279899
1103542
2041544
13862368
281641
144545
802881
8152981
1195105
279320
1147961
2046124
13830371
326427
171820
804868
8178340
1173678
280222
1094529
2072719
13800712
285048
172166
892705
8035697
1169730
280604
1091518
2053096
13844857
298502
174886
802568
8001769
1219157
281073
1104566
2039912
13927888
272719
148810
806837
8078925
1167538
283305
1092172
2038312
13846711
298210
142964
810035
8014149
1276035
278725
1093523
2036477
13843470
278790
226743
829116
8197980
1171993
279639
1142985
2099593
13786494
276967
144762
811002
8057211
1273858
280720
1089732
2034033
13831651
268469
174556
803930
8191299
1183760
281642
1091818
2071579
13845669
299729
201013
--STOP--
++STRT++
808518
8023977
1184790
278976
1147290
2036487
13808503
285748
260520
808158
8052061
1164984
279715
1091836
2032642
13876854
270539
146417
805219
8105323
1222795
279212
1092860
2038473
13821380
300623
150073
805057
8207234
1234750
279344
1094493
2030533
13812444
275585
205057
810202
8238998
1222932
281641
1095413
2034651
13823776
283922
177298
810132
8089981
1196280
277880
1093643
2113696
13787618
281146
203484
800368
8189577
1188334
279737
1094176
2045164
13839855
271224
174940
821012
8002445
1169773
277009
1096855
2044286
13877226
297047
144829
805773
8061317
1166797
281779
1130018
2079927
13811928
370500
144390
799719
8098347
1170135
278581
1098292
2123703
13835687
271731
172304
--STOP--
++STRT++
800189
8204216
1171379
281946
1091086
2068427
13789300
296302
217918
803986
7993060
1209208
283645
1093613
2038753
13814199
281763
201846
802519
8066403
1216265
282738
1143173
2042380
13807196
291660
207775
805479
8029993
1208022
281880
1092898
2045177
13821306
296016
178781
807226
8024972
1187602
278738
1103798
2037576
13910605
272124
201922
807739
8140830
1175909
276209
1091550
2035394
13800043
301089
174597
806130
8133022
1214674
278776
1130499
2038142
13827986
375482
202277
809806
8190972
1173836
279229
1097125
2044600
13832394
280066
174969
810688
8063874
1235153
279498
1100103
2042264
13806097
298706
221992
805938
8054302
1169689
280258
1091783
2045095
13855272
281466
178806
--STOP--
++STRT++
808278
8194657
1170474
278953
1097318
2044911
13810933
300815
178668
808721
8050606
1198245
278349
1148749
2034284
13826499
296991
220450
817822
8041916
1182358
280151
1097813
2055920
13811204
270593
181871
820438
8062987
1172805
282306
1093309
2077503
13793406
313953
172924
883592
7986764
1236204
281364
1097551
2045602
13822521
281109
173349
808875
8073094
1201055
281307
1092702
2071664
13796112
270859
206903
803667
8064648
1180176
280367
1108199
2040629
13853022
301130
180519
897751
8163289
1187599
279384
1094063
2043567
13846921
283994
201122
820879
8254389
1219099
278589
1094446
2051494
13841707
297347
218166
801005
8002059
1217605
277681
1091630
2037607
13809372
279816
174929
--STOP--
++STRT++
802294
8135448
1220785
354951
1095330
2044601
13801680
278780
173487
803966
8044714
1192551
281295
1098037
2037570
13820976
283372
181750
813758
8025403
1180407
280583
1093836
2079551
13786253
318166
145497
821179
8025675
1293478
324430
1101107
2030912
13825224
305273
223549
805673
8008153
1181963
280000
1142947
2128116
13827353
357884
191763
805368
8046877
1175168
279651
1108705
2039206
13848427
281484
147038
802359
8066941
1219570
354572
1103799
2042877
13820273
312596
151235
804791
7974374
1171937
280117
1092232
2037012
13835772
299412
201280
801077
8205251
1196315
280154
1093503
2036147
13857237
282315
149259
854335
8102665
1171853
279132
1096289
2036557
13828997
298458
173495
--STOP--
++STRT++
800302
7974704
1168739
278553
1091559
2037486
13864158
282775
173230
802333
8192163
1169893
281280
1098369
2042176
13776584
286500
151127
806211
8131089
1221178
281977
1093113
2045558
13797490
281553
175629
800735
8036569
1168725
279537
1092882
2092713
13851643
272044
149994
847210
7977812
1170875
282384
1093693
2037817
13821435
284084
202525
810369
8066905
1179561
278143
1092795
2077910
13790975
298126
201644
805502
8063211
1194113
279613
1092789
2115614
13785506
270445
177957
809501
8166635
1203799
283147
1089452
2034098
13793462
283092
171524
804426
8144252
1182664
278178
1103645
2038491
13852959
280054
174860
835361
8064466
1193545
278361
1091426
2082050
13776608
298467
200827
--STOP--
++STRT++
803913
8192955
1171819
278428
1093122
2037772
13911094
283967
173366
803760
7993796
1184631
281953
1092559
2035878
13827700
300082
173273
809774
8145881
1172136
280488
1099297
2042618
13831010
272303
147228
814267
8046152
1170202
280261
1176985
2046774
13824222
284374
170129
814047
8155419
1175677
280478
1091835
2041482
13846156
281189
179409
800705
8002770
1224903
351327
1093650
2046563
13808871
281210
177151
807778
8025951
1197778
278707
1092911
2043510
13843219
315375
145076
799914
8121177
1178702
279593
1090472
2039369
13824596
268487
148941
806122
8151588
1217678
279916
1146038
2041033
13824232
320042
252081
806736
8129718
1166909
278030
1097805
2040123
13845201
279854
145294
--STOP--
++STRT++
798898
8136013
1169524
279573
1157071
2080447
13797480
281841
177446
885487
8137843
1218379
281879
1096065
2044486
13821763
305585
148147
810631
8114428
1178712
278508
1094486
2037625
13824209
283549
177259
810423
8040468
1264821
279279
1105828
2044388
13812516
298573
146158
810680
8126385
1168203
281791
1091870
2041370
13831691
316275
148177
892202
8232529
1250135
282192
1093553
2051351
13819312
284424
148887
802026
8167840
1226517
278096
1101606
2051071
13810307
285719
269483
809141
8183214
1172647
278499
1096145
2037735
13836874
272322
205085
806117
8191200
1261374
327387
1098101
2045823
13809851
286863
179001
810771
8247716
1171819
276026
1151893
2082803
13793678
284352
173658
--STOP--
++STRT++
811590
8122388
1166292
277187
1092499
2039607
13872710
281863
170223
802902
8191853
1176175
278531
1093750
2041370
13830743
272902
203976
822859
7982142
1205215
280498
1130402
2043093
13811626
296887
149209
809335
8193725
1172983
278786
1097957
2091160
13796147
282059
216997
806580
8064144
1208073
278603
1105317
2042178
13828459
280231
149764
806247
8051805
1179750
278847
1098752
2038721
13852895
281447
199724
802057
8044890
1183837
279907
1092054
2053854
13849715
297973
202509
813383
8036598
1177007
279349
1092941
2038313
13811676
282951
179566
803049
8092072
1170587
280716
1090875
2044113
13846962
299806
170853
804912
8040381
1195210
280955
1093272
2043332
13831704
271418
200805
--STOP--
++STRT++
807836
8031397
1166925
278886
1139356
2040249
13857942
272412
143690
804323
8040179
1182410
278578
1150262
2074782
13791016
282590
216965
809653
8121204
1176750
279869
1093236
2040296
13827311
282061
173864
894981
7966038
1179268
282366
1091811
2044589
13842849
282246
181297
814089
8118254
1171407
279634
1098798
2036126
13851274
273416
175673
816413
8067669
1174592
281248
1092674
2035045
13845093
284662
174745
805894
8137964
1212328
280269
1100511
2036360
13815808
275657
201971
805102
8197767
1210020
280881
1092879
2053156
13837504
288763
203665
822225
8187127
1210249
281944
1139823
2045170
13844184
380656
144988
804065
8058539
1170683
278255
1104194
2032306
13847747
285353
179662
--STOP--
++STRT++
799128
8044160
1209756
321384
1093961
2041524
13862172
303900
173169
815612
8131404
1179772
276572
1094981
2039899
13831465
297085
174657
808030
8190538
1179163
280646
1133184
2081131
13787104
315725
174588
819676
7974866
1189208
279825
1105230
2044026
13901270
281627
176410
884447
8127017
1170897
281901
1092574
2033845
13827230
315154
149699
808677
8199188
1170343
280744
1139161
2069317
13795098
283634
145439
801518
8188083
1173289
281109
1097150
2091736
13785013
280347
145881
816792
8176156
1178287
280385
1090153
2044021
13829874
296731
143458
805801
8040622
1258703
276165
1091186
2039833
13803039
275438
177531
804773
8084215
1167118
277648
1091590
2072812
13791228
280890
169632
--STOP--
++STRT++
803291
8234985
1170288
279605
1093022
2120342
13791099
272840
191964
917980
8103453
1170277
281072
1091051
2040607
13841609
282515
201220
805895
8090070
1207130
282225
1091953
2039340
13824916
298012
148867
805533
8202805
1167556
279136
1141098
2044014
13804419
288589
233643
804600
8030696
1173836
277714
1090797
2035858
13834453
281678
216845
850704
8031996
1171976
279788
1090497
2046174
13832871
284220
178796
839918
8202405
1169292
281725
1088587
2075943
13838761
273455
172470
807813
8034075
1171383
280527
1093765
2071074
13809853
316102
147622
888943
7992730
1232479
280134
1092932
2038252
13816709
294748
201609
803220
8009280
1227227
276119
1144360
2030863
13811476
286603
258424
--STOP--
++STRT++
810553
7973526
1179175
284897
1097970
2047337
13855465
282409
177460
802439
7991125
1165418
276800
1090673
2034451
13791596
300660
177721
842502
8160402
1171485
278081
1091346
2033787
13834386
271301
145731
806972
8049195
1169736
281362
1097828
2034093
13840508
296557
200107
804554
7997943
1169831
278334
1149196
2129338
13801666
359970
203408
802447
8131548
1168424
280134
1138284
2122617
13789397
284810
176197
804371
8124363
1167424
279511
1092792
2045219
13832349
281252
143655
889809
8036174
1186850
278185
1093477
2046911
13834696
269406
146068
802395
8050129
1200507
278622
1092500
2097619
13829315
295967
199140
816162
8020831
1172823
278801
1096942
2121087
13836138
299103
145285
--STOP--
++STRT++
806765
8151135
1180131
278965
1097355
2037683
13873907
271431
200328
808189
8060534
1170310
279298
1092138
2085627
13809926
272748
142463
805096
8120915
1171578
276217
1091123
2053928
13837551
295556
201173
844195
8196514
1174726
279228
1093304
2037232
13822477
271881
143848
805784
7974811
1186108
281009
1092513
2032731
13841250
302215
202053
815130
8250459
1249792
276596
1111939
2038451
13832285
283278
145994
801964
8041632
1171858
280184
1093075
2041673
13836302
283916
173447
807223
8100706
1245558
281848
1097557
2035596
13808725
300137
223131
812149
8207676
1171225
278691
1138718
2126963
13796750
331950
176587
805672
8032534
1167627
277945
1093258
2038067
13832461
280167
146155
--STOP--
++STRT++
843190
8220743
1193411
279188
1092846
2046353
13863092
269891
202653
812216
8220100
1188666
280908
1098295
2042199
13818195
271235
149531
811712
8134294
1179709
280526
1092585
2063320
13787528
317026
177132
803558
8052883
1170163
277560
1092609
2045798
13839096
271605
200550
810708
8153182
1212865
314844
1098561
2040146
13838538
299438
176071
806740
7997116
1222193
278587
1092714
2045263
13807673
316905
145185
811930
8054476
1166542
278798
1098557
2043304
13875684
283475
176711
809185
8001106
1219355
280529
1092401
2038434
13830325
276189
232657
801071
7991024
1182412
280800
1141921
2125653
13806611
361969
170944
799320
8137295
1165502
279155
1137422
2125966
13782629
280422
148962
--STOP--
++STRT++
807153
7970158
1177610
280640
1091790
2034698
13867328
272424
171687
808813
7997204
1169519
278185
1096184
2039397
13824769
274214
198160
806357
8171726
1174119
277604
1093052
2038012
13818267
268989
171929
801404
8219321
1215713
280582
1143196
2045243
13816435
299297
170068
801762
7978520
1171300
279778
1093603
2039746
13841217
285410
147723
886936
8172137
1169461
282932
1097367
2045350
13872790
272538
173673
803675
8048747
1181612
281260
1097131
2072884
13804496
280251
217742
806559
7985949
1184742
280518
1093655
2035961
13828056
297026
173150
809330
8175198
1222513
280473
1091610
2040269
13811305
312940
172537
814032
8109190
1169958
276841
1089517
2036508
13863612
280613
171615
--STOP--
++STRT++
801384
8264673
1167524
276971
1091229
2083918
13777230
285759
174754
817061
8206266
1224247
278099
1090886
2056432
13856990
294018
178171
807546
8046016
1208816
278948
1100284
2043814
13837110
317089
217518
805947
8131481
1199896
280921
1090669
2075210
13780781
317580
177749
811479
8072079
1170053
281112
1092708
2039795
13838371
285075
148896
894634
8003845
1190266
278477
1091834
2039506
13834318
280653
203865
805525
8181104
1209589
279733
1094593
2045474
13865849
283906
148237
812299
8063761
1169177
280914
1090921
2120599
13797601
271619
168800
807964
8201598
1170845
280564
1094724
2042319
13834249
282176
200687
803244
8062105
1170520
280132
1092959
2091624
13795452
282609
177657
--STOP--
++STRT++
803283
8008573
1169411
278352
1093499
2076637
13795781
293217
177860
809432
8072206
1234678
281364
1092716
2035101
13885669
298553
172189
813135
7986459
1179114
281734
1127459
2088671
13787196
321466
145092
806645
8119760
1177916
278081
1092570
2038464
13846880
283640
199249
803179
8050698
1176591
279989
1092326
2037473
13838876
273401
177711
809705
8091232
1180564
278985
1093016
2088660
13821083
281415
172899
806407
8103883
1172992
278747
1092937
2119219
13796230
273328
217049
811222
8185543
1258463
281752
1093634
2044874
13815868
284490
176899
807269
7998087
1216257
278806
1092079
2043670
13804359
272051
201232
802033
7985091
1171743
279985
1091298
2044615
13847263
281663
144454
--STOP--
++STRT++
797726
8097051
1185823
280311
1097469
2043824
13834004
299015
201379
813983
8188408
1172299
281620
1092359
2080326
13794557
283269
171247
807750
8188007
1269950
281026
1094115
2040374
13817938
281921
146203
810031
8180961
1172510
280384
1094112
2036953
13828184
322273
145091
813676
8121693
1171844
281414
1098458
2047330
13825188
282695
144054
801206
8076715
1178787
278546
1091481
2038031
13839795
272732
176319
808130
8005016
1168994
279193
1144856
2130126
13808567
272291
148892
807365
8032321
1253386
280421
1092965
2035994
13835074
297058
173932
801505
8040802
1166882
276599
1092761
2044557
13834151
298759
168245
800952
8119619
1166924
279224
1102949
2045354
13842056
298608
179252
--STOP--
++STRT++
805396
8208574
1224814
278371
1181987
2038086
13856473
282573
202301
814929
8035080
1198380
279478
1097928
2042470
13836145
300039
173550
818337
8218640
1182758
279621
1097759
2042082
13821961
313451
202123
800866
8031820
1217670
280304
1097559
2044155
13802396
275348
149046
800547
8019870
1195013
281775
1145248
2038139
13816444
285301
146150
806614
8058404
1186557
275373
1097509
2038091
13844487
317518
147035
802933
8037806
1253068
277161
1100476
2051992
13822072
283903
205357
803570
8043713
1171757
281987
1090074
2036982
13838356
271107
201810
829025
7989747
1208770
306627
1095776
2045540
13803052
299560
146068
805770
8029876
1167885
278378
1097090
2044942
13816896
282496
146376
--STOP--
++STRT++
804713
8078701
1171215
282136
1097299
2042113
13864025
272585
174643
803269
8014146
1171976
279735
1089762
2093410
13797236
271952
171074
871163
8169776
1179483
282371
1091209
2040322
13815425
284125
178879
798941
8179945
1171926
279719
1147576
2077282
13814222
314456
176412
811874
8033847
1169075
280996
1093004
2052161
13819544
281388
149352
847996
8177950
1178043
280792
1092924
2044963
13821858
281249
145442
803642
8129711
1181803
279649
1097376
2044527
13867754
283159
193683
798987
8046918
1169508
278968
1093137
2036146
13820314
315378
173759
802383
8131458
1206238
313872
1098889
2038660
13809278
280576
174506
810355
8137987
1167218
278836
1097590
2051608
13835954
285089
145532
--STOP--
++STRT++
798303
8192160
1255457
278935
1098623
2051640
13804746
283582
173900
810667
8168337
1171674
280389
1095040
2046672
13819197
280925
203359
803386
8036144
1227204
281154
1095518
2040426
13806438
274354
180391
821687
8184139
1167585
279336
1093416
2035708
13831375
315492
177983
803314
8229663
1184976
279075
1090898
2034866
13820803
282912
145966
804934
8076905
1170531
281320
1111874
2073254
13854941
273616
218540
798919
8133620
1168131
281717
1098080
2038458
13777890
299429
175773
822259
8016364
1253547
310940
1095209
2038328
13824701
288475
264626
803250
8058331
1206644
282187
1091255
2038924
13800121
295186
145115
808318
8158065
1170005
279171
1098054
2036119
13845277
280082
146374
--STOP--
++STRT++
810826
7984693
1167988
275256
1090178
2082415
13818801
280707
178033
809181
8194810
1229285
282946
1100235
2045410
13814562
289139
201700
799134
8204878
1212583
281843
1145412
2042667
13808933
363623
174376
806591
8188638
1167498
279788
1103392
2043124
13848642
301264
171423
808335
8035692
1166428
277017
1091618
2035772
13837770
287007
180197
804560
8213484
1168071
279137
1092916
2075050
13801913
270645
150288
903418
8098149
1172483
280292
1094638
2045586
13823778
270760
178827
803345
8177477
1223902
279774
1097246
2039025
13807434
286993
223630
802670
8118940
1170377
278271
1092354
2043548
13918139
312863
199444
801980
8044932
1219289
355926
1091627
2039147
13830721
280874
149670
--STOP--
++STRT++
799099
8014924
1204933
278390
1135297
2040857
13834841
319948
201496
850180
8184135
1169519
277045
1093724
2051458
13818914
273608
145486
807488
8192887
1170105
277276
1093083
2037349
13810353
318197
177808
802190
7979831
1178880
277237
1104817
2044023
13833491
281970
176685
810871
8053646
1207851
278897
1093892
2046116
13804203
283326
210143
804377
8097208
1208677
281118
1129103
2047071
13817210
297466
151616
805158
8137235
1169698
279835
1094096
2045239
13879762
279521
178026
799391
8027468
1169631
280009
1093493
2043998
13807870
271782
176340
809731
8196930
1272553
280703
1091150
2038200
13807947
272219
147702
805036
8151002
1171248
280498
1093379
2037652
13841482
285229
217321
--STOP--
++STRT++
804543
8034639
1168611
278860
1093474
2037266
13872840
301309
148846
809316
8184195
1170673
280290
1097550
2077944
13827460
298011
150650
811565
8001183
1172201
281437
1097377
2037548
13872375
273114
170719
803574
8058742
1220651
278461
1094642
2037170
13792942
275782
147269
828396
8192878
1220842
279575
1098226
2039383
13803223
279877
174346
809241
8136373
1176013
283363
1098137
2042041
13824911
284971
174421
809951
8019421
1166040
281573
1091853
2087131
13792442
281335
200304
822885
8049881
1172159
279283
1144606
2044635
13804539
301493
147592
814428
8214147
1172746
279416
1090068
2042662
13819339
270084
173040
810946
8189655
1183557
281797
1097346
2035550
13841845
281526
196813
--STOP--
++STRT++
805277
8216654
1248155
281132
1103919
2036670
13867137
315357
217285
805541
8049017
1165860
278128
1094374
2036097
13826442
298109
178590
802090
8052246
1171339
283665
1092885
2045229
13820030
276346
153279
809731
8194716
1199596
278027
1099522
2085376
13799772
282242
203321
802512
8076447
1170768
280374
1090986
2078635
13803655
296597
169709
811561
8055305
1219377
277966
1102773
2033438
13824119
281883
146091
804272
7991684
1178991
277723
1091459
2042360
13787297
281216
203748
820208
8177400
1210097
279817
1103623
2041542
13833087
298119
202767
804037
8195314
1187710
279142
1096754
2040531
13835254
279758
173039
812766
8244208
1214200
281096
1093736
2040631
13825070
279950
176698
--STOP--
++STRT++
804828
8206966
1168055
281521
1144830
2039269
13791921
277438
168027
811962
7984974
1209317
278540
1097673
2035582
13800299
299125
178279
805480
8096008
1169687
278724
1095632
2045836
13837104
268627
177340
818513
8118964
1168436
279648
1093936
2037281
13813924
281691
153697
813254
8191279
1170893
280206
1122609
2076257
13790839
279843
148254
806335
7991714
1182119
277933
1098160
2053794
13808936
274336
175729
806989
8165914
1211318
281600
1135500
2035403
13866201
285949
219917
809504
8081683
1168428
280923
1091976
2067454
13795271
279513
178449
804886
8148888
1172647
279037
1092506
2035243
13824020
313863
144607
806321
8183411
1264736
279678
1093921
2042877
13802143
269807
173460
--STOP--
++STRT++
806729
8133837
1180860
279333
1102332
2118623
13834980
283520
200866
801283
8258898
1170051
280050
1103474
2041422
13799940
282323
144460
813305
8017196
1166927
283113
1092661
2044385
13873483
280551
148663
827615
8206729
1175737
282367
1092834
2087593
13786870
300549
174561
810206
8184310
1190685
280034
1094394
2033068
13827699
282397
225924
802919
8053093
1181009
281379
1091897
2037337
13823381
269810
217851
801801
8197632
1183425
276272
1097195
2043679
13809570
316374
148908
806787
8039369
1167078
280314
1092081
2075194
13784164
281707
175910
803875
8060694
1166995
278715
1091569
2084710
13848221
296014
175463
824690
8168021
1205269
279004
1127413
2031605
13861346
371359
149828
--STOP--
++STRT++
798959
8202091
1210010
282306
1098680
2031400
13864530
283245
218182
808470
8063975
1187098
278865
1112862
2039603
13847289
298016
218540
807838
8025631
1247699
278502
1126745
2044255
13797101
311749
175683
805077
8110570
1183504
282213
1090336
2036437
13848411
281057
177335
798405
8171309
1170351
280819
1141891
2034046
13870356
283858
173559
806276
7966758
1171997
279421
1090518
2044597
13860036
270540
174768
804220
8042633
1199410
278496
1128288
2046751
13802583
361432
145980
802449
7999070
1170479
280566
1091854
2124170
13788038
318059
190577
799041
8084257
1184172
279296
1091520
2039707
13805569
284803
177002
805924
8029110
1169134
278859
1133418
2043185
13793103
279094
191413
--STOP--
++STRT++
805056
8056317
1205621
280975
1095268
2037352
13840896
274040
191273
806011
8072816
1171763
279686
1105337
2038533
13869696
281418
177517
853173
8084420
1173656
278123
1090594
2035391
13826388
299752
201166
811682
8172067
1167481
279097
1142130
2083669
13805148
269960
174237
802661
8173075
1261513
280069
1093161
2046301
13817819
281406
197298
806693
8048615
1171378
280562
1098104
2120066
13838150
302527
178211
812805
8038196
1168883
280137
1091091
2043453
13842050
281075
194622
895679
8154924
1186487
276363
1093903
2036954
13832044
281714
201142
805763
8194162
1196978
280526
1094135
2080418
13785108
281864
148492
809003
8033970
1169253
274351
1090186
2120471
13799921
272112
178552
--STOP--
++STRT++
813472
8216893
1171309
280533
1090540
2044777
13835513
282986
175480
801895
8134292
1178948
282257
1097141
2079867
13796876
283898
148004
805734
7969977
1171000
279885
1091882
2037021
13819478
298448
179243
889195
8036585
1175818
276606
1093085
2043351
13807628
297602
146586
805898
8195788
1170190
279008
1090252
2076467
13817350
274582
202392
807460
8055259
1170411
280795
1091079
2041727
13837285
280623
174323
805994
8225952
1211788
280176
1091697
2038555
13829313
283438
179191
802818
8050717
1190777
277147
1093095
2045151
13817971
280314
216490
810855
8024413
1172834
281979
1097041
2044575
13783878
282564
202766
809269
8098599
1176887
278796
1090156
2044460
13842467
281143
177979
--STOP--
++STRT++
804415
8237677
1172642
278296
1145411
2125406
13789129
299469
171126
855944
7992655
1175120
284511
1097577
2044298
13838756
271477
178308
804365
8019060
1213562
277099
1128016
2043275
13830818
361356
144683
810035
8136399
1169074
278750
1092254
2045199
13837973
270293
187821
802747
8002026
1213163
279982
1094259
2037403
13824655
287833
173314
810635
8044070
1205060
325330
1096720
2046257
13818399
273041
245858
840332
8180649
1171576
278958
1097638
2038614
13810105
274391
199633
801941
7996925
1184362
281796
1147012
2040791
13815084
367830
147823
807600
8026562
1174057
278328
1097304
2043038
13864726
283072
198017
804212
8212032
1169650
278712
1091104
2098755
13800058
280286
171502
--STOP--
++STRT++
807518
8138162
1171803
277066
1088854
2037644
13872572
299599
144602
806069
8214771
1174902
278459
1093029
2037641
13825452
293862
148120
808751
8128264
1179108
275532
1092211
2075344
13810969
300015
200610
806087
8018159
1193681
280572
1092235
2118304
13785886
272101
169982
900656
8258580
1178276
281811
1097053
2039986
13825380
270328
201650
807703
8100495
1170147
276820
1092429
2043561
13855082
282113
149918
805324
8040144
1172420
277724
1092380
2037998
13838314
302525
173892
799944
8110909
1171761
275439
1097071
2041892
13880905
281616
190544
807824
8108356
1261009
281656
1091312
2038093
13812207
275215
177668
809315
8249235
1174321
278589
1092572
2038523
13832960
281694
207180
--STOP--
++STRT++
815886
8154677
1207828
277093
1093506
2044746
13858940
271753
167792
809403
8045712
1172205
280601
1092594
2045684
13821635
281503
145386
808877
8247842
1172578
280134
1143818
2048998
13806400
320537
170671
797880
8001670
1185701
283469
1142195
2132162
13785013
282157
216415
798924
8116442
1168220
280571
1090463
2081406
13790191
281900
172766
800539
8071624
1187562
276070
1091911
2071045
13790130
313722
219534
811281
8047249
1204586
278889
1096921
2045358
13811553
313966
180745
813072
7994396
1167785
278259
1092702
2119711
13842899
283334
147784
803982
8198546
1169348
279202
1091895
2073728
13793199
271774
177176
807051
8133453
1169896
279507
1180504
2045869
13827218
269887
144936
--STOP--
++STRT++
807021
8168244
1200195
281073
1096005
2081357
13779856
284277
178960
820898
8039062
1171086
279378
1093874
2040168
13840066
319676
219531
812169
7993481
1205657
278223
1092301
2039427
13820121
315018
146987
811773
8208403
1220808
353809
1103998
2042212
13805812
281461
175554
803282
8165124
1209082
312716
1098429
2038037
13852009
284507
175996
815790
8009137
1195952
279776
1093152
2035244
13827368
285519
228103
804767
8159536
1203368
279627
1126171
2037405
13801537
289532
248134
803753
8120410
1186766
278954
1091148
2046421
13836843
273545
202911
811798
8000244
1178580
280621
1147684
2035732
13803844
366516
193455
804889
8141133
1226327
278773
1142384
2128405
13793188
283096
145225
--STOP--
++STRT++
806629
8037374
1167492
282240
1092938
2045258
13873708
272672
172953
815702
8111260
1180948
280538
1093727
2088622
13797413
291004
202872
817345
8137868
1258928
279053
1092839
2050976
13855554
271085
146127
820316
8047408
1167595
277657
1092728
2044677
13841951
285380
174910
806079
8033129
1254877
278723
1094510
2079944
13823941
281772
178487
805807
8200797
1171223
281770
1148101
2125477
13796333
281737
174823
816676
8033651
1184678
277770
1098203
2042995
13839916
299515
205545
805637
8001855
1184463
281489
1090290
2040169
13810550
275344
204551
800904
8184829
1182801
279461
1132687
2080309
13861263
281195
173738
804662
8171101
1199790
277617
1095542
2045809
13843810
295516
178162
--STOP--
++STRT++
799282
8107670
1209631
280759
1100022
2046720
13816890
282346
145754
809482
7973403
1180604
282193
1097023
2043310
13827308
281543
217806
802720
8177387
1183231
276293
1093665
2043155
13818454
270973
149361
803350
8143124
1220838
280519
1097285
2055984
13817060
282555
178236
800658
8144316
1170521
282188
1134683
2126500
13794076
268364
176936
809126
7988077
1209925
275219
1093551
2037898
13827726
282121
149542
808091
8039468
1180067
281618
1093217
2045738
13837181
283730
218763
812367
8217430
1267998
281429
1093411
2034799
13824755
269999
151673
813941
7987948
1169394
277911
1095375
2029998
13833824
282773
169240
801447
7969998
1168872
280123
1092966
2044433
13821710
283252
190752
--STOP--
++STRT++
807260
8114413
1171756
280902
1093087
2073321
13792189
281095
176638
803056
8050241
1168664
279117
1090867
2043909
13835892
281165
172379
805302
8031352
1170811
282495
1125201
2076281
13791465
300613
171206
808318
8027482
1170950
281997
1090825
2035654
13827249
300540
200456
803907
8202278
1165367
281340
1137527
2127794
13799842
320742
148297
806308
8100405
1171642
279413
1093355
2108607
13793222
299188
144796
881506
8014131
1176188
280884
1111912
2035638
13844682
270199
169253
804272
8048291
1188810
279302
1093418
2083725
13788386
273023
173962
805567
8134823
1219710
279061
1090958
2035652
13849156
280236
200111
802922
7962717
1170577
279506
1091550
2038001
13880989
280092
169597
--STOP--
++STRT++
847281
8076848
1174406
280840
1092281
2045280
13793025
297204
171552
806034
8136697
1217226
283132
1092864
2040596
13830634
285962
175553
815529
8187291
1168157
279894
1094527
2073417
13778311
284457
146507
902536
8149036
1168199
279904
1098406
2037192
13838296
272053
176111
804725
8008362
1170731
279825
1091006
2044951
13831972
282461
155226
805154
7989045
1171006
281218
1093074
2087111
13791736
271931
178408
804394
8174131
1170440
279860
1095718
2054425
13792420
273059
201453
892313
8154396
1217206
281838
1093624
2039527
13815241
284282
177901
803485
8134090
1169017
278330
1097551
2037012
13848301
303140
147677
805605
8080197
1261245
280972
1095296
2053448
13825355
267342
174864
--STOP--
++STRT++
807519
8015835
1186423
278157
1090557
2038450
13860291
269493
201183
806593
8162743
1170435
277461
1094781
2086028
13806404
282347
147230
816303
8090737
1205860
277722
1098470
2038686
13811290
273529
199741
805462
8131368
1170444
279351
1092864
2070197
13787681
302715
175937
804305
8119019
1179321
282840
1140227
2039289
13833915
281369
197850
810214
8067476
1260566
279272
1093939
2044067
13833562
282202
178928
804700
8110231
1170911
277816
1093181
2039541
13855748
297646
175394
805936
8048930
1177440
279900
1094084
2039579
13835500
283734
176157
805017
8027715
1222537
354743
1092707
2044444
13816753
280487
177786
866735
8059091
1217165
280624
1096947
2077285
13849014
280561
201435
--STOP--
++STRT++
800393
8229712
1177866
277856
1091503
2070694
13833027
270868
143670
809254
8218946
1175346
279811
1093653
2043916
13822393
283402
178016
800854
8249414
1198527
279322
1102317
2033675
13826923
302374
174542
813349
8018104
1219500
282375
1096840
2045197
13779147
285279
220206
806455
8123724
1194684
281165
1097865
2043429
13848561
301636
151908
802079
8077854
1178792
282264
1091668
2054161
13834313
284529
171209
804838
8219820
1178242
283269
1096983
2036896
13832590
286715
143160
808220
8055334
1166827
280191
1098998
2044049
13888507
301731
147922
817872
8145814
1243169
278235
1094955
2037750
13858602
269051
176529
808422
8271723
1172061
281209
1091693
2045180
13828834
313399
141801
--STOP--
++STRT++
808832
8061405
1185502
281615
1093302
2119909
13781202
316117
172352
815503
7995316
1207447
281640
1092213
2039549
13825692
286331
178633
801427
8061724
1167160
281627
1148158
2121578
13810436
356485
201862
817468
8115245
1178799
280964
1093328
2036052
13851908
300380
176980
807639
8186448
1205346
280757
1131013
2046049
13872611
289244
257519
806681
8187814
1172736
281167
1146247
2037281
13826704
357199
188786
805412
8042985
1177292
279332
1092580
2037673
13830390
270436
204172
802699
8054073
1171895
275044
1124971
2074635
13792191
299246
145383
803464
8130264
1172111
280658
1092318
2044787
13821067
270771
173975
811943
8265863
1179889
278974
1097502
2042437
13824889
282129
171804
--STOP--
++STRT++
802412
7996165
1179322
277716
1141193
2116284
13784271
273494
173281
861896
8061637
1233496
281555
1094243
2045158
13865828
271450
145780
824742
8078024
1177450
280036
1093492
2072008
13792337
281626
177642
819109
8040342
1179921
277380
1102744
2041227
13878284
270591
177947
811681
8227907
1259838
277495
1095556
2039149
13833147
287798
206175
808297
8072973
1179201
277605
1089714
2036893
13844884
283052
203823
800223
8199700
1170638
280913
1092461
2047108
13852213
280952
147758
806635
8143341
1176376
316886
1094706
2043013
13807296
281611
174394
804945
8099919
1171226
277752
1089105
2088872
13792924
267227
173064
808745
7976932
1180073
282614
1097485
2083313
13801540
270654
177796
--STOP--
++STRT++
803536
7991819
1257047
320638
1093524
2035123
13866014
298626
200910
805599
8067013
1184289
277757
1097084
2041656
13820564
283899
215600
807630
8090539
1169309
280393
1092579
2072427
13785625
316177
172316
804999
8031573
1184468
279494
1097996
2042051
13863436
298766
177402
808080
8025692
1210104
312401
1095656
2042246
13844663
286715
193927
815780
8088783
1170490
281967
1090577
2043544
13793889
270397
201064
803304
8199854
1174768
280951
1092860
2037554
13844906
279488
216219
805904
8207223
1186276
279447
1091643
2123804
13793324
298023
171858
813086
8002932
1224195
281805
1090618
2038799
13808876
283321
145069
822479
8044687
1176637
279633
1123982
2085109
13805480
280893
218536
--STOP--
++STRT++
810798
8095007
1172936
279769
1088212
2076682
13795180
282333
177524
809191
8188583
1230203
278396
1091340
2037347
13806828
284896
218275
808640
8155870
1172760
280365
1098156
2043369
13836269
299839
173550
810241
8055555
1187743
281829
1096258
2038966
13842186
281070
143320
805021
8242604
1184900
281101
1093654
2042979
13807790
273163
174397
811741
8049125
1178039
281729
1092539
2120536
13781131
283187
145095
805126
8191569
1172136
282793
1094007
2109526
13790274
286332
144878
893722
7967822
1198804
280097
1093639
2043211
13818137
281031
199003
813867
8190778
1171151
278085
1111529
2037915
13861490
271289
172834
799925
8065262
1178716
281133
1096482
2045186
13860177
330167
176622
--STOP--
++STRT++
806631
8086602
1172127
280811
1092450
2037837
13857254
278886
147318
799699
8121419
1166339
277581
1095995
2045325
13842810
315713
174796
820965
8140236
1248337
280053
1104771
2038016
13824193
282401
217300
810309
8058702
1212119
281896
1096144
2042843
13824510
283598
149898
803360
8023518
1216450
351364
1093629
2039948
13830671
314207
214601
808784
8118023
1187197
280520
1090368
2074580
13779855
273302
204890
805170
8015015
1222195
278840
1093946
2035414
13823056
300572
197616
810672
8057026
1249031
283078
1094566
2046644
13795816
273964
218287
807163
7985448
1197800
281929
1093549
2035684
13833155
270970
203264
818819
8202121
1207285
277582
1098671
2045627
13811092
299252
201742
--STOP--
++STRT++
799235
8060346
1172107
276430
1143735
2119356
13789338
345385
174478
858051
8010805
1230677
279431
1093022
2045086
13809964
283659
173614
805596
8049460
1170578
280057
1092460
2065760
13803796
271775
148650
812165
8160657
1209946
280799
1099492
2042772
13812358
285388
177540
813907
7973759
1197429
279509
1093408
2035242
13830939
299967
201620
891038
8239898
1176908
280842
1105625
2036790
13804655
303995
177067
810120
8187996
1199419
277954
1097618
2044286
13844665
284298
201073
802659
7978716
1178312
279243
1091440
2045007
13830827
284422
143873
807201
8079252
1259015
280424
1104985
2043548
13842328
285497
147265
804273
7990745
1179218
279299
1092887
2037979
13838303
296638
149744
--STOP--
++STRT++
801730
8144836
1178331
282649
1098897
2036743
13857729
280690
144299
811083
8141572
1222804
279435
1100842
2042852
13808695
287213
207342
807246
8186393
1185490
279948
1091616
2038986
13829286
283067
203735
813488
8122467
1170313
276122
1098533
2072353
13793156
280640
147524
803412
8189410
1173293
279566
1092671
2042048
13834338
303531
146586
894035
8166393
1197772
279914
1092014
2046313
13843215
274930
176983
800582
8065891
1181024
278728
1091785
2074387
13801508
296817
149364
862234
8184418
1205541
280212
1094650
2056113
13815486
281640
173801
798745
8194443
1170888
278957
1097955
2037673
13839138
279786
174147
804658
8432273
1174301
277957
1094903
2045715
13821713
315987
172398
--STOP--
++STRT++
813062
8211962
1173158
279913
1093805
2040909
13855097
284193
172487
804675
8125510
1172393
279142
1093267
2040846
13807731
281780
202501
820389
7986379
1168347
280184
1124946
2099239
13781834
282975
179425
824033
8142740
1168613
278531
1092741
2045183
13835014
282230
147326
802770
8245942
1173325
281740
1093454
2041563
13843274
270497
219037
805059
8135314
1186297
280668
1091240
2078656
13791502
316560
176145
807339
7999022
1184593
279012
1091175
2052220
13809523
268418
181612
906010
7978639
1170672
283130
1092032
2042982
13834989
271425
149474
806940
8049724
1170786
281610
1093157
2072362
13791009
274529
175375
799614
8120508
1171298
281755
1089822
2037225
13840551
278491
169180
--STOP--
++STRT++
800557
8068469
1170061
278272
1094383
2038868
13859297
271320
202973
805670
8074077
1177934
279350
1112195
2073207
13790957
283344
176040
843677
8034273
1173617
282781
1092448
2044650
13832759
270210
176848
807406
8163965
1184503
282188
1090533
2099627
13791865
281347
175971
803613
8055151
1171184
279048
1091392
2061960
13828699
298262
174292
812401
8100586
1205331
275833
1093311
2038053
13828070
285063
170487
802216
8108814
1179375
280346
1099002
2045428
13847985
282983
149294
804234
8059259
1236574
282218
1095933
2034496
13828849
301201
201695
803214
8204761
1169469
278039
1142075
2030275
13814686
279964
231242
802469
8051123
1170785
278680
1097479
2045175
13830018
299046
151227
--STOP--
++STRT++
850646
8067877
1183377
281919
1091928
2038292
13805975
280285
173562
802369
8037904
1187553
281465
1094121
2045090
13813094
296345
173588
804245
8116610
1197277
280592
1097041
2043507
13822457
282066
217845
816371
8165405
1221628
278632
1094009
2037930
13809208
272662
145542
804541
7970096
1170214
278459
1097705
2032913
13833868
282277
198013
808341
8152346
1269177
277716
1095129
2040060
13798886
284366
146300
815767
8083906
1171661
278713
1090813
2081299
13796051
313667
142134
818271
7995879
1207798
280892
1091375
2044861
13830058
273742
191501
814794
8051915
1171146
278042
1104388
2046670
13830163
280719
172428
840505
8067659
1255282
279198
1090865
2039127
13813080
271563
236349
--STOP--
++STRT++
813137
8210330
1169376
280525
1113451
2046939
13851309
269031
199795
806856
8198628
1175523
283218
1089874
2044110
13810745
272005
172909
815940
8127255
1168561
278750
1094486
2035665
13859939
282726
203095
807833
8014270
1179338
281841
1092235
2038525
13854922
301218
168867
807172
8213155
1224553
277707
1093942
2033318
13820802
276494
177512
802904
8062748
1172348
278995
1093642
2056283
13834605
298345
174214
801984
8137115
1169825
315390
1092959
2048890
13836432
278651
202003
895267
8203095
1218729
279003
1091836
2037732
13816723
299259
199986
804579
8026980
1167759
279029
1090432
2037958
13825474
269657
149672
804239
8154213
1184134
279708
1097070
2035164
13842028
282297
144149
--STOP--
++STRT++
802660
7981545
1171881
279187
1176384
2086450
13832605
283635
178945
857867
8236299
1174036
278260
1089152
2046642
13816671
284081
179082
831085
8044628
1197436
278630
1099562
2037751
13821170
296724
200623
809740
8193217
1180516
281174
1093152
2045495
13828927
293845
217602
807180
8061348
1174960
283404
1092385
2047078
13821620
312792
190523
799293
8024813
1242814
280201
1103611
2037859
13809107
271598
177373
798002
8025610
1170209
279539
1143439
2043383
13848792
284970
218823
810717
8051296
1176908
280632
1098093
2045368
13819655
315772
172795
806534
8066989
1196189
276721
1095715
2043334
13794543
267633
149229
810211
8002729
1219644
279271
1092108
2039987
13846452
281574
146671
--STOP--
++STRT++
805585
8149145
1167481
279858
1142654
2111663
13808077
357085
149613
868107
8186593
1186474
279481
1099139
2053910
13833019
299985
144031
804067
8111857
1171438
279774
1092181
2045996
13843058
281776
178908
799370
8104709
1219996
279439
1094191
2054507
13836780
282438
174902
803113
8107512
1169692
276613
1094083
2042308
13830280
279175
203930
804275
8206084
1235518
279887
1095258
2032198
13834891
299903
177417
801722
8102618
1171393
277034
1143233
2036189
13820624
381627
146874
814011
8231677
1172877
281087
1094802
2036522
13814386
281571
150784
807103
8183507
1171150
279094
1094376
2043242
13854153
280385
169328
810752
8112447
1256964
280502
1094357
2042680
13808444
272092
174508
--STOP--
++STRT++
800916
8037050
1164927
277576
1139706
2084973
13843046
273042
201097
861910
8104165
1181770
278727
1091942
2044791
13818851
273009
149421
806575
8079665
1226200
280027
1094808
2044984
13850442
300308
199580
806179
8196442
1171932
280130
1094695
2039479
13830459
282350
147929
807344
8069675
1210908
279796
1094810
2039485
13842162
299502
144479
805511
8060738
1214464
278884
1096254
2041878
13807003
300608
196574
803469
8118947
1182896
282415
1096677
2041112
13830421
303549
188037
805330
8140102
1211687
278451
1141074
2045257
13830992
372964
170132
802403
8139306
1171349
280118
1141505
2041629
13809692
278980
152849
806019
8077797
1169178
278546
1097082
2031165
13828767
297163
145437
--STOP--
++STRT++
802187
8168705
1172028
280427
1093027
2042954
13845732
273344
175472
803747
8117439
1167642
280903
1093958
2038959
13866083
300994
145513
805308
8132756
1177210
278387
1146735
2042328
13796616
271314
171778
808754
8105843
1169696
277642
1092971
2045240
13818731
283667
170236
843419
8046986
1264302
281509
1092914
2045457
13821424
282904
209440
806972
8074169
1171336
281016
1098926
2035170
13851122
280645
201934
808859
8118327
1166863
278379
1090457
2036612
13840742
304511
178143
812727
8071396
1227882
280781
1127742
2038791
13820011
387508
178116
807976
8129261
1171205
280752
1093518
2039004
13838179
293464
146072
810989
8055467
1172845
277971
1144511
2044615
13816433
284752
245865
--STOP--
++STRT++
804262
8195013
1169679
280498
1141022
2121979
13786670
283354
146476
843873
8180630
1187241
281107
1092803
2036515
13828239
280775
148505
813639
8097412
1171028
280393
1093762
2038249
13844031
316359
218455
885108
7967813
1180203
274608
1095865
2037879
13828391
300294
200189
805204
8250979
1257674
278282
1094601
2032791
13808800
269596
174025
805317
8191063
1168971
277985
1089242
2082508
13810168
275019
147969
904953
8139050
1174443
279204
1091966
2052162
13817978
315072
201132
817736
7995287
1202189
278179
1136520
2118612
13791056
282721
203348
814354
8111859
1213468
281696
1094678
2045142
13817819
287726
172980
801188
8066320
1210280
279005
1141224
2042557
13809573
271727
147971
--STOP--
++STRT++
807101
8147481
1178565
281027
1094636
2039448
13888347
279525
149264
811768
7997911
1171883
280127
1092826
2042494
13788426
270480
204027
854184
8156469
1172301
278701
1095658
2036315
13827205
297134
172113
810237
8046050
1171674
278416
1095313
2070873
13796201
314716
174616
807579
8005023
1256409
280410
1093898
2031740
13845035
271331
175157
803849
8164050
1210261
278235
1094031
2036232
13807537
284069
147239
807392
8124212
1183153
281054
1095594
2041874
13847951
283197
144886
802507
8036459
1223300
278732
1098535
2037516
13837038
283109
204126
809192
8048899
1171283
278776
1097443
2044691
13865637
282635
173514
800451
8150494
1257933
279854
1090763
2039374
13881321
282973
147405
--STOP--
++STRT++
804362
8209926
1195710
279554
1104264
2043618
13856077
283609
172442
806804
8083469
1171675
278752
1092401
2031707
13792288
281290
172118
805148
8205160
1175676
280633
1098515
2043537
13846074
272551
177752
806433
8249322
1169432
280680
1092980
2038740
13822271
279023
169537
805218
8057960
1179654
280550
1091599
2036277
13850232
283540
145672
800181
8057113
1166290
280938
1098340
2052194
13846429
282034
175389
802984
8175566
1178458
277269
1146270
2040222
13831435
283016
198431
808502
8184471
1171862
280824
1091828
2052232
13826749
272301
170234
807224
8139266
1178021
281638
1096269
2034418
13796305
280994
176846
829681
8197591
1172618
278077
1094454
2039256
13811462
270374
219130
--STOP--
++STRT++
808559
8063488
1176962
278542
1094395
2044614
13821402
270818
201646
805681
8004922
1210208
282632
1093464
2056605
13795787
283144
173169
811324
7973766
1178804
278598
1092196
2043905
13829018
301965
176096
802619
8190670
1175836
280818
1093873
2090028
13803110
282772
197403
807610
8084432
1215384
278478
1094753
2034566
13798386
281775
171625
812657
8051294
1168412
281365
1096722
2075853
13791499
274971
176449
890340
8159282
1203836
279814
1131127
2032242
13810895
287132
148966
803630
8186713
1168535
277923
1146323
2053304
13805386
303837
178503
812416
8099915
1196112
280795
1092124
2039409
13859321
279615
178781
807796
8249288
1260324
283001
1092514
2046801
13834183
282743
178150
--STOP--
++STRT++
802340
8144306
1173524
279929
1171072
2120945
13873383
286131
189444
806346
7999086
1177780
279661
1096602
2042900
13856776
286821
175153
803062
8153808
1182167
282301
1149942
2038555
13804789
377146
179865
808326
8040073
1181949
282039
1096966
2037363
13858338
271753
229927
811251
8181609
1185874
281362
1092287
2044837
13842229
283359
151219
809714
8021090
1196497
279708
1091205
2082820
13789468
272707
205582
801016
8196488
1185335
276621
1091991
2054826
13833629
269785
215175
897202
8056224
1215645
278741
1097518
2047163
13808103
269308
172935
801262
8146888
1260459
277284
1094735
2043658
13798215
285168
171140
807846
8041627
1196377
279256
1096808
2047540
13839919
280257
218325
--STOP--
++STRT++
861438
8162580
1184692
280207
1092508
2043116
13856527
273751
174236
809511
8008862
1210960
276293
1099619
2043141
13822327
280827
201637
815080
7996521
1228170
280136
1093542
2044119
13827391
299586
177659
814763
7975058
1165653
279401
1097645
2070758
13789124
295011
174600
798005
8110806
1172764
282434
1096547
2078470
13843769
273642
173254
809347
8131861
1218287
281410
1091885
2044709
13835409
284386
146340
803640
8193233
1166638
279705
1147638
2039642
13823347
298442
149527
801109
7992895
1180694
277859
1093779
2034780
13883363
282464
175936
892378
7960162
1171488
279316
1095780
2046372
13835216
299549
149125
814439
8009580
1182422
274161
1139411
2070968
13825791
284261
179727
--STOP--
++STRT++
807454
7983808
1180980
279663
1098935
2133447
13793221
271166
149093
802850
7988023
1233551
281854
1092398
2036385
13809347
275340
148465
810794
8035120
1232036
279475
1090764
2037459
13814065
279914
181099
801625
8184996
1173718
280708
1132192
2070566
13828134
274519
177794
805123
8147652
1170577
280375
1091668
2043394
13816866
279930
178134
799810
8023726
1225067
280547
1098370
2042094
13792926
273840
180020
816143
8061005
1176691
282130
1102987
2042681
13849138
301160
206105
798315
8060295
1168598
278566
1093247
2045554
13827746
279700
172126
806204
8204418
1214048
277069
1096450
2043762
13803287
301172
150265
811358
8147321
1169665
280233
1152165
2117320
13796441
396787
179242
--STOP--
++STRT++
811759
7994064
1197902
282921
1101826
2116974
13780596
282694
171542
858586
8211914
1199517
279909
1096277
2043506
13819288
280954
175654
814539
8028688
1203670
278372
1126620
2052360
13802181
284446
146364
815163
8195763
1169089
279772
1092079
2036314
13846248
298432
173351
805668
8038628
1184012
281312
1097235
2041194
13830602
282522
182048
815937
8156910
1220475
277195
1094385
2044422
13821083
282938
199399
818405
8032231
1206298
277369
1093602
2043426
13827507
273127
177397
818495
8157791
1206860
281435
1091209
2042221
13827509
280234
146805
808957
8043222
1167258
279540
1093161
2039270
13851013
274367
172197
810311
8240958
1260640
279230
1091635
2038652
13837701
282562
192038
--STOP--
++STRT++
836342
8065798
1169143
277892
1094317
2045864
13866785
298090
147578
806039
8024913
1173277
280782
1140187
2089177
13802173
281207
172801
806405
8204697
1172497
280110
1094969
2077479
13781825
285591
176704
899073
8055717
1169621
278163
1091552
2038871
13836400
301522
200819
800619
7981378
1182151
282389
1096808
2039399
13822179
318521
197293
800763
8208393
1218870
277580
1094915
2038834
13812992
301694
177889
803570
8053148
1171167
280325
1096473
2042160
13851273
270435
180469
891693
8055051
1220104
278727
1090443
2043817
13812924
315571
144648
802692
8143652
1226704
277693
1144498
2035984
13814415
284605
174486
848589
8035927
1170769
280967
1089373
2033573
13837726
281186
169937
--STOP--
++STRT++
802430
8023408
1171675
275028
1092675
2038932
13836697
295664
143222
808970
8189995
1170514
279146
1094734
2076341
13793800
282671
199253
806538
8050165
1213919
278859
1095810
2036877
13850201
300259
174340
802340
8065652
1166412
278126
1134203
2120164
13799539
274177
176807
810949
8176140
1167658
278439
1090788
2038740
13822944
284181
148432
800420
7964240
1171065
277257
1089454
2035618
13825802
281783
200746
807007
7978986
1187815
277638
1093025
2072246
13781982
271037
177441
804008
8053061
1168213
279775
1093457
2054476
13830277
285777
174825
809244
8016997
1176454
275644
1132474
2040206
13819251
282663
200230
801456
8129835
1165318
277410
1091407
2068338
13830238
271553
174736
--STOP--
++STRT++
845414
8068624
1185709
277635
1096611
2045292
13819767
299996
170341
809924
8101661
1169605
279318
1098257
2047349
13871422
300434
172904
807892
8247166
1175015
276213
1090709
2034714
13809346
270430
146065
800957
8053109
1202916
281049
1125912
2043082
13801957
287725
171464
803231
8037368
1196001
281868
1090807
2036001
13849700
280493
170615
799098
8012584
1253464
277002
1099248
2051830
13801086
298562
191982
802007
8145777
1180826
279398
1088777
2034965
13832923
283730
171931
808398
8064609
1210174
279846
1124829
2043530
13858491
345258
202566
807927
7968490
1169247
276740
1089262
2039342
13828795
284448
148458
800044
8095521
1175781
278068
1093946
2052413
13851142
283453
146835
--STOP--
++STRT++
803864
8189869
1183955
280282
1091958
2080933
13780610
302770
178108
803453
8149785
1215573
315373
1096282
2040695
13812805
282423
176395
809801
8138728
1231035
281439
1097374
2086494
13807203
271309
218155
828703
7985524
1165942
278130
1093662
2036349
13785913
280369
146417
804432
7987221
1214065
279153
1094696
2038067
13824789
271496
172676
812810
8026864
1180700
281096
1091581
2037412
13780855
284467
198741
816603
8182845
1228641
281554
1092813
2046362
13810275
299292
201064
801093
8205970
1224439
351645
1103923
2040010
13822711
270657
173231
807206
8184909
1178833
280046
1090430
2038191
13839670
298620
202435
804484
8093187
1258680
283446
1093324
2046138
13842298
280950
202227
--STOP--
++STRT++
802016
8124178
1179524
279619
1092206
2044983
13838435
279530
203968
802145
8150678
1169040
279075
1137395
2095728
13796101
300032
170089
804350
8028682
1214707
282292
1096609
2042136
13822043
330590
174335
809248
8084777
1166576
281070
1091434
2073823
13787975
272517
202160
800008
8191474
1169605
279491
1096707
2031643
13839628
312907
172257
896925
8034032
1172342
278523
1090932
2044155
13877943
272253
178732
805937
8183731
1173198
278589
1092111
2090603
13805264
272623
202465
810411
8003593
1219068
280207
1093925
2043153
13809845
273346
143549
810205
8136203
1168550
279387
1145936
2036727
13800407
278793
149613
807212
8234636
1213380
280069
1094732
2034026
13821698
281970
202306
--STOP--
++STRT++
802375
8101257
1169869
280060
1097114
2116737
13808830
308153
175826
805133
7986708
1178047
279590
1133751
2076911
13811554
274012
180579
807347
7969342
1171163
279012
1091113
2038640
13909325
285567
215285
848750
7973099
1171330
279051
1093186
2037322
13826557
272479
202349
810599
8132062
1172740
281432
1090483
2038647
13826005
282987
174332
806627
8082447
1184241
283487
1097328
2038588
13809620
299924
205127
803621
8178814
1200339
281375
1097542
2040262
13834705
273199
218181
809534
8191432
1169670
280928
1093112
2054006
13865111
269975
146146
810173
7982342
1168168
279249
1094386
2040240
13842357
313499
202591
814550
8142763
1213418
280617
1147929
2037464
13825899
273718
204441
--STOP--
++STRT++
808129
8201323
1169235
279125
1090806
2119829
13790498
296710
153650
806295
8219262
1196779
283203
1095149
2037728
13831430
283201
176182
805787
8049143
1168438
278822
1093744
2084776
13794545
269732
146828
803926
8040817
1194841
278336
1099391
2119639
13804006
282824
200443
808144
7998006
1183783
278678
1090741
2045365
13818359
282639
199323
805832
8103786
1168612
280377
1092969
2071362
13844461
280888
146035
801827
8044551
1173438
278520
1093041
2036287
13875722
278522
171106
800514
8068547
1179756
279746
1091416
2029312
13834634
273967
176964
810096
8067467
1221621
277352
1095713
2042424
13810810
270365
171613
812715
8209464
1231441
312962
1097224
2035841
13803345
285485
192760
--STOP--
++STRT++
799811
8134513
1214832
282017
1093005
2042524
13844408
276427
183718
806624
8089603
1171783
283604
1094313
2040386
13826513
306307
176642
813462
8044304
1173492
279755
1093600
2044108
13810176
280366
172408
808812
7987721
1171725
282925
1092360
2073712
13790700
268722
179003
805189
8028901
1169770
279708
1104216
2038528
13794281
300403
146557
889304
7986422
1172709
282294
1096882
2039234
13826619
271197
148165
806209
7979691
1198186
281822
1091950
2081471
13814496
270235
176916
802754
8132331
1181506
277379
1097625
2111162
13811127
283683
170194
903221
8172425
1171452
278021
1093767
2038102
13829846
284973
173176
812851
8126429
1176731
280050
1095609
2064792
13803416
286437
205561
--STOP--
++STRT++
803478
8185350
1167588
277556
1095746
2072728
13780695
274589
202919
808503
8207250
1172613
279648
1097633
2044388
13805122
269919
145495
809911
8174834
1176082
279025
1089557
2037179
13821800
281679
144293
806769
8073746
1166249
279489
1093410
2076812
13786377
283323
151241
800312
8188138
1171462
280036
1091192
2039334
13800291
331919
149545
898587
8100034
1169032
280560
1091386
2040727
13833295
297603
203817
805811
8054726
1255008
280588
1092540
2050420
13802202
301892
181519
817337
8034419
1181160
278529
1132333
2065906
13800854
372551
198129
805358
8032665
1169926
280064
1101585
2043633
13825906
272043
168531
801884
8254329
1183576
281017
1090344
2051000
13816754
281404
173893
--STOP--
++STRT++
800967
8112965
1168839
281164
1092787
2045385
13895251
281948
145130
804755
8079917
1172630
281098
1138495
2042232
13831690
361278
176565
800363
8066765
1210249
276374
1094956
2045001
13799920
272966
176685
806986
8186300
1167820
280486
1097562
2075503
13782883
300239
146725
816570
8060372
1210868
275187
1130425
2043840
13803285
364116
172459
804381
8060080
1182375
280738
1091437
2040213
13838836
283230
149024
805894
8013220
1221255
320057
1095466
2038495
13814591
284660
219780
816186
8175495
1182012
277817
1098465
2045852
13816699
283311
216968
806043
8122748
1184821
277537
1142029
2093333
13806868
271647
146821
809382
8067462
1168632
281162
1091751
2036991
13847347
299520
147763
--STOP--
++STRT++
802230
8145481
1253810
280189
1096877
2047628
13803751
282503
177381
808272
8049464
1171160
280011
1092854
2038825
13837934
281227
200439
799414
8052923
1207712
281685
1091868
2037242
13813376
270230
150610
805778
8101229
1176545
277860
1098365
2037556
13823508
304618
171728
804745
8031879
1224958
350464
1091362
2039063
13803474
303315
175606
807711
7978745
1169810
280428
1092508
2044199
13877223
282264
148580
806943
8219951
1216071
281918
1097791
2053573
13840245
282550
172881
799791
8186054
1246481
280394
1136174
2047687
13830707
331180
180917
810307
8185258
1169796
280782
1093029
2034498
13820922
281290
177519
816161
8123607
1178610
279072
1092645
2044152
13858610
275539
217383
--STOP--
++STRT++
798943
8030531
1185623
280723
1097729
2123662
13792088
286985
202015
803468
8242072
1212761
279743
1092584
2046100
13832432
279044
171906
812106
8118419
1195597
276033
1093259
2042348
13835508
297419
201187
809629
8012443
1224652
356218
1135341
2039565
13839097
286483
198420
802245
7989947
1170313
277925
1096508
2119834
13807507
279421
177448
807694
8078128
1193693
279203
1091938
2038224
13825379
280169
177545
800899
8189246
1175200
281138
1100992
2040074
13801626
298587
172103
809548
8157448
1188028
277736
1090164
2044147
13815166
298036
145241
812479
7977929
1170013
279705
1093662
2044000
13867567
272519
172432
807199
8242529
1171371
279961
1090496
2031748
13845505
298179
174933
--STOP--
++STRT++
799150
7981097
1167283
279962
1142840
2116747
13790893
382767
217850
804242
8152479
1174244
276106
1102734
2099359
13815318
327071
173191
810241
7996362
1170838
279998
1143068
2045884
13803803
276954
233295
812064
7970742
1167008
279064
1113339
2038423
13851672
270379
200776
812028
8184151
1168590
280223
1090345
2045308
13858217
281120
200092
805709
8236626
1218263
279586
1091261
2100652
13801433
316979
205413
815310
8087218
1173344
279469
1097652
2126532
13797141
283456
170375
808798
8116576
1172992
279611
1092218
2035814
13813535
298178
178677
807866
8095073
1257848
280614
1096213
2036110
13802447
271492
217439
804008
8187847
1168974
279077
1091598
2036030
13826831
299193
147546
--STOP--
++STRT++
804544
8142644
1180858
281597
1092789
2047635
13849091
300155
148333
816922
7995053
1168964
277734
1096757
2077785
13785071
283179
217041
810301
8035465
1166622
281099
1097919
2046064
13834772
282040
178936
850669
8160555
1171105
280933
1095602
2035074
13807772
272994
202915
817111
8196569
1255131
277768
1104802
2045044
13822566
268145
168844
805900
7991855
1177556
279297
1090552
2069816
13787828
315483
169406
800981
8079073
1171404
282909
1091961
2121071
13782860
280643
203831
819840
8060329
1187180
280914
1098033
2033162
13845867
298809
145329
816180
8040685
1170522
279142
1092264
2039560
13847095
279922
199929
810351
8042897
1209348
280035
1097232
2036173
13834490
280617
150445
--STOP--
++STRT++
804014
8099051
1265092
281377
1098265
2045462
13856663
283181
168438
806547
8148670
1170910
280470
1092820
2032462
13835859
284273
200299
805238
8202936
1215380
278473
1096311
2031267
13862738
281367
224672
807210
8189704
1185521
279953
1090774
2038673
13824848
280772
176341
808965
8245345
1179352
278964
1092610
2042376
13824376
299827
178771
810284
8073079
1187903
278159
1091292
2127128
13791160
298109
148315
889788
8200763
1216100
281507
1091214
2038091
13817145
285134
175177
801594
7994968
1221453
355315
1095399
2035436
13806738
299875
188327
811885
7977695
1178050
279554
1097074
2046580
13836270
283350
197907
812168
8183360
1231901
278348
1094092
2046555
13817986
299200
144276
--STOP--
++STRT++
802894
8142405
1167876
279054
1173704
2081316
13871845
366908
146643
886972
8041269
1169565
278263
1093164
2050747
13830791
284343
170847
811724
8205958
1171613
281637
1141335
2073856
13794241
317610
202409
808065
8096899
1177820
279722
1093653
2068611
13845297
271137
175324
805536
8053370
1205256
281161
1094515
2042855
13818936
280328
144692
803246
7984646
1182867
278239
1093581
2082288
13793507
280053
172350
802718
7989476
1221405
278353
1095023
2043550
13806852
282417
148037
815494
8080040
1199394
283480
1097931
2073177
13798490
282521
176269
818932
8052679
1181634
278975
1096350
2035451
13884320
279495
178914
893708
8042639
1182098
279365
1090384
2044870
13839262
282839
172130
--STOP--
++STRT++
804380
8150441
1209348
280392
1096206
2045821
13821495
282957
204092
808027
8037957
1171504
282567
1096306
2039119
13852353
270455
147796
807264
8191871
1173397
281852
1097379
2039085
13806719
298791
148542
801150
8141982
1218568
282040
1101006
2053469
13823731
296588
175585
811792
8059781
1185264
281378
1091704
2036465
13832217
296284
148215
808452
8178937
1169809
280467
1090518
2045818
13885491
285647
143766
820089
8195603
1216002
280258
1147085
2040629
13809864
308819
221446
803979
8245033
1202214
278578
1144915
2032993
13823553
284189
147530
809073
8093463
1168953
278330
1090009
2054170
13839370
315209
175581
802380
7975598
1178641
279858
1091996
2044741
13824332
281600
148055
--STOP--
++STRT++
845788
8065712
1199862
281057
1096517
2044334
13816139
275168
172919
805814
8183867
1169743
277622
1092017
2037198
13862731
272694
147018
804319
8169949
1184020
282080
1151230
2047551
13800039
317197
151536
803058
8253394
1221387
277713
1092107
2036941
13822915
281957
152320
803910
8211147
1168307
279333
1147186
2043193
13810971
283869
176565
807037
8249877
1218607
277734
1096986
2037756
13821905
271535
201317
804444
8182041
1245778
281787
1095392
2044387
13798583
284609
253315
801817
7990632
1175828
278603
1092876
2040966
13821860
282420
144808
807166
8154118
1179397
280412
1142432
2078227
13806056
279143
170977
804017
7976276
1169341
278989
1092575
2050499
13846990
286018
148194
--STOP--
++STRT++
798540
8061658
1206940
279399
1093922
2037457
13846534
284263
202879
806143
8063230
1171238
277759
1093498
2045628
13852974
285632
148706
802468
8245694
1206424
282940
1094801
2035793
13812543
295857
176766
811259
8160585
1218996
278554
1096243
2068410
13797130
282274
227358
812815
8141864
1183746
283253
1097729
2052108
13837240
283305
147185
799640
8185002
1178663
280586
1091807
2041078
13832034
297356
147641
800204
8215586
1218194
279841
1092632
2046126
13821275
285881
199964
810646
8062436
1173637
279034
1089351
2036191
13818628
316296
203422
804310
8228351
1183961
280927
1095230
2044198
13839933
273322
173427
809466
8153346
1167113
282483
1131300
2128246
13810255
364819
146443
--STOP--
++STRT++
855482
8196087
1174466
278499
1093376
2038041
13799791
270652
177615
808439
7974450
1171341
281115
1097727
2044702
13825480
300190
201712
801125
8155796
1221434
278880
1092367
2035588
13803437
284130
199849
812577
8115129
1169033
274271
1093474
2043736
13781450
271658
145606
803604
8043598
1195861
280433
1094666
2033609
13833223
280821
203244
812852
8239181
1265458
283033
1135026
2037044
13827495
280918
149444
808987
7981192
1171976
281876
1094841
2053822
13841401
272246
176964
801277
7994566
1213267
312693
1096032
2043401
13833316
286427
174285
812353
8047410
1186817
279880
1093439
2045072
13818722
297083
217812
803895
8020061
1274145
278666
1096750
2033633
13835035
281137
200849
--STOP--
++STRT++
800500
7991911
1169496
280617
1145050
2120915
13780474
300645
174684
859772
8101832
1181859
279359
1091891
2036563
13820219
282268
199923
799704
8099681
1177699
279968
1090339
2038607
13822580
279823
170768
803398
8042918
1262483
277681
1091724
2076668
13819661
282178
177075
803132
8215178
1218248
279550
1089562
2045152
13815696
280326
200661
816945
8064108
1193438
279517
1097270
2124022
13795700
282847
225045
803150
8164016
1179466
281380
1093040
2064595
13809288
272637
203727
812861
8028050
1246814
280614
1097570
2039389
13822302
281919
178638
805630
8123761
1175999
278832
1096344
2041608
13854445
279586
216747
813600
8058388
1223434
315764
1099466
2044655
13823995
281489
174490
--STOP--
++STRT++
800020
8197534
1180633
275749
1139120
2076364
13860680
367957
145679
862426
8176642
1172712
275761
1093110
2044452
13828681
280033
200648
809799
8060734
1170778
276738
1137063
2118061
13786289
280464
180296
815389
8113952
1182871
279690
1096891
2038396
13900599
271543
217454
804342
8019162
1204468
280110
1133771
2037547
13841009
291161
180342
808817
8155971
1177283
279029
1148204
2129160
13816505
287430
175650
807095
8175773
1173028
279884
1096475
2045766
13822977
281903
181540
806036
7968342
1171101
280672
1094688
2071971
13783204
272924
176666
802913
7992673
1179121
278302
1095751
2044604
13839711
270188
170058
801626
7977875
1176946
279184
1091864
2035869
13825751
281467
175443
--STOP--
++STRT++
847410
8197038
1178060
278744
1098248
2044177
13803732
280238
151062
807067
8148428
1172383
279674
1094507
2039413
13874203
280170
149217
805842
8220152
1172636
278660
1093163
2043697
13809022
273260
179548
811694
8065016
1178012
278788
1092933
2125606
13791002
270802
172284
800642
8126199
1171460
280104
1090657
2036260
13842446
272592
201941
893683
8182738
1171719
276903
1092498
2045861
13823496
272824
149262
800571
8120088
1167489
281738
1092721
2039923
13840433
272670
145728
805355
8063257
1257022
280500
1092298
2038727
13800237
271100
203028
804138
8068021
1214237
278142
1141686
2043137
13848323
304450
254199
803102
8216193
1204442
281676
1097441
2044145
13823352
293471
169813
--STOP--
++STRT++
807992
8050561
1170497
277406
1089335
2074824
13781204
282279
177403
804722
8237823
1217015
279926
1096789
2046207
13818833
321531
172312
804868
8225238
1180215
279615
1090879
2037941
13824456
285328
173858
806912
8000098
1172862
279326
1093428
2073073
13789700
268769
144703
801664
8064477
1177963
277611
1089785
2038943
13844869
283399
146991
817425
8006574
1250244
278570
1090986
2046388
13801885
280836
177103
809975
8039502
1218014
279426
1100816
2041044
13808509
273877
150568
804092
8086321
1177570
282333
1090533
2040315
13847099
272566
178537
801987
7979795
1165947
279061
1091273
2038939
13850336
300405
146109
824787
7979012
1196209
280836
1092122
2035952
13809652
280082
199175
--STOP--
++STRT++
802843
8126222
1195277
281798
1093865
2044715
13877281
284596
179931
803208
7994172
1176916
280678
1142622
2044077
13857159
272164
144707
806772
8087866
1230509
280177
1094790
2038046
13823628
281664
146446
814795
8067162
1233350
280346
1091615
2044074
13824476
272252
201709
799989
8206476
1220888
279822
1093694
2038941
13822489
279638
173444
815158
8190504
1167160
280663
1092874
2039195
13793735
271608
144681
808839
8111462
1183474
278721
1092864
2043843
13841661
280917
147599
802206
7992172
1213464
276097
1142382
2042357
13855799
287970
230770
807689
8038018
1184339
277511
1091549
2039048
13841357
297284
218218
803433
8028602
1167048
277908
1108769
2046850
13839683
301450
147765
--STOP--
++STRT++
804198
8205390
1171276
280847
1178430
2080537
13849598
346135
174313
848509
8151221
1171604
280426
1091166
2045157
13847436
270224
176966
804179
7983132
1175517
279851
1093677
2039524
13816729
280541
174067
807628
8194513
1223227
365332
1094600
2030463
13815391
270302
169417
801930
8149025
1178011
281014
1148069
2042793
13806336
278958
217812
807505
8193070
1171331
279224
1093579
2037221
13828779
266983
175130
808412
8044683
1183682
277069
1096240
2052604
13845775
271669
200182
803894
8118271
1171886
281780
1097221
2042832
13844777
302652
144864
805174
8001253
1170248
280048
1145907
2038970
13826644
333265
145505
801817
8069724
1166944
278698
1090574
2129865
13803308
281627
173922
--STOP--
++STRT++
810999
8121193
1169357
280008
1103424
2038595
13865555
279863
147974
813587
8114115
1170573
279351
1094063
2043645
13813877
301621
174230
811619
8097359
1202575
279287
1092969
2040567
13818063
281528
149019
814746
8048663
1172862
281827
1091920
2079960
13789740
269953
180003
884349
8139427
1227113
279309
1105707
2031880
13817682
299203
189703
801105
8172251
1225113
280454
1126850
2038372
13802150
383517
149346
803563
8186899
1170842
281344
1093922
2030917
13810956
283041
144735
806434
8211983
1199235
280413
1128847
2042724
13823618
420242
176008
806587
8142472
1169395
280699
1095907
2044156
13869703
283596
176044
818237
8129193
1169017
277942
1091386
2037769
13826025
315334
201089
--STOP--
++STRT++
850312
8146884
1186736
280112
1096510
2039615
13864274
281915
171027
814830
8228921
1233557
279781
1097868
2038569
13823646
295397
149291
806166
7975635
1171114
279106
1093075
2041819
13841831
270707
143351
805478
8132685
1230078
282426
1096078
2033126
13811319
281873
172822
806146
8183705
1244437
277509
1100314
2030085
13818068
274638
175473
804883
8060218
1166463
280200
1099318
2038265
13828635
305610
177935
807371
8062576
1217855
281268
1096742
2041677
13808974
288354
250652
807914
8241206
1214983
280882
1102116
2040679
13879623
317626
215413
798626
7997387
1232047
278761
1095530
2044157
13807680
314565
144880
812192
8128284
1169539
279911
1092160
2039164
13837652
279379
178095
--STOP--
++STRT++
805534
8079688
1170856
278846
1097264
2035011
13887939
282116
178459
801659
7992466
1176016
276773
1142670
2083552
13783475
315267
229088
799344
8106193
1173665
278454
1089799
2045826
13782734
269737
202212
898560
8044161
1171743
279369
1092980
2043971
13848851
272465
172812
885930
8103658
1173343
279079
1103488
2043453
13832840
272143
153583
806247
8107907
1175534
277512
1094681
2043474
13830516
281972
150478
805254
7966007
1171533
282322
1093190
2037636
13841367
271652
173162
810151
8018716
1227506
313303
1095181
2044863
13843523
276548
208542
809594
8036060
1169327
279234
1092545
2040177
13837757
280255
147144
804904
7999974
1169750
278021
1092677
2039427
13835646
271664
142855
--STOP--
++STRT++
804490
8073063
1217857
279214
1091442
2074445
13802183
273831
180233
802825
8192764
1255912
279830
1093214
2044951
13818441
281273
205482
800899
8004562
1215435
279741
1100882
2039029
13811270
282476
179666
808546
8024457
1197999
277938
1094203
2042616
13788638
316702
176693
804506
8224172
1252579
280060
1094094
2040945
13839387
275047
177156
805231
8067451
1222782
356741
1094125
2038037
13813690
271998
216836
812505
8218697
1225108
281146
1093588
2040470
13819622
297567
144251
804997
8249702
1212999
311497
1094673
2044709
13840118
302215
145962
813469
8034664
1171426
279115
1092372
2041506
13865924
296303
173261
806975
8240850
1267712
277670
1095372
2045845
13803822
282325
201189
--STOP--
++STRT++
800680
8133942
1171392
281905
1090483
2052387
13871606
269636
172501
808215
8231803
1180548
281913
1091645
2040031
13818535
268536
177411
807299
8161095
1170054
279852
1093088
2077307
13798608
284859
146389
824517
7981390
1170686
278438
1092623
2051835
13834672
302243
169121
886092
8089719
1169246
280027
1089838
2037894
13842288
282908
172249
808795
8216301
1166662
279211
1135875
2076422
13811809
279989
142987
896083
8111008
1170104
279441
1090182
2043314
13821540
270883
173913
802645
8178855
1165355
277031
1141962
2039821
13809334
365593
168637
807392
8186195
1171247
275620
1089864
2052048
13848086
284662
200997
800822
8180037
1166004
279361
1095479
2036726
13866917
272488
171729
--STOP--
++STRT++
800270
8130895
1170338
280236
1093492
2039641
13860668
279215
146256
808046
8242558
1167494
277994
1133250
2141829
13847379
369759
145156
808807
8167787
1235192
276860
1130176
2040208
13816212
390912
204583
801590
8193181
1167822
278313
1091808
2077406
13803947
272531
148621
814523
8096573
1183860
281627
1097108
2035766
13822319
299625
198494
811252
8095030
1171116
282489
1092577
2070624
13796038
282008
177524
800408
8076799
1167564
277914
1091443
2044136
13825127
283880
177015
908574
8119488
1172235
280427
1094041
2033349
13838781
280217
149724
825018
8050629
1194764
278867
1092055
2069903
13822895
272694
199697
799694
8254250
1167764
280006
1092005
2075767
13800559
273642
179479
--STOP--
++STRT++
802812
8166276
1170689
279527
1094015
2037214
13854662
279402
145825
821686
8046431
1168697
279690
1152172
2075920
13794653
315154
190048
806359
7970154
1170339
280299
1097333
2044733
13826858
299708
147902
816220
8012050
1236509
277007
1098011
2036697
13801832
317254
217241
815536
8149719
1172417
277699
1098550
2039410
13830124
270534
175118
802778
8118064
1167427
277409
1093030
2035637
13883299
281095
176814
804049
8065964
1173184
278023
1092572
2075210
13820433
283361
205592
804663
8056847
1196175
278227
1094144
2037620
13833905
270620
201358
807255
8203285
1171854
279838
1148522
2040939
13824801
399758
174020
808819
8099823
1179954
278894
1093271
2045255
13825336
268648
189149
--STOP--
++STRT++
797871
8029589
1169694
279943
1143255
2119447
13790143
297323
201956
857127
8226656
1181940
279074
1095028
2035296
13820125
270690
174679
807289
8051518
1178595
280871
1093589
2076025
13785760
282311
145107
804099
8159774
1171008
279818
1091048
2037629
13843041
271412
150318
808670
8258674
1170043
280275
1135718
2085548
13821329
340857
177175
810739
8086961
1207057
280982
1092991
2044275
13823044
281503
175074
809602
8041473
1187533
280211
1093897
2038238
13836645
314392
174668
801416
7967154
1172052
284354
1097362
2045036
13869697
283530
145162
805973
7975519
1170715
278587
1095863
2044423
13807255
281103
171888
803898
8215085
1253798
280799
1093306
2037917
13830620
269386
144952
--STOP--
++STRT++
807118
8069675
1185869
281797
1091137
2043475
13867915
281307
170785
803520
8075204
1168309
279793
1090247
2081004
13791186
284184
170759
842675
8054405
1171793
281225
1091385
2043521
13884707
275813
219465
803527
7999293
1171381
283199
1143485
2046128
13794133
305230
202883
808249
8046313
1171950
280725
1092517
2044690
13845081
283775
148410
811534
8073702
1242315
315528
1099732
2042845
13831194
277471
225563
812487
8175500
1282379
328335
1096710
2086241
13814264
294737
203097
807829
8071907
1197340
280572
1149975
2114685
13812494
272741
226999
815643
7972028
1182791
281764
1098539
2044471
13840182
295636
200557
803450
8164431
1222800
282217
1112298
2035565
13843533
273538
173241
--STOP--
++STRT++
804128
8038639
1170248
278996
1098238
2037401
13876571
280136
145615
828169
7993510
1171133
280184
1090731
2045547
13842692
281669
198720
812513
7989850
1171209
279609
1135466
2046122
13804952
376149
146036
812992
8101256
1183868
282312
1093799
2037036
13838304
279947
200319
801086
7996210
1224283
351937
1095476
2038082
13875227
270956
148218
798886
8067905
1168743
279024
1144631
2127404
13807409
388370
174579
804616
8034059
1171565
280707
1092364
2039547
13835587
298646
173753
831090
8073583
1171694
280890
1093148
2047094
13839740
299258
178858
808620
7981312
1170940
282959
1089985
2077421
13847329
314303
175052
844005
8107439
1169660
280077
1090385
2043018
13846009
271486
175917
--STOP--
