++STRT++
2346083
23562107
2416699
564003
2272740
4161202
38111829
659201
451699
2343813
23470580
2361030
563813
2268587
4159013
39201023
658336
460085
2531703
23460753
2359675
563977
2272237
4153361
38385107
663050
451000
2354165
23496942
2407293
621717
2269734
4155208
39782527
667981
456125
2468991
23606076
2359891
565835
2272902
4167899
38260220
669967
456778
2572086
23450837
2359308
564425
2271024
4215267
38161203
662600
454266
2451739
23568708
2363825
565144
2304706
4111666
38600215
670551
457325
2415152
23446555
2361602
565606
2274032
4157228
38117622
665414
450062
2539622
23536823
2364360
561529
2271601
4205798
38119907
658222
463653
2469959
23586727
2360290
563020
2333856
4126373
38234322
676024
474232
--STOP--
++STRT++
2470666
23591029
2361556
561870
2301181
4107694
38102298
657855
452377
2527492
23523823
2360805
561542
2268579
4142490
38149794
657981
455137
2423725
23594925
2357722
564163
2295534
4159931
38945654
666271
454262
2458718
23515400
2362982
564359
2270837
4157532
38139165
663025
454555
2656471
23479515
2360176
564951
2329980
4110667
38159331
663314
460266
2365915
23568585
2363162
562725
2272591
4161262
38537520
665645
454961
2408388
23523442
2360872
565715
2273814
4148755
38089720
670266
460245
2418652
23448961
2360004
564336
2269763
4204464
38217303
660798
454019
2485647
23558102
2356218
560294
2319047
4110084
39848647
667841
465019
2405754
23477570
2415202
563217
2270163
4208671
39830707
662682
468898
--STOP--
++STRT++
2432179
23548699
2359011
562104
2269043
4112268
38173203
705130
519184
2455568
23581593
2362951
561772
2273108
4108156
38142900
673039
460218
2404651
23530318
2401081
598328
2270247
4112935
38123616
661945
458432
2351499
23536327
2362882
565306
2267523
4161879
38133471
663654
452544
2468871
23577107
2361985
562102
2317686
4196193
38303362
666636
457130
2343289
23588759
2362439
566548
2269766
4161692
38287205
663362
459406
2393996
23504851
2401549
563989
2267003
4175873
38189804
663993
459099
2422045
23483619
2361699
563020
2310595
4124045
38162984
658107
452394
2595014
23471475
2362491
564908
2334672
4113845
38184850
666760
458980
2479539
23440480
2357762
565098
2270422
4157902
38508336
658878
475914
--STOP--
++STRT++
2353420
23541190
2389428
599922
2275227
4180638
38128847
664684
453901
2412858
23461433
2360590
559270
2269208
4155269
38240320
659640
468237
2466352
23488112
2358868
561878
2318728
4113780
38322468
666565
452898
2438483
23418280
2362264
564752
2274100
4170445
38190461
664210
455731
2348242
23479179
2357896
562731
2272196
4125867
38179156
670798
458924
2349101
23450910
2360914
563182
2273743
4147985
38146906
660536
468998
2460619
23559634
2360705
565890
2303332
4111795
38487992
664220
453279
2401302
23587425
2356545
559134
2269010
4127301
39009079
709463
492806
2354144
23494739
2364006
559713
2302517
4111381
38237360
655843
458791
2387086
23470631
2397013
561996
2271787
4213391
38146290
666649
476537
--STOP--
++STRT++
2392174
23585080
2362114
563252
2324015
4122461
38198051
662378
453226
2540770
23469536
2359890
563065
2267396
4196270
38150040
664545
452445
2396566
23520386
2361453
560305
2272549
4161565
38849273
662243
452583
2369151
23508495
2361986
560837
2274210
4112148
38102126
659546
495158
2401052
23469300
2364330
563590
2266196
4193366
38144136
661660
504389
2391747
23571084
2356949
568661
2273621
4109898
38111630
663922
462633
2390495
23556148
2363888
565421
2273398
4113893
38118617
714731
493179
2507854
23551574
2363496
564421
2268928
4162386
38446611
664132
455122
2523058
23536042
2357699
561138
2311119
4127982
38207617
666572
464375
2454898
23607133
2358543
563055
2322349
4115061
38202329
667821
473445
--STOP--
++STRT++
2468317
23574938
2390307
563080
2269484
4185835
38138805
670650
462437
2470985
23629199
2364794
566373
2271512
4174237
38095204
663593
467836
2490785
23593818
2363088
565904
2270136
4170582
38210534
664017
457614
2515651
23493225
2360997
566577
2328675
4125320
38162145
657332
456279
2501796
23651801
2359865
564614
2315961
4109407
38938906
659551
457434
2388861
23571513
2412617
561792
2269231
4175289
38132802
664379
454048
2433723
23480363
2359727
565884
2310751
4164994
38256605
662183
455670
2365688
23553957
2391693
564954
2293561
4160634
38947411
656542
456037
2382592
23532296
2359322
561202
2267954
4176648
38263619
666826
462863
2442942
23576676
2357166
561167
2330588
4121670
38289660
674157
468010
--STOP--
++STRT++
2420530
23597790
2366330
562100
2270477
4171812
38244258
682474
454813
2388384
23520169
2363133
564506
2271180
4174825
38192911
659793
458805
2429939
23417022
2359873
559481
2272068
4179638
38194612
656452
452344
2406243
23465017
2363019
563616
2328551
4123546
38182524
669151
455409
2433160
23461026
2359913
564616
2271298
4205600
38117987
658014
454394
2680537
23542030
2366660
565800
2272007
4173440
38196899
658357
453088
2466659
23547514
2361744
562690
2359831
4124780
38203502
660762
460126
2393793
23514886
2394917
563986
2271068
4163499
38159996
660990
459799
2471349
23622409
2359154
561001
2332740
4125966
38164498
660567
458345
2523493
23577619
2356482
602811
2270515
4158477
38477086
672866
467264
--STOP--
++STRT++
2467660
23630956
2360092
564541
2301867
4188240
38154886
663660
456565
2397240
23563486
2362783
561225
2268206
4154273
38154158
667750
453052
2428125
23631220
2360548
566829
2332925
4121572
38320095
667420
452872
2368390
23496240
2359484
562000
2275316
4122482
38157694
732677
545907
2395847
23581908
2358440
563302
2268278
4167157
38113324
673939
458736
2506151
23625863
2357011
563929
2270799
4151150
38192042
663064
455599
2360240
23496130
2361616
564585
2272842
4150212
38112274
658215
457170
2447765
23555819
2361458
562020
2318890
4123957
38162604
661110
458129
2556149
23479336
2357820
563134
2267024
4171539
38110050
652771
458282
2377370
23565227
2359202
562878
2328823
4180187
38148351
658528
472098
--STOP--
++STRT++
2474847
23524001
2412514
565425
2268772
4149349
38103372
666477
454674
2356390
23628494
2360098
561903
2273760
4163750
38155309
663726
452552
2383312
23485649
2362746
566048
2271182
4159017
38483375
670121
451988
2478058
23611531
2360256
559389
2273422
4154419
38160147
670421
455822
2352716
23410462
2363362
564926
2273634
4169428
38138836
657683
463542
2372307
23458485
2357986
564845
2354086
4148040
38172169
681495
456589
2406860
23499397
2364883
564289
2272575
4169308
38170814
674778
463703
2632752
23554546
2361873
562567
2356114
4112390
38244213
658007
461618
2415032
23456333
2358343
564117
2267841
4122411
38122325
726333
470275
2415596
23535845
2363872
565903
2267895
4183479
38157237
666160
474760
--STOP--
++STRT++
2525930
23525664
2359182
570021
2327835
4112169
38309359
674616
445159
2445082
23453749
2359640
560966
2271563
4153763
38207034
660405
455223
2456456
23466199
2364596
569179
2273586
4208189
39152747
665255
450904
2535534
23496851
2358971
565289
2273386
4108867
38929101
659643
537765
2498356
23411217
2357092
563355
2275323
4161965
38218945
667131
457762
2514763
23494466
2359927
563701
2330226
4191953
38155024
664575
458273
2480495
23477049
2359827
562637
2318152
4109313
38449401
665715
454413
2606410
23469340
2360320
563594
2271360
4193212
38162944
661602
455480
2593877
23592538
2359458
559203
2315718
4124076
39123680
717163
555627
2379806
23488506
2412266
563330
2271465
4176101
38144377
659614
472210
--STOP--
++STRT++
2488936
23633796
2360916
562794
2304954
4104976
38215702
656969
464578
2695714
23566723
2354776
601834
2274221
4158644
39887572
666100
456919
2357152
23545461
2397833
609243
2271286
4123490
38098211
708718
544939
2459128
23535175
2363966
560730
2272245
4169713
38216657
660961
457033
2622615
23566974
2362508
565994
2333771
4112097
38195361
663000
460961
2467274
23576852
2395195
563088
2269328
4170144
38111300
679598
457264
2482155
23555802
2363675
565106
2323840
4125295
38171213
659916
449697
2441285
23664142
2392460
560180
2271720
4189382
38420567
661757
451934
2367059
23411523
2356508
563507
2266825
4162007
38101721
658791
464236
2665242
23403238
2360431
563734
2317230
4163432
38118314
661626
458992
--STOP--
++STRT++
2519725
23612547
2357080
559565
2271922
4107391
38085182
659595
452569
2453582
23596027
2360900
559448
2269799
4149222
38558357
659780
455415
2429453
23424878
2362428
562704
2270391
4157079
38410840
662896
451168
2612247
23451994
2365299
565042
2320237
4115055
38149504
662776
457567
2559081
23626216
2394464
565036
2267109
4159936
38095126
659759
457196
2485539
23589142
2363990
564527
2324208
4112721
38168757
661309
453648
2459122
23544095
2362891
563178
2270532
4174597
38126242
671601
454837
2536389
23464766
2361004
568057
2319320
4110178
38167230
658712
450243
2551646
23653691
2359353
559979
2267400
4161301
39836258
657526
465182
2459245
23572964
2361735
560797
2275027
4124356
38206600
764916
475999
--STOP--
++STRT++
2442551
23623289
2362098
563675
2270472
4156383
38193110
662512
453340
2467233
23473581
2359980
565806
2323137
4124466
38499903
657134
455259
2435872
23512941
2364799
561986
2267366
4192472
38136675
659690
455754
2507073
23549762
2359099
564601
2327128
4123552
38170578
679363
458019
2425648
23584613
2359765
562175
2272334
4168756
38429216
672422
455537
2563004
23598125
2429013
569994
2272326
4165298
38087066
678462
457160
2465480
23480463
2548370
564030
2271625
4158803
38117865
666803
458974
2530014
23679731
2361457
566127
2271884
4206745
38944678
661310
458343
2611734
23457881
2362774
564836
2336479
4124669
38146935
661024
455890
2356111
23496460
2358864
561953
2267556
4197801
38181894
673745
468744
--STOP--
++STRT++
2383780
23615660
2360155
565092
2287837
4107731
38898269
747083
456572
2394700
23577316
2363853
566215
2273969
4110614
38470079
720428
462800
2354714
23486105
2416762
563160
2270945
4167815
38123527
665888
452806
2420637
23403903
2358347
560382
2268639
4297936
38136815
672553
455691
2322806
23544241
2363111
562306
2271359
4124727
38398923
726181
543661
2377834
23504284
2406823
565972
2268534
4185978
38145213
665911
455328
2478697
23622877
2363295
565430
2268150
4200355
38421842
667658
450656
2585988
23476411
2362842
561364
2301952
4113517
38231502
661528
453364
2539038
23499141
2359459
565070
2270051
4164000
38140143
658737
464375
2477728
23583548
2357469
560191
2326402
4125491
38303483
659587
471181
--STOP--
++STRT++
2492016
23630988
2407287
565740
2271745
4151298
38103627
662519
457573
2393342
23521854
2359904
562549
2270793
4161670
38168708
670902
456865
2403836
23511283
2363496
567361
2302399
4152398
38162741
666717
453171
2571871
23467892
2360306
562154
2274192
4175250
38166957
661713
459219
2422542
23604570
2362322
564876
2269372
4165052
38138569
662443
447914
2356194
23499614
2365461
560316
2272197
4125873
38151429
669433
454443
2445918
23456828
2358558
563386
2271423
4122806
38483507
717825
541009
2349942
23464568
2360218
567284
2270545
4174593
38185499
668111
458556
2566525
23616074
2360033
562607
2301553
4164730
38508349
666673
459651
2360827
23460819
2413792
567285
2272436
4177744
38208178
658757
470108
--STOP--
++STRT++
2427757
23435924
2357481
563897
2320768
4125363
38176666
662974
455540
2577082
23572292
2403052
562010
2320482
4127020
38201641
667050
459422
2380961
23582810
2360951
562750
2274899
4124160
38171809
663406
456310
2396765
23536608
2397322
566377
2269408
4162964
38441017
667542
459575
2345354
23589368
2362376
565312
2269716
4177507
38138961
667210
459973
2452815
23456093
2358044
559995
2328734
4107875
38221250
662708
454429
2402863
23633372
2360349
561654
2268712
4193847
38158113
663791
455218
2468775
23568340
2361971
563937
2326908
4146331
38237038
658638
458729
2365736
23638024
2357741
562630
2266651
4109865
38938118
659776
461371
2575118
23507232
2357740
564161
2323317
4111534
38170778
662551
468085
--STOP--
++STRT++
2487535
23555940
2405452
565663
2269506
4140307
38175199
667304
454242
2446601
23467673
2407455
563789
2275274
4154037
38115313
665708
457650
2405867
23525130
2358426
564030
2269928
4160649
38253919
666675
453904
2437485
23446149
2361776
562962
2333202
4124630
39211709
664009
454086
2333401
23604900
2363685
566326
2272652
4174693
38109329
660465
457329
2572389
23687856
2357031
566920
2273560
4150775
38490661
661803
463674
2579797
23600679
2362461
567584
2329760
4110813
38465425
672580
445420
2632665
23466567
2364444
566407
2269117
4175303
38166596
663501
464007
2373919
23585379
2361471
565000
2326204
4147955
38126111
664022
461110
2358476
23464386
2419937
562172
2268697
4159316
38881773
661941
476899
--STOP--
++STRT++
2500230
23525713
2416164
565919
2271129
4151797
38105657
661653
451983
2344761
23693272
2404388
563099
2274163
4201235
38457093
666297
455653
2396717
23553896
2361415
564864
2271185
4151047
38291244
655211
452473
2668104
23468778
2363950
564067
2330705
4109031
38189240
665316
453475
2493433
23479391
2360968
564829
2269391
4111263
38228512
668233
448137
2414823
23487300
2363458
562700
2268789
4162952
38498869
665960
454113
2367642
23569492
2363072
565467
2289198
4197428
38202229
667424
454463
2439339
23574228
2362150
562991
2319769
4125642
39048020
657629
457634
2465484
23603769
2357007
559476
2270102
4184761
38178660
662914
460330
2485553
23407721
2359008
562215
2301430
4108161
38145879
676295
478159
--STOP--
++STRT++
2335396
23507947
2384929
600475
2269028
4122352
38079039
719050
457692
2579641
23457524
2362200
561062
2271513
4124581
38106298
666311
454585
2378984
23580104
2391425
567465
2269810
4164481
38480242
667893
454473
2442817
23539768
2361773
564179
2269313
4175066
38142476
665542
455833
2355098
23501091
2359712
564177
2304294
4129002
38126280
663284
454982
2401245
23490957
2390484
563393
2270687
4169721
38134593
665174
458121
2456513
23532792
2408816
567349
2274332
4174084
38485303
662975
457018
2628568
23553474
2361480
568812
2269366
4156995
38194434
660337
460515
2362213
23498399
2360484
558918
2303459
4098069
38114048
693787
457358
2513084
23468726
2359459
564849
2328307
4122848
38119707
660488
473348
--STOP--
++STRT++
2408360
23550386
2410557
567516
2272307
4169614
38117347
667977
452353
2416359
23551686
2425802
562780
2270005
4131766
38479142
704603
462408
2483567
23431442
2362523
560128
2271359
4153432
38136020
664981
452271
2384638
23611967
2362309
562361
2272965
4159627
38225928
661431
460484
2370137
23460522
2360178
560429
2307104
4216550
38191321
660536
461103
2395919
23456180
2361123
564416
2273912
4160980
38125451
667861
498935
2382879
23547206
2409379
596964
2271031
4123872
38186306
725578
490635
2493842
23486203
2361972
566358
2326028
4110196
39035642
661475
467320
2395459
23519209
2358191
564806
2266790
4151961
38314569
659290
478245
2512401
23465235
2359357
561145
2317224
4110764
38194112
672229
471829
--STOP--
++STRT++
2420608
23647946
2403431
563525
2266222
4162625
38093562
668767
447813
2417703
23492583
2395185
561967
2269152
4125783
38282915
714880
501875
2395402
23472405
2390284
565685
2272662
4165046
38450848
664977
451651
2491735
23519944
2362904
565981
2270832
4209620
38178760
664397
453309
2385592
23531762
2359445
562766
2273236
4156346
38102146
656401
542871
2376345
23501007
2412736
563646
2268310
4167975
38198387
658546
453684
2422154
23500634
2359495
561938
2272971
4172604
38136315
659928
455236
2392677
23637832
2361406
562856
2267912
4210050
38191526
662442
455207
2471107
23559309
2362161
562433
2327244
4104555
38218681
660818
462501
2447326
23459081
2359441
563362
2337395
4121235
38214511
661598
469308
--STOP--
++STRT++
2500219
23495021
2359184
565689
2325470
4124106
38231155
661310
452857
2382826
23550811
2359680
560282
2320675
4124683
38134266
663403
459068
2440800
23481520
2362825
566023
2269892
4164138
38140864
662004
453690
2565669
23470543
2359007
564773
2330742
4110131
38164562
667386
457329
2416449
23573385
2361569
566546
2270320
4125882
38244098
659540
462705
2365033
23490147
2365452
564236
2271656
4174591
38122845
660374
459800
2543534
23561868
2357485
564744
2274920
4169093
38189138
669615
441170
2559334
23448712
2360194
561667
2319327
4111866
39010804
665403
454371
2423135
23470011
2390738
562958
2269269
4165585
38108762
665374
457817
2447268
23552044
2357990
563300
2268204
4178405
39175527
677733
471051
--STOP--
++STRT++
2438542
23478285
2361542
566228
2269507
4212929
38118465
667646
449654
2377125
23463841
2362950
562070
2273211
4172797
38240351
667432
459732
2542384
23544730
2366446
564261
2324203
4109576
38202962
661195
453150
2381170
23546033
2355594
564315
2273966
4123519
38136224
720836
463033
2378157
23474317
2397404
564747
2267748
4154454
38160037
670366
464996
2391978
23562830
2361270
562453
2312020
4110086
38163866
660524
457281
2400210
23560869
2359623
561231
2273636
4193718
38143570
663776
456946
2391618
23512466
2360067
562784
2267872
4158947
38211304
655662
457215
2355223
23580799
2358127
560976
2328637
4126465
38184196
665967
458573
2446455
23604819
2402885
565424
2272598
4165200
38102658
663857
477017
--STOP--
++STRT++
2438851
23579718
2356055
566662
2271299
4112316
38982778
660847
452886
2544222
23419878
2370394
565913
2275609
4201197
38604208
669836
468083
2577439
23467010
2362947
563117
2283312
4126264
38231030
666291
459630
2366080
23588385
2361456
563542
2314732
4153893
38156295
675463
451839
2486115
23612807
2363677
563566
2274034
4172272
38142862
665140
450782
2506907
23446804
2361943
561333
2330194
4123132
38237968
660722
458887
2451923
23557035
2359890
562596
2269964
4099056
38290108
717691
550098
2372836
23534004
2365987
563639
2274803
4169913
38358102
660527
453554
2523083
23460193
2362225
558957
2345743
4125804
38245191
656166
458359
2399738
23584179
2360248
563085
2276204
4123893
38157100
715815
479450
--STOP--
++STRT++
2356160
23528430
2364075
562783
2308413
4123708
38113713
657429
453412
2404200
23492511
2362465
560939
2263422
4176343
38211190
664134
456475
2526245
23567893
2361209
567564
2275082
4194981
38506678
664811
453989
2478727
23467316
2358006
562666
2315072
4108293
38165366
659966
452583
2444913
23461796
2362557
562403
2272632
4113253
38457292
713851
495934
2501143
23487005
2361891
562643
2320586
4110601
38176899
667726
455459
2552839
23532127
2367340
564009
2272282
4212588
38191605
658512
458234
2445997
23421642
2365750
563019
2272646
4157842
38170600
662227
451302
2491966
23646850
2361667
564170
2270163
4204599
38113869
656178
486371
2689281
23474598
2363228
566747
2280158
4123245
38200122
726982
514697
--STOP--
++STRT++
2346439
23665176
2409615
565480
2271558
4161320
38897914
659077
453567
2369837
23445540
2360930
562186
2272668
4174214
38141919
667492
461863
2413264
23555574
2359713
564874
2272678
4113972
38279700
661430
454317
2415341
23557315
2411246
564079
2271808
4180675
38151533
656858
458469
2355107
23620932
2363705
567823
2265770
4158194
38165328
664146
458024
2418261
23469060
2360757
561025
2326696
4156930
38234318
668834
451826
2335458
23547910
2362808
565140
2273133
4160299
38101035
692926
455229
2681843
23536397
2365835
564567
2273401
4123175
38161790
657891
456850
2382348
23528815
2392605
565203
2271068
4167949
38150603
674367
465522
2397045
23499111
2412417
561229
2269218
4162218
38391715
669997
469446
--STOP--
++STRT++
2502880
23509409
2359212
559759
2269867
4204457
38114748
664721
463172
2478651
23632300
2365053
566646
2269503
4164823
38220263
661096
454470
2410458
23462255
2361817
561849
2315350
4107622
38185600
661300
450352
2379434
23413096
2364445
562458
2271984
4176062
38179638
666293
461597
2379052
23593807
2360977
565260
2303157
4113766
38190792
667905
462002
2508399
23527554
2412416
559828
2274802
4171974
38229062
668797
452453
2376856
23682549
2363922
563701
2274085
4167011
38123187
680276
457006
2506602
23620387
2360803
566214
2317357
4150092
38129764
676178
451815
2453069
23571685
2357398
563240
2273902
4112434
38190038
721796
552334
2526346
23468074
2360503
567541
2310505
4128058
38162292
662823
464429
--STOP--
++STRT++
2465501
23531739
2361124
563618
2323713
4095870
38214817
654660
444891
2389486
23507260
2359216
562213
2270326
4155491
38138449
661445
460140
2416382
23576523
2360957
566698
2304890
4114617
38212030
662905
456775
2362706
23443257
2363704
569156
2274931
4168921
38230477
700346
456625
2380282
23573396
2361897
562112
2305195
4124222
38447577
657054
458058
2454790
23522095
2358485
562703
2272102
4106902
38122635
666101
461457
2439331
23567988
2364897
597558
2267445
4123059
38152016
711113
456158
2392509
23455024
2363912
562081
2274598
4159455
38206692
674435
449948
2417508
23597546
2358584
558604
2321117
4097459
38153552
656462
465980
2393051
23641273
2359236
566461
2269758
4179765
38128290
658077
470480
--STOP--
++STRT++
2534824
23548311
2404178
563288
2271775
4176581
38134640
668693
452540
2547754
23598103
2363277
563066
2271680
4163006
38151940
666366
457836
2465634
23582550
2360062
566226
2325326
4145996
38536251
665848
456121
2441423
23529295
2410378
562139
2270962
4178967
39753022
663705
455236
2404622
23579637
2360802
564220
2305613
4126660
38213882
664720
453517
2404902
23443435
2360071
565085
2272485
4153607
38125649
661518
462499
2454927
23474894
2362563
561156
2301335
4152015
38124241
657340
454838
2448706
23491693
2360036
565641
2272995
4157806
38159057
659833
453105
2480204
23551399
2355969
563995
2333108
4122449
38257774
663696
465107
2514790
23487294
2359497
564287
2267864
4157833
38446193
667077
493104
--STOP--
++STRT++
2364914
23529824
2404644
563780
2269432
4152626
39201285
663831
456069
2480984
23452033
2368923
564608
2270972
4161659
38246721
668953
459888
2406125
23440965
2360523
567025
2273077
4168914
38464911
663735
455937
2477241
23487412
2363775
564565
2269123
4167753
38300841
664141
453665
2472588
23445627
2364946
563603
2266235
4217870
38116419
678947
464381
2506358
23576070
2364624
566946
2314084
4126677
38093656
664094
460006
2335117
23593054
2363923
564543
2268428
4146118
38235412
658413
455838
2489994
23499280
2364711
562960
2270578
4169780
39131891
664263
453365
2470188
23564215
2360574
561042
2303507
4111834
38130546
657638
486546
2467583
23478815
2360994
564585
2269968
4114617
38142811
677173
569078
--STOP--
++STRT++
2495144
23610288
2362795
565764
2319757
4192222
38184457
659899
452845
2479154
23472072
2362041
563058
2269739
4174721
38191862
669112
455300
2457185
23459469
2359252
560934
2302574
4150809
38184581
659729
449116
2592649
23611162
2363375
567765
2269552
4121942
38468556
673541
457189
2387820
23484592
2358338
564419
2325841
4111885
38497736
665310
457402
2363371
23436983
2362927
562897
2272285
4162466
38368355
664818
464164
2418158
23452290
2361178
566491
2336559
4121892
38164633
660768
456427
2386605
23453434
2359888
566763
2269127
4160142
38145067
658702
456137
2376619
23550963
2357312
566407
2300723
4127168
38103492
657429
463876
2378549
23524572
2396590
563393
2269737
4178747
38133477
682294
474718
--STOP--
++STRT++
2388161
23689986
2356604
568350
2275359
4111577
38216352
658718
450609
2412800
23486134
2404146
565738
2271578
4175607
38928597
665149
453087
2437504
23580397
2359494
566904
2315431
4123465
38468907
663815
450848
2558660
23416711
2363182
562954
2272711
4172877
38246506
666435
458267
2444509
23408788
2363969
565535
2269398
4244849
38157436
658915
460790
2394233
23636865
2387167
639832
2273274
4155166
38173803
666557
451944
2406513
23548995
2362770
563935
2270885
4153223
38309407
664730
450954
2438568
23471877
2359785
566052
2273205
4155590
38113671
656470
459758
2548156
23548331
2392232
562791
2271337
4155225
38155458
663032
457916
2430543
23572060
2358509
560361
2323237
4095972
38180414
661701
473768
--STOP--
++STRT++
2495345
23485596
2415568
563843
2274032
4155817
38145266
659010
452656
2358154
23487493
2362566
563112
2270405
4154487
38207875
667111
457470
2398421
23595778
2359171
565015
2332974
4113301
38190513
655530
454292
2464845
23547443
2361567
569113
2270552
4169722
38137143
665120
453169
2388538
23440680
2362954
561632
2265506
4211023
38272927
663480
456937
2437466
23547269
2360928
565331
2269699
4126327
38185374
726621
544725
2422445
23474900
2359689
565165
2271771
4171813
38275475
671203
455231
2378225
23542681
2365339
566146
2270891
4108388
38174391
663411
454308
2353821
23462630
2356431
560449
2272124
4155142
38169974
658305
457002
2605675
23476393
2357467
562014
2322567
4129589
38463619
671110
469836
--STOP--
++STRT++
2396803
23517762
2407527
562591
2271487
4163843
38436054
674081
458412
2464842
23446182
2401876
560025
2273220
4143721
38145145
671257
462376
2392249
23539354
2361495
566480
2266690
4153985
38488945
662392
457332
2475944
23566774
2365867
566254
2275312
4181250
39161954
667205
456104
2516461
23563479
2359049
566292
2324767
4122057
38517363
662643
460231
2556445
23456204
2361200
562356
2273213
4125005
38140681
665955
452454
2409129
23538826
2364575
564980
2272676
4160595
38136687
702151
454174
11402431
23611508
2362518
566999
2268398
4151053
39150737
665186
453745
2563797
23564219
2360012
563100
2267962
4148121
38190730
661444
463201
2470765
23502955
2360548
566198
2318130
4124664
38177252
664843
467089
--STOP--
++STRT++
2372039
23454022
2362269
560992
2269875
4145489
38147563
724771
508992
2392966
23615734
2362251
563163
2270130
4160419
38138254
662511
455632
2486352
23618433
2363126
563205
2296987
4163152
39270509
681885
451750
2371419
23540579
2361468
645420
2283724
4111899
39190833
662852
455215
2536479
23537016
2358778
562717
2269027
4220373
38159952
660506
456268
2610749
23503516
2368331
569110
2271825
4106409
38479530
669081
447928
2485631
23474260
2365802
563567
2270700
4178803
38218852
662723
452609
2541922
23469042
2360197
566134
2355880
4109053
38182097
658746
456368
2414503
23673908
2364044
563026
2267622
4166023
38161757
664783
459958
2662432
23570937
2360706
564754
2321282
4124835
38224747
662038
466812
--STOP--
++STRT++
2444077
23524219
2408209
563798
2271389
4168078
38935448
661439
454671
2425610
23493941
2418305
565216
2270065
4174829
38136509
669937
456388
2382327
23564990
2360201
560991
2300626
4151899
38143028
668231
455344
2448480
23547618
2363566
561766
2268897
4243085
38921407
660402
465761
2442199
23601940
2356171
560183
2269842
4110142
38118480
664904
463717
2416920
23460906
2412518
563607
2267783
4167978
38437087
661614
459683
2466165
23550542
2363310
561733
2358655
4113273
38215834
663635
457578
2493715
23507121
2363359
564295
2271358
4171967
38552320
665178
457850
2509150
23592391
2358166
560113
2269873
4199113
38182123
659972
461381
2393926
23470068
2412069
565547
2268273
4214507
38171713
661632
470313
--STOP--
++STRT++
2426312
23538355
2359087
564188
2270551
4195893
38296703
661885
453379
2402909
23539943
2364314
562347
2269415
4230048
38152727
658988
462855
2426569
23557471
2358388
565101
2273269
4124431
38193315
669520
457153
2370075
23410472
2360778
561409
2268599
4169025
38207806
659866
459737
2356693
23612869
2359774
569031
2305145
4126103
38187250
662877
465698
2436273
23465020
2362005
643581
2266441
4127204
39879520
665815
460837
2572736
23551194
2361165
564560
2335409
4121980
38221788
662088
456496
2413253
23504368
2357890
564577
2268494
4171344
38288836
656995
454331
2463982
23607416
2358561
561911
2304519
4215916
38262725
664144
456705
2436664
23536438
2415689
565930
2270946
4163788
38175408
664883
471725
--STOP--
++STRT++
2366916
23596163
2363891
563283
2270562
4122665
38142895
726944
536102
2440484
23544130
2390570
563614
2271524
4104748
38072068
725613
501300
2454790
23477470
2413784
564165
2276978
4151533
38152996
664090
455385
2574099
23464119
2362849
559263
2316450
4175717
38344481
657579
462430
2435930
23469485
2396334
560813
2273997
4168122
38098330
662488
460633
2502747
23440341
2362344
568878
2316181
4150420
38130757
660786
458762
2462553
23659066
2360572
564684
2271748
4173804
38164136
662223
454320
2451351
23525927
2358400
565862
2279210
4124888
38153914
658956
450687
2376816
23483207
2392478
646451
2268709
4166464
38123768
660211
471970
2462496
23628928
2357711
564392
2274607
4202255
39004393
659254
464994
--STOP--
++STRT++
2648193
23496668
2361015
563176
2329286
4123786
38190514
669105
458168
2555264
23575252
2360416
566228
2325720
4125230
39012293
657464
458652
2391519
23396200
2362363
563771
2269157
4158563
38546164
659873
453825
2518202
23548623
2358288
561290
2275531
4111482
38148805
664728
468180
2625901
23491895
2360899
563629
2271241
4113095
38191459
737587
467069
2353524
23514142
2357738
562605
2273996
4147251
39183275
662267
458630
2397265
23629825
2364132
563649
2276639
4149994
38140584
668834
464893
2453489
23623772
2361369
565734
2322094
4111650
38222499
665994
452461
2539775
23535916
2360183
561695
2276047
4112313
38092778
729232
480707
2335416
23453944
2360077
563821
2305305
4150509
38976296
667714
483157
--STOP--
++STRT++
2392943
23567688
2358200
627500
2271386
4110085
39054092
666274
456620
2521749
23604021
2391337
563067
2273783
4120494
38149761
724427
501126
2372225
23450420
2363403
564899
2273438
4155958
38284702
660374
459333
2459393
23469826
2363753
564516
2316526
4112144
38171079
669067
454463
2482084
23503685
2363334
562074
2272586
4158960
38134637
668896
463370
2401828
23465340
2360968
565297
2271444
4121362
38131014
667662
460149
2410524
23560978
2361587
563062
2272217
4165732
38182393
662209
457160
2502773
23521238
2356067
563170
2270679
4120508
38226972
663975
461024
2682202
23552491
2358829
560644
2300645
4110824
38154244
675467
481234
2373896
23539998
2408516
563157
2271846
4201284
38375137
669494
473373
--STOP--
++STRT++
2334122
23621165
2409678
563466
2273780
4153060
38098306
661795
455408
2403823
23457805
2363969
565110
2271943
4166746
39783903
675984
458247
2358806
23509071
2361534
563457
2271726
4113256
38140626
663343
450476
2756513
23435219
2360377
562769
2274616
4168255
38172100
661230
455591
2540664
23459824
2360567
561933
2271286
4123945
38276994
679221
456228
2394399
23482947
2365586
564912
2272144
4208208
38262948
669380
459876
2629879
23408601
2358716
564150
2272923
4165781
38099911
662686
457442
2476538
23467822
2362713
566099
2316612
4107623
38160881
665119
456006
2484345
23634160
2359995
562029
2273592
4173159
38105066
662397
458344
2513022
23534347
2357779
562972
2274458
4212329
38146178
658309
475782
--STOP--
++STRT++
2412586
23463710
2363228
564626
2315857
4123433
38234094
663144
455046
2526682
23621976
2359249
566458
2324198
4110693
38187376
665072
456074
2442010
23510586
2360365
562745
2269989
4152073
38131890
658978
456016
2454475
23505521
2363869
565373
2360587
4114387
38183101
656723
455410
2343221
23495393
2356518
562036
2274067
4110761
39825928
668822
456947
2409676
23485305
2361328
558955
2269883
4165827
39146631
658899
456004
2456798
23580384
2360967
563286
2308943
4109902
38214217
663775
453944
2342070
23552682
2407324
561838
2270697
4135301
38089276
668498
455910
2390614
23495370
2409996
563426
2264838
4174716
38108185
666013
462691
2372800
23511019
2360027
563133
2272421
4167431
38135728
657861
477906
--STOP--
++STRT++
2419926
23515583
2359414
565302
2326030
4124777
38216106
658147
453983
2525790
23420135
2361347
564481
2272261
4171494
38143241
661640
455788
2415133
23542318
2359078
563143
2331381
4123513
38539486
669029
456296
2623467
23599476
2357391
561583
2273725
4148932
38490148
720866
550184
2358941
23551133
2358792
562941
2308096
4111480
38126578
659831
458339
2409116
23611142
2356062
561649
2273489
4123704
38496130
664512
459362
2378920
23475592
2358046
567155
2305758
4219083
38229084
659092
456035
2431179
23454326
2359274
562777
2273665
4108662
38541283
656827
459500
2575324
23471790
2356886
563561
2267423
4205127
38186178
665680
462962
2469201
23558743
2359565
561158
2324648
4127063
38131483
674121
470473
--STOP--
++STRT++
2419853
23630745
2391176
565382
2273728
4200789
38131204
667661
461036
2331541
23545254
2361281
565862
2269717
4152870
39131031
666242
456192
2375009
23558463
2363085
566428
2272298
4162780
38457789
657060
452305
2374908
23590345
2360802
565215
2271989
4147943
38176530
660780
457062
2328864
23504593
2360099
565801
2269725
4160002
38113897
675280
454970
2535725
23544643
2363762
566280
2267452
4119758
38490770
726514
536756
2478602
23673947
2413759
564163
2271085
4203122
38232472
663685
458419
2507861
23508987
2362581
563062
2322565
4126417
38185157
656396
453803
2440720
23545523
2358882
564087
2317084
4111885
39694194
658027
459891
2373714
23602578
2359327
562783
2266846
4114117
38093234
678807
472827
--STOP--
++STRT++
2413801
23518226
2359699
565261
2315649
4195230
38119999
676545
455658
2330715
23643269
2361751
560533
2269050
4177884
38250096
659435
457156
2427677
23597619
2361991
567805
2330576
4128956
38216077
663598
457112
2560109
23494280
2413766
562844
2270882
4172587
38102530
662951
458246
2485221
23582597
2361655
564438
2271830
4166413
38198280
662936
452522
2364688
23445786
2358464
560297
2274411
4111056
38089719
721505
540857
2398360
23660710
2367203
566146
2271627
4163616
38127690
672701
459691
2606767
23525818
2361783
561585
2347911
4107553
38483156
668303
452157
2384931
23559786
2363737
560483
2268312
4167165
38492283
662504
464443
2365175
23586356
2401149
560910
2270991
4162212
38130330
668965
472318
--STOP--
++STRT++
2493551
23510497
2358898
561372
2319225
4106910
38224737
664714
457160
2462920
23642765
2361766
564872
2273922
4207713
38307963
665756
455280
2527993
23451286
2363247
564076
2274271
4167201
38183314
666187
455123
2473427
23581945
2363213
563815
2307593
4147671
38115395
659483
457909
2684289
23543558
2360324
563790
2269651
4122126
38199855
707613
465076
2441928
23594927
2364608
562742
2321447
4124512
38176045
659332
459818
2533925
23465949
2357077
564549
2320244
4098454
38222956
658784
452975
2411852
23441377
2364459
567595
2271205
4171661
38136970
658238
451888
2556483
23464913
2360109
563666
2333204
4112028
38249698
658218
463805
2427940
23549404
2358223
597269
2333727
4111162
38474791
679492
467120
--STOP--
++STRT++
2446277
23619711
2450675
563697
2313544
4201368
38174642
663156
456658
2583533
23610131
2362203
563555
2274321
4192427
38114941
662424
475154
2437392
23487952
2362678
566689
2320327
4124737
38577838
664158
460636
2537721
23656251
2411419
561215
2270623
4173243
38131165
667131
465998
2395553
23533971
2365209
565267
2270259
4164372
38118357
659727
457201
2426821
23474505
2358498
564535
2276078
4123127
38952965
659157
457421
2434143
23641432
2395515
565035
2270163
4156071
38148618
675586
452605
2495592
23512749
2360128
563951
2327541
4112061
38132881
662077
472341
2443372
23549452
2358630
564597
2333376
4111704
38197077
664871
461819
2373156
23480113
2359501
566463
2315628
4126817
38114160
664487
470039
--STOP--
++STRT++
2327989
23521201
2357529
561079
2268188
4147519
38105260
658505
452090
2438976
23506716
2412881
565625
2271277
4172261
38129415
662354
458556
2686446
23586116
2360205
562517
2276713
4231067
39246728
659267
458673
2388166
23535411
2362323
568930
2316571
4155676
38205792
666131
459821
2535201
23560090
2362089
560718
2338625
4128234
38118358
663162
458737
2477670
23446238
2412009
562848
2276571
4161475
38104256
662718
455569
2419230
23480866
2362608
564005
2275432
4186377
38487834
662393
453825
2773846
23554540
2362800
562914
2317903
4122897
38206178
662279
484618
2435382
23479539
2360754
566345
2267347
4176779
38091550
655068
462065
2471002
23472990
2355651
567185
2325284
4126970
38153951
667763
468286
--STOP--
++STRT++
2377490
23605951
2360155
563782
2318755
4190181
38107493
660661
443323
2364729
23407355
2359961
563595
2270485
4163148
38161701
657910
462161
2444656
23452816
2415893
562060
2272733
4172290
38207087
668072
452940
2412419
23523883
2402347
565823
2270858
4153189
38106858
671639
456419
2428753
23550758
2409825
563687
2270413
4175996
38425810
665316
458521
2517944
23454939
2360132
563298
2323407
4113361
38149219
663099
456007
2419504
23653101
2406513
564644
2271263
4158100
38178660
663885
449235
2483680
23645984
2361978
562784
2268265
4198084
38150271
660543
451313
2394438
23459016
2355926
559330
2268616
4122394
38110090
718620
466097
2528112
23559801
2356715
562602
2330420
4110294
38187202
659820
468450
--STOP--
++STRT++
2337334
23562177
2384554
602461
2274630
4110122
38946127
668004
455195
2459584
23482841
2363657
602927
2267483
4113892
38216159
670694
460435
2345024
23548374
2359127
562933
2272810
4172128
38209691
667244
453337
2565795
23471045
2363920
570360
2274113
4113657
38206943
667108
457362
2481048
23492973
2362816
564141
2272659
4127035
38164587
725607
463851
2414032
23526979
2361054
565784
2303607
4109275
38121730
678756
457919
2481322
23486175
2364894
562598
2270179
4173537
38144951
657588
458706
2474430
23603223
2357855
563028
2320151
4125478
38481962
664835
452038
2624422
23534401
2358760
565526
2270142
4148985
38118110
655692
461451
2485414
23572482
2361361
565390
2306436
4125683
38172881
673527
469585
--STOP--
++STRT++
2360008
23513406
2360055
561655
2273865
4109163
38106588
666560
454821
2419291
23546092
2454956
561146
2269921
4175658
38258470
662027
457520
2452993
23637075
2363386
564077
2271100
4172781
38568996
667131
456653
2514255
23634566
2363422
566746
2275098
4112898
38133052
726606
537980
2554067
23523747
2393342
569775
2265963
4204163
38118000
667773
466689
2506684
23603496
2360978
562886
2321299
4124863
38155905
676144
461516
2510256
23572903
2363280
562862
2320841
4113379
38185498
677913
457567
2370323
23463506
2360628
561630
2269440
4161358
38179196
656117
455127
2504280
23559378
2357524
565173
2332373
4123367
38190263
662937
463156
2403057
23533073
2360716
561676
2314776
4157756
38379347
658732
470106
--STOP--
++STRT++
2469978
23619791
2360143
568733
2272155
4110785
38189004
659452
452763
2523476
23492070
2359991
563211
2335838
4153843
38221338
671023
456040
2639983
23484031
2363086
564003
2318083
4111306
38269591
663102
454367
2449640
23584533
2361813
605204
2273293
4148865
38082406
707981
512069
2429302
23438299
2365351
564769
2310146
4106972
38161223
659207
465376
2389997
23508290
2393053
604327
2273422
4123442
38378684
676640
456985
2496160
23471345
2362394
565247
2272984
4178809
38524693
658701
451013
2437139
23458195
2361614
566479
2266860
4181620
38423822
659405
455740
2466465
23489848
2355022
561883
2315724
4111007
38152317
657746
462565
2412936
23560746
2364436
561767
2270126
4176765
38178246
673840
468530
--STOP--
++STRT++
2518801
23538944
2360408
562443
2323899
4150265
38324813
667987
456963
2410751
23557969
2362816
562884
2267229
4163967
38303138
662898
459717
2460388
23483467
2362197
560386
2271130
4174057
38149158
658363
448734
2489121
23533978
2359105
564227
2266497
4122929
38523025
657617
454842
2545317
23507173
2356744
564624
2271619
4127684
38217179
662256
455401
2438023
23630411
2358123
564397
2272492
4163517
38192603
672360
454996
2383139
23620112
2361483
568296
2301936
4161458
39220942
659930
453359
2448824
23471750
2404393
562915
2270639
4188972
38140503
664788
456743
2352630
23542366
2359384
561358
2268495
4176043
38133971
658184
463943
2507559
23603055
2360963
563184
2271006
4148986
38134628
660888
468769
--STOP--
++STRT++
2350804
23505947
2417929
605671
2271449
4106793
38087481
708392
508713
2395696
23504714
2358810
565967
2271783
4168496
38146043
662135
462081
2440404
23521492
2363438
565100
2306607
4126921
38091972
726650
540975
2385288
23471820
2406749
567288
2272863
4170226
38222316
661181
452218
2424934
23471826
2361252
562729
2273293
4113124
38101147
669523
460611
2391675
23572457
2360220
564310
2272818
4165836
38200811
658562
456936
2377310
23450704
2361444
576591
2271137
4123566
38175034
716495
536113
2429506
23647090
2359773
564941
2276950
4160892
38131990
661787
455498
2522278
23590978
2361712
562423
2309655
4124058
38416965
656816
459912
2423153
23526508
2361246
563162
2270309
4162641
38143109
660370
474456
--STOP--
++STRT++
2346798
23550772
2360813
564065
2275808
4098567
38195286
656858
453817
2413577
23544042
2357037
562180
2323150
4120994
38176594
663810
461516
2365060
23617450
2364020
562637
2272048
4159096
38181853
656220
457058
2401981
23479783
2411969
567659
2268795
4170489
38149452
661488
454330
2388215
23483777
2359883
562069
2271154
4163749
38531511
666592
456979
2506790
23466503
2372117
566534
2318315
4122042
38176137
659318
512051
2507729
23442972
2364970
563015
2274427
4166414
38137421
668578
457241
2498422
23643665
2362823
562585
2271456
4168042
38488127
656594
456304
2463716
23597180
2358508
563258
2313646
4114380
38143330
658945
469550
2333714
23487552
2365678
566328
2269171
4186018
38119221
661267
473390
--STOP--
++STRT++
2342844
23573388
2360576
562110
2271838
4121382
38173147
664646
455172
2503700
23475927
2357509
563838
2315530
4126082
38201165
661403
452253
2414668
23433544
2361703
564329
2277087
4172484
38215125
670729
452289
2505299
23498008
2359208
562458
2324046
4124350
38158841
660397
466726
2361087
23543013
2360518
562729
2268839
4123060
38149896
729918
494675
2495661
23555180
2361912
562488
2269500
4153283
38238400
663271
463423
2580003
23463257
2360666
564805
2333493
4122288
38135920
666416
457294
2495212
23512960
2362860
562215
2271800
4100955
38133801
659926
496279
2461741
23471695
2357459
565606
2364719
4154750
38251265
665897
460400
2408450
23571411
2392667
563828
2271349
4155750
38196071
668367
471529
--STOP--
++STRT++
2458212
23514948
2358460
564132
2310261
4125049
38293337
660148
451682
2491670
23504015
2360114
566106
2318157
4204747
38173928
660993
459033
2579763
23444644
2363578
564627
2270810
4161861
38168905
660908
454957
2475229
23596585
2360427
561333
2315611
4111390
38488744
662244
459121
2405227
23617642
2416429
566297
2273906
4161271
38271482
661724
456704
2455150
23445153
2364294
567426
2272836
4158469
38240409
664548
457253
2441759
23601331
2360145
567846
2319443
4125162
38151977
673677
452904
2467859
23545526
2360512
564602
2276943
4110055
38153657
671343
458957
2525593
23473150
2361229
565067
2268988
4176139
39780015
662856
444731
2644639
23549337
2365889
565618
2318202
4113803
39114860
664838
461554
--STOP--
++STRT++
2494842
23573451
2401725
566369
2266054
4167879
38180732
659778
459021
2373980
23644544
2396245
568631
2271444
4159277
38141107
665132
455879
2395836
23524696
2361773
564022
2310721
4157222
38165612
673135
456464
2687424
23532189
2360774
566107
2276946
4121362
38160414
658268
460365
2362487
23468453
2362434
564092
2273888
4112081
38128377
728077
495582
2369742
23619752
2362257
564949
2270211
4169273
38199634
660109
454725
2524405
23588669
2361550
568417
2356402
4149690
38168500
657274
454892
2378267
23470567
2391581
567133
2268318
4139538
38241113
675150
455051
2375363
23604618
2407902
562280
2267735
4163446
38140196
659119
460675
2346338
23521958
2356793
564541
2268037
4121725
38128713
722119
473671
--STOP--
++STRT++
2428276
23605093
2356253
563639
2269738
4158028
38134858
655172
453577
2418793
23592571
2362186
562390
2336150
4112060
38160557
653762
457492
2451122
23447971
2361250
563155
2269954
4158441
38240816
666820
454087
2492204
23539381
2360246
559479
2314266
4152374
38139519
669273
458935
2343596
23466071
2358403
560092
2274625
4108258
38092294
715662
469177
2476951
23440814
2357599
565516
2311476
4110730
38149864
724855
460250
2591281
23568796
2363039
562167
2268362
4144724
38158083
660695
456992
2471599
23459926
2360337
565511
2273190
4153619
38151610
662301
467804
2471032
23542738
2361898
563389
2269940
4114271
38108532
666599
497927
2370492
23599124
2390698
568172
2270070
4156531
38126177
658389
472705
--STOP--
++STRT++
2393928
23526350
2362511
603280
2272392
4122849
38176486
733207
459924
2340180
23488647
2360574
562515
2274938
4153213
38185849
718481
511336
2385880
23497950
2410769
563632
2272347
4165891
38150481
663395
452409
2342888
23456253
2363934
567523
2305927
4218529
38407169
668372
456622
2485867
23561668
2358635
565287
2270375
4170052
38141379
673317
456366
2356982
23464117
2359254
565617
2272734
4124411
38145539
665008
452781
2432107
23520343
2362179
561434
2270672
4175605
38168994
660982
454236
2442183
23458785
2360466
565540
2318458
4121836
38202910
660064
452176
2446107
23536270
2359088
566406
2274729
4126446
38128874
661616
461913
2360315
23645660
2362256
562370
2314706
4110651
38194072
661267
479174
--STOP--
++STRT++
2415337
23614565
2359240
564100
2271849
4111822
38174618
661221
455951
2405331
23454503
2359956
560523
2266007
4166088
38585655
661141
462036
2373986
23470610
2360716
561393
2266003
4150469
38192960
660603
453547
2463359
23419656
2358508
561880
2266584
4211563
38129009
661993
459776
2411879
23549527
2359764
563660
2336163
4112416
38130772
661273
453824
2411179
23539927
2409515
561559
2272640
4158918
39753115
658203
452511
2582164
23572910
2362217
565714
2304995
4113125
38204203
665199
451828
2579322
23455484
2362117
566352
2268041
4188735
38137904
666953
454798
2560445
23459231
2360664
561703
2332577
4122488
38219120
658491
460960
2389955
23460310
2400548
564150
2269674
4196603
38932227
658824
469827
--STOP--
++STRT++
2384035
23645794
2359687
566599
2270659
4119483
38102666
701082
513877
2390540
23509006
2361344
563750
2275454
4126278
38405316
726912
510605
2535345
23484634
2411023
562945
2274701
4165844
38191650
653925
454669
2428359
23566419
2357560
562071
2364876
4111781
38219926
662910
451148
2381664
23555437
2359184
562267
2268786
4159930
38109263
660614
457408
2372825
23538206
2357768
561473
2271269
4124032
38554525
670067
454330
2424566
23640319
2361914
560262
2269356
4159485
39806266
658760
449477
2405578
23654753
2408854
564410
2271744
4177263
38090265
661845
453024
2380459
23678103
2360325
561485
2265865
4175257
38122910
657734
466298
2404248
23646239
2364967
565210
2270625
4175954
38196483
661237
465983
--STOP--
++STRT++
2451531
23569936
2384637
599872
2268897
4109462
38474288
669007
454505
2384769
23507913
2363818
565602
2272870
4112851
38118017
717972
461670
2390451
23415108
2392090
559047
2274459
4170082
38184637
658185
453670
2478369
23558846
2364754
559249
2306589
4123391
38180716
669938
455046
2678685
23571215
2394874
564718
2271076
4110483
38211819
659473
453521
2402270
23473715
2366841
562703
2268500
4157692
38160275
717278
459326
2591369
23460042
2361169
561398
2335061
4120586
38146919
673161
453051
2530666
23490739
2391383
638183
2271879
4157780
38107536
711704
539995
2582835
23497073
2409302
560066
2275184
4181685
38120026
652267
463627
2361032
23486709
2362242
564161
2268954
4203870
38121225
662417
470405
--STOP--
++STRT++
2471781
23497583
2405474
568363
2271694
4152734
39122848
658823
452944
2458788
23479273
2365911
563194
2268838
4175020
38553787
663781
458842
2714612
23554033
2368902
569196
2272628
4162223
38287122
657464
456002
2387356
23531804
2385245
560500
2269140
4144585
38128155
668472
454773
2503315
23572704
2359359
566314
2352318
4111089
38202230
672447
459357
2494851
23444723
2362908
562857
2271465
4161948
38205644
660801
461964
2464122
23590039
2359624
565219
2324079
4123559
38250401
665801
458230
2403754
23471953
2358767
563099
2326732
4107819
38178378
657786
449537
2365106
23558171
2359614
557975
2314868
4173127
38118797
657470
460295
2592210
23521908
2359067
562496
2319436
4113432
38134999
667783
471575
--STOP--
++STRT++
2353587
23486757
2404699
561703
2269229
4157552
38897360
654947
455821
2338745
23467440
2360250
561249
2268246
4219378
38216438
660969
460189
2503211
23440762
2364756
565016
2272367
4163049
38287246
658155
452384
2472167
23551640
2358952
562858
2274590
4113613
38122312
665765
453980
2348082
23558907
2366103
565258
2269718
4200358
38204673
665007
457100
2328331
23452194
2404933
601684
2274469
4188324
38170463
668212
463622
2346412
23559949
2411948
565820
2269459
4198740
38152479
672170
450677
2367808
23391261
2365526
563552
2271278
4157712
38150436
660225
453046
2352627
23451291
2357403
562270
2268940
4109396
38097476
721397
462176
2352153
23447466
2360358
559503
2320002
4125766
38232507
661331
469287
--STOP--
++STRT++
2376980
23634752
2390768
563877
2275543
4182017
38479748
677167
453556
2382593
23456753
2359192
563329
2272597
4164562
38202212
656926
452840
2446137
23594168
2361871
563460
2326420
4112084
38279186
662833
451105
2411587
23511772
2389042
600001
2273891
4110772
38199716
667978
454809
2394039
23542650
2412533
562446
2268421
4178507
38127506
671732
455936
2527522
23457285
2361446
558962
2272619
4165950
38145848
662145
453654
2637013
23557518
2360280
564235
2306716
4125004
38151975
659906
452762
2358718
23491610
2361281
564340
2272588
4110906
38171777
659145
450897
2359936
23456329
2395686
562062
2309384
4196504
38138462
665493
459166
2381921
23467207
2361957
566652
2303926
4128163
38980627
661186
469546
--STOP--
++STRT++
2342177
23493468
2411649
562618
2268033
4163513
38216577
674175
455296
2394885
23552312
2397081
564825
2266557
4204999
38145454
673576
458373
2563465
23471290
2360694
562469
2272083
4171933
38145748
674070
455739
2453088
23448634
2365512
562937
2286737
4207207
38186735
664630
453933
2578556
23477919
2362663
563012
2306732
4122881
38252189
662205
456829
2474668
23517975
2408713
562790
2273917
4157350
38118781
661907
457159
2422382
23573239
2361089
564764
2272145
4186650
38544972
664821
452541
2452428
23561613
2359581
564282
2318323
4137124
39923466
675528
452341
2513949
23561950
2358665
560170
2355618
4160349
38104495
665283
461866
2342585
23548366
2393658
564015
2271378
4187361
38512244
664076
468629
--STOP--
++STRT++
2399491
23662905
2417797
565254
2271475
4172042
38147017
665656
453106
2495178
23502624
2362172
565170
2276030
4177626
38416664
660860
457665
2505249
23569882
2362765
564225
2302728
4151462
38530323
662933
457420
2528678
23455282
2360953
563115
2270744
4154941
39287036
666247
452367
2445082
23455516
2359534
566769
2307467
4135650
38510952
668039
452688
2397058
23467394
2362662
564028
2269300
4163337
38185672
659001
462485
2486633
23569259
2377277
563492
2317951
4159787
38144073
671528
459004
2464532
23455645
2358655
561992
2274665
4106576
38164872
659233
460904
2551000
23660136
2358482
558663
2268807
4148190
38309989
663831
476678
2557508
23558797
2357948
564612
2309715
4127555
38175064
660276
475136
--STOP--
++STRT++
2398786
23499738
2366142
560947
2270768
4189563
38117870
658880
453823
2430652
23509248
2364744
562831
2275039
4161531
38215256
658571
455276
2549082
23548886
2362907
563559
2339042
4095453
38972173
658271
456824
2386508
23569226
2358617
562046
2268589
4182271
38153216
659880
453906
2357582
23621453
2394478
563995
2273974
4157209
38136202
673375
458328
2542592
23477061
2362497
566041
2333366
4128186
39019811
667562
442447
2474641
23473021
2362625
564702
2270031
4162587
38128388
675973
454149
2357630
23481581
2360096
559794
2276970
4123759
38110753
661987
461310
2346435
23491517
2360461
563411
2268235
4171267
38127170
658610
463803
2539615
23516738
2364265
562062
2316924
4125748
39791627
672614
468795
--STOP--
++STRT++
2453375
23465586
2361097
558631
2328624
4123233
38275142
656294
455361
2445526
23491994
2361738
563729
2267623
4195689
38299715
664742
455453
2391563
23503805
2357486
563278
2272583
4155429
38212153
663807
453631
2535995
23495838
2362778
562401
2314498
4106643
38177247
682002
458319
2353754
23530108
2362474
563964
2268832
4126363
38203429
657540
459447
2433171
23564546
2364595
563820
2271610
4171402
39114199
664279
458924
2357527
23561941
2394151
619763
2272108
4114671
38126500
669696
458903
2522805
23455324
2360797
559665
2272408
4145216
38141473
660641
452673
2402883
23447997
2355770
562259
2278666
4207717
38238985
653194
470994
2542784
23595774
2356511
563452
2270978
4125989
38108291
721616
565662
--STOP--
++STRT++
2347878
23494056
2364126
563767
2272309
4176407
38171823
662632
460555
2499455
23546070
2363313
566973
2268682
4173151
38182557
660321
458705
2414582
23571962
2362076
563074
2319913
4157764
38413534
661839
457695
2381618
23551544
2387033
562714
2268272
4204504
38185813
668011
453854
2430624
23584292
2430154
561209
2271234
4145073
38210502
660019
462968
2434393
23398669
2364262
566065
2270961
4157632
38154369
665016
457234
2401504
23425253
2361283
566474
2270626
4154879
38258338
667203
461753
2397344
23500533
2357927
562785
2319554
4125016
38165400
669716
445021
2470379
23506761
2359048
560082
2270785
4112673
39766643
697861
452750
2424385
23462344
2363642
564242
2311275
4167137
38272800
677187
474588
--STOP--
++STRT++
2376381
23513557
2407368
565599
2266095
4168335
38167975
664397
458330
2390875
23504001
2364021
566292
2272232
4231599
38127445
662369
456073
2488577
23594113
2411956
564170
2343445
4111980
38156134
726244
551014
2455118
23447565
2366406
564636
2270007
4154150
38132496
665137
455684
2394928
23528918
2366295
562306
2273393
4153126
38261555
664127
459311
2508463
23463767
2357286
561535
2274441
4119690
38206227
671664
457907
2393220
23550179
2397228
566026
2272475
4158354
38113087
674849
457457
2357883
23465265
2361041
562787
2274130
4151035
38443086
656783
454824
2342089
23522446
2403062
561531
2271728
4109586
38223787
721724
470498
2390936
23539916
2412933
565037
2267232
4159943
38171516
664721
470293
--STOP--
++STRT++
2335051
23512825
2368050
565338
2273757
4125830
38138675
661464
451627
2463028
23628133
2359930
564630
2270255
4141440
38163096
659226
458100
2519321
23516198
2360135
568077
2270370
4150801
38490817
659741
456499
2491529
23637796
2361640
563431
2272851
4209623
38215337
662113
453724
2437326
23600754
2360018
566208
2335261
4112497
38154521
670337
458615
2413048
23558165
2404776
612708
2270933
4125446
38180741
676742
456417
2594147
23585890
2362388
565331
2323569
4111108
38245662
676579
452657
2526658
23517351
2359886
634091
2267887
4124101
39201233
674174
455432
2387316
23457660
2406152
561596
2268867
4173755
38277154
667423
460984
2379941
23515955
2361708
562203
2270883
4124372
38205250
660392
567754
--STOP--
++STRT++
2383916
23516589
2362362
562308
2270665
4197979
39300813
664500
445704
2403771
23595199
2365571
566217
2267138
4170717
38151189
665259
455411
2459435
23443344
2362051
565449
2273241
4166188
38162125
659111
458008
2469434
23396386
2360630
563489
2273486
4168800
39798022
662282
457899
2659281
23477937
2362554
563279
2273814
4123716
38222406
658123
463940
2371408
23537284
2363048
560176
2271020
4169605
39819022
659803
458770
2429439
23608099
2356915
561149
2309723
4112245
38229434
762066
454476
2484738
23556006
2359723
563244
2269198
4164816
38199325
668801
452027
2433960
23600231
2360438
559753
2267242
4153209
38096896
671640
462484
2396938
23502981
2398391
563561
2271512
4147195
38213062
672904
471937
--STOP--
++STRT++
2422475
23533625
2441444
566132
2271952
4166972
38098153
659167
453755
2469629
23430235
2363361
564000
2271846
4160953
38224211
659745
458869
2490732
23582838
2364254
565495
2270747
4157217
38128282
655402
451278
2500952
23466577
2366884
564404
2318710
4111153
38266115
662843
453658
2376214
23460764
2409201
564430
2268312
4173143
38158844
664263
455594
2502833
23479116
2359928
564690
2300694
4112356
38150610
660240
464121
2453716
23528735
2363039
566050
2273133
4168830
38120079
674829
459537
2519782
23465534
2360893
561896
2320968
4125598
38110305
656323
459142
2344526
23476490
2388384
560743
2266927
4167655
38109253
659549
460108
2366598
23492996
2363565
562397
2268355
4172705
38105357
665628
472129
--STOP--
++STRT++
2382081
23422435
2358498
566711
2266215
4197720
38191508
665070
453400
2405165
23454938
2416235
565031
2269047
4165888
38105959
669957
454394
2475715
23430540
2416241
561408
2268502
4171078
38215137
663973
450285
2412039
23447470
2362403
563172
2271952
4158806
38188696
660369
458855
2492810
23480078
2360658
564440
2308740
4112267
38181799
659503
457215
2645446
23583019
2407959
565383
2272645
4170222
38124160
672653
465764
2456834
23523155
2365282
566835
2269212
4204656
38124946
672416
456519
2375180
23445292
2361999
563782
2304036
4109386
38236225
655356
453414
2509772
23639219
2364463
568627
2264202
4162678
38127836
661691
477508
2400426
23439681
2393514
561735
2271479
4174609
38450138
667668
477439
--STOP--
++STRT++
2515597
23493052
2362779
566496
2273641
4157025
38193295
662869
458268
2501374
23564521
2368586
567008
2316453
4112209
38117008
660471
445865
2460966
23553213
2356937
567942
2354081
4126944
38184430
662923
456265
2480196
23598735
2361035
641160
2271432
4152523
38219989
662371
457763
2440196
23612365
2360560
561859
2354315
4108750
38255211
657245
456096
2388882
23469742
2389119
641516
2270686
4152495
38117047
675170
458171
2404721
23465052
2361346
565229
2274409
4206142
38175656
664909
452125
2336491
23475804
2358277
563134
2270517
4106299
38137441
658566
453390
2426110
23588834
2359689
564699
2269308
4165998
38133601
652951
461127
2493824
23569191
2358380
565635
2337546
4109648
38147117
659259
470595
--STOP--
++STRT++
2375555
23523028
2409469
564227
2272390
4167722
38271109
659384
453654
2472436
23490264
2411878
564079
2273263
4157601
38239497
665890
453002
2444432
23533442
2360395
562093
2271216
4167992
38133762
663991
451850
2511422
23573681
2359671
563234
2305990
4124374
38235394
664255
452125
2357451
23589750
2358929
566375
2273065
4157206
39189945
675334
456566
2464857
23552693
2355637
559495
2271618
4197028
39193438
664332
458132
2381692
23495692
2416582
566983
2271748
4159963
38210923
657460
453879
2382443
23572649
2362588
565722
2269962
4156470
38143845
669874
454478
2551458
23514611
2355213
565955
2331940
4123143
38180568
671392
459969
2489336
23529075
2363738
564324
2269534
4110041
38148577
665244
476279
--STOP--
++STRT++
2383546
23522501
2362837
566163
2315044
4112420
38276982
655739
454253
2549887
23552299
2361199
565817
2268871
4174882
38149372
657219
458467
2409031
23564324
2361670
562607
2323281
4109957
38143843
661560
451551
2408462
23542613
2362708
562321
2271698
4124839
38274659
724143
459662
2404460
23461035
2394029
564264
2270373
4145228
38111095
665429
456208
2386371
23550409
2361593
563983
2268964
4226330
38403782
668406
454439
2456092
23518175
2396503
565367
2270579
4137997
38103081
668312
460185
2454194
23515437
2359096
561923
2272599
4185398
38140681
658574
455123
2516318
23555765
2356221
562335
2356065
4110384
38561028
730324
468599
2496183
23524828
2413478
566669
2268922
4159471
39765255
666469
472388
--STOP--
++STRT++
2371813
23696402
2366559
564013
2273357
4171708
38493426
661822
449983
2407753
23619513
2361227
561831
2273554
4173989
39233344
669696
460029
2389033
23541727
2355236
563376
2274371
4111833
38196134
661236
454934
2406325
23475645
2426113
564572
2313379
4171812
38189321
661705
459096
2374875
23489187
2361983
565044
2269889
4174236
39227163
669511
456471
2407015
23572376
2360700
563661
2276612
4111088
38530586
714079
456919
2391069
23554026
2363766
564031
2302583
4112660
38133060
662227
451829
2459815
23578531
2363761
566005
2268799
4163927
38167005
658886
455494
2457992
23572599
2361119
559598
2315288
4111059
38160197
664547
460607
2517216
23556625
2360510
564885
2332811
4126054
38251765
668600
512750
--STOP--
++STRT++
2393425
23534324
2391772
571403
2271421
4110657
38094316
684977
452796
2400501
23620037
2363754
560385
2269620
4161669
38513396
675027
459049
2459782
23444042
2361323
565108
2273695
4158354
38512670
660769
456592
2480238
23550531
2362203
563413
2328937
4125786
38935337
665293
538046
2345285
23471740
2390468
651473
2270013
4153466
38127674
659912
459061
2590731
23578657
2362029
566699
2320031
4128039
38193861
665432
446709
2479727
23573783
2362332
567566
2319999
4112239
38228553
663277
453528
2371903
23552960
2357568
560197
2272384
4107971
39794389
665846
454968
2386610
23611586
2360309
563425
2267551
4195760
38157450
692723
464804
2584442
23461780
2364367
566054
2316745
4110635
38518810
662886
468906
--STOP--
++STRT++
2441871
23474862
2363586
565597
2269863
4175531
38198316
664781
453292
2429884
23469959
2422960
561919
2265328
4186198
38229928
663892
457437
2398384
23458210
2361566
564805
2273181
4172423
39786087
656304
452273
2432203
23458897
2391265
641267
2271359
4140124
38913609
666264
454656
2343470
23512680
2408895
564182
2271892
4165485
38184449
672460
456227
2537921
23663727
2362993
564391
2271353
4199358
38209284
656850
457762
2478977
23461150
2374875
563858
2330960
4096714
38190592
662508
451816
2386225
23535080
2358755
565813
2271479
4110427
38133389
662344
449316
2428936
23472590
2356241
562366
2267652
4147660
38127361
654975
458359
2464720
23485849
2359968
561213
2274082
4116720
38364451
664884
574736
--STOP--
++STRT++
2411935
23530170
2357557
564906
2305138
4123435
38191172
661579
460770
2438855
23489873
2364131
565969
2267834
4203452
38184126
663233
457778
2393621
23661054
2362907
565218
2268917
4108918
38228368
660132
456978
2379078
23599329
2406854
561653
2271660
4207559
38189763
664237
458777
2500176
23557114
2359983
558510
2331034
4106987
38312055
682837
456369
2355382
23457790
2360225
565617
2268802
4145007
39877314
663711
454253
2478870
23479479
2359914
559640
2315217
4112992
38177726
658824
456276
2478379
23637607
2361129
564499
2271387
4200677
38179770
660111
457992
2388057
23428561
2359778
562975
2302516
4111203
38192914
661905
458227
2355650
23529314
2412397
562764
2264113
4193320
38208193
661806
468953
--STOP--
++STRT++
2383762
23488079
2360111
564385
2272105
4162524
38192238
657930
459383
2368465
23469241
2433535
564693
2270370
4175065
38215905
664920
455146
2459587
23619899
2362524
564064
2267698
4170124
38259989
661357
454049
2496700
23515275
2359315
561272
2269460
4155726
38144977
664540
453680
2360686
23437651
2362381
563285
2272592
4199236
38184376
670310
455113
2503098
23472026
2357198
567367
2273831
4113521
38110090
679644
457026
2447191
23461455
2362480
565433
2267983
4193776
38124079
662623
458421
2442695
23573026
2362210
563188
2269686
4123860
38231782
667733
449876
2380513
23605372
2390696
563817
2269886
4202763
38188189
661313
455297
2560504
23529449
2362827
565359
2319595
4111219
38210160
668477
472286
--STOP--
++STRT++
2365234
23566621
2361272
563440
2274495
4178002
38213931
656254
449998
2430371
23450801
2418284
563459
2272071
4170964
38151412
665480
455205
2512549
23509905
2363943
563274
2273036
4157091
38175742
658262
457615
2524172
23557938
2359795
562328
2329095
4109481
38221270
661370
456750
2424385
23542780
2360897
561965
2272567
4123316
38127856
660661
458988
2433999
23651478
2363299
567111
2267652
4161027
38103093
662197
456922
2426684
23424537
2360477
562889
2313652
4181512
38876156
661337
458007
2434218
23485804
2356115
567256
2271133
4123169
38161267
664714
453653
2404613
23545436
2392662
567028
2272202
4168679
38956415
657122
462676
2380700
23540613
2361277
564848
2267580
4208952
38191997
659189
469973
--STOP--
++STRT++
2450679
23443986
2364939
562600
2271463
4160893
38137602
659159
453482
2382689
23492530
2363751
563908
2268991
4178344
38229906
666122
453905
2408853
23497970
2362944
566428
2270427
4171352
38171047
665451
450652
2598089
23561824
2359631
560451
2317577
4111387
38271899
664704
458474
2364209
23448331
2359096
561903
2273828
4152319
38154702
660392
459218
2365887
23548415
2391401
593971
2273666
4125952
38113582
674762
457059
2351695
23529342
2398281
562439
2273934
4142001
38167893
664925
456505
2339690
23528683
2360117
568278
2273752
4165742
38168518
669112
453787
2474546
23523509
2360069
561806
2268119
4203077
38390694
662743
456938
2362016
23454751
2395549
560034
2271149
4210826
38126727
670905
470223
--STOP--
++STRT++
2577831
23649838
2360237
561944
2321166
4112495
39288453
659436
452320
2425893
23431157
2360383
560893
2271534
4165000
38197273
670723
460347
2427630
23484573
2361755
561234
2271008
4153342
38139790
658323
454180
2388288
23465095
2358371
563429
2317344
4112935
38205467
656022
452264
2461415
23403490
2359146
561592
2270641
4179276
38130669
658802
458748
2551556
23472187
2360270
563156
2329802
4127441
38278739
659542
451230
2406537
23464660
2397040
561397
2269756
4164726
38221303
667357
443060
2463443
23454306
2361535
564980
2269081
4162100
38141419
662541
456096
2655647
23460596
2357862
560638
2330250
4111748
38550344
662243
463291
2448226
23642859
2362286
559234
2263839
4186834
38124531
663862
467629
--STOP--
++STRT++
2369592
23598630
2361979
568373
2272822
4108981
38462821
715580
520400
2389666
23470666
2364273
563209
2272230
4195083
38146693
663705
457707
2441456
23485554
2359125
570659
2315557
4113352
38442180
662655
452750
2478233
23507647
2359808
562346
2268593
4110368
38252273
660018
457796
2349461
23403269
2361957
560474
2274134
4194928
38436182
666866
465794
2444729
23426642
2366952
565066
2268189
4170847
38137999
658223
458656
2342821
23470376
2359066
570300
2272588
4126777
38081075
719270
533338
2597994
23628387
2406260
566535
2271498
4166455
38173812
660393
441040
2355841
23626410
2359837
563528
2268521
4174090
38151855
672875
461915
2371825
23586467
2394867
621549
2268065
4144779
38112499
662487
481442
--STOP--
++STRT++
2355257
23462316
2364025
561018
2269531
4193820
38256501
666871
452050
2343031
23460965
2363497
566239
2267590
4158621
38135135
662767
450769
2422749
23465631
2357440
564310
2270036
4163096
38209380
661919
454106
2414733
23486098
2362212
568054
2271983
4176214
38137538
675687
455884
2497358
23516128
2359367
561310
2274214
4112574
38100042
723469
461418
2430840
23436233
2363396
563569
2272930
4194210
38173589
658080
457758
2607794
23542391
2360165
567764
2268950
4171230
38928163
669881
452957
2488279
23509414
2361501
566299
2269500
4110965
38152444
724657
505376
2428690
23513502
2407285
560497
2272003
4160206
38404788
662007
460015
2418360
23504557
2363188
566909
2300572
4116921
38478120
670153
476810
--STOP--
++STRT++
2454600
23518402
2362592
564177
2270222
4163565
38652083
666058
463004
2526299
23583024
2368596
564114
2276547
4160483
39936613
664789
467117
2518904
23511231
2365883
564708
2275718
4154175
38129040
665132
468236
2547029
23444884
2360835
563738
2273125
4168702
38149452
661513
450223
2539074
23467963
2374515
562863
2322874
4125879
39017533
671081
459298
2384466
23475283
2385854
563424
2270789
4178421
38095239
661332
458653
2539032
23612148
2401054
563943
2271906
4197268
38099019
668423
457353
2453534
23499110
2362130
562706
2270739
4163662
39820144
684361
456761
2343772
23500911
2356489
560758
2268751
4122935
39143143
661823
461757
2426692
23486024
2414043
564179
2272768
4172785
39230976
659072
472361
--STOP--
++STRT++
2358988
23580589
2363289
562779
2272769
4124096
38219626
732183
455013
2373417
23598929
2360048
562586
2278805
4111609
38156998
719750
495376
2424692
23483511
2363769
563985
2269672
4168560
38171488
660842
463044
2441785
23567896
2356345
566557
2320776
4108350
38132389
697919
456344
2348038
23589334
2395664
564452
2273727
4142026
38111518
665781
464595
2365799
23581221
2363431
562479
2271181
4157739
38099606
667312
461107
2355575
23543969
2361010
569671
2270524
4165205
38112857
662398
457266
2391051
23460112
2365398
563817
2316688
4108832
38429124
662425
455063
2569241
23481111
2357364
564129
2304044
4150798
38128364
675227
457848
2440879
23444949
2395312
568143
2270362
4144909
38462463
681275
464047
--STOP--
++STRT++
2424489
23619497
2361337
565007
2269297
4121654
38228712
658481
454096
2480264
23579276
2360887
565877
2319748
4171023
38454030
665323
461864
2461492
23639631
2364028
563148
2270803
4163448
38141144
660131
457295
2367825
23579985
2360527
612979
2267756
4100061
38174647
669560
458177
2497745
23439184
2357627
566872
2318987
4110015
38114544
663613
457457
2433069
23476251
2386020
564394
2269825
4150623
38122204
676299
458579
2382683
23600652
2411904
562859
2270451
4167998
38193876
663133
456183
2525840
23484062
2363771
565775
2315234
4110733
38167570
665603
453339
2435060
23585382
2382962
565357
2267568
4122956
38149449
663168
462244
2465317
23566650
2359837
559213
2307872
4114108
38198088
666675
464544
--STOP--
++STRT++
2326886
23539380
2412453
564012
2274175
4150473
38221327
664929
455613
2340222
23462379
2402589
563701
2270547
4146061
38179518
671229
460009
2377289
23536985
2365697
562318
2272424
4177284
38245653
662323
453976
2554358
23536869
2361237
565500
2275994
4111800
38188751
659127
452993
2423977
23498056
2394675
562871
2273113
4164072
38187970
667433
457979
2504264
23513310
2361002
562460
2302312
4112833
38150267
663347
454943
2649451
23455845
2365447
564826
2266848
4167414
38160979
663692
454564
2479790
23465257
2364215
567008
2331199
4099487
38234713
656811
456397
2480373
23581285
2354773
561453
2272380
4113047
38203921
658433
460821
2411839
23490885
2361222
566874
2324243
4110273
38236504
665034
470127
--STOP--
++STRT++
2414083
23440914
2357881
563241
2294403
4172464
38155503
654970
454155
2372214
23415044
2359669
564105
2267690
4179556
38152128
662179
460497
2548149
23445599
2364294
565407
2272556
4171702
38171259
662167
454679
2379432
23442500
2362196
564527
2266772
4173030
38168063
666279
454921
2335099
23415148
2361462
565540
2269083
4144878
38109941
667178
465062
2457052
23452967
2361334
566231
2313852
4121711
38231201
666615
457751
2439312
23475706
2357676
566364
2270340
4161332
38134471
661637
458737
2597679
23526338
2362379
564710
2273551
4110365
38151251
654062
455604
2339602
23489860
2394814
564716
2267603
4197438
38179136
660604
460036
2410089
23563667
2361377
565328
2302928
4113612
38109542
665274
467964
--STOP--
++STRT++
2356814
23586007
2411562
568720
2269490
4149234
38130342
664224
452354
2434580
23503809
2363621
563187
2270665
4173544
38301785
765744
459517
2471285
23539669
2361359
564083
2277670
4126721
38100587
714807
493678
2455957
23448118
2363032
564941
2267819
4169003
38461818
663062
457375
2406413
23471057
2394966
600126
2267236
4137010
38113254
662624
461197
2409366
23439760
2361602
566366
2272066
4159688
39026548
662384
457294
2420376
23540330
2361623
561965
2273194
4157159
39700227
666975
459614
2419754
23573342
2361404
563305
2270238
4124972
38360845
659022
452438
2409922
23647338
2361272
565549
2312753
4167131
38146805
668402
459453
2358369
23530347
2411128
561082
2271239
4155093
38089460
662386
471034
--STOP--
++STRT++
2413170
23516918
2357627
559076
2317418
4113121
38192405
655382
450046
2459973
23442453
2359934
564505
2269647
4163328
38218960
664451
456045
2485870
23547618
2364845
563055
2321405
4107940
38238223
710266
508366
2484643
23574961
2362903
566817
2311487
4148772
38187741
667556
456022
2481236
23455720
2357972
562026
2332723
4108307
38183492
662815
456269
2427391
23498050
2413131
565450
2273001
4168111
38135775
663488
466096
2518130
23622975
2362889
560635
2279144
4168643
39914720
666106
460842
2354722
23537889
2363107
565533
2270595
4123552
38944096
711289
490999
2366535
23598242
2357793
565265
2300478
4127067
38446326
679645
458009
2378758
23528914
2358124
563919
2274597
4111750
38110778
736264
469546
--STOP--
++STRT++
2425665
23551528
2357620
563122
2302241
4112846
38198858
659454
453719
2383891
23455584
2361262
567215
2271528
4162527
38225852
669147
455212
2445937
23481249
2360911
566643
2330355
4123601
38212240
664036
450834
2527942
23636258
2408129
563279
2270697
4172505
38143152
656811
465177
2339096
23525075
2416846
560319
2270595
4178695
38418493
661189
464638
2370722
23578917
2361552
569702
2270011
4113338
38154874
659430
458516
2349248
23613750
2360427
561532
2268586
4201111
38431871
656086
453536
2547330
23476231
2359908
565174
2316266
4156200
38139810
656974
501099
2516025
23490365
2359266
561540
2303167
4110073
38504197
664117
457938
2506777
23552655
2359069
562203
2319512
4151669
38298100
672287
464868
--STOP--
++STRT++
2431686
23460240
2360213
561651
2270403
4125713
38992941
711843
511730
2407613
23466695
2359914
564310
2270545
4126712
38512398
723431
456234
2433521
23628174
2361385
562168
2275520
4160144
38493085
665825
449866
2446454
23641695
2361660
561942
2330020
4101190
38180253
664908
462566
2386446
23412518
2359587
561966
2279644
4182555
38131090
664455
460467
2538000
23542403
2357109
563127
2337407
4125733
38137544
665019
461274
2375751
23545118
2364650
563134
2272306
4176206
38149489
660768
454087
2483989
23454944
2358169
564102
2358540
4123035
38145167
664064
452192
2563183
23465381
2358921
563232
2271092
4108584
39025879
716281
527323
2353973
23466829
2391652
562162
2269247
4203826
38170408
664412
473223
--STOP--
++STRT++
2500363
23512617
2411592
564220
2267683
4164750
38092641
659243
452948
2399476
23482836
2359988
564043
2269698
4159857
38171707
660710
456414
2399885
23616121
2360063
562007
2305125
4126624
38114991
661758
450694
2360229
23602539
2360864
567102
2271866
4111723
38204054
720894
544744
2514936
23613680
2359412
564318
2303424
4220186
38132393
667134
460295
2462212
23540482
2362162
562909
2271431
4158507
38201863
654792
455182
2693487
23500045
2359003
567601
2302213
4125031
38164683
667514
457073
2341331
23517210
2362393
560652
2270048
4167894
38168131
664052
452237
2395637
23482884
2358542
561953
2263409
4173479
38196979
663914
462925
2530372
23504042
2357609
561196
2317567
4108147
38205223
661666
469778
--STOP--
++STRT++
2676670
23568134
2359614
564872
2270236
4108203
38965982
659285
452232
2367562
23460469
2359240
566696
2270824
4208898
38204608
655225
455756
2404513
23452011
2363961
561329
2331309
4184805
38155020
671550
455325
2390937
23594710
2359419
560191
2271440
4124848
39776330
668770
447187
2605033
23463973
2359107
559928
2302999
4175317
38102044
668172
458707
2395460
23635002
2361541
568788
2268917
4111172
38091406
673489
458201
2456671
23636495
2359307
560733
2273502
4170624
38109127
661357
458710
2497029
23545645
2363871
565375
2274883
4095753
38943236
708441
441401
2360379
23574901
2406719
560928
2265869
4145917
38234502
662822
460921
2563058
23480192
2362396
562301
2270873
4126040
38068259
679598
474843
--STOP--
++STRT++
2353959
23573085
2357845
568168
2269840
4124020
38265592
665430
452527
2426439
23561789
2360495
562904
2267475
4155945
38457802
671376
460009
2530086
23460123
2362126
563185
2320667
4109983
38177423
660846
454474
2550462
23511700
2408013
562135
2274341
4166450
38085758
663005
456277
2402083
23462340
2358974
562158
2268585
4176939
38135723
661571
463971
2458522
23569546
2362805
565949
2270865
4169976
38173371
679585
460044
2387085
23566425
2359602
566056
2319289
4115536
38153344
670646
457342
2393244
23446743
2410534
567427
2269467
4107529
38130714
660991
455714
2449670
23571827
2357631
563330
2337017
4120358
38432648
664338
465516
2437295
23636740
2364581
563337
2269430
4148761
38148070
664445
469777
--STOP--
++STRT++
2397904
23524497
2406620
564219
2267292
4150235
38210327
662220
451897
2381691
23455130
2360604
562411
2267895
4173538
38187655
666434
458781
2582584
23466244
2359203
564910
2298548
4148122
38209957
666483
453144
2388695
23415237
2365434
564535
2269070
4163665
38178290
657382
457640
2577878
23464741
2363685
561413
2309634
4176682
38121760
658848
460918
2495030
23511023
2359622
563602
2269443
4099135
38153350
661238
454146
2587355
23532345
2358164
568047
2275974
4202320
38474085
661155
456889
2625518
23467771
2360951
565720
2272063
4111627
38209550
661070
463211
2429633
23501444
2396078
564602
2266518
4187490
38105526
662397
466279
2370044
23667183
2361842
561863
2269352
4203640
38203165
661473
467833
--STOP--
++STRT++
2429978
23628096
2360180
564818
2267537
4169829
38094220
656014
438467
2344441
23440497
2362139
563071
2271461
4198120
38142411
674446
456720
2708148
23551527
2361070
567609
2271171
4151425
38121119
659156
451845
2486240
23539011
2362022
565038
2270771
4173037
38109921
670482
452958
2421652
23552277
2362651
564195
2300898
4151171
38160899
668868
458371
2395528
23462050
2393405
599091
2272288
4113244
38081713
673089
469410
2387420
23473415
2412427
564276
2273967
4149088
38170856
667514
456101
2426170
23664192
2358293
565965
2316629
4122649
38148074
657985
456501
2442504
23589798
2359236
562104
2330485
4112951
39740914
674066
461473
2573250
23569364
2359614
562641
2330977
4123119
38193170
665228
468844
--STOP--
++STRT++
2356085
23518746
2387550
600949
2312345
4186663
38339619
668126
458390
2490361
23447077
2363074
563054
2269592
4164009
39027369
658445
454276
2455086
23418900
2361770
562229
2275341
4146776
38217885
662258
455024
2516641
23469249
2362708
561599
2330670
4126588
38154793
658350
458765
2527995
23661572
2361927
563715
2272262
4178645
38104898
703420
461493
2525113
23489568
2361992
569509
2308921
4122071
38515688
665683
457873
2455348
23656561
2363575
561761
2269259
4204760
38131585
677174
456010
2459320
23572724
2360569
564602
2322303
4109390
38217978
662649
455103
2388021
23461990
2363988
565062
2272035
4155659
38108014
660681
457934
2365534
23592907
2391955
564182
2270059
4144665
38504091
660476
474626
--STOP--
++STRT++
2447475
23523821
2360532
566893
2322780
4105542
38613716
666105
450435
2546705
23610016
2363390
563674
2270111
4171494
38167460
658311
458737
2513403
23548263
2359531
561962
2324409
4126252
38288942
669975
452429
2411300
23578866
2362709
561859
2270232
4100697
38925862
719190
459622
2431856
23651459
2361385
564485
2270790
4187088
38976639
661343
455726
2388587
23530223
2358222
564294
2273684
4123637
38083512
717302
462994
2522557
23494602
2399693
596961
2269612
4124093
38132039
737970
554134
2481701
23426969
2363987
565790
2266473
4203949
38244871
665450
451860
2546716
23549935
2359857
563096
2324062
4124105
38225457
658060
457277
2387113
23526814
2359215
564707
2270724
4149880
38117028
669277
484359
--STOP--
++STRT++
2416359
23656765
2357990
562643
2269960
4111301
38156839
660847
455887
2409447
23591020
2361037
564439
2269690
4126158
38161467
664897
457683
2409144
23592450
2363321
559144
2268166
4170024
38127180
659359
457613
2341560
23479829
2358585
565744
2275943
4155829
38181827
672449
459936
2368171
23414451
2361909
557319
2302549
4200091
38206789
658874
457996
2480631
23521975
2358542
564631
2272000
4107900
38134302
662347
466299
2415365
23535228
2361761
567081
2270858
4207638
38450843
664225
452644
2510073
23529843
2362174
563774
2271856
4174480
38134441
656601
455073
2347306
23575168
2354857
559401
2328393
4187810
38155210
660324
463035
2628372
23545251
2357757
562074
2318480
4106824
39765127
664260
471613
--STOP--
++STRT++
2361500
23505461
2407511
568359
2276777
4159634
38086425
659830
455531
2372409
23488176
2358704
565443
2273452
4168628
38130930
679022
461994
2395843
23570936
2366175
564775
2300326
4152727
38121990
664450
456333
2464999
23579127
2362351
562100
2296301
4184287
38105725
663928
451223
2399806
23517399
2360162
560194
2270738
4110791
39151618
669121
458091
2337496
23448871
2360773
566913
2307864
4108199
38906156
662004
457504
2333009
23442830
2363622
563623
2269807
4163880
38183170
657606
455008
2361016
23584535
2390486
599539
2271419
4124696
38153839
706355
452131
2393359
23644024
2357761
561076
2269655
4161503
38126855
665545
459825
2398640
23598511
2361519
601748
2271081
4110591
38171372
669705
470759
--STOP--
++STRT++
2508083
23621853
2357302
560261
2273069
4109381
38069432
739912
458882
2339540
23501304
2407831
601826
2266906
4153146
38169844
667446
456584
2363360
23467071
2410169
561330
2272482
4155037
39161025
665783
451665
2549807
23575660
2358405
567691
2268423
4174152
38520663
660716
453055
2547530
23459620
2358607
566276
2316926
4112534
38224747
662056
458758
2357523
23561572
2362895
570564
2272479
4115382
38284790
675232
455786
2495014
23509008
2410944
565133
2270324
4175247
38150399
662743
455160
2480275
23451511
2361481
566305
2269783
4210129
38140550
670595
462093
2590408
23640191
2357653
563754
2272184
4185486
38088727
658039
463690
2426662
23583830
2393735
564091
2269226
4153529
38119493
663803
474504
--STOP--
++STRT++
2374164
23572001
2358436
561719
2271878
4174497
38668938
656420
453489
2442300
23465838
2360631
561964
2271613
4178171
38229187
659140
453062
2495791
23541556
2363243
564778
2269073
4161538
38452918
659966
454836
2523748
23597315
2361153
560450
2272480
4109630
38250537
663646
456172
2405294
23529433
2393045
604037
2273094
4168703
38160391
671098
459336
2351096
23625055
2361351
564976
2306033
4208839
38202694
668434
457183
2375241
23522343
2393425
565939
2272381
4162077
38113998
676120
465907
2565868
23651159
2359385
561444
2273272
4160027
38114404
660548
457455
2620997
23527850
2357293
563599
2327286
4125951
38135052
656352
453726
2388597
23515660
2413485
561220
2270759
4156102
38193377
666341
466621
--STOP--
++STRT++
2407717
23566305
2359054
562199
2296602
4123172
38243874
663922
452690
2450017
23448089
2362861
563269
2268586
4176259
39270755
663656
458423
2393388
23412662
2362776
559758
2271163
4239925
38190889
655871
452387
2614735
23461158
2357414
563720
2268828
4122639
38864041
660518
456176
2552366
23501187
2359208
565861
2334490
4128557
38165121
660064
460990
2399428
23699309
2356115
563813
2271479
4158392
38201308
662733
460073
2363280
23647703
2362617
562312
2272747
4174654
39822725
662881
455451
2453037
23521920
2411029
562751
2275406
4135735
38088348
670892
455524
2332677
23409688
2364977
563974
2270456
4198336
38208363
659098
470431
2473631
23446124
2367139
563882
2318441
4154977
38126322
664183
487993
--STOP--
++STRT++
2371957
23530263
2407123
566328
2269253
4149100
38097580
664884
455229
2474776
23578643
2359201
568048
2269642
4165471
38199801
676731
459215
2511664
23538669
2361878
566924
2323491
4123795
38191554
662785
455355
2366956
23438136
2412326
563927
2271476
4182334
38202540
656927
457090
2535740
23479119
2362492
564110
2332778
4135536
38471777
660434
446127
2374967
23525006
2412219
564340
2275011
4174434
38134246
660352
459921
2569357
23579071
2357707
565490
2307321
4131304
38157904
663249
455957
2352585
23479900
2362451
566302
2271703
4159543
38162482
663149
453590
2643561
23448571
2358941
561618
2266398
4165072
38167183
659395
462718
2354533
23512102
2396619
560170
2268109
4158538
38165143
667267
477260
--STOP--
++STRT++
2362994
23630294
2362266
565341
2270400
4175929
38291769
656390
458025
2349431
23509774
2360684
564704
2271726
4177034
39248375
663262
455217
2422972
23477881
2358825
568699
2300848
4126479
38182316
659083
452276
2482345
23546646
2360823
561791
2270895
4112667
38372153
725674
539919
2503599
23544608
2360400
561679
2270693
4198771
38189062
658857
460735
2652950
23465989
2359724
563831
2308770
4109807
38267716
665852
454378
2378753
23641449
2362854
560704
2267786
4174212
38178281
667027
453678
2409128
23448432
2363049
563236
2305940
4122675
38235667
662685
455791
2616449
23546557
2358824
561593
2271316
4126579
38324778
674847
457537
2352976
23487546
2365665
562763
2272292
4148765
38224732
711701
531293
--STOP--
++STRT++
2374002
23490298
2363984
564264
2271762
4201240
38108722
661860
451891
2393932
23489787
2363086
560165
2273697
4160863
38228075
660913
459444
2434469
23471623
2360787
567166
2272620
4151315
38174564
659045
449620
2510233
23457025
2362924
560375
2331524
4109711
38165398
657697
510219
2488465
23491817
2407783
563228
2272788
4165784
38132643
667845
458935
2726136
23591770
2360443
562782
2324863
4124675
38501769
667364
456727
2480616
23564185
2364867
562826
2316997
4113114
38141402
659576
453304
2441516
23588722
2395439
564042
2274006
4162637
38149458
667257
455140
2491488
23484933
2392110
564420
2267657
4153497
38144686
689580
467708
2457829
23558128
2362817
563809
2316238
4157333
38473557
665831
473191
--STOP--
++STRT++
2463725
23538822
2360059
611002
2265897
4112659
38397813
757657
460020
2568764
23554190
2360599
559033
2276279
4127506
38214280
668150
475229
2397500
23544456
2365779
563156
2271142
4145407
38169944
658740
457155
2445857
23445567
2360838
565687
2310873
4126112
38341600
662616
454422
2427847
23424454
2362528
566455
2270053
4177968
38229048
665828
458418
2532508
23636115
2359851
562066
2273916
4162148
38133971
660812
455060
2437868
23451511
2365715
563015
2303404
4211456
38119834
662518
462878
2419795
23553426
2361159
562980
2327757
4113581
38480137
659173
455739
2420624
23554837
2361590
560688
2269352
4182382
38222470
664232
462095
2504775
23478782
2356878
567398
2322591
4108181
38295285
675333
477164
--STOP--
++STRT++
2335500
23510834
2403769
561960
2268189
4159137
38105908
655140
454111
2366263
23477616
2359797
562033
2273191
4160791
38191041
665014
456108
2387602
23463209
2362227
566447
2273353
4159936
38186313
659434
462640
2470537
23483448
2359332
560968
2269716
4202218
38931445
680234
457493
2439638
23437298
2364044
564020
2266415
4165504
38186074
659758
455306
2551535
23477182
2361039
564702
2273408
4109404
39202978
715836
539307
2351228
23671164
2363470
559883
2272821
4175140
38192645
663734
455587
2543097
23562523
2360268
565350
2270499
4123519
38175023
658643
452089
2374866
23437039
2393864
563463
2264484
4161489
38212023
660878
457556
2471527
23563521
2360179
564360
2337928
4107129
38205586
657398
474859
--STOP--
++STRT++
2391188
23637223
2362463
563825
2272470
4123979
38151466
671358
454041
2765670
23482475
2364475
562072
2274066
4151417
38104704
666661
468797
2511097
23462702
2358764
564669
2269974
4174491
38218683
653725
458928
2456645
23565390
2360159
565209
2270327
4126400
38174172
662734
460716
2568947
23507530
2357831
561232
2271372
4097060
38177064
720048
462646
2456495
23619834
2361609
562846
2303312
4123535
38201471
664676
456554
2494252
23584500
2362630
564230
2318919
4110532
38224990
658538
456772
2514352
23515999
2418302
562515
2271199
4153417
38185107
665142
449758
2556568
23469277
2355375
564206
2331153
4108776
38179393
658191
456936
2462920
23467975
2360013
565742
2269827
4110594
38129899
723846
565124
--STOP--
++STRT++
2507686
23608681
2364865
562957
2269369
4201437
38160322
660882
453562
2338151
23476933
2364852
565458
2268012
4213916
38250571
660129
457670
2434073
23561638
2367912
566105
2276167
4161584
38207633
658359
450529
2433699
23454699
2358562
562260
2344886
4109594
38119269
662521
461784
2424675
23568593
2399372
565798
2269168
4196747
38156439
657714
459975
2539151
23567075
2357763
567998
2355342
4122811
38162498
668425
456866
2561024
23454457
2361743
563316
2271386
4159991
38226170
669503
446289
2338482
23461491
2364788
560983
2268803
4170306
38127053
660583
458146
2529144
23682172
2360122
560004
2274506
4203202
38469339
664771
465814
2568458
23480484
2356568
565986
2276639
4101907
38105489
664209
471229
--STOP--
++STRT++
2353380
23695309
2411601
563204
2271269
4160597
38198432
659136
452252
2459475
23532270
2359756
561368
2271592
4194900
38189919
658463
469880
2423072
23563451
2362428
559182
2299309
4145953
38140527
664603
459792
2366658
23568279
2360250
560476
2270318
4112728
38199986
658745
455659
2376396
23441431
2365497
562105
2272571
4178406
38188744
679339
460740
2378725
23598542
2364249
561803
2270727
4110397
38150575
662578
455130
2412443
23469070
2360301
562854
2272590
4174815
38163895
662749
457436
2455617
23500646
2405377
653601
2273711
4138983
38163593
671016
458703
2365946
23518472
2410957
563787
2270655
4180535
38116335
667305
469949
2472597
23439743
2361105
563440
2273947
4164887
38149835
676389
472414
--STOP--
++STRT++
2615459
23514723
2356926
562118
2319353
4124180
39271553
658997
455101
2416859
23626371
2362149
564282
2286929
4161778
38516091
665478
454140
2406902
23470584
2362525
563820
2359599
4110705
38116678
750240
515918
2378685
23407023
2362099
565253
2271377
4174889
38225885
662716
456248
2452642
23446863
2359189
564269
2328842
4125703
38167607
675065
458767
2378695
23531649
2361490
565428
2268217
4125744
38441146
715520
540153
2389911
23597090
2365766
564424
2303297
4221967
38159417
657906
455347
2495600
23494591
2359823
564170
2317394
4103559
38235054
658143
454388
2459531
23489689
2362337
562257
2317804
4126324
38152697
655580
456070
2463052
23480146
2359697
566137
2330485
4110091
38233730
668450
479298
--STOP--
++STRT++
2388687
23497851
2363271
564099
2267680
4165319
38112472
662225
454315
2428344
23592942
2361033
558367
2273461
4164632
38142024
660146
453455
2364075
23460403
2450897
609453
2267513
4125275
38095010
709027
491777
2376494
23486520
2363258
564663
2269519
4156517
38186859
661939
456384
2352333
23451009
2360938
564049
2273249
4147996
38251539
717441
542226
2373623
23564874
2361655
564509
2272465
4151536
38188047
663110
454076
2501875
23500629
2362759
566893
2268911
4164060
38195975
659698
455879
2478735
23589168
2361159
562661
2315969
4109939
38186479
660308
459891
2589615
23510225
2357122
564591
2271372
4168468
38187536
657413
461046
2485277
23470605
2400638
564762
2273438
4199234
38394724
659780
471698
--STOP--
++STRT++
2509214
23613662
2359285
566418
2273879
4111388
38150368
656312
458196
2440638
23486983
2359559
565074
2267625
4156314
38151069
663912
458279
2378374
23588014
2360703
563704
2269525
4165307
38133306
656866
454251
2495428
23432180
2362626
566289
2269285
4206266
38129162
669744
457525
2396607
23446588
2359489
563373
2267594
4148545
38079785
717458
498485
2480776
23553561
2406590
566514
2266026
4158354
39849716
667487
449275
2720713
23451534
2358560
563025
2276602
4100778
39019226
715355
559359
2352089
23399781
2363620
565621
2268211
4173487
38435683
659875
456678
2484324
23568629
2354775
568556
2320056
4111756
38243285
657834
462064
2334964
23465649
2398723
564295
2268931
4187864
38091903
664275
471888
--STOP--
++STRT++
2433159
23542843
2363466
561244
2312715
4185796
38151107
656956
454698
2528799
23454485
2419213
565756
2268916
4158846
38174153
662037
462171
2493369
23476497
2359121
563758
2276448
4152610
38234855
659852
456188
2517418
23467384
2361224
564315
2328627
4124605
38233455
664830
457564
2447011
23482411
2396658
564132
2271002
4142874
38454962
663462
461895
2560633
23469597
2361355
560587
2330013
4154352
38190786
661491
456192
2504018
23465647
2365211
564724
2268706
4168643
38242769
679387
455355
2757635
23456389
2364082
563725
2272659
4123982
38265635
666459
461311
2402293
23496864
2396293
568017
2268549
4186831
38550637
675647
459814
2439286
23565764
2358261
565540
2326083
4123087
38100276
704347
548215
--STOP--
++STRT++
2403398
23567825
2383181
601930
2267445
4123718
38117343
727677
500554
2557397
23482970
2361610
561817
2270563
4161878
38195760
665754
454221
2411405
23430088
2362569
564836
2269198
4157363
39192725
657618
453874
2353336
23527204
2363773
564444
2270736
4123930
38168168
665088
430129
2377132
23527245
2362370
563534
2270381
4149476
38194603
657799
459982
2420863
23559292
2360106
559431
2269217
4179612
38202601
662563
454613
2435333
23462419
2361004
564511
2299933
4209566
38122124
663555
454617
2376459
23572210
2356212
565549
2330978
4099824
38162048
657422
453437
2461466
23432738
2359198
563419
2271003
4155669
38146011
657849
461926
2539742
23456997
2357258
564698
2321998
4106617
38160929
662967
475193
--STOP--
++STRT++
2511259
23572300
2357563
563590
2326262
4124672
38228414
666355
462069
2637601
23548341
2360329
563771
2271231
4158600
38198802
658741
458645
2507052
23510842
2358652
569707
2320196
4112365
38139060
664322
453256
2489480
23464823
2356597
565302
2270876
4125712
38525409
666614
445907
2398764
23522312
2359386
565521
2272407
4209796
38170281
663491
454003
2527990
23457920
2357898
564986
2270731
4111330
38101379
660267
458440
2438555
23605346
2362401
560174
2274723
4202117
38152300
685203
458003
2399452
23590501
2362487
562285
2318076
4113103
39814270
701597
526083
2403040
23551660
2359301
565980
2317283
4179417
38128337
678314
465524
2371634
23455799
2399756
562599
2272372
4159932
38273360
668033
477793
--STOP--
++STRT++
2498766
23628489
2361721
567574
2273746
4196808
38122734
661658
450839
2461396
23511828
2361010
564473
2271756
4170787
38969671
662259
461348
2505514
23504385
2359537
566247
2269969
4157129
38177290
661152
452230
2485034
23502000
2358779
564628
2325336
4147773
38191615
666541
456116
2568465
23568270
2360331
564943
2272789
4168394
38232707
670001
446948
2592928
23575801
2359904
562345
2269189
4110067
39794704
670345
458734
2490533
23492506
2360042
560646
2271967
4189559
38229870
664457
470369
2543116
23546934
2360063
563395
2320765
4137717
38980245
657727
459715
2357037
23517006
2392573
562965
2268634
4160288
38128641
657965
460572
2448025
23472561
2359496
562070
2330067
4110676
38208507
657038
469339
--STOP--
++STRT++
2344052
23492334
2357246
603948
2270974
4119093
39798490
656799
451837
2366293
23496890
2362998
562543
2270967
4171608
38156199
660901
455277
2465187
23421708
2361536
565676
2271864
4170073
39074911
666113
452886
2370424
23443697
2361567
565163
2270230
4209199
38491383
659104
458724
2483140
23517201
2361889
560181
2272540
4153641
38151191
656126
460056
2593822
23623245
2358364
557983
2272542
4125633
38128225
662206
466831
2418472
23533387
2360291
653150
2273339
4113997
38115662
715280
458037
2454747
23471715
2359903
562390
2305693
4130576
38130448
658721
456349
2485584
23473310
2356861
560203
2273303
4124560
38223575
656832
462529
2367910
23462726
2361376
563753
2352672
4128431
38505043
672137
471413
--STOP--
++STRT++
2375469
23594980
2416080
567211
2276129
4148918
38143447
665068
450945
2389093
23519735
2400834
563835
2269819
4168566
38968093
664106
450860
2389366
23537944
2366142
565820
2269605
4172374
38330152
661796
451489
2455403
23447629
2360657
560667
2334650
4124946
38242139
664041
454817
2441976
23423063
2364638
563693
2272622
4196344
38272335
664852
448358
2405187
23465509
2356532
562654
2273203
4123924
38208193
660479
458988
2390997
23495209
2359718
567079
2270991
4107873
38151658
657999
455069
2473547
23533776
2359232
564100
2273472
4112321
38172616
656783
456512
2451170
23514607
2353937
561683
2267323
4112268
38309537
663413
457411
2378477
23471893
2361991
561789
2267847
4108865
38198811
723982
469841
--STOP--
++STRT++
2405825
23539675
2362115
567379
2265979
4156039
38153907
663262
452513
2378145
23634855
2356958
563264
2271507
4202312
38132357
661137
457616
2392945
23589557
2361924
560529
2332463
4105656
38964225
664906
455052
2382168
23406527
2362187
566618
2269077
4158416
38137928
665568
458653
2481622
23596828
2363266
563102
2325536
4107197
39189603
660657
457520
2369856
23642305
2361299
558543
2275753
4161245
39002032
662068
454038
2494237
23622839
2365522
559540
2268274
4199324
38424821
666351
453103
2447524
23590058
2389414
640233
2268443
4134303
38102437
666782
460853
2535633
23560578
2357981
567086
2304551
4110960
38249706
660267
462414
2519598
23480357
2358731
563132
2272244
4180597
38152622
658440
475523
--STOP--
