++STRT++
0.057976
0.080561
0.003057
0.000190
0.003073
0.001096
0.129298
0.002435
0.000840
0.058793
0.080994
0.003401
0.000201
0.003276
0.001105
0.129845
0.003029
0.000824
0.058564
0.080814
0.003213
0.000189
0.003230
0.001146
0.132362
0.002620
0.000805
0.058940
0.081189
0.004021
0.000200
0.003912
0.001166
0.129636
0.003336
0.000830
0.060587
0.082409
0.004582
0.000423
0.004515
0.001246
0.226614
0.012964
0.002969
0.059203
0.081306
0.003981
0.000246
0.003860
0.001120
0.132308
0.003448
0.000897
0.059173
0.081505
0.004167
0.000214
0.004192
0.001124
0.133452
0.004085
0.000850
0.058814
0.080692
0.003440
0.000206
0.003375
0.001105
0.129286
0.003190
0.000814
0.059243
0.081454
0.004317
0.000266
0.004325
0.001169
0.203457
0.008542
0.001034
0.061857
0.083290
0.004817
0.000411
0.004696
0.001230
0.238883
0.013964
0.002974
--STOP--
