++STRT++
0.002536
0.003466
0.000340
0.000022
0.000338
0.000125
0.005014
0.000218
0.000095
0.002550
0.003475
0.000339
0.000023
0.000338
0.000126
0.005019
0.000215
0.000172
0.002506
0.003473
0.000341
0.000021
0.000337
0.000126
0.005022
0.000235
0.000099
0.002517
0.003478
0.000340
0.000021
0.000338
0.000126
0.005049
0.000227
0.000097
0.002538
0.003457
0.000370
0.000022
0.000345
0.000131
0.005357
0.000259
0.000113
0.002501
0.003471
0.000340
0.000020
0.000338
0.000126
0.005047
0.000218
0.000097
0.002517
0.003476
0.000341
0.000022
0.000338
0.000126
0.005017
0.000243
0.000123
0.002493
0.003478
0.000341
0.000020
0.000337
0.000125
0.005022
0.000234
0.000095
0.002525
0.003454
0.000368
0.000024
0.000344
0.000127
0.005054
0.000242
0.000112
0.002632
0.003491
0.000357
0.000026
0.000355
0.000131
0.005119
0.000334
0.000177
--STOP--
