++STRT++
0.001164
0.030782
0.014076
0.001154
0.031194
0.014126
--STOP--
++STRT++
0.001155
0.03083
0.014058
0.001132
0.030671
0.013985
--STOP--
++STRT++
0.001151
0.031036
0.014062
0.001191
0.031560
0.014109
--STOP--
++STRT++
0.001155
0.031001
0.014146
0.001230
0.030642
0.014004
--STOP--
++STRT++
0.001147
0.031188
0.013966
0.001193
0.031075
0.014107
--STOP--
++STRT++
0.001198
0.031006
0.013973
0.001192
0.031632
0.013964
--STOP--
++STRT++
0.001162
0.031008
0.01409
0.001145
0.031447
0.013987
--STOP--
++STRT++
0.001155
0.030947
0.013946
0.001230
0.030364
0.014004
--STOP--
++STRT++
0.001181
0.031212
0.014036
0.001203
0.031386
0.013959
--STOP--
++STRT++
0.001184
0.030851
0.013964
0.001185
0.031403
0.014192
--STOP--
++STRT++
0.001174
0.030853
0.014024
0.001176
0.031407
0.014051
--STOP--
++STRT++
0.001173
0.030976
0.01407
0.001140
0.031635
0.013992
--STOP--
++STRT++
0.001168
0.030824
0.014212
0.001163
0.030584
0.014018
--STOP--
++STRT++
0.001154
0.031092
0.014094
0.001192
0.030693
0.014015
--STOP--
++STRT++
0.001156
0.031057
0.014025
0.001130
0.031392
0.013989
--STOP--
++STRT++
0.001196
0.03092
0.014121
0.001169
0.031218
0.014038
--STOP--
++STRT++
0.001149
0.030779
0.013946
0.001213
0.030560
0.014021
--STOP--
++STRT++
0.001177
0.030894
0.014106
0.001224
0.031047
0.014110
--STOP--
++STRT++
0.00117
0.030822
0.014098
0.001198
0.031316
0.014108
--STOP--
++STRT++
0.001166
0.030956
0.01393
0.001170
0.030575
0.014208
--STOP--
++STRT++
0.001154
0.030954
0.014034
0.001196
0.031179
0.014169
--STOP--
++STRT++
0.001169
0.030877
0.014214
0.001216
0.031041
0.014011
--STOP--
++STRT++
0.001165
0.031208
0.014079
0.001137
0.030389
0.014140
--STOP--
++STRT++
0.00115
0.031293
0.014166
0.001192
0.031456
0.014062
--STOP--
++STRT++
0.001142
0.030835
0.01409
0.001163
0.030380
0.014009
--STOP--
++STRT++
0.001156
0.030981
0.014096
0.001201
0.031361
0.014011
--STOP--
++STRT++
0.00116
0.030796
0.014181
0.001225
0.030652
0.014087
--STOP--
++STRT++
0.001168
0.031008
0.014272
0.001132
0.031122
0.014031
--STOP--
++STRT++
0.001149
0.030738
0.014149
0.001174
0.031268
0.014111
--STOP--
++STRT++
0.001175
0.030866
0.014014
0.001182
0.031389
0.014080
--STOP--
++STRT++
0.001154
0.031041
0.014115
0.001206
0.031028
0.014153
--STOP--
++STRT++
0.001199
0.030805
0.014034
0.001177
0.031317
0.013928
--STOP--
++STRT++
0.001203
0.030945
0.014104
0.001145
0.030589
0.014085
--STOP--
++STRT++
0.00118
0.030824
0.014148
0.001169
0.030599
0.014053
--STOP--
++STRT++
0.001192
0.030947
0.014091
0.001215
0.031147
0.014101
--STOP--
++STRT++
0.001147
0.030804
0.014082
0.001233
0.031211
0.013936
--STOP--
++STRT++
0.001164
0.030861
0.014095
0.001188
0.031116
0.013987
--STOP--
++STRT++
0.00122
0.030945
0.01418
0.001207
0.030363
0.014127
--STOP--
++STRT++
0.00118
0.031082
0.01416
0.001196
0.030436
0.014062
--STOP--
++STRT++
0.001167
0.030833
0.01405
0.001175
0.031282
0.014193
--STOP--
++STRT++
0.001174
0.030832
0.013997
0.001180
0.031209
0.014031
--STOP--
++STRT++
0.001169
0.031125
0.014137
0.001182
0.030687
0.014044
--STOP--
++STRT++
0.001136
0.030945
0.013955
0.001136
0.030332
0.014146
--STOP--
++STRT++
0.00116
0.030957
0.014096
0.001176
0.031191
0.014097
--STOP--
++STRT++
0.001158
0.030864
0.014093
0.001204
0.030509
0.014078
--STOP--
++STRT++
0.001181
0.030959
0.014041
0.001194
0.031086
0.014089
--STOP--
++STRT++
0.0012
0.030932
0.013962
0.001204
0.031043
0.014047
--STOP--
++STRT++
0.001165
0.031121
0.014015
0.001141
0.031425
0.013905
--STOP--
++STRT++
0.001136
0.030962
0.014023
0.001242
0.030350
0.014098
--STOP--
++STRT++
0.00116
0.0309
0.014053
0.001203
0.030244
0.013857
--STOP--
++STRT++
0.001166
0.031055
0.014166
0.001196
0.030977
0.013972
--STOP--
++STRT++
0.001158
0.031024
0.014079
0.001139
0.031038
0.014007
--STOP--
++STRT++
0.001181
0.031039
0.014048
0.001234
0.030343
0.013992
--STOP--
++STRT++
0.001159
0.030927
0.014176
0.001216
0.031079
0.013982
--STOP--
++STRT++
0.001203
0.030739
0.014024
0.001139
0.031211
0.014141
--STOP--
++STRT++
0.001163
0.030897
0.014054
0.001153
0.030350
0.013978
--STOP--
++STRT++
0.00116
0.030778
0.014105
0.001147
0.031501
0.013997
--STOP--
++STRT++
0.001149
0.031043
0.014067
0.001175
0.030673
0.013931
--STOP--
++STRT++
0.001161
0.030733
0.014099
0.001142
0.030578
0.014094
--STOP--
++STRT++
0.00116
0.030934
0.014117
0.001192
0.030634
0.013908
--STOP--
++STRT++
0.001202
0.031039
0.014139
0.001175
0.030681
0.014015
--STOP--
++STRT++
0.001153
0.031045
0.014019
0.001192
0.030576
0.013947
--STOP--
++STRT++
0.001156
0.030918
0.014114
0.001208
0.030568
0.014050
--STOP--
++STRT++
0.001164
0.031213
0.014039
0.001184
0.031464
0.014021
--STOP--
++STRT++
0.001207
0.030905
0.013956
0.001179
0.031490
0.014102
--STOP--
++STRT++
0.001147
0.030956
0.014098
0.001177
0.030664
0.014066
--STOP--
++STRT++
0.001173
0.03093
0.01407
0.001145
0.031392
0.014264
--STOP--
++STRT++
0.001167
0.030819
0.014016
0.001168
0.030653
0.014046
--STOP--
++STRT++
0.001193
0.030999
0.014114
0.001157
0.031723
0.014151
--STOP--
++STRT++
0.00116
0.030906
0.014092
0.001153
0.030810
0.013949
--STOP--
++STRT++
0.001168
0.030869
0.014141
0.001169
0.031299
0.014148
--STOP--
++STRT++
0.00117
0.031225
0.014122
0.001206
0.030694
0.014044
--STOP--
++STRT++
0.001167
0.031139
0.014048
0.001143
0.031245
0.014278
--STOP--
++STRT++
0.001161
0.031244
0.014066
0.001183
0.030888
0.014062
--STOP--
++STRT++
0.00116
0.031099
0.014146
0.001148
0.031319
0.014026
--STOP--
++STRT++
0.001159
0.031049
0.01409
0.001226
0.030748
0.014049
--STOP--
++STRT++
0.001205
0.030824
0.014077
0.001201
0.030560
0.013982
--STOP--
++STRT++
0.00118
0.030851
0.01407
0.001220
0.031326
0.013992
--STOP--
++STRT++
0.00117
0.031119
0.014095
0.001180
0.031004
0.014020
--STOP--
++STRT++
0.001153
0.030967
0.013955
0.001162
0.031628
0.014167
--STOP--
++STRT++
0.001149
0.030982
0.01414
0.001239
0.030643
0.014096
--STOP--
++STRT++
0.001182
0.030955
0.013983
0.001180
0.031241
0.014144
--STOP--
++STRT++
0.00115
0.031032
0.01405
0.001191
0.030683
0.013997
--STOP--
++STRT++
0.001183
0.030802
0.014153
0.001162
0.031422
0.014003
--STOP--
++STRT++
0.001155
0.030836
0.014147
0.001219
0.031453
0.014165
--STOP--
++STRT++
0.001151
0.030855
0.014139
0.001220
0.030824
0.014030
--STOP--
++STRT++
0.001167
0.031078
0.014034
0.001188
0.031606
0.014058
--STOP--
++STRT++
0.001145
0.031166
0.013922
0.001194
0.030770
0.014167
--STOP--
++STRT++
0.001149
0.031134
0.014125
0.001126
0.031179
0.014194
--STOP--
++STRT++
0.001213
0.030864
0.014107
0.001188
0.031359
0.014055
--STOP--
++STRT++
0.001145
0.030993
0.014075
0.001150
0.030958
0.014079
--STOP--
++STRT++
0.00115
0.03114
0.014038
0.001184
0.030543
0.014040
--STOP--
++STRT++
0.001164
0.031014
0.014031
0.001143
0.031511
0.013951
--STOP--
++STRT++
0.001195
0.031297
0.01402
0.001224
0.031338
0.014122
--STOP--
++STRT++
0.001213
0.03097
0.014098
0.001149
0.031603
0.014088
--STOP--
++STRT++
0.001182
0.030937
0.013997
0.001203
0.030590
0.014229
--STOP--
++STRT++
0.001162
0.030887
0.014116
0.001199
0.031205
0.014021
--STOP--
++STRT++
0.001177
0.030891
0.014169
0.001198
0.031677
0.014026
--STOP--
++STRT++
0.001204
0.030955
0.014181
0.001216
0.031228
0.014197
--STOP--
++STRT++
0.001197
0.031274
0.014071
0.001136
0.030570
0.014145
--STOP--
++STRT++
0.001181
0.031005
0.014162
0.001171
0.031229
0.014129
--STOP--
++STRT++
0.001143
0.031118
0.014075
0.001140
0.030843
0.014157
--STOP--
++STRT++
0.001167
0.031111
0.014169
0.001210
0.030925
0.014179
--STOP--
++STRT++
0.00119
0.030967
0.013897
0.001255
0.031484
0.014086
--STOP--
++STRT++
0.001146
0.030931
0.01401
0.001147
0.030573
0.014173
--STOP--
++STRT++
0.001188
0.030995
0.014031
0.001160
0.030583
0.014117
--STOP--
++STRT++
0.001149
0.031096
0.014002
0.001150
0.031599
0.014150
--STOP--
++STRT++
0.001169
0.031062
0.014143
0.001174
0.030759
0.014033
--STOP--
++STRT++
0.001219
0.031116
0.013924
0.001209
0.031692
0.014166
--STOP--
++STRT++
0.001166
0.031028
0.014145
0.001187
0.030870
0.014092
--STOP--
++STRT++
0.00117
0.031019
0.014104
0.001184
0.031348
0.014048
--STOP--
++STRT++
0.001187
0.030884
0.013988
0.001205
0.030911
0.014040
--STOP--
++STRT++
0.001163
0.031033
0.014107
0.001244
0.030930
0.014132
--STOP--
++STRT++
0.001147
0.031218
0.013935
0.001207
0.031730
0.014014
--STOP--
++STRT++
0.001178
0.030897
0.01397
0.001184
0.031498
0.014075
--STOP--
++STRT++
0.001179
0.031009
0.014072
0.001186
0.031318
0.013988
--STOP--
++STRT++
0.001185
0.030862
0.014122
0.001182
0.030755
0.013980
--STOP--
++STRT++
0.001196
0.030882
0.013983
0.001147
0.030626
0.014098
--STOP--
++STRT++
0.001165
0.030766
0.014151
0.001133
0.031499
0.014139
--STOP--
++STRT++
0.001172
0.031053
0.013948
0.001173
0.030854
0.014145
--STOP--
++STRT++
0.001202
0.030853
0.014111
0.001250
0.030888
0.014044
--STOP--
++STRT++
0.001145
0.031187
0.014075
0.001213
0.031799
0.013980
--STOP--
++STRT++
0.001187
0.03128
0.013956
0.001170
0.030680
0.014082
--STOP--
++STRT++
0.001189
0.031083
0.014115
0.001149
0.030642
0.014080
--STOP--
++STRT++
0.001152
0.031284
0.014036
0.001194
0.030961
0.013905
--STOP--
++STRT++
0.001187
0.031107
0.014156
0.001170
0.031606
0.014039
--STOP--
++STRT++
0.001156
0.030997
0.014047
0.001198
0.030904
0.013988
--STOP--
++STRT++
0.001178
0.031218
0.013931
0.001177
0.030961
0.013990
--STOP--
