++STRT++
0.025295
0.028542
0.001447
0.000083
0.001436
0.000561
0.001076
0.000353
0.031396
0.029361
0.001663
0.000120
0.001772
0.000598
0.002610
0.000686
0.033497
0.029407
0.001688
0.000114
0.001671
0.000587
0.002122
0.000490
0.037300
0.030019
0.001662
0.000099
0.001590
0.000588
0.002010
0.000575
--STOP--
++STRT++
0.029217
0.028687
0.001460
0.000084
0.001428
0.000559
0.001077
0.000355
0.024020
0.028750
0.001446
0.000083
0.001464
0.000561
0.001095
0.000356
0.031248
0.029334
0.001650
0.000108
0.001713
0.000589
0.002033
0.000452
0.024259
0.028507
0.001437
0.000086
0.001435
0.000560
0.003828
0.000837
--STOP--
++STRT++
0.028847
0.028654
0.001476
0.000084
0.001421
0.000563
0.001075
0.000356
0.035702
0.029631
0.001697
0.000122
0.001689
0.000595
0.002727
0.000679
0.034938
0.029506
0.001673
0.000109
0.001728
0.000588
0.002102
0.000460
0.038117
0.030427
0.001825
0.000134
0.001796
0.000607
0.003297
0.000838
--STOP--
++STRT++
0.025714
0.028456
0.001443
0.000085
0.001413
0.000560
0.001036
0.000355
0.030525
0.029135
0.001745
0.000123
0.001752
0.000600
0.002800
0.000690
0.032425
0.029116
0.001680
0.000114
0.001658
0.000595
0.002151
0.000457
0.049511
0.030584
0.001872
0.000131
0.001880
0.000616
0.003588
0.000869
--STOP--
++STRT++
0.025543
0.028708
0.001461
0.000086
0.001429
0.000559
0.001083
0.000357
0.034548
0.029793
0.001743
0.000130
0.001737
0.000598
0.003102
0.000774
0.036580
0.029530
0.001727
0.000125
0.001743
0.000590
0.002145
0.000463
0.035468
0.030535
0.001948
0.000186
0.001916
0.000608
0.003502
0.000884
--STOP--
++STRT++
0.025370
0.028522
0.001471
0.000086
0.001419
0.000558
0.001083
0.000356
0.033999
0.029884
0.001763
0.000119
0.001631
0.000596
0.002649
0.000648
0.030600
0.029083
0.001503
0.000112
0.001641
0.000584
0.001865
0.000458
0.039150
0.030011
0.001732
0.000131
0.001846
0.000610
0.003275
0.000863
--STOP--
++STRT++
0.025931
0.028741
0.001434
0.000085
0.001453
0.000562
0.001090
0.000352
0.036641
0.029773
0.001703
0.000117
0.001656
0.000593
0.002679
0.000671
0.030949
0.029435
0.001734
0.000112
0.001715
0.000587
0.002484
0.000444
0.044220
0.030393
0.001789
0.000128
0.001795
0.000613
0.003391
0.000824
--STOP--
++STRT++
0.023183
0.028623
0.001450
0.000083
0.001450
0.000559
0.001058
0.000355
0.034523
0.029509
0.001758
0.000126
0.001695
0.000610
0.002975
0.000693
0.030583
0.029122
0.001630
0.000097
0.001595
0.000575
0.002043
0.000497
0.035989
0.030315
0.001812
0.000133
0.001894
0.000613
0.003347
0.000892
--STOP--
++STRT++
0.025622
0.028814
0.001433
0.000083
0.001413
0.000581
0.001102
0.000353
0.032105
0.029966
0.001731
0.000119
0.001781
0.000643
0.002960
0.000698
0.029491
0.029319
0.001737
0.000151
0.001686
0.000587
0.001906
0.000452
0.050201
0.030579
0.001861
0.000128
0.001815
0.000607
0.003503
0.000810
--STOP--
++STRT++
0.026143
0.028523
0.001457
0.000086
0.001468
0.000589
0.001076
0.000380
0.040098
0.030171
0.001727
0.000134
0.001817
0.000595
0.003146
0.000726
0.030495
0.029242
0.001717
0.000111
0.001737
0.000586
0.001982
0.000446
0.032151
0.030540
0.001844
0.000163
0.001844
0.000646
0.003437
0.000800
--STOP--
++STRT++
0.029224
0.028570
0.001449
0.000083
0.001453
0.000561
0.001071
0.000356
0.037318
0.029499
0.001698
0.000119
0.001733
0.000601
0.002667
0.000679
0.028095
0.029165
0.001744
0.000113
0.001649
0.000586
0.001994
0.000461
0.030653
0.030310
0.001898
0.000138
0.001852
0.000665
0.003325
0.000867
--STOP--
++STRT++
0.024978
0.028650
0.001436
0.000084
0.001453
0.000563
0.001070
0.000352
0.035257
0.029453
0.001744
0.000118
0.001710
0.000597
0.002945
0.000662
0.030214
0.029227
0.001698
0.000160
0.001657
0.000590
0.001967
0.000456
0.040632
0.030350
0.001809
0.000133
0.001831
0.000657
0.003248
0.000811
--STOP--
++STRT++
0.025243
0.028594
0.001477
0.000082
0.001420
0.000559
0.001033
0.000356
0.031877
0.029326
0.001725
0.000120
0.001697
0.000602
0.002765
0.000655
0.025757
0.028929
0.001769
0.000117
0.001683
0.000586
0.002063
0.000441
0.053282
0.030151
0.001911
0.000138
0.001886
0.000612
0.003982
0.000919
--STOP--
++STRT++
0.026554
0.028554
0.001436
0.000084
0.001434
0.000588
0.001084
0.000355
0.033612
0.029492
0.001690
0.000131
0.001746
0.000600
0.002934
0.000733
0.030191
0.029146
0.001533
0.000115
0.001672
0.000585
0.002109
0.000452
0.064758
0.031017
0.001880
0.000133
0.001863
0.000610
0.003213
0.000886
--STOP--
++STRT++
0.028202
0.028587
0.001497
0.000083
0.001422
0.000559
0.001067
0.000379
0.036730
0.029536
0.001733
0.000121
0.001705
0.000600
0.003222
0.000819
0.031100
0.029271
0.001691
0.000109
0.001779
0.000589
0.001991
0.000449
0.034486
0.030128
0.001865
0.000130
0.001767
0.000607
0.003062
0.000801
--STOP--
++STRT++
0.026656
0.028672
0.001433
0.000084
0.001432
0.000561
0.001065
0.000352
0.043548
0.029495
0.001691
0.000124
0.001688
0.000599
0.002789
0.000736
0.033731
0.029418
0.001660
0.000116
0.001656
0.000586
0.001954
0.000453
0.042579
0.030336
0.001795
0.000129
0.001829
0.000610
0.003411
0.000803
--STOP--
++STRT++
0.027823
0.028663
0.001425
0.000083
0.001445
0.000560
0.001092
0.000355
0.028215
0.029815
0.001730
0.000121
0.001727
0.000640
0.002882
0.000754
0.029162
0.029129
0.001766
0.000114
0.001679
0.000591
0.002049
0.000469
0.040600
0.030376
0.001905
0.000129
0.001868
0.000612
0.003134
0.000795
--STOP--
++STRT++
0.027510
0.028532
0.001441
0.000084
0.001444
0.000561
0.001060
0.000355
0.034728
0.029569
0.001740
0.000120
0.001749
0.000674
0.002569
0.000687
0.027105
0.029389
0.001693
0.000123
0.001673
0.000589
0.002016
0.000465
0.035625
0.030716
0.001812
0.000128
0.001848
0.000715
0.003234
0.000822
--STOP--
++STRT++
0.023492
0.028578
0.001445
0.000083
0.001431
0.000561
0.001091
0.000354
0.034613
0.029519
0.001809
0.000124
0.001746
0.000598
0.002491
0.000673
0.034803
0.029564
0.001673
0.000114
0.001742
0.000590
0.002021
0.000460
0.045301
0.030536
0.001747
0.000140
0.001800
0.000611
0.003544
0.000841
--STOP--
++STRT++
0.026227
0.028463
0.001446
0.000083
0.001439
0.000561
0.001063
0.000354
0.033782
0.029895
0.001801
0.000163
0.001744
0.000597
0.002780
0.000714
0.029347
0.029542
0.001736
0.000109
0.001788
0.000585
0.002181
0.000448
0.036218
0.030448
0.001899
0.000133
0.001844
0.000610
0.003474
0.000837
--STOP--
++STRT++
0.025371
0.028609
0.001446
0.000085
0.001414
0.000562
0.001068
0.000353
0.034834
0.029689
0.001775
0.000123
0.001753
0.000595
0.003506
0.000681
0.028284
0.029254
0.001697
0.000110
0.001791
0.000586
0.001956
0.000534
0.038177
0.030488
0.001778
0.000133
0.001787
0.000606
0.003226
0.000828
--STOP--
++STRT++
0.024070
0.028583
0.001435
0.000083
0.001416
0.000558
0.001085
0.000356
0.034216
0.029574
0.001653
0.000115
0.001723
0.000599
0.002412
0.000635
0.030265
0.029069
0.001732
0.000112
0.001687
0.000589
0.001954
0.000461
0.031132
0.030294
0.001866
0.000131
0.001880
0.000669
0.003110
0.000874
--STOP--
++STRT++
0.025958
0.028555
0.001433
0.000082
0.001412
0.000559
0.001056
0.000352
0.042974
0.029541
0.001717
0.000121
0.001778
0.000698
0.003191
0.000710
0.032155
0.029082
0.001809
0.000118
0.001784
0.000590
0.002224
0.000457
0.035091
0.030450
0.001855
0.000128
0.001746
0.000608
0.003170
0.000819
--STOP--
++STRT++
0.027405
0.028568
0.001442
0.000085
0.001440
0.000564
0.001080
0.000357
0.037556
0.029397
0.001793
0.000122
0.001748
0.000641
0.002998
0.000687
0.031277
0.029420
0.001697
0.000119
0.001765
0.000589
0.002018
0.000464
0.039362
0.029919
0.001940
0.000136
0.001875
0.000610
0.003529
0.000838
--STOP--
++STRT++
0.029204
0.028700
0.001455
0.000084
0.001442
0.000588
0.001085
0.000357
0.033546
0.029148
0.001751
0.000123
0.001749
0.000603
0.003187
0.000795
0.025846
0.028860
0.001765
0.000118
0.001716
0.000585
0.001974
0.000448
0.039079
0.030652
0.001830
0.000129
0.001751
0.000605
0.002716
0.000814
--STOP--
++STRT++
0.024226
0.028573
0.001469
0.000082
0.001409
0.000562
0.001085
0.000352
0.027565
0.029502
0.001760
0.000125
0.001753
0.000602
0.003086
0.000736
0.030035
0.029362
0.001723
0.000111
0.001695
0.000588
0.002231
0.000461
0.033025
0.030332
0.001737
0.000128
0.001766
0.000608
0.003207
0.000897
--STOP--
++STRT++
0.026858
0.028560
0.001465
0.000085
0.001420
0.000558
0.001055
0.000354
0.033803
0.030160
0.001673
0.000119
0.001744
0.000600
0.002580
0.000735
0.029433
0.029515
0.001688
0.000107
0.001714
0.000587
0.002045
0.000455
0.046877
0.030408
0.001882
0.000126
0.001842
0.000608
0.003338
0.000827
--STOP--
++STRT++
0.025987
0.028800
0.001439
0.000082
0.001447
0.000563
0.001080
0.000357
0.027193
0.029432
0.001734
0.000122
0.001711
0.000600
0.002880
0.000667
0.030855
0.029284
0.001651
0.000109
0.001721
0.000586
0.001949
0.000511
0.039777
0.030410
0.001815
0.000128
0.001778
0.000611
0.002989
0.000851
--STOP--
++STRT++
0.026119
0.028604
0.001472
0.000110
0.001428
0.000560
0.001074
0.000355
0.029125
0.029358
0.001762
0.000119
0.001645
0.000599
0.002556
0.000664
0.028057
0.029124
0.001664
0.000108
0.001657
0.000582
0.001814
0.000443
0.035708
0.030608
0.001864
0.000132
0.001769
0.000606
0.003244
0.000823
--STOP--
++STRT++
0.025390
0.028626
0.001437
0.000083
0.001411
0.000560
0.001044
0.000353
0.036082
0.029748
0.001725
0.000122
0.001735
0.000605
0.002729
0.000692
0.028862
0.029109
0.001703
0.000112
0.001648
0.000587
0.002027
0.000461
0.030610
0.030287
0.001902
0.000131
0.001823
0.000606
0.003292
0.000835
--STOP--
++STRT++
0.025003
0.028779
0.001438
0.000085
0.001420
0.000585
0.001066
0.000381
0.030382
0.029603
0.001734
0.000122
0.001730
0.000593
0.002632
0.000671
0.034175
0.029179
0.001742
0.000156
0.001667
0.000590
0.002077
0.000448
0.038320
0.030239
0.001821
0.000128
0.001856
0.000641
0.003188
0.000806
--STOP--
++STRT++
0.026783
0.028677
0.001455
0.000085
0.001415
0.000560
0.001087
0.000354
0.034397
0.029815
0.001769
0.000125
0.001704
0.000598
0.003202
0.000710
0.029314
0.029154
0.001762
0.000113
0.001701
0.000588
0.002319
0.000464
0.040600
0.030527
0.001916
0.000134
0.001888
0.000650
0.003516
0.000867
--STOP--
++STRT++
0.024545
0.028579
0.001456
0.000083
0.001454
0.000564
0.001139
0.000354
0.027742
0.029526
0.001735
0.000124
0.001703
0.000596
0.003377
0.000750
0.029796
0.029261
0.001764
0.000155
0.001749
0.000591
0.002393
0.000449
0.037694
0.030756
0.001909
0.000134
0.001917
0.000643
0.003382
0.000900
--STOP--
++STRT++
0.023916
0.028616
0.001433
0.000085
0.001449
0.000561
0.001090
0.000355
0.036940
0.029709
0.001787
0.000125
0.001700
0.000598
0.002953
0.000663
0.030755
0.029357
0.001710
0.000115
0.001746
0.000587
0.001965
0.000464
0.033957
0.030039
0.001871
0.000129
0.001772
0.000608
0.003405
0.000818
--STOP--
++STRT++
0.029701
0.028584
0.001457
0.000082
0.001423
0.000562
0.001068
0.000353
0.030927
0.029282
0.001727
0.000124
0.001708
0.000600
0.002837
0.000663
0.034095
0.028751
0.001502
0.000111
0.001632
0.000586
0.001735
0.000473
0.046227
0.030305
0.001833
0.000125
0.001830
0.000614
0.003240
0.000837
--STOP--
++STRT++
0.026122
0.028542
0.001437
0.000085
0.001451
0.000559
0.001072
0.000352
0.038058
0.029694
0.001729
0.000127
0.001670
0.000596
0.002676
0.000670
0.030231
0.028985
0.001712
0.000115
0.001719
0.000584
0.001781
0.000441
0.040855
0.030254
0.001814
0.000131
0.001770
0.000611
0.003063
0.000782
--STOP--
++STRT++
0.027750
0.028527
0.001462
0.000083
0.001430
0.000559
0.001068
0.000357
0.032203
0.029629
0.001793
0.000126
0.001756
0.000678
0.003200
0.000688
0.027162
0.029528
0.001721
0.000111
0.001724
0.000587
0.001978
0.000464
0.027906
0.030440
0.001798
0.000183
0.001736
0.000618
0.003006
0.000833
--STOP--
++STRT++
0.023390
0.028485
0.001444
0.000082
0.001418
0.000592
0.001073
0.000378
0.038433
0.029790
0.001740
0.000127
0.001674
0.000592
0.003007
0.000696
0.030472
0.029260
0.001670
0.000111
0.001635
0.000584
0.001950
0.000445
0.032090
0.030592
0.001798
0.000130
0.001766
0.000609
0.003836
0.000810
--STOP--
++STRT++
0.024243
0.028740
0.001432
0.000086
0.001433
0.000581
0.001076
0.000353
0.031580
0.029555
0.001759
0.000128
0.001739
0.000598
0.002921
0.000709
0.031668
0.029228
0.001731
0.000112
0.001767
0.000588
0.002307
0.000465
0.050572
0.030611
0.001807
0.000130
0.001788
0.000610
0.003462
0.000853
--STOP--
++STRT++
0.023987
0.028513
0.001461
0.000086
0.001411
0.000561
0.001081
0.000354
0.031148
0.029546
0.001717
0.000125
0.001667
0.000608
0.002884
0.000695
0.028635
0.029258
0.001716
0.000154
0.001686
0.000590
0.001959
0.000458
0.025678
0.029886
0.001850
0.000133
0.001872
0.000610
0.003377
0.000810
--STOP--
++STRT++
0.026056
0.028674
0.001467
0.000118
0.001425
0.000560
0.001085
0.000357
0.038050
0.029620
0.001777
0.000128
0.001782
0.000604
0.002723
0.000698
0.035838
0.029423
0.001720
0.000118
0.001673
0.000584
0.002004
0.000453
0.036400
0.030677
0.001796
0.000128
0.001864
0.000613
0.003575
0.000823
--STOP--
++STRT++
0.023988
0.028668
0.001446
0.000083
0.001453
0.000560
0.001101
0.000358
0.032503
0.029794
0.001775
0.000125
0.001802
0.000650
0.003231
0.000737
0.029786
0.029361
0.001740
0.000119
0.001705
0.000591
0.002561
0.000470
0.040898
0.030044
0.001869
0.000131
0.001789
0.000608
0.003385
0.000791
--STOP--
++STRT++
0.023478
0.028734
0.001433
0.000086
0.001430
0.000594
0.001060
0.000355
0.035823
0.029596
0.001741
0.000122
0.001711
0.000599
0.003015
0.000673
0.027196
0.029302
0.001678
0.000110
0.001637
0.000589
0.001914
0.000440
0.025995
0.030287
0.001846
0.000136
0.001829
0.000613
0.003323
0.000835
--STOP--
++STRT++
0.026507
0.028660
0.001434
0.000083
0.001425
0.000584
0.001080
0.000356
0.033627
0.029441
0.001778
0.000130
0.001763
0.000600
0.003036
0.000679
0.025864
0.029580
0.001680
0.000112
0.001763
0.000589
0.002201
0.000461
0.046598
0.030123
0.001944
0.000136
0.001875
0.000611
0.003346
0.000860
--STOP--
++STRT++
0.023625
0.028623
0.001449
0.000082
0.001425
0.000561
0.001042
0.000353
0.031986
0.029453
0.001748
0.000118
0.001686
0.000598
0.002908
0.000696
0.033659
0.029397
0.001656
0.000118
0.001715
0.000594
0.002067
0.000473
0.034066
0.030592
0.001851
0.000128
0.001767
0.000609
0.003337
0.000821
--STOP--
++STRT++
0.024868
0.028567
0.001438
0.000084
0.001443
0.000560
0.001089
0.000354
0.036542
0.029261
0.001779
0.000122
0.001731
0.000697
0.003342
0.000729
0.031729
0.029079
0.001762
0.000116
0.001730
0.000591
0.002305
0.000460
0.037024
0.030482
0.001803
0.000133
0.001776
0.000611
0.003639
0.000882
--STOP--
++STRT++
0.026065
0.028411
0.001433
0.000086
0.001434
0.000563
0.001080
0.000356
0.028009
0.029793
0.001733
0.000123
0.001766
0.000598
0.002791
0.000702
0.031379
0.029574
0.001714
0.000109
0.001745
0.000588
0.002157
0.000465
0.041394
0.030258
0.001838
0.000125
0.001805
0.000613
0.003210
0.000853
--STOP--
++STRT++
0.023088
0.028736
0.001445
0.000083
0.001420
0.000585
0.001079
0.000354
0.029966
0.029446
0.001713
0.000118
0.001711
0.000640
0.002595
0.000681
0.028802
0.028775
0.001823
0.000112
0.001826
0.000589
0.002147
0.000448
0.047625
0.029784
0.001819
0.000128
0.001810
0.000607
0.003277
0.000799
--STOP--
++STRT++
0.025694
0.028707
0.001476
0.000082
0.001431
0.000565
0.001082
0.000352
0.028822
0.029379
0.001741
0.000118
0.001800
0.000638
0.003192
0.000693
0.024318
0.029365
0.001712
0.000112
0.001775
0.000588
0.002063
0.000454
0.033903
0.030036
0.001831
0.000134
0.001775
0.000611
0.003257
0.000841
--STOP--
++STRT++
0.023695
0.028526
0.001427
0.000084
0.001448
0.000559
0.001098
0.000353
0.034372
0.029858
0.001770
0.000130
0.001775
0.000645
0.002810
0.000716
0.033911
0.029155
0.001648
0.000107
0.001648
0.000586
0.002188
0.000455
0.055085
0.030469
0.001756
0.000129
0.001769
0.000610
0.003259
0.000791
--STOP--
++STRT++
0.025746
0.028581
0.001429
0.000083
0.001411
0.000587
0.001088
0.000352
0.042193
0.029457
0.001813
0.000122
0.001704
0.000597
0.002644
0.000668
0.031975
0.029798
0.001705
0.000115
0.001737
0.000594
0.001988
0.000540
0.041540
0.030468
0.001832
0.000131
0.001854
0.000610
0.003263
0.000819
--STOP--
++STRT++
0.029924
0.028744
0.001443
0.000085
0.001418
0.000560
0.001034
0.000356
0.029140
0.029279
0.001725
0.000125
0.001812
0.000601
0.002882
0.000683
0.030647
0.029316
0.001742
0.000112
0.001750
0.000593
0.001996
0.000469
0.032594
0.030575
0.001820
0.000136
0.001856
0.000658
0.003416
0.000856
--STOP--
++STRT++
0.024835
0.028491
0.001467
0.000084
0.001427
0.000560
0.001086
0.000356
0.036224
0.029612
0.001730
0.000120
0.001793
0.000640
0.002964
0.000687
0.030323
0.029189
0.001678
0.000117
0.001643
0.000588
0.002081
0.000557
0.049295
0.030255
0.001822
0.000126
0.001823
0.000614
0.003471
0.000841
--STOP--
++STRT++
0.025738
0.028464
0.001441
0.000084
0.001419
0.000580
0.001043
0.000354
0.038875
0.029697
0.001695
0.000120
0.001757
0.000635
0.002768
0.000690
0.027642
0.029005
0.001741
0.000110
0.001655
0.000628
0.002305
0.000500
0.042876
0.029952
0.001788
0.000132
0.001773
0.000613
0.002933
0.000855
--STOP--
++STRT++
0.025813
0.028630
0.001442
0.000084
0.001443
0.000560
0.001075
0.000353
0.035073
0.029667
0.001764
0.000125
0.001732
0.000599
0.003383
0.000736
0.033111
0.029354
0.001765
0.000116
0.001754
0.000591
0.002188
0.000475
0.032694
0.030590
0.001869
0.000126
0.001804
0.000612
0.003356
0.000887
--STOP--
++STRT++
0.025622
0.028635
0.001446
0.000083
0.001426
0.000560
0.001066
0.000353
0.034637
0.029810
0.001779
0.000120
0.001702
0.000594
0.002608
0.000679
0.029148
0.029237
0.001671
0.000112
0.001653
0.000590
0.001846
0.000473
0.033225
0.029749
0.001765
0.000126
0.001868
0.000649
0.002930
0.000813
--STOP--
++STRT++
0.027978
0.028804
0.001449
0.000083
0.001419
0.000586
0.001067
0.000382
0.032167
0.029348
0.001720
0.000125
0.001770
0.000598
0.002887
0.000756
0.031762
0.029377
0.001698
0.000115
0.001682
0.000587
0.002165
0.000504
0.047929
0.030516
0.001858
0.000135
0.001798
0.000611
0.003341
0.000830
--STOP--
++STRT++
0.025087
0.028629
0.001441
0.000084
0.001438
0.000561
0.001064
0.000354
0.034053
0.029562
0.001740
0.000123
0.001762
0.000599
0.003315
0.000716
0.030738
0.029481
0.001741
0.000110
0.001786
0.000585
0.001977
0.000459
0.050066
0.030233
0.001863
0.000130
0.001791
0.000608
0.003278
0.000899
--STOP--
++STRT++
0.025130
0.028626
0.001444
0.000082
0.001444
0.000559
0.001039
0.000355
0.039406
0.029516
0.001698
0.000122
0.001749
0.000601
0.002784
0.000693
0.028938
0.029623
0.001703
0.000115
0.001730
0.000590
0.002360
0.000466
0.027623
0.031254
0.001906
0.000133
0.001775
0.000610
0.003209
0.000866
--STOP--
++STRT++
0.025613
0.028599
0.001435
0.000085
0.001455
0.000558
0.001089
0.000354
0.036889
0.029691
0.001679
0.000125
0.001691
0.000597
0.002837
0.000686
0.031077
0.029156
0.001731
0.000111
0.001696
0.000584
0.001924
0.000455
0.034624
0.030599
0.001876
0.000133
0.001859
0.000613
0.003601
0.000833
--STOP--
++STRT++
0.024936
0.028667
0.001437
0.000082
0.001434
0.000580
0.001076
0.000357
0.036407
0.029546
0.001787
0.000121
0.001776
0.000600
0.003212
0.000780
0.033624
0.029386
0.001708
0.000125
0.001709
0.000589
0.002549
0.000465
0.038014
0.030700
0.001752
0.000126
0.001727
0.000611
0.003545
0.000876
--STOP--
++STRT++
0.028324
0.028547
0.001484
0.000085
0.001444
0.000562
0.001074
0.000354
0.038904
0.029799
0.001718
0.000123
0.001684
0.000600
0.002878
0.000703
0.038212
0.029643
0.001684
0.000114
0.001796
0.000591
0.002370
0.000517
0.042168
0.030253
0.001788
0.000132
0.001803
0.000612
0.003403
0.000873
--STOP--
++STRT++
0.027165
0.028634
0.001443
0.000083
0.001453
0.000559
0.001080
0.000356
0.030929
0.029750
0.001746
0.000122
0.001690
0.000595
0.002238
0.000680
0.032530
0.029251
0.001704
0.000172
0.001698
0.000589
0.002143
0.000499
0.037730
0.029420
0.001854
0.000134
0.001865
0.000655
0.003255
0.000798
--STOP--
++STRT++
0.027097
0.028842
0.001438
0.000084
0.001417
0.000561
0.001067
0.000380
0.038829
0.029459
0.001788
0.000119
0.001705
0.000599
0.002763
0.000671
0.026949
0.029701
0.001697
0.000112
0.001781
0.000588
0.002191
0.000453
0.032678
0.030567
0.001822
0.000171
0.001825
0.000603
0.003263
0.000818
--STOP--
++STRT++
0.029379
0.028702
0.001431
0.000084
0.001447
0.000560
0.001086
0.000354
0.029860
0.029530
0.001786
0.000123
0.001695
0.000596
0.002923
0.000706
0.030553
0.029232
0.001716
0.000159
0.001699
0.000588
0.002199
0.000460
0.035399
0.029520
0.001580
0.000129
0.001746
0.000614
0.003572
0.000807
--STOP--
++STRT++
0.025806
0.028626
0.001430
0.000085
0.001450
0.000556
0.001071
0.000355
0.040591
0.029567
0.001777
0.000121
0.001680
0.000594
0.002800
0.000683
0.035231
0.029326
0.001733
0.000117
0.001707
0.000588
0.001960
0.000488
0.031976
0.030495
0.001867
0.000125
0.001807
0.000656
0.003051
0.000898
--STOP--
++STRT++
0.026105
0.028561
0.001502
0.000086
0.001421
0.000562
0.001081
0.000355
0.028832
0.029567
0.001790
0.000124
0.001696
0.000597
0.002690
0.000668
0.036896
0.029345
0.001710
0.000112
0.001783
0.000590
0.001941
0.000453
0.056092
0.030363
0.001803
0.000133
0.001719
0.000603
0.003315
0.000869
--STOP--
++STRT++
0.024045
0.028642
0.001427
0.000082
0.001416
0.000619
0.001067
0.000353
0.033145
0.029566
0.001731
0.000126
0.001789
0.000638
0.003067
0.000678
0.029207
0.029330
0.001781
0.000113
0.001695
0.000587
0.001996
0.000454
0.033483
0.030457
0.001809
0.000130
0.001796
0.000610
0.003557
0.000866
--STOP--
++STRT++
0.024068
0.028743
0.001457
0.000082
0.001435
0.000559
0.001057
0.000355
0.038153
0.029936
0.001725
0.000121
0.001672
0.000591
0.002450
0.000686
0.030223
0.029612
0.001725
0.000121
0.001713
0.000591
0.002141
0.000510
0.032081
0.029249
0.001659
0.000112
0.001859
0.000680
0.003208
0.000835
--STOP--
++STRT++
0.027593
0.028711
0.001462
0.000083
0.001440
0.000558
0.001089
0.000356
0.025957
0.029455
0.001769
0.000124
0.001758
0.000643
0.003063
0.000681
0.031836
0.029365
0.001714
0.000114
0.001748
0.000588
0.002185
0.000465
0.038195
0.030463
0.001842
0.000127
0.001779
0.000611
0.003203
0.000862
--STOP--
++STRT++
0.026726
0.028650
0.001441
0.000085
0.001454
0.000561
0.001041
0.000352
0.032723
0.029626
0.001822
0.000124
0.001730
0.000599
0.003344
0.000709
0.030675
0.029239
0.001705
0.000111
0.001718
0.000589
0.002090
0.000447
0.029270
0.030562
0.001837
0.000127
0.001823
0.000657
0.003247
0.000873
--STOP--
++STRT++
0.023589
0.028549
0.001435
0.000085
0.001425
0.000561
0.001043
0.000351
0.035025
0.029615
0.001793
0.000123
0.001649
0.000592
0.002780
0.000786
0.029723
0.029479
0.001792
0.000116
0.001647
0.000587
0.002111
0.000458
0.025457
0.030072
0.001852
0.000128
0.001877
0.000610
0.003479
0.000861
--STOP--
++STRT++
0.027015
0.028527
0.001462
0.000085
0.001434
0.000570
0.001057
0.000359
0.038709
0.029579
0.001727
0.000122
0.001728
0.000598
0.003080
0.000685
0.027220
0.028974
0.001737
0.000112
0.001723
0.000589
0.001992
0.000441
0.025201
0.030157
0.001865
0.000133
0.001842
0.000613
0.003587
0.000825
--STOP--
++STRT++
0.024470
0.028626
0.001468
0.000083
0.001415
0.000562
0.001057
0.000354
0.038939
0.029531
0.001682
0.000121
0.001679
0.000593
0.002665
0.000678
0.027399
0.029622
0.001796
0.000107
0.001654
0.000587
0.001944
0.000447
0.029496
0.030175
0.001864
0.000128
0.001788
0.000606
0.003250
0.000825
--STOP--
++STRT++
0.024075
0.028521
0.001440
0.000084
0.001420
0.000559
0.001060
0.000352
0.038733
0.029405
0.001796
0.000131
0.001800
0.000608
0.003039
0.000823
0.026337
0.029398
0.001795
0.000116
0.001743
0.000595
0.002448
0.000464
0.029435
0.030585
0.001824
0.000131
0.001841
0.000615
0.003253
0.000830
--STOP--
++STRT++
0.026995
0.028456
0.001434
0.000087
0.001437
0.000562
0.001044
0.000355
0.034561
0.029465
0.001760
0.000125
0.001702
0.000594
0.002709
0.000707
0.029878
0.029671
0.001742
0.000112
0.001802
0.000593
0.002119
0.000460
0.028628
0.029822
0.001623
0.000099
0.001580
0.000612
0.003324
0.000783
--STOP--
++STRT++
0.023840
0.028610
0.001433
0.000083
0.001423
0.000560
0.001041
0.000355
0.030898
0.029644
0.001720
0.000127
0.001727
0.000601
0.003149
0.000682
0.030561
0.029216
0.001699
0.000112
0.001722
0.000586
0.001981
0.000539
0.043128
0.030522
0.001900
0.000148
0.001856
0.000615
0.004007
0.000906
--STOP--
++STRT++
0.025329
0.028596
0.001435
0.000085
0.001441
0.000560
0.001063
0.000352
0.033591
0.029727
0.001751
0.000123
0.001734
0.000597
0.002701
0.000693
0.029349
0.029121
0.001682
0.000123
0.001704
0.000589
0.002068
0.000456
0.035791
0.030321
0.001886
0.000128
0.001858
0.000606
0.003021
0.000820
--STOP--
++STRT++
0.025588
0.028615
0.001437
0.000083
0.001433
0.000562
0.001075
0.000357
0.038152
0.029578
0.001690
0.000120
0.001729
0.000705
0.002539
0.000686
0.027275
0.029202
0.001700
0.000106
0.001722
0.000590
0.001855
0.000474
0.037204
0.030049
0.001832
0.000128
0.001732
0.000604
0.002981
0.000799
--STOP--
++STRT++
0.026880
0.028564
0.001439
0.000083
0.001435
0.000559
0.001087
0.000354
0.028964
0.029336
0.001691
0.000124
0.001732
0.000598
0.002942
0.000684
0.026552
0.029509
0.001696
0.000107
0.001697
0.000584
0.001872
0.000459
0.045130
0.030625
0.001895
0.000128
0.001829
0.000607
0.003432
0.000817
--STOP--
++STRT++
0.026082
0.028495
0.001432
0.000083
0.001455
0.000564
0.001102
0.000355
0.034551
0.029492
0.001668
0.000118
0.001759
0.000598
0.002875
0.000665
0.037022
0.029233
0.001662
0.000106
0.001650
0.000585
0.001939
0.000449
0.032266
0.030774
0.001885
0.000138
0.001851
0.000650
0.002959
0.000796
--STOP--
++STRT++
0.025550
0.028544
0.001469
0.000082
0.001428
0.000561
0.001078
0.000354
0.032394
0.029894
0.001765
0.000125
0.001727
0.000595
0.002962
0.000694
0.028275
0.029517
0.001724
0.000112
0.001758
0.000588
0.002232
0.000449
0.042740
0.030682
0.001844
0.000127
0.001816
0.000611
0.003303
0.000817
--STOP--
++STRT++
0.027539
0.028601
0.001434
0.000082
0.001444
0.000562
0.001080
0.000355
0.032822
0.029543
0.001701
0.000121
0.001759
0.000634
0.002551
0.000709
0.035598
0.029039
0.001661
0.000107
0.001626
0.000584
0.001869
0.000449
0.041225
0.030402
0.001839
0.000133
0.001832
0.000603
0.003221
0.000786
--STOP--
++STRT++
0.027428
0.028630
0.001434
0.000084
0.001435
0.000561
0.001076
0.000353
0.045070
0.029826
0.001692
0.000124
0.001650
0.000601
0.002810
0.000663
0.033287
0.029157
0.001706
0.000114
0.001782
0.000584
0.001969
0.000446
0.036777
0.030179
0.001792
0.000130
0.001801
0.000607
0.003746
0.000855
--STOP--
++STRT++
0.027101
0.028661
0.001444
0.000083
0.001440
0.000562
0.001065
0.000353
0.038703
0.029813
0.001710
0.000123
0.001645
0.000596
0.002767
0.000679
0.030227
0.029446
0.001663
0.000118
0.001656
0.000586
0.002195
0.000468
0.035695
0.030195
0.001864
0.000180
0.001814
0.000659
0.003175
0.000843
--STOP--
++STRT++
0.024962
0.028587
0.001460
0.000084
0.001412
0.000561
0.001076
0.000356
0.033873
0.030095
0.001739
0.000126
0.001685
0.000602
0.003082
0.000705
0.029899
0.029123
0.001683
0.000108
0.001697
0.000581
0.001989
0.000484
0.031908
0.030232
0.001920
0.000138
0.001882
0.000655
0.003773
0.000891
--STOP--
++STRT++
0.024020
0.028493
0.001458
0.000084
0.001408
0.000562
0.001081
0.000353
0.038410
0.029975
0.001709
0.000115
0.001686
0.000597
0.002841
0.000692
0.026191
0.028951
0.001635
0.000108
0.001699
0.000592
0.001838
0.000439
0.029469
0.029679
0.001846
0.000126
0.001790
0.000607
0.003373
0.000823
--STOP--
++STRT++
0.026385
0.028969
0.001451
0.000083
0.001419
0.000560
0.001067
0.000353
0.036490
0.029397
0.001728
0.000127
0.001710
0.000596
0.002523
0.000664
0.029879
0.029454
0.001715
0.000128
0.001669
0.000585
0.002093
0.000457
0.034031
0.030790
0.001878
0.000132
0.001864
0.000607
0.003312
0.000817
--STOP--
++STRT++
0.026233
0.028447
0.001433
0.000083
0.001458
0.000562
0.001075
0.000353
0.032467
0.029171
0.001729
0.000127
0.001792
0.000598
0.002748
0.000708
0.034305
0.029416
0.001831
0.000117
0.001649
0.000588
0.002301
0.000467
0.042753
0.030259
0.001867
0.000137
0.001802
0.000617
0.003258
0.000818
--STOP--
++STRT++
0.025876
0.028741
0.001445
0.000085
0.001428
0.000560
0.001072
0.000354
0.039702
0.029372
0.001741
0.000123
0.001752
0.000599
0.002622
0.000811
0.032995
0.029549
0.001719
0.000111
0.001703
0.000589
0.002472
0.000460
0.037822
0.030265
0.001796
0.000128
0.001786
0.000612
0.003169
0.000791
--STOP--
++STRT++
0.023462
0.028488
0.001446
0.000084
0.001444
0.000559
0.001073
0.000356
0.031490
0.029820
0.001733
0.000124
0.001708
0.000644
0.002719
0.000686
0.027051
0.029255
0.001700
0.000117
0.001762
0.000591
0.002093
0.000462
0.039542
0.030569
0.001823
0.000129
0.001819
0.000617
0.003326
0.000798
--STOP--
++STRT++
0.024805
0.028467
0.001433
0.000083
0.001433
0.000587
0.001068
0.000388
0.028486
0.029594
0.001715
0.000123
0.001754
0.000599
0.002930
0.000726
0.034089
0.029203
0.001691
0.000113
0.001695
0.000588
0.002123
0.000506
0.030499
0.030980
0.001730
0.000126
0.001738
0.000608
0.003185
0.000838
--STOP--
++STRT++
0.027532
0.028695
0.001433
0.000083
0.001433
0.000586
0.001058
0.000354
0.029518
0.029247
0.001751
0.000122
0.001751
0.000646
0.002652
0.000729
0.025826
0.029337
0.001707
0.000119
0.001759
0.000583
0.001900
0.000454
0.043060
0.030646
0.001919
0.000135
0.001835
0.000655
0.003200
0.000804
--STOP--
++STRT++
0.026347
0.028492
0.001430
0.000083
0.001422
0.000584
0.001040
0.000377
0.033622
0.029891
0.001706
0.000115
0.001695
0.000596
0.002842
0.000668
0.026833
0.029328
0.001674
0.000109
0.001700
0.000584
0.001885
0.000452
0.032733
0.030291
0.001844
0.000128
0.001809
0.000605
0.003127
0.000862
--STOP--
++STRT++
0.025329
0.028533
0.001445
0.000084
0.001435
0.000589
0.001075
0.000355
0.031376
0.029669
0.001687
0.000122
0.001704
0.000594
0.002762
0.000687
0.028765
0.029064
0.001718
0.000111
0.001677
0.000583
0.002096
0.000445
0.048249
0.030789
0.001871
0.000131
0.001855
0.000612
0.003405
0.000865
--STOP--
++STRT++
0.025344
0.028525
0.001431
0.000085
0.001456
0.000559
0.001080
0.000356
0.036769
0.029505
0.001737
0.000121
0.001731
0.000637
0.002814
0.000683
0.035460
0.029311
0.001748
0.000119
0.001747
0.000589
0.001998
0.000466
0.037040
0.030327
0.001825
0.000123
0.001882
0.000609
0.003084
0.000832
--STOP--
++STRT++
0.025729
0.028455
0.001445
0.000082
0.001420
0.000583
0.001038
0.000353
0.028476
0.029831
0.001739
0.000123
0.001696
0.000635
0.002778
0.000735
0.026139
0.029406
0.001711
0.000119
0.001736
0.000584
0.002075
0.000486
0.038669
0.030055
0.001901
0.000135
0.001855
0.000608
0.003714
0.000853
--STOP--
++STRT++
0.025643
0.028652
0.001447
0.000082
0.001441
0.000584
0.001089
0.000354
0.029898
0.029272
0.001719
0.000118
0.001741
0.000641
0.002821
0.000678
0.032102
0.028983
0.001720
0.000164
0.001696
0.000591
0.002058
0.000447
0.038554
0.030429
0.001861
0.000163
0.001830
0.000610
0.003325
0.000833
--STOP--
++STRT++
0.025002
0.028626
0.001437
0.000082
0.001417
0.000562
0.001075
0.000357
0.034134
0.029407
0.001729
0.000125
0.001754
0.000638
0.002819
0.000747
0.026843
0.029375
0.001736
0.000153
0.001659
0.000589
0.002102
0.000454
0.034629
0.030678
0.001881
0.000188
0.001820
0.000656
0.003376
0.000831
--STOP--
++STRT++
0.027277
0.028602
0.001460
0.000086
0.001422
0.000559
0.001071
0.000353
0.027158
0.029753
0.001766
0.000125
0.001784
0.000602
0.003033
0.000693
0.030629
0.029220
0.001690
0.000114
0.001756
0.000589
0.002037
0.000475
0.033992
0.030429
0.001871
0.000134
0.001881
0.000608
0.003352
0.000818
--STOP--
++STRT++
0.026858
0.028678
0.001455
0.000086
0.001430
0.000559
0.001078
0.000377
0.032025
0.030121
0.001704
0.000120
0.001754
0.000595
0.002723
0.000688
0.027353
0.029350
0.001739
0.000113
0.001839
0.000590
0.002030
0.000458
0.036292
0.030203
0.001919
0.000129
0.001869
0.000609
0.003860
0.000828
--STOP--
++STRT++
0.027882
0.028869
0.001427
0.000083
0.001435
0.000559
0.001057
0.000355
0.038520
0.029583
0.001655
0.000115
0.001711
0.000601
0.002576
0.000662
0.028105
0.029014
0.001716
0.000110
0.001643
0.000587
0.002062
0.000452
0.034550
0.030469
0.001833
0.000134
0.001747
0.000611
0.003156
0.000846
--STOP--
++STRT++
0.024657
0.028475
0.001477
0.000082
0.001426
0.000559
0.001037
0.000353
0.033017
0.029698
0.001765
0.000121
0.001716
0.000595
0.002638
0.000683
0.029010
0.029261
0.001696
0.000118
0.001723
0.000594
0.002085
0.000452
0.039013
0.030497
0.001746
0.000126
0.001782
0.000611
0.003273
0.000847
--STOP--
++STRT++
0.028812
0.028703
0.001456
0.000085
0.001421
0.000560
0.001082
0.000380
0.036982
0.029779
0.001718
0.000122
0.001775
0.000637
0.002857
0.000681
0.029646
0.029075
0.001823
0.000114
0.001760
0.000592
0.002468
0.000465
0.036981
0.030021
0.001741
0.000125
0.001697
0.000604
0.002862
0.000794
--STOP--
++STRT++
0.025684
0.028551
0.001453
0.000083
0.001446
0.000561
0.001083
0.000355
0.037331
0.029588
0.001803
0.000123
0.001718
0.000597
0.003136
0.000670
0.036535
0.029197
0.001723
0.000114
0.001785
0.000587
0.002245
0.000454
0.035464
0.030450
0.001876
0.000135
0.001860
0.000609
0.003144
0.000813
--STOP--
++STRT++
0.026654
0.028606
0.001432
0.000084
0.001411
0.000558
0.001056
0.000385
0.037517
0.029469
0.001684
0.000128
0.001772
0.000598
0.002704
0.000734
0.032022
0.029359
0.001715
0.000111
0.001762
0.000585
0.001876
0.000449
0.039561
0.030114
0.001854
0.000127
0.001746
0.000605
0.003075
0.000820
--STOP--
++STRT++
0.024020
0.028483
0.001455
0.000085
0.001422
0.000561
0.001057
0.000355
0.029793
0.029872
0.001781
0.000123
0.001752
0.000596
0.003032
0.000799
0.032730
0.029264
0.001698
0.000110
0.001750
0.000592
0.002082
0.000464
0.038570
0.030077
0.001871
0.000129
0.001784
0.000614
0.002889
0.000791
--STOP--
++STRT++
0.027836
0.028665
0.001467
0.000082
0.001409
0.000558
0.001081
0.000354
0.032818
0.029440
0.001740
0.000120
0.001759
0.000635
0.002853
0.000811
0.026630
0.029094
0.001693
0.000116
0.001726
0.000590
0.001948
0.000465
0.044825
0.030831
0.001836
0.000131
0.001834
0.000652
0.003451
0.000862
--STOP--
++STRT++
0.023937
0.028643
0.001431
0.000084
0.001432
0.000562
0.001081
0.000355
0.030588
0.029819
0.001774
0.000127
0.001759
0.000648
0.003018
0.000686
0.026581
0.029281
0.001754
0.000111
0.001719
0.000588
0.002254
0.000463
0.035979
0.030255
0.001822
0.000131
0.001829
0.000652
0.002954
0.000813
--STOP--
++STRT++
0.029172
0.028636
0.001433
0.000086
0.001443
0.000562
0.001067
0.000356
0.027043
0.029660
0.001808
0.000127
0.001664
0.000591
0.002702
0.000658
0.027021
0.029254
0.001671
0.000107
0.001699
0.000586
0.001988
0.000446
0.035105
0.030371
0.001819
0.000130
0.001819
0.000613
0.003452
0.000807
--STOP--
++STRT++
0.029428
0.028804
0.001440
0.000083
0.001417
0.000563
0.001072
0.000377
0.031376
0.029257
0.001768
0.000123
0.001741
0.000603
0.002689
0.000695
0.030632
0.029470
0.001660
0.000110
0.001708
0.000584
0.001943
0.000457
0.036629
0.029858
0.001883
0.000130
0.001855
0.000659
0.003250
0.000798
--STOP--
++STRT++
0.024805
0.028668
0.001453
0.000084
0.001449
0.000562
0.001093
0.000352
0.035294
0.029642
0.001718
0.000119
0.001675
0.000594
0.002709
0.000727
0.032283
0.029135
0.001705
0.000109
0.001788
0.000590
0.001933
0.000486
0.049653
0.030353
0.001833
0.000125
0.001719
0.000606
0.003154
0.000869
--STOP--
++STRT++
0.027803
0.028593
0.001434
0.000086
0.001420
0.000583
0.001068
0.000379
0.031561
0.029984
0.001705
0.000119
0.001714
0.000601
0.002678
0.000709
0.038613
0.028857
0.001691
0.000105
0.001694
0.000589
0.002081
0.000563
0.034691
0.030329
0.001867
0.000139
0.001818
0.000612
0.003423
0.000915
--STOP--
++STRT++
0.027597
0.028392
0.001428
0.000085
0.001452
0.000560
0.001083
0.000355
0.030141
0.029680
0.001773
0.000124
0.001667
0.000595
0.002594
0.000683
0.027231
0.029144
0.001751
0.000112
0.001669
0.000586
0.001884
0.000465
0.031427
0.030310
0.001882
0.000127
0.001777
0.000609
0.003078
0.000800
--STOP--
++STRT++
0.030526
0.028563
0.001437
0.000084
0.001457
0.000560
0.001051
0.000355
0.032671
0.029489
0.001679
0.000127
0.001705
0.000637
0.002445
0.000685
0.033471
0.029173
0.001701
0.000110
0.001645
0.000585
0.002006
0.000453
0.034341
0.030545
0.001791
0.000131
0.001754
0.000611
0.003036
0.000799
--STOP--
++STRT++
0.028961
0.028697
0.001456
0.000082
0.001452
0.000561
0.001044
0.000358
0.030425
0.029930
0.001797
0.000125
0.001743
0.000599
0.002801
0.000691
0.031138
0.029197
0.001762
0.000159
0.001775
0.000591
0.002499
0.000517
0.045620
0.030718
0.001831
0.000130
0.001766
0.000609
0.003632
0.000886
--STOP--
++STRT++
0.025707
0.028636
0.001458
0.000084
0.001417
0.000560
0.001071
0.000353
0.034351
0.030067
0.001742
0.000118
0.001710
0.000598
0.003334
0.000679
0.030332
0.029181
0.001736
0.000167
0.001745
0.000591
0.002260
0.000451
0.035925
0.030070
0.001794
0.000129
0.001794
0.000609
0.003211
0.000805
--STOP--
++STRT++
0.027490
0.028623
0.001436
0.000082
0.001453
0.000558
0.001061
0.000353
0.032073
0.029723
0.001788
0.000127
0.001804
0.000603
0.002988
0.000770
0.025688
0.029383
0.001717
0.000112
0.001740
0.000591
0.001978
0.000528
0.033096
0.029668
0.001631
0.000099
0.001610
0.000587
0.003489
0.000816
--STOP--
++STRT++
0.028763
0.028831
0.001435
0.000084
0.001445
0.000562
0.001116
0.000357
0.038066
0.029441
0.001753
0.000121
0.001679
0.000599
0.002811
0.000670
0.028555
0.029169
0.001705
0.000107
0.001745
0.000584
0.002036
0.000465
0.030970
0.030155
0.001886
0.000127
0.001821
0.000609
0.003419
0.000937
--STOP--
++STRT++
0.028668
0.028705
0.001435
0.000083
0.001453
0.000563
0.001078
0.000356
0.030476
0.029315
0.001696
0.000124
0.001750
0.000637
0.002870
0.000674
0.029546
0.029228
0.001753
0.000114
0.001712
0.000587
0.002373
0.000458
0.028086
0.030459
0.001811
0.000130
0.001798
0.000611
0.003051
0.000833
--STOP--
++STRT++
0.026472
0.028739
0.001450
0.000082
0.001427
0.000560
0.001078
0.000352
0.034988
0.029849
0.001805
0.000121
0.001716
0.000600
0.002967
0.000670
0.031701
0.029150
0.001761
0.000113
0.001746
0.000587
0.001988
0.000516
0.048234
0.030351
0.001840
0.000130
0.001826
0.000616
0.003299
0.000806
--STOP--
++STRT++
0.025182
0.028538
0.001445
0.000083
0.001445
0.000561
0.001096
0.000354
0.043321
0.029214
0.001694
0.000123
0.001724
0.000602
0.003316
0.000726
0.026508
0.029039
0.001493
0.000116
0.001808
0.000585
0.002379
0.000445
0.032505
0.030211
0.001883
0.000162
0.001830
0.000606
0.002906
0.000789
--STOP--
++STRT++
0.027567
0.028673
0.001432
0.000084
0.001450
0.000560
0.001083
0.000355
0.030519
0.029345
0.001785
0.000128
0.001793
0.000648
0.002996
0.000693
0.027106
0.029793
0.001684
0.000106
0.001763
0.000585
0.002145
0.000456
0.025372
0.030296
0.001834
0.000134
0.001805
0.000611
0.003548
0.000830
--STOP--
++STRT++
0.026510
0.028553
0.001445
0.000085
0.001428
0.000560
0.001034
0.000353
0.036172
0.029319
0.001747
0.000117
0.001737
0.000597
0.002856
0.000672
0.038910
0.029288
0.001677
0.000112
0.001783
0.000584
0.001969
0.000460
0.041269
0.030729
0.001841
0.000128
0.001761
0.000616
0.003500
0.000857
--STOP--
++STRT++
0.027098
0.028442
0.001444
0.000082
0.001418
0.000587
0.001073
0.000381
0.037193
0.029592
0.001758
0.000129
0.001751
0.000638
0.002785
0.000731
0.032927
0.029311
0.001710
0.000114
0.001787
0.000592
0.002280
0.000465
0.057951
0.031341
0.001799
0.000128
0.001775
0.000612
0.003053
0.000825
--STOP--
++STRT++
0.024757
0.028675
0.001442
0.000085
0.001442
0.000561
0.001077
0.000356
0.029261
0.029389
0.001667
0.000119
0.001693
0.000631
0.002409
0.000706
0.030098
0.029304
0.001719
0.000122
0.001661
0.000586
0.002437
0.000458
0.027848
0.030379
0.001796
0.000128
0.001793
0.000609
0.003604
0.000925
--STOP--
++STRT++
0.025198
0.028543
0.001433
0.000084
0.001425
0.000559
0.001067
0.000381
0.030027
0.029400
0.001701
0.000120
0.001776
0.000642
0.002997
0.000717
0.030345
0.029153
0.001725
0.000108
0.001646
0.000584
0.001959
0.000446
0.031397
0.030471
0.001914
0.000129
0.001831
0.000610
0.003096
0.000824
--STOP--
++STRT++
0.024457
0.028450
0.001441
0.000081
0.001418
0.000585
0.001065
0.000373
0.029840
0.029838
0.001767
0.000125
0.001824
0.000601
0.003213
0.000798
0.027585
0.029725
0.001744
0.000108
0.001726
0.000589
0.002110
0.000462
0.042611
0.030986
0.001833
0.000130
0.001844
0.000610
0.002978
0.000812
--STOP--
++STRT++
0.024478
0.028676
0.001444
0.000086
0.001413
0.000560
0.001056
0.000353
0.041464
0.029758
0.001776
0.000122
0.001719
0.000641
0.002911
0.000688
0.027604
0.029236
0.001706
0.000113
0.001748
0.000588
0.001993
0.000505
0.031876
0.031055
0.001868
0.000128
0.001767
0.000606
0.003205
0.000798
--STOP--
++STRT++
0.026281
0.028607
0.001439
0.000086
0.001423
0.000588
0.001059
0.000356
0.035095
0.029334
0.001756
0.000132
0.001783
0.000638
0.003388
0.000739
0.032316
0.029381
0.001721
0.000113
0.001821
0.000591
0.002242
0.000455
0.032309
0.030000
0.001752
0.000128
0.001731
0.000609
0.003052
0.000857
--STOP--
++STRT++
0.025282
0.028442
0.001438
0.000083
0.001439
0.000563
0.001078
0.000357
0.029642
0.029230
0.001724
0.000118
0.001787
0.000647
0.002728
0.000675
0.029789
0.029361
0.001688
0.000109
0.001655
0.000589
0.001916
0.000469
0.028692
0.030185
0.001874
0.000134
0.001861
0.000669
0.003132
0.000847
--STOP--
++STRT++
0.026661
0.028589
0.001466
0.000083
0.001424
0.000560
0.001078
0.000355
0.047778
0.029488
0.001784
0.000118
0.001741
0.000601
0.003000
0.000693
0.029251
0.029214
0.001747
0.000124
0.001739
0.000591
0.002175
0.000573
0.026741
0.029719
0.001791
0.000127
0.001766
0.000610
0.002968
0.000809
--STOP--
++STRT++
0.027314
0.028532
0.001455
0.000083
0.001425
0.000563
0.001072
0.000352
0.030877
0.029426
0.001747
0.000125
0.001787
0.000596
0.002803
0.000680
0.032724
0.029451
0.001691
0.000109
0.001712
0.000587
0.001937
0.000441
0.043032
0.030730
0.001869
0.000131
0.001838
0.000610
0.003366
0.000810
--STOP--
++STRT++
0.024040
0.028655
0.001432
0.000109
0.001426
0.000559
0.001106
0.000353
0.029871
0.029815
0.001805
0.000133
0.001745
0.000598
0.003011
0.000732
0.036060
0.029066
0.001735
0.000112
0.001778
0.000588
0.002062
0.000459
0.028727
0.029726
0.001801
0.000132
0.001867
0.000614
0.003683
0.000874
--STOP--
