0.001154
0.001132
0.001191
0.001230
0.001193
0.001192
0.001145
0.001230
0.001203
0.001185
0.001176
0.001140
0.001163
0.001192
0.001130
0.001169
0.001213
0.001224
0.001198
0.001170
0.001196
0.001216
0.001137
0.001192
0.001163
0.001201
0.001225
0.001132
0.001174
0.001182
0.001206
0.001177
0.001145
0.001169
0.001215
0.001233
0.001188
0.001207
0.001196
0.001175
0.001180
0.001182
0.001136
0.001176
0.001204
0.001194
0.001204
0.001141
0.001242
0.001203
0.001196
0.001139
0.001234
0.001216
0.001139
0.001153
0.001147
0.001175
0.001142
0.001192
0.001175
0.001192
0.001208
0.001184
0.001179
0.001177
0.001145
0.001168
0.001157
0.001153
0.001169
0.001206
0.001143
0.001183
0.001148
0.001226
0.001201
0.001220
0.001180
0.001162
0.001239
0.001180
0.001191
0.001162
0.001219
0.001220
0.001188
0.001194
0.001126
0.001188
0.001150
0.001184
0.001143
0.001224
0.001149
0.001203
0.001199
0.001198
0.001216
0.001136
0.001171
0.001140
0.001210
0.001255
0.001147
0.001160
0.001150
0.001174
0.001209
0.001187
0.001184
0.001205
0.001244
0.001207
0.001184
0.001186
0.001182
0.001147
0.001133
0.001173
0.001250
0.001213
0.001170
0.001149
0.001194
0.001170
0.001198
0.001177
