0.031194
0.030671
0.031560
0.030642
0.031075
0.031632
0.031447
0.030364
0.031386
0.031403
0.031407
0.031635
0.030584
0.030693
0.031392
0.031218
0.030560
0.031047
0.031316
0.030575
0.031179
0.031041
0.030389
0.031456
0.030380
0.031361
0.030652
0.031122
0.031268
0.031389
0.031028
0.031317
0.030589
0.030599
0.031147
0.031211
0.031116
0.030363
0.030436
0.031282
0.031209
0.030687
0.030332
0.031191
0.030509
0.031086
0.031043
0.031425
0.030350
0.030244
0.030977
0.031038
0.030343
0.031079
0.031211
0.030350
0.031501
0.030673
0.030578
0.030634
0.030681
0.030576
0.030568
0.031464
0.031490
0.030664
0.031392
0.030653
0.031723
0.030810
0.031299
0.030694
0.031245
0.030888
0.031319
0.030748
0.030560
0.031326
0.031004
0.031628
0.030643
0.031241
0.030683
0.031422
0.031453
0.030824
0.031606
0.030770
0.031179
0.031359
0.030958
0.030543
0.031511
0.031338
0.031603
0.030590
0.031205
0.031677
0.031228
0.030570
0.031229
0.030843
0.030925
0.031484
0.030573
0.030583
0.031599
0.030759
0.031692
0.030870
0.031348
0.030911
0.030930
0.031730
0.031498
0.031318
0.030755
0.030626
0.031499
0.030854
0.030888
0.031799
0.030680
0.030642
0.030961
0.031606
0.030904
0.030961
