0.014126
0.013985
0.014109
0.014004
0.014107
0.013964
0.013987
0.014004
0.013959
0.014192
0.014051
0.013992
0.014018
0.014015
0.013989
0.014038
0.014021
0.014110
0.014108
0.014208
0.014169
0.014011
0.014140
0.014062
0.014009
0.014011
0.014087
0.014031
0.014111
0.014080
0.014153
0.013928
0.014085
0.014053
0.014101
0.013936
0.013987
0.014127
0.014062
0.014193
0.014031
0.014044
0.014146
0.014097
0.014078
0.014089
0.014047
0.013905
0.014098
0.013857
0.013972
0.014007
0.013992
0.013982
0.014141
0.013978
0.013997
0.013931
0.014094
0.013908
0.014015
0.013947
0.014050
0.014021
0.014102
0.014066
0.014264
0.014046
0.014151
0.013949
0.014148
0.014044
0.014278
0.014062
0.014026
0.014049
0.013982
0.013992
0.014020
0.014167
0.014096
0.014144
0.013997
0.014003
0.014165
0.014030
0.014058
0.014167
0.014194
0.014055
0.014079
0.014040
0.013951
0.014122
0.014088
0.014229
0.014021
0.014026
0.014197
0.014145
0.014129
0.014157
0.014179
0.014086
0.014173
0.014117
0.014150
0.014033
0.014166
0.014092
0.014048
0.014040
0.014132
0.014014
0.014075
0.013988
0.013980
0.014098
0.014139
0.014145
0.014044
0.013980
0.014082
0.014080
0.013905
0.014039
0.013988
0.013990
