++STRT++
0.176586
0.233669
0.007464
0.000457
0.007282
0.002183
0.384544
0.007089
0.002031
0.205823
0.235754
0.008811
0.000610
0.008668
0.002236
0.448888
0.017088
0.003544
0.190483
0.234522
0.008478
0.000568
0.008348
0.002204
0.400131
0.014767
0.003493
0.193617
0.235476
0.008854
0.000551
0.008644
0.002204
0.522073
0.015743
0.003230
0.239820
0.238299
0.010354
0.000932
0.010200
0.002394
0.720731
0.032981
0.006961
0.193656
0.235348
0.008890
0.000529
0.008705
0.002259
0.521803
0.015686
0.003237
0.190424
0.234890
0.009221
0.000655
0.009135
0.002263
0.661470
0.019437
0.004212
0.193606
0.235551
0.008847
0.000547
0.008700
0.002210
0.518945
0.014652
0.002969
0.189140
0.236079
0.009433
0.000720
0.009417
0.002350
0.624975
0.022895
0.005040
0.244528
0.242568
0.010524
0.000941
0.010423
0.002408
0.780367
0.034550
0.007101
--STOP--
