++STRT++
0.006869
0.009867
0.000696
0.000042
0.000689
0.000270
0.015116
0.000510
0.000200
0.006991
0.010093
0.000703
0.000043
0.000694
0.000271
0.015113
0.000538
0.000190
0.006948
0.009873
0.000698
0.000046
0.000716
0.000301
0.015130
0.000511
0.000186
0.006994
0.009852
0.000724
0.000044
0.000698
0.000271
0.015114
0.000563
0.000189
0.007181
0.010050
0.000767
0.000082
0.000735
0.000283
0.015570
0.000749
0.000314
0.006980
0.009954
0.000702
0.000041
0.000698
0.000295
0.015146
0.000521
0.000195
0.006994
0.009908
0.000722
0.000042
0.000696
0.000271
0.015109
0.000531
0.000212
0.006976
0.009870
0.000698
0.000041
0.000723
0.000301
0.015076
0.000513
0.000186
0.007053
0.009946
0.000718
0.000051
0.000717
0.000278
0.015793
0.000657
0.000265
0.007391
0.010178
0.000778
0.000054
0.000762
0.000291
0.015986
0.000925
0.000389
--STOP--
