++STRT++
0.554656
1.184328
0.018916
0.001200
0.018561
0.004577
1.457438
0.030523
0.007451
0.643683
1.613418
0.020336
0.001301
0.019873
0.004649
2.240274
0.042273
0.008930
0.562284
1.504487
0.020665
0.001275
0.020103
0.004645
2.233820
0.037152
0.008540
0.643609
1.591933
0.020261
0.001255
0.019774
0.004629
2.190735
0.040493
0.008770
0.824720
2.040841
0.023687
0.001839
0.061896
0.004888
2.623249
0.069439
0.013747
0.753545
1.613478
0.020378
0.001305
0.019801
0.004624
2.194995
0.040304
0.008753
0.666340
1.700015
0.020730
0.001440
0.020300
0.004698
2.253729
0.047471
0.010266
0.738464
1.599575
0.020116
0.001236
0.019638
0.004630
2.128275
0.039814
0.008685
0.756406
1.769341
0.021454
0.001581
0.021049
0.004732
2.345270
0.051949
0.011562
0.686622
2.191088
0.024226
0.001924
0.023723
0.004902
2.742875
0.073854
0.014422
--STOP--
