++STRT++
0.024242
0.028662
0.001453
0.000083
0.001415
0.000557
0.044902
0.001066
0.000380
0.027555
0.028957
0.001459
0.000083
0.001437
0.000563
0.044524
0.001149
0.000375
0.027709
0.028720
0.001453
0.000085
0.001478
0.000563
0.044500
0.001075
0.000355
0.026467
0.028719
0.001499
0.000088
0.001556
0.000567
0.044453
0.001394
0.000359
0.034998
0.029479
0.001730
0.000123
0.001759
0.000600
0.048953
0.003005
0.000709
0.030798
0.028912
0.001488
0.000085
0.001478
0.000566
0.044769
0.001329
0.000360
0.027978
0.028789
0.001614
0.000090
0.001621
0.000568
0.044859
0.001394
0.000368
0.025617
0.028624
0.001453
0.000085
0.001458
0.000563
0.044456
0.001115
0.000360
0.030779
0.029507
0.001668
0.000157
0.001648
0.000590
0.048774
0.002030
0.000442
0.031868
0.030686
0.001861
0.000129
0.001764
0.000607
0.058769
0.003402
0.000881
--STOP--
