++STRT++
0.000897
0.001215
0.000166
0.000012
0.000161
0.000067
0.001838
0.000069
0.000045
0.000869
0.001199
0.000166
0.000012
0.000162
0.000067
0.001818
0.000092
0.000047
0.000898
0.001203
0.000166
0.000010
0.000161
0.000067
0.001834
0.000083
0.000045
0.000872
0.001214
0.000188
0.000011
0.000162
0.000067
0.001831
0.000068
0.000048
0.000874
0.001201
0.000167
0.000013
0.000163
0.000067
0.001816
0.000073
0.000045
0.000899
0.001216
0.000166
0.000010
0.000161
0.000066
0.001831
0.000094
0.000046
0.000873
0.001216
0.000195
0.000011
0.000161
0.000067
0.001839
0.000067
0.000043
0.000872
0.001209
0.000165
0.000011
0.000162
0.000067
0.001829
0.000075
0.000044
0.000870
0.001200
0.000167
0.000011
0.000161
0.000067
0.001833
0.000085
0.000048
0.000889
0.001227
0.000168
0.000012
0.000163
0.000067
0.001838
0.000078
0.000044
--STOP--
