++STRT++
0.586325
1.083416
0.018944
0.001164
0.018618
0.004592
0.030948
0.007550
0.676962
1.614115
0.020544
0.001278
0.020113
0.004645
0.090346
0.008851
0.663129
1.610608
0.020852
0.001275
0.020266
0.004668
0.037373
0.008488
0.780937
1.628631
0.020211
0.001289
0.019828
0.004650
0.040344
0.008685
0.858167
2.065944
0.023705
0.001837
0.023144
0.004822
0.070606
0.013724
0.804529
1.539611
0.020267
0.001262
0.019887
0.004680
0.040223
0.008692
0.618114
1.711120
0.020737
0.001455
0.020344
0.004692
0.095754
0.010231
0.739644
1.650889
0.020173
0.001284
0.019712
0.004641
0.040347
0.008684
0.761384
1.814849
0.021464
0.001573
0.020991
0.004730
0.051946
0.011493
0.879273
2.269233
0.024164
0.001967
0.023772
0.004862
0.122822
0.014317
--STOP--
++STRT++
0.589353
1.041094
0.019034
0.001173
0.018715
0.004624
0.030874
0.007470
0.720837
1.492523
0.020408
0.001278
0.019949
0.004686
0.041227
0.008776
0.657258
1.615393
0.020681
0.001247
0.020251
0.004664
0.037988
0.008544
0.788110
1.533328
0.020213
0.001262
0.019835
0.004668
0.040920
0.008710
0.887548
2.097230
0.023644
0.001833
0.023291
0.004851
0.070760
0.013746
0.745091
1.539671
0.020372
0.001260
0.019908
0.004646
0.040346
0.008655
0.770892
1.735977
0.020837
0.001488
0.020288
0.004694
0.046942
0.010316
0.633206
1.568335
0.020133
0.001246
0.019699
0.004664
0.039807
0.008648
0.799450
1.801905
0.021451
0.001582
0.020984
0.004729
0.051622
0.011464
0.927227
2.217961
0.024082
0.001977
0.023678
0.004888
0.123025
0.014284
--STOP--
++STRT++
0.596068
1.043658
0.019024
0.001142
0.018727
0.004614
0.031075
0.007495
0.709863
1.499918
0.020400
0.001267
0.019914
0.004672
0.040876
0.008740
0.731695
1.581636
0.020676
0.001282
0.020210
0.004654
0.037987
0.008522
0.799302
1.618268
0.020253
0.001247
0.019876
0.004685
0.040540
0.008574
0.798226
2.079743
0.023669
0.001799
0.023220
0.004921
0.070591
0.013843
0.682843
1.552357
0.020444
0.001238
0.019956
0.004666
0.040412
0.008635
0.768287
1.661744
0.020684
0.001491
0.020284
0.004726
0.047213
0.010280
0.773307
1.599618
0.020242
0.001288
0.019738
0.004664
0.039998
0.008581
0.689672
1.767578
0.021433
0.001598
0.020940
0.004730
0.051966
0.011578
0.763103
2.088608
0.024124
0.001900
0.023720
0.004881
0.074295
0.014419
--STOP--
++STRT++
0.608064
1.047355
0.019019
0.001150
0.018631
0.004664
0.031067
0.007500
0.738731
1.470813
0.020300
0.001272
0.064652
0.004660
0.040917
0.008790
0.686833
1.379750
0.020602
0.001267
0.020137
0.004718
0.038181
0.008526
0.777763
1.678557
0.020289
0.001241
0.019781
0.004671
0.040590
0.008623
0.881746
1.983992
0.023709
0.001844
0.023267
0.004877
0.070647
0.013728
0.696521
1.546108
0.064765
0.001276
0.019831
0.004692
0.040735
0.008647
0.727762
1.553929
0.020724
0.001471
0.020267
0.004711
0.047453
0.010263
0.704867
1.583613
0.020138
0.001290
0.019735
0.004665
0.039852
0.008669
0.702655
1.665633
0.021507
0.001616
0.020980
0.004783
0.052059
0.011441
0.836222
2.066231
0.024249
0.001953
0.023672
0.004845
0.074611
0.014254
--STOP--
++STRT++
0.605905
1.046819
0.018962
0.001158
0.018675
0.004631
0.030898
0.007538
0.769053
1.561351
0.020417
0.001325
0.019997
0.004703
0.041239
0.008717
0.712761
1.474314
0.020603
0.001265
0.064534
0.004665
0.038197
0.008540
0.807322
1.596691
0.020260
0.001286
0.019818
0.004656
0.040449
0.008659
0.698510
2.004339
0.023718
0.001833
0.023214
0.004911
0.070293
0.013713
0.805291
1.567860
0.020260
0.001243
0.019929
0.004678
0.040388
0.008678
0.767572
1.630719
0.020799
0.001466
0.020292
0.004730
0.047605
0.010256
0.751155
1.563024
0.020229
0.001240
0.019804
0.004639
0.039990
0.008657
0.683807
1.830922
0.021435
0.001600
0.020943
0.004760
0.051755
0.011531
0.717549
2.093700
0.024148
0.001888
0.023678
0.004862
0.074617
0.014319
--STOP--
++STRT++
0.597182
1.039669
0.018991
0.001194
0.018653
0.004610
0.031174
0.007495
0.668048
1.485531
0.020322
0.001298
0.019877
0.004686
0.040552
0.008767
0.645780
1.525529
0.020720
0.001281
0.020229
0.004660
0.037928
0.008439
0.770385
1.523226
0.020295
0.001254
0.019802
0.004672
0.041047
0.008641
0.781019
2.048218
0.023651
0.001861
0.023262
0.004853
0.070227
0.013739
0.629435
1.579134
0.020387
0.001285
0.019841
0.004660
0.040358
0.008638
0.753063
1.623068
0.020688
0.001444
0.020321
0.004747
0.046970
0.010277
0.747660
1.489701
0.068856
0.001243
0.019719
0.004655
0.040702
0.008605
0.636666
1.629729
0.021474
0.001561
0.021093
0.004811
0.051965
0.011479
0.899475
2.134591
0.024191
0.001961
0.023793
0.004895
0.074859
0.014456
--STOP--
++STRT++
0.580176
1.043219
0.019051
0.001140
0.018635
0.004636
0.030970
0.007564
0.709955
1.508890
0.020414
0.001264
0.019891
0.004677
0.041670
0.008740
0.600942
1.535898
0.020588
0.001235
0.020192
0.004718
0.038145
0.008524
0.631739
1.548916
0.020265
0.001242
0.064372
0.004680
0.040377
0.008665
0.892401
1.979062
0.023768
0.001826
0.023362
0.004970
0.070932
0.013849
0.654145
1.553654
0.020321
0.001279
0.019949
0.004672
0.040401
0.008663
0.753012
1.645959
0.020797
0.001494
0.020296
0.004729
0.046931
0.010163
0.804325
1.549466
0.020196
0.001287
0.019723
0.004661
0.040130
0.008653
0.777280
1.632835
0.070159
0.001573
0.020979
0.004746
0.051859
0.011444
0.614260
2.123227
0.024174
0.001894
0.023659
0.004887
0.074539
0.014310
--STOP--
++STRT++
0.587476
1.046396
0.019037
0.001176
0.018679
0.004662
0.031004
0.007517
0.672088
1.458728
0.020346
0.001270
0.019937
0.004708
0.041266
0.008745
0.636187
1.522143
0.020582
0.001241
0.020234
0.004673
0.037845
0.008623
0.769833
1.579486
0.020342
0.001311
0.019830
0.004657
0.040497
0.008728
0.838418
2.024366
0.023637
0.001880
0.023345
0.004853
0.070892
0.013773
0.748399
1.483626
0.020347
0.001280
0.019808
0.004647
0.040291
0.008651
0.787874
1.611853
0.020701
0.001482
0.020310
0.004723
0.047717
0.010279
0.785042
1.523766
0.020148
0.001252
0.019719
0.004631
0.039988
0.008636
0.695827
1.618533
0.021469
0.001613
0.020964
0.004794
0.051704
0.011443
0.797711
2.102959
0.024299
0.001934
0.023800
0.004907
0.074912
0.014418
--STOP--
++STRT++
0.591546
1.037921
0.019005
0.001184
0.018640
0.004636
0.031208
0.007584
0.693610
1.498926
0.020306
0.001274
0.019881
0.004705
0.041257
0.057420
0.572161
1.585025
0.020633
0.001261
0.020199
0.004649
0.037286
0.008502
0.666490
1.571373
0.068999
0.001250
0.019963
0.004664
0.040546
0.008621
0.853995
1.990141
0.023687
0.001859
0.023374
0.004885
0.070459
0.013728
0.676375
1.560803
0.020270
0.001272
0.019882
0.004675
0.040331
0.008683
0.699408
1.683438
0.020745
0.001422
0.020337
0.004730
0.047055
0.010250
0.775560
1.586123
0.020193
0.001314
0.019706
0.004661
0.040003
0.008641
0.707396
1.628358
0.021431
0.001573
0.021027
0.004750
0.051720
0.011471
0.818643
2.133990
0.024156
0.001890
0.023774
0.004902
0.074281
0.014304
--STOP--
++STRT++
0.607837
1.040582
0.018988
0.001223
0.018621
0.004627
0.031223
0.007515
0.699527
1.442756
0.020276
0.001258
0.019820
0.004692
0.041579
0.008729
0.592465
1.407853
0.020682
0.001289
0.020213
0.004719
0.037619
0.008598
0.679860
1.537234
0.020241
0.001245
0.019784
0.004664
0.040039
0.008682
0.921559
1.990988
0.023775
0.001835
0.023261
0.004852
0.111038
0.013889
0.718644
1.554588
0.020396
0.001269
0.019832
0.004671
0.040287
0.008678
0.668328
1.631013
0.020742
0.001432
0.020314
0.004746
0.047266
0.010285
0.771991
1.457383
0.020108
0.001246
0.019712
0.004688
0.040229
0.008550
0.688122
1.677477
0.021438
0.001610
0.021014
0.004792
0.051909
0.011457
0.929758
2.192257
0.024271
0.001923
0.023808
0.004888
0.074759
0.014307
--STOP--
++STRT++
0.605146
1.046290
0.019026
0.001174
0.018634
0.004632
0.030856
0.007598
0.674845
1.480805
0.020415
0.001315
0.020017
0.004680
0.040598
0.008795
0.605346
1.369873
0.020602
0.001278
0.020106
0.004689
0.038069
0.008620
0.787920
1.498145
0.020403
0.001299
0.019904
0.004678
0.040054
0.008649
0.750209
2.042405
0.023672
0.001901
0.023225
0.004893
0.119145
0.013760
0.621785
1.505144
0.020285
0.001301
0.019890
0.004687
0.040316
0.008572
0.655082
1.535958
0.020734
0.001475
0.020292
0.004743
0.046643
0.010239
0.619617
1.636246
0.020151
0.001280
0.019683
0.004649
0.040000
0.008661
0.741779
1.678012
0.021426
0.001611
0.020963
0.004782
0.051536
0.011504
0.754952
2.059069
0.024122
0.001901
0.023672
0.004901
0.074122
0.014331
--STOP--
++STRT++
0.592628
1.033684
0.019060
0.001183
0.018687
0.004632
0.030924
0.007476
0.680005
1.474467
0.020574
0.001274
0.020187
0.004705
0.041603
0.008835
0.638000
1.495746
0.020610
0.001261
0.020151
0.004675
0.038093
0.008496
0.709975
1.520085
0.020306
0.001235
0.019916
0.004695
0.041024
0.008688
0.713138
2.048176
0.023715
0.001826
0.023247
0.004899
0.070568
0.013912
0.625239
1.579502
0.020352
0.001289
0.019905
0.004683
0.040450
0.008660
0.771542
1.573445
0.020730
0.001452
0.020335
0.004788
0.046899
0.010216
0.754167
1.455929
0.020097
0.001242
0.019717
0.004654
0.040102
0.008651
0.694071
1.678057
0.021401
0.001630
0.021019
0.004782
0.051981
0.011475
0.929512
2.190026
0.024143
0.001951
0.023803
0.004891
0.074789
0.014227
--STOP--
++STRT++
0.597114
1.043769
0.019038
0.001148
0.018676
0.004603
0.030900
0.007590
0.673325
1.484742
0.020444
0.001282
0.019978
0.004677
0.041460
0.008731
0.610630
1.515860
0.020615
0.001301
0.020181
0.004658
0.037780
0.008541
0.763805
1.481705
0.068951
0.001254
0.019782
0.004665
0.040195
0.008704
0.697885
2.001029
0.023648
0.001841
0.023263
0.004871
0.119273
0.013691
0.700225
1.531559
0.020425
0.001263
0.019802
0.004644
0.040105
0.008630
0.762910
1.631239
0.020698
0.001428
0.020265
0.004744
0.047537
0.010319
0.774699
1.486211
0.020297
0.001238
0.019740
0.004659
0.040483
0.008585
0.692583
1.669139
0.021467
0.001619
0.021066
0.004751
0.052451
0.011533
0.895040
2.089829
0.024130
0.001891
0.023649
0.004848
0.074618
0.014317
--STOP--
++STRT++
0.591666
1.043545
0.019051
0.001179
0.018811
0.004632
0.030792
0.007541
0.670691
1.472325
0.020316
0.001315
0.019868
0.004672
0.041264
0.008740
0.631755
1.432325
0.020594
0.001266
0.020122
0.004668
0.037734
0.008543
0.765625
1.492220
0.020262
0.001286
0.019925
0.004653
0.040082
0.008689
0.948826
2.018981
0.023679
0.001831
0.023250
0.004854
0.070495
0.013857
0.693767
1.525163
0.020240
0.001260
0.019952
0.004671
0.040264
0.008655
0.719772
1.560674
0.020725
0.001514
0.020406
0.004790
0.046790
0.010257
0.736018
1.479240
0.020138
0.001282
0.019712
0.004646
0.040650
0.008611
0.707865
1.677848
0.021452
0.001626
0.021022
0.004779
0.052071
0.011516
0.833688
2.114933
0.024288
0.001888
0.023688
0.004937
0.075225
0.014357
--STOP--
++STRT++
0.601680
1.046163
0.019030
0.001166
0.018708
0.004600
0.030995
0.007533
0.654644
1.521633
0.020330
0.001309
0.019870
0.004715
0.090483
0.008703
0.624044
1.420120
0.020577
0.001256
0.020112
0.004656
0.037974
0.008498
0.788978
1.469905
0.020209
0.001265
0.019880
0.004699
0.040347
0.008697
0.955541
2.020706
0.023760
0.001879
0.023180
0.004883
0.070518
0.013810
0.701861
1.535307
0.020340
0.001295
0.019869
0.004667
0.040301
0.008680
0.630830
1.758369
0.020689
0.001441
0.020319
0.004700
0.048219
0.010309
0.776999
1.557024
0.020129
0.001286
0.019669
0.004663
0.039964
0.008625
0.587420
1.602633
0.021440
0.001572
0.021022
0.004764
0.051819
0.011447
0.726991
2.115390
0.024115
0.001999
0.023756
0.004916
0.114345
0.014362
--STOP--
++STRT++
0.570839
1.035440
0.019044
0.001155
0.018648
0.004627
0.030868
0.007527
0.690928
1.486333
0.020353
0.001300
0.064444
0.004689
0.040843
0.008724
0.719158
1.482096
0.020687
0.001250
0.020309
0.004688
0.086690
0.008565
0.707128
1.501320
0.020255
0.001285
0.019940
0.004699
0.040233
0.008651
0.789435
2.100207
0.023708
0.001849
0.023184
0.004889
0.070534
0.013784
0.689064
1.521434
0.020428
0.001288
0.019820
0.004670
0.040153
0.008685
0.726059
1.604622
0.020677
0.001446
0.020284
0.004729
0.047416
0.010214
0.637201
1.561949
0.020175
0.001248
0.019717
0.004672
0.039937
0.008590
0.743866
1.658727
0.070208
0.001576
0.020983
0.004774
0.051782
0.011499
0.566195
2.046416
0.024348
0.001927
0.023837
0.004914
0.074897
0.014294
--STOP--
++STRT++
0.587090
1.043466
0.019045
0.001216
0.018663
0.004621
0.031013
0.007503
0.732929
1.468266
0.020374
0.001270
0.019947
0.004702
0.041122
0.008764
0.605672
1.447291
0.020563
0.001265
0.020126
0.004728
0.037640
0.008488
0.780876
1.562619
0.020268
0.001266
0.019915
0.004666
0.040109
0.008657
0.856305
2.014905
0.023740
0.001868
0.023286
0.004956
0.070651
0.013862
0.696966
1.547995
0.020302
0.001242
0.019903
0.004674
0.040429
0.008617
0.750984
1.609596
0.020731
0.001439
0.020318
0.004729
0.047269
0.010221
0.768428
1.461784
0.020195
0.001298
0.019727
0.004653
0.040789
0.008608
0.745402
1.666267
0.021489
0.001600
0.020963
0.004810
0.051887
0.011410
0.898107
2.203120
0.024247
0.001902
0.023684
0.004952
0.074715
0.014407
--STOP--
++STRT++
0.589855
1.041025
0.019054
0.001169
0.018646
0.004623
0.031043
0.007568
0.726912
1.439443
0.020337
0.001262
0.020029
0.004674
0.041232
0.008727
0.722730
1.349075
0.020654
0.001238
0.020245
0.004653
0.037861
0.008551
0.698421
1.532680
0.020236
0.001299
0.019886
0.004677
0.040226
0.008686
0.750522
2.059995
0.023657
0.001829
0.023224
0.004816
0.070633
0.013799
0.756741
1.554075
0.020298
0.001263
0.019962
0.004715
0.040375
0.008635
0.713586
1.666617
0.020739
0.001465
0.020305
0.004741
0.047324
0.010285
0.737637
1.550239
0.020164
0.001231
0.019756
0.004650
0.040208
0.008720
0.726081
1.593148
0.021551
0.001575
0.021009
0.004778
0.051954
0.011457
0.848997
2.165602
0.024172
0.001896
0.023672
0.004948
0.075077
0.014269
--STOP--
++STRT++
0.589010
1.042023
0.019044
0.001149
0.018670
0.004615
0.031045
0.007566
0.705666
1.498103
0.020212
0.001257
0.019813
0.004687
0.040943
0.008749
0.610977
1.500600
0.020639
0.001260
0.020151
0.004653
0.038586
0.008557
0.679661
1.520316
0.020335
0.049884
0.019838
0.004686
0.040421
0.008660
0.757319
2.056240
0.023691
0.001870
0.023338
0.004956
0.110753
0.013770
0.705826
1.547441
0.020358
0.001295
0.019920
0.004669
0.040426
0.008636
0.596730
1.587616
0.020707
0.001497
0.020338
0.004801
0.047058
0.010267
0.742497
1.526453
0.020127
0.001238
0.019708
0.004665
0.040104
0.008582
0.757729
1.621295
0.021475
0.001580
0.021072
0.004826
0.051908
0.011450
0.816226
2.106287
0.024175
0.001931
0.023694
0.004883
0.074834
0.014328
--STOP--
++STRT++
0.597498
1.046948
0.019031
0.001159
0.018705
0.004619
0.031156
0.007508
0.619660
1.486748
0.020400
0.001269
0.019984
0.004701
0.040825
0.008704
0.614051
1.415534
0.020639
0.001251
0.020092
0.004642
0.037206
0.008606
0.783882
1.487253
0.020203
0.001258
0.019855
0.004642
0.040116
0.008636
0.901612
2.020879
0.023699
0.001862
0.023207
0.004905
0.070594
0.013763
0.631977
1.565910
0.020301
0.001245
0.019931
0.004688
0.040594
0.008653
0.698420
1.653066
0.020651
0.001488
0.020292
0.004753
0.047069
0.010287
0.754223
1.504160
0.020144
0.001290
0.019729
0.004653
0.040916
0.008665
0.677175
1.646837
0.021429
0.001567
0.021009
0.004817
0.052002
0.011504
0.790220
2.101001
0.024136
0.001936
0.023626
0.004910
0.113727
0.014339
--STOP--
++STRT++
0.587051
1.054072
0.018975
0.001178
0.018678
0.004621
0.031060
0.007553
0.732723
1.448656
0.020361
0.001315
0.019968
0.004682
0.040532
0.008758
0.626234
1.483054
0.020702
0.001264
0.020241
0.004740
0.038447
0.008534
0.665573
1.569508
0.020228
0.001252
0.019875
0.004660
0.040188
0.008625
0.900406
1.982903
0.023704
0.001850
0.023286
0.004893
0.070536
0.013526
0.659543
1.369534
0.020402
0.001272
0.019887
0.004727
0.040571
0.008624
0.700197
1.663492
0.020743
0.001415
0.020346
0.004738
0.047067
0.010281
0.704246
1.541747
0.020138
0.001293
0.019742
0.004666
0.040085
0.008619
0.754749
1.725221
0.021471
0.001568
0.021101
0.004813
0.051731
0.011472
0.886463
2.276260
0.024162
0.001944
0.023804
0.004850
0.074397
0.057569
--STOP--
++STRT++
0.584548
1.043588
0.019007
0.001181
0.018626
0.004627
0.030888
0.007516
0.663239
1.544349
0.020410
0.001292
0.019844
0.004664
0.040538
0.008700
0.641822
1.591349
0.020616
0.001257
0.020210
0.004682
0.037987
0.008453
0.746542
1.551328
0.020252
0.001293
0.019868
0.004663
0.040049
0.008641
0.875804
2.020711
0.023724
0.001896
0.023210
0.004881
0.070506
0.011935
0.615419
1.455692
0.020290
0.001296
0.019889
0.004747
0.040727
0.008529
0.688694
1.540592
0.020713
0.001452
0.020299
0.004796
0.047351
0.010236
0.694978
1.464615
0.020162
0.001253
0.019742
0.004673
0.039940
0.008614
0.773980
1.651870
0.021409
0.001616
0.020973
0.004796
0.051933
0.011476
0.789312
2.129938
0.024168
0.001929
0.024090
0.004892
0.074343
0.014261
--STOP--
++STRT++
0.576431
1.041046
0.019019
0.001156
0.018646
0.004598
0.030930
0.007532
0.683376
1.525255
0.020190
0.001264
0.019796
0.004696
0.041666
0.008776
0.660567
1.432705
0.020707
0.001243
0.020143
0.004665
0.037626
0.057237
0.747792
1.600578
0.020252
0.001262
0.019777
0.004661
0.041279
0.008616
0.900641
2.064281
0.023670
0.001876
0.023191
0.004919
0.070997
0.013798
0.638311
1.588622
0.020304
0.001259
0.019801
0.004658
0.040446
0.008629
0.712595
1.544075
0.020689
0.001428
0.020281
0.004721
0.047003
0.010196
0.705457
1.509033
0.020212
0.001252
0.019733
0.004702
0.040135
0.008609
0.761526
1.687355
0.021463
0.001651
0.020975
0.004786
0.051866
0.011563
0.789323
2.070038
0.024171
0.001946
0.023684
0.004920
0.074593
0.014437
--STOP--
++STRT++
0.588648
1.038875
0.019049
0.001198
0.018651
0.004658
0.030794
0.007538
0.665072
1.526783
0.020293
0.001298
0.019844
0.004693
0.041153
0.008773
0.677011
1.468827
0.020690
0.001244
0.020179
0.004704
0.037793
0.008578
0.683123
1.457412
0.020259
0.001251
0.019928
0.004697
0.040220
0.008623
0.906147
2.018706
0.023844
0.001810
0.023160
0.004921
0.070604
0.013822
0.767748
1.552430
0.020384
0.001254
0.019963
0.049317
0.040234
0.008643
0.715715
1.567616
0.020762
0.001474
0.020361
0.004791
0.046928
0.010263
0.684131
1.537321
0.020168
0.001262
0.019742
0.004687
0.039965
0.008675
0.721242
1.710030
0.021606
0.001619
0.021024
0.004803
0.051949
0.011464
0.740616
2.102318
0.024204
0.001882
0.023712
0.004955
0.074680
0.014389
--STOP--
++STRT++
0.593716
1.048212
0.019035
0.001201
0.018713
0.004624
0.031030
0.007536
0.740167
1.456999
0.020319
0.001265
0.019905
0.004685
0.090596
0.008783
0.592390
1.432073
0.020567
0.001270
0.020176
0.004665
0.037179
0.008543
0.785133
1.511391
0.020290
0.001239
0.019843
0.004699
0.040468
0.008629
0.782934
1.991594
0.023790
0.001871
0.023383
0.004930
0.070538
0.013737
0.641438
1.533987
0.020432
0.001276
0.019829
0.004719
0.040817
0.008550
0.790206
1.584072
0.020767
0.001494
0.068980
0.004747
0.047421
0.010355
0.712546
1.486069
0.020196
0.001252
0.019715
0.004656
0.040362
0.008715
0.702444
1.602928
0.021446
0.001579
0.021020
0.004845
0.051861
0.011415
0.571348
2.045890
0.023558
0.001909
0.023670
0.004918
0.074901
0.014319
--STOP--
++STRT++
0.605122
1.047910
0.019086
0.001174
0.018681
0.004662
0.031059
0.007531
0.681067
1.483474
0.020317
0.001273
0.019846
0.004661
0.041682
0.008772
0.642415
1.364250
0.020599
0.001255
0.020165
0.004662
0.037827
0.008558
0.610849
1.570653
0.020425
0.001246
0.019898
0.004652
0.040111
0.008626
0.871961
2.017672
0.023911
0.001818
0.023239
0.004898
0.070323
0.013746
0.755773
1.582360
0.020303
0.001274
0.019971
0.004654
0.040262
0.008709
0.722831
1.603489
0.020828
0.001480
0.020331
0.004759
0.046849
0.010218
0.686269
1.514961
0.020236
0.001220
0.019947
0.004680
0.040220
0.008638
0.744962
1.705652
0.021461
0.001642
0.021004
0.004840
0.052128
0.011457
0.767931
2.065764
0.024179
0.001958
0.023698
0.004877
0.075051
0.014298
--STOP--
++STRT++
0.595946
1.044599
0.019003
0.001191
0.018652
0.004666
0.030794
0.007514
0.715001
1.530185
0.020279
0.001289
0.019790
0.004659
0.041138
0.008645
0.673010
1.459609
0.020601
0.001236
0.020203
0.004694
0.038093
0.008463
0.787618
1.533640
0.020289
0.001232
0.019863
0.004709
0.040178
0.008626
0.780480
2.052335
0.023799
0.001880
0.023210
0.004882
0.070585
0.013777
0.725389
1.540283
0.020355
0.001262
0.019879
0.004658
0.040525
0.008626
0.744399
1.610478
0.020709
0.001494
0.020272
0.004782
0.047085
0.010306
0.745598
1.444722
0.020116
0.001248
0.019716
0.004644
0.040097
0.008595
0.761741
1.673908
0.021480
0.001639
0.021006
0.004821
0.052100
0.011453
0.906007
2.144147
0.024234
0.001944
0.023755
0.004914
0.074467
0.014301
--STOP--
++STRT++
0.585757
1.052682
0.019012
0.001180
0.018676
0.004639
0.030895
0.007546
0.665672
1.501725
0.020267
0.001318
0.019807
0.004711
0.041578
0.008854
0.691069
1.469710
0.064973
0.001265
0.020219
0.004668
0.037873
0.008484
0.719437
1.501959
0.020281
0.001250
0.019931
0.004638
0.040167
0.008623
0.926614
2.056998
0.023724
0.001819
0.023250
0.004919
0.071148
0.011536
0.621880
1.392775
0.020336
0.001267
0.019883
0.004697
0.040985
0.008574
0.751813
1.606857
0.020772
0.001471
0.020269
0.004719
0.046911
0.010298
0.672666
1.525845
0.020138
0.001245
0.019728
0.004683
0.040164
0.008624
0.779495
1.662191
0.021575
0.001615
0.021062
0.004838
0.051848
0.011453
0.917341
2.091485
0.024232
0.001874
0.068413
0.004883
0.074529
0.014400
--STOP--
++STRT++
0.586709
1.042484
0.019106
0.001162
0.018648
0.004644
0.031032
0.007559
0.672076
1.544917
0.020268
0.001302
0.019857
0.004751
0.040758
0.008701
0.703621
1.415870
0.020645
0.001268
0.020271
0.004685
0.038022
0.008499
0.760605
1.502987
0.020297
0.001248
0.019742
0.004671
0.041048
0.008647
0.778900
2.032560
0.023681
0.001868
0.023226
0.004963
0.070868
0.013744
0.728054
1.511215
0.064830
0.001272
0.019835
0.004686
0.040317
0.008626
0.704804
1.569408
0.020670
0.001455
0.020297
0.004749
0.047006
0.010259
0.702222
1.531107
0.020160
0.001249
0.019796
0.004645
0.040042
0.008635
0.727208
1.700046
0.021643
0.001570
0.021032
0.004799
0.052107
0.011488
0.765012
2.134537
0.024114
0.001917
0.023774
0.004942
0.075030
0.014310
--STOP--
++STRT++
0.597758
1.047076
0.019013
0.001181
0.018670
0.004652
0.030903
0.007528
0.650195
1.565691
0.020310
0.001299
0.019976
0.004669
0.042147
0.008806
0.655399
1.399313
0.020599
0.001271
0.020107
0.004684
0.037441
0.008498
0.730049
1.608981
0.020287
0.001267
0.020023
0.004648
0.040051
0.008643
0.848044
2.001513
0.023590
0.001878
0.023192
0.004951
0.070834
0.013775
0.660975
1.546697
0.020354
0.001298
0.019904
0.004683
0.088896
0.008584
0.658786
1.622297
0.020756
0.001473
0.020297
0.004733
0.047259
0.010265
0.757280
1.590674
0.020140
0.001227
0.019677
0.004662
0.040317
0.008594
0.735201
1.629495
0.021497
0.001607
0.020980
0.004867
0.052156
0.011472
0.891791
2.071085
0.024180
0.001947
0.024060
0.004936
0.075033
0.014318
--STOP--
++STRT++
0.595629
1.048822
0.019086
0.001182
0.018659
0.004620
0.031012
0.007586
0.695011
1.505814
0.020380
0.001273
0.019949
0.004717
0.041376
0.008738
0.719979
1.365416
0.020641
0.001252
0.020161
0.004648
0.037584
0.008448
0.745913
1.545812
0.020306
0.001247
0.019845
0.004670
0.041007
0.008665
0.785649
2.052647
0.023745
0.001833
0.023216
0.004907
0.070840
0.013849
0.745917
1.565757
0.020375
0.001286
0.019977
0.004659
0.040483
0.008650
0.668798
1.605589
0.020744
0.001443
0.020296
0.004724
0.047009
0.010245
0.675967
1.535400
0.020146
0.001255
0.019758
0.004656
0.040565
0.008596
0.747503
1.675463
0.021481
0.001622
0.021120
0.004801
0.052102
0.011503
0.783540
2.051598
0.024114
0.001897
0.023742
0.004897
0.074708
0.014299
--STOP--
++STRT++
0.584389
1.046469
0.018979
0.001162
0.018658
0.004633
0.030831
0.007535
0.698267
1.460772
0.020296
0.001302
0.019859
0.004691
0.041173
0.008763
0.645198
1.390884
0.020616
0.001260
0.020195
0.004674
0.038245
0.008514
0.715898
1.593834
0.020294
0.001307
0.019867
0.004689
0.040517
0.008653
0.895260
2.072611
0.023693
0.001806
0.023297
0.004886
0.070463
0.013689
0.681312
1.461179
0.020308
0.001253
0.019875
0.004665
0.040462
0.008668
0.715314
1.660327
0.020735
0.001435
0.020262
0.004725
0.046902
0.010277
0.721222
1.480220
0.020131
0.001282
0.019737
0.004642
0.040774
0.008683
0.746729
1.663443
0.021465
0.001581
0.021116
0.004850
0.051940
0.011477
0.883482
2.124395
0.024056
0.001919
0.023649
0.004895
0.074695
0.014258
--STOP--
++STRT++
0.603903
1.031172
0.019013
0.001143
0.018684
0.004616
0.031043
0.007542
0.742800
1.466731
0.069067
0.001281
0.019939
0.004680
0.041877
0.008845
0.668811
1.454240
0.020611
0.001243
0.020160
0.004673
0.037961
0.008456
0.566998
1.533537
0.020412
0.001255
0.019884
0.004628
0.040334
0.008659
0.906599
2.148773
0.023824
0.001818
0.023223
0.004873
0.071024
0.013891
0.718511
1.496843
0.020291
0.001253
0.019818
0.004722
0.040476
0.008647
0.671137
1.642755
0.020739
0.001425
0.020345
0.004756
0.046845
0.010275
0.724751
1.573787
0.020138
0.001243
0.019673
0.004635
0.039810
0.008609
0.733218
1.690622
0.021505
0.001581
0.021043
0.004812
0.052203
0.011454
0.900021
2.050701
0.024189
0.001913
0.023765
0.004900
0.074426
0.014306
--STOP--
++STRT++
0.592624
1.045615
0.018982
0.001130
0.018667
0.004606
0.031044
0.007534
0.682257
1.510349
0.020340
0.001268
0.019910
0.004703
0.041777
0.008743
0.690586
1.316601
0.020613
0.001279
0.020165
0.004703
0.037952
0.008497
0.727146
1.558044
0.020362
0.001261
0.019851
0.004713
0.040547
0.008602
0.764107
2.052603
0.023734
0.001812
0.023213
0.004906
0.070367
0.013835
0.772818
1.537025
0.020498
0.001283
0.019863
0.004661
0.089083
0.008668
0.670721
1.577304
0.020685
0.001447
0.020353
0.004743
0.047029
0.010305
0.741631
1.488408
0.020225
0.001270
0.019724
0.004665
0.040088
0.008591
0.733068
1.670676
0.021508
0.001587
0.021066
0.004811
0.051850
0.011448
0.920036
2.155952
0.024245
0.001894
0.023721
0.004961
0.075166
0.014382
--STOP--
++STRT++
0.592834
1.048551
0.019014
0.001160
0.018700
0.004601
0.030884
0.007586
0.674828
1.472436
0.068984
0.001302
0.019822
0.004661
0.041054
0.008740
0.693651
1.500806
0.020637
0.001250
0.020163
0.004714
0.086807
0.008523
0.675424
1.550660
0.020343
0.001242
0.019874
0.004676
0.040594
0.008622
0.791436
2.034993
0.023674
0.001867
0.023235
0.004901
0.070446
0.013734
0.732836
1.514536
0.020375
0.001300
0.019811
0.004661
0.040291
0.008620
0.671730
1.618525
0.020716
0.001421
0.020245
0.004739
0.046958
0.010240
0.713993
1.526216
0.020144
0.001251
0.019739
0.004696
0.040390
0.008575
0.734877
1.610175
0.021496
0.001585
0.021044
0.004812
0.052052
0.011473
0.930235
2.151689
0.024202
0.001883
0.023735
0.004937
0.074939
0.014309
--STOP--
++STRT++
0.591584
1.040931
0.019010
0.001156
0.018690
0.004631
0.031008
0.007498
0.699359
1.498267
0.020342
0.001280
0.019834
0.004685
0.041874
0.008844
0.590316
1.347445
0.020717
0.001276
0.020232
0.004726
0.037553
0.008563
0.758186
1.519341
0.020207
0.001254
0.019891
0.004681
0.040349
0.008598
0.799130
2.062666
0.023709
0.001836
0.023252
0.004914
0.070982
0.013857
0.704720
1.517396
0.020359
0.001311
0.019877
0.004705
0.040326
0.008648
0.777762
1.648053
0.020699
0.001473
0.020296
0.004769
0.047073
0.010206
0.729748
1.567670
0.020194
0.001237
0.019718
0.004652
0.039955
0.008657
0.758218
1.653067
0.021511
0.001632
0.021025
0.004803
0.052396
0.011524
0.822331
2.127759
0.024149
0.001904
0.023687
0.004914
0.074818
0.014351
--STOP--
++STRT++
0.576696
1.044971
0.019009
0.001141
0.018683
0.004611
0.030892
0.007545
0.723912
1.517080
0.020248
0.001253
0.019812
0.004721
0.041061
0.008764
0.595986
1.366277
0.020696
0.001252
0.020198
0.004662
0.037917
0.008524
0.752802
1.551864
0.068914
0.001246
0.019791
0.004635
0.040306
0.008672
0.885813
2.095430
0.023767
0.001839
0.023338
0.004864
0.071237
0.013812
0.756083
1.517609
0.020379
0.001309
0.019834
0.004658
0.040510
0.008610
0.660687
1.560046
0.020744
0.001477
0.020317
0.004772
0.047193
0.010223
0.593813
1.420326
0.020150
0.001242
0.019750
0.004682
0.040185
0.008694
0.700338
1.666916
0.021552
0.001589
0.021035
0.004793
0.052394
0.011419
0.783539
2.098505
0.024294
0.001923
0.023635
0.004958
0.074847
0.014355
--STOP--
++STRT++
0.594172
1.041912
0.019106
0.001156
0.018637
0.004602
0.031285
0.007475
0.678267
1.465536
0.020295
0.001318
0.019838
0.004686
0.041745
0.008794
0.637743
1.435441
0.020544
0.001277
0.020157
0.004677
0.037857
0.008545
0.765385
1.482191
0.020349
0.001286
0.019868
0.004673
0.040452
0.008650
0.820872
2.119826
0.023703
0.001871
0.023273
0.004892
0.071034
0.013822
0.701442
1.563952
0.020372
0.001250
0.019805
0.004650
0.040391
0.008640
0.741220
1.587625
0.020725
0.001467
0.020286
0.004715
0.047075
0.010284
0.738015
1.466394
0.020180
0.001238
0.019718
0.004658
0.040177
0.008612
0.706005
1.735561
0.021470
0.001606
0.020997
0.004846
0.051791
0.011519
0.739309
1.922715
0.024246
0.001932
0.023727
0.004933
0.075095
0.055776
--STOP--
++STRT++
0.586660
1.043948
0.018996
0.001205
0.018651
0.004621
0.031067
0.007540
0.654186
1.504786
0.020300
0.001320
0.019995
0.004714
0.041224
0.008713
0.663951
1.443332
0.020655
0.001245
0.064519
0.004662
0.037612
0.008488
0.766851
1.505484
0.020315
0.001253
0.019942
0.004665
0.040101
0.008589
0.847169
1.987566
0.023691
0.001819
0.023208
0.004870
0.070418
0.013748
0.749285
1.573754
0.020395
0.001296
0.019828
0.004658
0.040372
0.008636
0.780671
1.616489
0.020696
0.001420
0.020338
0.004740
0.047059
0.010250
0.768975
1.458065
0.020206
0.001284
0.019738
0.004658
0.040004
0.008618
0.696341
1.665917
0.021560
0.001605
0.021007
0.004819
0.100819
0.011454
0.871235
2.126134
0.024136
0.001880
0.023773
0.004902
0.074639
0.014280
--STOP--
++STRT++
0.586358
1.039513
0.019119
0.001163
0.018615
0.004620
0.031246
0.007470
0.655360
1.464775
0.020509
0.001322
0.019926
0.004696
0.040833
0.008738
0.676171
1.447928
0.020573
0.001255
0.020140
0.004680
0.037957
0.008479
0.648135
1.453211
0.020229
0.001252
0.019906
0.004695
0.040118
0.008636
0.920622
2.049723
0.023741
0.001854
0.023188
0.004925
0.110759
0.013788
0.683898
1.498536
0.020325
0.001256
0.019922
0.004680
0.040263
0.008598
0.729752
1.622674
0.020670
0.001460
0.020263
0.004696
0.046847
0.010258
0.697897
1.499020
0.020132
0.001287
0.019770
0.004668
0.040376
0.008580
0.725617
1.629517
0.021485
0.001573
0.021047
0.004824
0.100477
0.011475
0.879066
2.137433
0.024142
0.001869
0.023679
0.004917
0.114214
0.014420
--STOP--
++STRT++
0.580312
1.034116
0.019060
0.001183
0.018743
0.004654
0.031231
0.007532
0.697785
1.457519
0.020357
0.001328
0.019888
0.004718
0.041345
0.008692
0.657765
1.494810
0.020610
0.001238
0.020166
0.004675
0.037897
0.008493
0.743703
1.537686
0.020316
0.001248
0.019832
0.004674
0.040259
0.008650
0.905721
2.145204
0.023720
0.001872
0.023192
0.004940
0.070413
0.013785
0.679446
1.581833
0.020386
0.001296
0.019923
0.004692
0.040378
0.008696
0.707767
1.583594
0.020681
0.001438
0.020359
0.004773
0.046874
0.010189
0.744994
1.428598
0.020119
0.001267
0.019750
0.004647
0.040104
0.008660
0.726106
1.647662
0.021446
0.001580
0.021042
0.004796
0.052005
0.011464
0.933719
2.095816
0.024097
0.001933
0.023699
0.004961
0.075090
0.014375
--STOP--
++STRT++
0.593803
1.055093
0.019052
0.001203
0.018720
0.004608
0.030919
0.007520
0.696522
1.484721
0.020473
0.001263
0.020002
0.004694
0.040743
0.008764
0.690258
1.414165
0.020651
0.001259
0.020145
0.004692
0.037978
0.008482
0.602942
1.441477
0.020266
0.001272
0.019899
0.004695
0.040655
0.008610
0.932545
1.993806
0.023695
0.001866
0.023331
0.004890
0.071023
0.013786
0.740113
1.549594
0.020312
0.001270
0.019869
0.004681
0.040691
0.008648
0.700323
1.525437
0.020735
0.001458
0.020327
0.004740
0.047014
0.010347
0.608242
1.476303
0.020153
0.001280
0.019697
0.004661
0.040160
0.008614
0.763653
1.662226
0.021462
0.001583
0.020990
0.004822
0.051736
0.011411
0.854914
2.079540
0.024154
0.001879
0.023967
0.004911
0.074758
0.014327
--STOP--
++STRT++
0.614686
1.042301
0.019032
0.001140
0.018665
0.004609
0.030841
0.007481
0.694451
1.506252
0.020439
0.001268
0.019941
0.004691
0.041234
0.008679
0.660288
1.443980
0.020577
0.001299
0.020116
0.004642
0.037461
0.008504
0.640575
1.533959
0.020389
0.001276
0.019888
0.004658
0.040464
0.008635
0.756191
2.047531
0.023730
0.001842
0.023302
0.004899
0.070173
0.013888
0.618273
1.475832
0.020351
0.001252
0.019995
0.004700
0.040596
0.008649
0.705320
1.546434
0.020725
0.001445
0.020323
0.004760
0.046899
0.010266
0.742046
1.494089
0.020155
0.001292
0.019705
0.004674
0.040177
0.008667
0.673364
1.559114
0.021538
0.001585
0.021056
0.004848
0.051994
0.011486
0.775482
2.007858
0.024207
0.001895
0.023633
0.004945
0.114608
0.014275
--STOP--
++STRT++
0.579043
1.055405
0.018957
0.001220
0.018616
0.004654
0.031267
0.007550
0.735502
1.485750
0.020306
0.001288
0.019853
0.004712
0.040770
0.008684
0.612754
1.408490
0.020587
0.001249
0.020147
0.004684
0.037866
0.008571
0.683952
1.451206
0.020308
0.001276
0.019876
0.004690
0.040917
0.008674
0.731542
2.021341
0.023735
0.001872
0.023280
0.004894
0.070990
0.013781
0.736158
1.589268
0.020440
0.001240
0.019994
0.004693
0.040293
0.008633
0.719817
1.503734
0.020739
0.001446
0.020297
0.004756
0.047212
0.010287
0.583835
1.451918
0.020141
0.001240
0.019669
0.004637
0.040327
0.008658
0.703142
1.649570
0.021491
0.001566
0.021074
0.004863
0.051835
0.011402
0.918420
2.130905
0.024276
0.001970
0.023780
0.004926
0.074432
0.014324
--STOP--
++STRT++
0.582771
1.046423
0.019014
0.001160
0.018682
0.004628
0.031113
0.007486
0.587015
1.587720
0.020258
0.001268
0.019839
0.004717
0.040994
0.008873
0.651286
1.492537
0.020687
0.001299
0.020182
0.004701
0.037689
0.008503
0.686463
1.558534
0.020305
0.001273
0.019914
0.004653
0.040232
0.008706
0.905294
2.012065
0.023703
0.001861
0.023234
0.004900
0.070804
0.013793
0.771738
1.502786
0.070861
0.001301
0.019871
0.004682
0.040288
0.008732
0.752881
1.568393
0.020730
0.001420
0.020335
0.004745
0.046945
0.010343
0.662842
1.545324
0.020122
0.001275
0.019728
0.004658
0.040085
0.008601
0.728344
1.635680
0.021464
0.001629
0.021004
0.004851
0.051914
0.011489
0.862738
1.935857
0.024104
0.001869
0.023616
0.004907
0.074542
0.014175
--STOP--
++STRT++
0.602470
1.044982
0.019053
0.001190
0.018672
0.004652
0.030942
0.007507
0.712075
1.478597
0.020362
0.001288
0.019850
0.004692
0.041769
0.008733
0.701871
1.390763
0.020633
0.001304
0.020174
0.004669
0.038326
0.008496
0.668708
1.547553
0.020265
0.001256
0.019945
0.004649
0.040248
0.008634
0.828362
2.061883
0.023689
0.001827
0.023229
0.004937
0.070799
0.013807
0.730114
1.511663
0.020398
0.001257
0.019892
0.004657
0.040377
0.008665
0.661361
1.542856
0.020711
0.001430
0.020299
0.004760
0.047225
0.010235
0.650432
1.450137
0.020240
0.001241
0.019716
0.004671
0.039991
0.008535
0.695958
1.660891
0.021494
0.001583
0.021013
0.004818
0.052182
0.011432
0.757844
2.103002
0.024231
0.001975
0.023824
0.004954
0.074702
0.014347
--STOP--
++STRT++
0.598236
1.040249
0.018941
0.001165
0.018641
0.004622
0.031195
0.007468
0.745587
1.466393
0.020303
0.001270
0.019817
0.004684
0.040598
0.008759
0.689695
1.380818
0.020645
0.001313
0.066641
0.004686
0.038088
0.008470
0.747596
1.481711
0.020369
0.001264
0.019872
0.004679
0.040171
0.008599
0.905638
2.148356
0.023744
0.001894
0.023326
0.004888
0.070988
0.013736
0.615593
1.588192
0.020432
0.001235
0.019942
0.004702
0.040222
0.008654
0.717659
1.612825
0.020710
0.001445
0.020281
0.004730
0.047319
0.010273
0.748170
1.463062
0.020132
0.001294
0.019666
0.004667
0.040056
0.008602
0.694327
1.698003
0.021519
0.001581
0.021020
0.004827
0.051973
0.011416
0.880674
2.111886
0.024170
0.001956
0.023703
0.004921
0.074648
0.014392
--STOP--
++STRT++
0.590916
1.039215
0.019043
0.001191
0.018767
0.004631
0.030941
0.007534
0.680707
1.487050
0.020486
0.001279
0.019962
0.004674
0.091974
0.008734
0.654410
1.505886
0.020560
0.001261
0.020113
0.004687
0.038073
0.008479
0.640812
1.440597
0.020452
0.001244
0.019863
0.004649
0.040426
0.008643
0.764312
2.066347
0.023782
0.001892
0.023278
0.004934
0.116587
0.013797
0.613721
1.592983
0.020370
0.001260
0.019842
0.004666
0.040660
0.008672
0.707261
1.628929
0.020727
0.001486
0.020279
0.004723
0.047033
0.010277
0.664805
1.462114
0.020162
0.001289
0.019722
0.004672
0.090715
0.008606
0.717988
1.631352
0.021551
0.001577
0.021049
0.004853
0.052165
0.011462
0.789983
1.995302
0.024182
0.001944
0.023810
0.004943
0.074485
0.014295
--STOP--
++STRT++
0.606964
1.046113
0.019091
0.001169
0.018708
0.004614
0.031034
0.007529
0.727618
1.542734
0.020319
0.001271
0.020165
0.004693
0.041436
0.008789
0.637742
1.348002
0.020585
0.001304
0.020189
0.004688
0.038095
0.008524
0.752626
1.505644
0.020292
0.001253
0.019865
0.004687
0.040244
0.008628
0.728283
2.121844
0.023913
0.001889
0.023288
0.004905
0.070621
0.060307
0.712625
1.525290
0.020378
0.001255
0.020080
0.004671
0.040680
0.008646
0.705685
1.551477
0.067229
0.001443
0.020296
0.004760
0.047107
0.010258
0.690794
1.473349
0.020133
0.001278
0.019673
0.004664
0.040310
0.008559
0.676808
1.662924
0.021542
0.001583
0.021054
0.004855
0.052115
0.011429
0.897703
1.984305
0.024180
0.001982
0.023719
0.004931
0.074804
0.014297
--STOP--
++STRT++
0.599159
1.044318
0.019032
0.001159
0.018629
0.004638
0.031042
0.007545
0.693314
1.484723
0.020231
0.001272
0.019822
0.004722
0.041723
0.008750
0.681592
1.422193
0.020653
0.001306
0.020221
0.004735
0.038022
0.008404
0.612900
1.563952
0.020280
0.001295
0.019782
0.004677
0.040418
0.008628
0.765611
2.050208
0.023682
0.001814
0.023395
0.004965
0.070646
0.013820
0.753193
1.522719
0.020293
0.001251
0.019809
0.004681
0.040672
0.008686
0.680154
1.581416
0.020755
0.001427
0.020294
0.004759
0.046793
0.010308
0.699079
1.518063
0.020210
0.001257
0.019719
0.004657
0.040357
0.008598
0.730309
1.638193
0.021505
0.001581
0.067509
0.004842
0.051943
0.011433
0.917295
2.131091
0.024250
0.001921
0.023753
0.004928
0.074020
0.014287
--STOP--
++STRT++
0.604362
1.036201
0.019011
0.001151
0.018727
0.004639
0.031143
0.007514
0.742157
1.543059
0.020344
0.001267
0.019972
0.004693
0.041785
0.008729
0.670315
1.378636
0.020618
0.001264
0.020245
0.004796
0.088640
0.008525
0.675516
1.558339
0.020229
0.001253
0.019957
0.004708
0.040514
0.008629
0.841254
2.032785
0.023746
0.001863
0.023256
0.004914
0.070750
0.013858
0.770806
1.520263
0.020268
0.001275
0.020024
0.004646
0.040393
0.008684
0.733970
1.607267
0.020762
0.001421
0.020397
0.004749
0.046962
0.010330
0.682184
1.514079
0.020200
0.001247
0.019663
0.004660
0.040016
0.008601
0.747155
1.669570
0.021481
0.001631
0.021002
0.004868
0.051966
0.011467
0.939079
1.947526
0.024204
0.001942
0.023754
0.004980
0.074785
0.014297
--STOP--
++STRT++
0.581970
1.033916
0.019038
0.001221
0.018605
0.004619
0.031083
0.007475
0.694449
1.459585
0.020304
0.001272
0.066383
0.004691
0.041425
0.008772
0.675565
1.331231
0.020653
0.001264
0.020167
0.004711
0.037950
0.008479
0.631025
1.507008
0.020231
0.001308
0.019912
0.004662
0.040243
0.008706
0.774357
2.038520
0.023818
0.001844
0.023373
0.004915
0.070042
0.013691
0.730449
1.549800
0.020517
0.001294
0.019899
0.004652
0.040302
0.008630
0.642384
1.528282
0.020699
0.001432
0.020273
0.004740
0.046918
0.010220
0.689319
1.459356
0.020193
0.001276
0.019796
0.004663
0.040164
0.008602
0.710600
1.633242
0.021483
0.001622
0.020986
0.004839
0.097559
0.011488
0.767993
2.144046
0.024162
0.001920
0.023762
0.004976
0.074663
0.014440
--STOP--
++STRT++
0.584207
1.046684
0.019080
0.001162
0.018685
0.004626
0.031069
0.007577
0.732424
1.470427
0.020401
0.001286
0.019830
0.004700
0.041203
0.008786
0.679043
1.455839
0.020610
0.001260
0.020227
0.004687
0.038089
0.008466
0.769092
1.470202
0.020271
0.001297
0.019862
0.004664
0.040247
0.008653
0.931490
2.013238
0.023691
0.001820
0.023211
0.004885
0.070354
0.013442
0.650206
1.556512
0.020295
0.001282
0.019876
0.004686
0.040473
0.008674
0.688603
1.585113
0.020684
0.001478
0.062349
0.004740
0.047209
0.010304
0.692655
1.456833
0.020138
0.001235
0.019690
0.004705
0.039972
0.008611
0.747187
1.704926
0.021597
0.001580
0.021037
0.004810
0.051904
0.011439
0.778357
1.891675
0.024232
0.001893
0.023911
0.004943
0.074829
0.014353
--STOP--
++STRT++
0.586133
1.041784
0.019019
0.001165
0.018657
0.004630
0.030991
0.007572
0.736106
1.502770
0.020292
0.001283
0.019869
0.004741
0.041337
0.008778
0.703257
1.445681
0.020621
0.001278
0.020129
0.004660
0.084140
0.008545
0.642102
1.492304
0.020372
0.001247
0.019941
0.004653
0.040314
0.008692
0.851501
2.021052
0.023755
0.001827
0.023257
0.004875
0.070929
0.013792
0.730098
1.542259
0.020262
0.001322
0.019858
0.004704
0.040499
0.008698
0.745324
1.589930
0.020744
0.001434
0.020483
0.004736
0.047073
0.010280
0.712293
1.528250
0.020230
0.001313
0.019744
0.004641
0.039798
0.008711
0.725205
1.675261
0.021519
0.001565
0.021066
0.004862
0.051831
0.011467
0.955503
2.103529
0.024326
0.001938
0.023822
0.004913
0.075023
0.014394
--STOP--
++STRT++
0.588103
1.055116
0.019071
0.001188
0.018699
0.004653
0.030869
0.007561
0.682001
1.542476
0.020461
0.001269
0.020056
0.004662
0.040936
0.008753
0.673185
1.408137
0.020613
0.001284
0.020116
0.004683
0.088231
0.008500
0.706779
1.602597
0.020393
0.001253
0.019793
0.004652
0.040389
0.008616
0.768808
2.024325
0.023678
0.001873
0.023162
0.004877
0.070706
0.013785
0.759843
1.499038
0.020387
0.001292
0.019877
0.004646
0.040414
0.008700
0.650124
1.605304
0.020719
0.001423
0.020294
0.004757
0.047027
0.010226
0.627427
1.506845
0.020132
0.001253
0.019678
0.004667
0.040012
0.008618
0.727161
1.651551
0.021487
0.001580
0.021087
0.004832
0.052046
0.011415
0.959409
2.019414
0.024221
0.001944
0.023691
0.004932
0.074074
0.014373
--STOP--
++STRT++
0.587366
1.041128
0.018994
0.001164
0.018604
0.004620
0.031034
0.007547
0.687396
1.437047
0.020313
0.001304
0.019949
0.004723
0.040783
0.008636
0.602508
1.604994
0.020619
0.001293
0.020196
0.004642
0.037049
0.008641
0.712587
1.545526
0.020332
0.001278
0.019888
0.004650
0.040053
0.008676
0.707690
2.072233
0.023713
0.001846
0.023241
0.004909
0.070642
0.013812
0.714822
1.514623
0.020310
0.001269
0.019877
0.004686
0.040494
0.008577
0.723480
1.592085
0.020727
0.001453
0.020404
0.004740
0.047057
0.010249
0.764604
1.459152
0.020162
0.001245
0.019752
0.004662
0.040259
0.008656
0.740565
1.625076
0.021616
0.001638
0.021100
0.004877
0.052104
0.011435
0.801744
1.988818
0.024202
0.001899
0.023708
0.004986
0.120963
0.014470
--STOP--
++STRT++
0.593350
1.056389
0.019000
0.001158
0.018715
0.004596
0.030976
0.007496
0.686429
1.493157
0.020319
0.001276
0.019860
0.004715
0.041709
0.008752
0.636407
1.509591
0.020628
0.001263
0.020168
0.004691
0.038221
0.008477
0.751528
1.531743
0.020351
0.001233
0.020008
0.004681
0.040340
0.008626
0.773586
2.007552
0.023703
0.001846
0.023273
0.004878
0.117237
0.013843
0.693270
1.559258
0.020394
0.001305
0.019843
0.004672
0.040335
0.008617
0.737260
1.642460
0.020729
0.001479
0.020268
0.004727
0.047044
0.010265
0.607284
1.459008
0.020166
0.001243
0.019725
0.004704
0.040055
0.008622
0.717514
1.625506
0.021505
0.001614
0.021103
0.004841
0.098081
0.011420
0.843118
2.177295
0.024164
0.001960
0.023673
0.004919
0.075202
0.014342
--STOP--
++STRT++
0.599124
1.049587
0.018972
0.001172
0.018581
0.004630
0.031059
0.007540
0.698576
1.458292
0.020291
0.001299
0.019867
0.004730
0.041488
0.008748
0.674064
1.445886
0.020618
0.001310
0.020179
0.004672
0.038122
0.008455
0.638682
1.579265
0.020225
0.001257
0.019993
0.004673
0.040859
0.008575
0.756348
2.011575
0.023716
0.001825
0.023191
0.004884
0.070985
0.013903
0.735370
1.539456
0.020252
0.001253
0.019824
0.004674
0.040215
0.008696
0.783070
1.560413
0.020703
0.001431
0.020340
0.004729
0.047000
0.010253
0.733135
1.447285
0.020186
0.001313
0.019660
0.004664
0.039963
0.008618
0.677585
1.674656
0.021463
0.001588
0.021036
0.004885
0.052054
0.011459
0.832041
2.103762
0.024235
0.001913
0.023724
0.004936
0.075084
0.014386
--STOP--
++STRT++
0.605531
1.040185
0.019080
0.001146
0.018630
0.004613
0.031297
0.007479
0.699037
1.533997
0.020363
0.001276
0.019918
0.004677
0.041046
0.008686
0.690124
1.413117
0.020657
0.001275
0.020133
0.004721
0.038075
0.008452
0.676496
1.566150
0.020338
0.001291
0.019803
0.004647
0.040618
0.008622
0.861359
2.065162
0.023724
0.001851
0.023310
0.004929
0.070607
0.013880
0.761454
1.531908
0.020384
0.001250
0.019855
0.004654
0.040114
0.008606
0.731858
1.544534
0.020702
0.001446
0.020301
0.004767
0.046909
0.010252
0.607427
1.539554
0.020201
0.001244
0.019700
0.004679
0.040665
0.008624
0.736883
1.659866
0.021432
0.001606
0.021004
0.004827
0.052057
0.011439
0.915398
2.153946
0.024138
0.001905
0.023721
0.004898
0.075110
0.014390
--STOP--
++STRT++
0.596019
1.043793
0.019034
0.001192
0.018620
0.004626
0.031012
0.007593
0.699054
1.532628
0.020278
0.001314
0.019795
0.004710
0.041564
0.008766
0.688675
1.418603
0.020628
0.001254
0.020166
0.004700
0.037980
0.008420
0.750810
1.486990
0.020205
0.001251
0.019863
0.004749
0.040555
0.008677
0.767425
2.029270
0.023697
0.001880
0.023327
0.004950
0.070520
0.013726
0.737014
1.592907
0.020397
0.001263
0.019857
0.004625
0.040329
0.008616
0.709913
1.582795
0.020711
0.001436
0.020354
0.004726
0.047105
0.010258
0.677548
1.563506
0.020141
0.001260
0.019737
0.004667
0.040283
0.008627
0.740308
1.613812
0.021519
0.001584
0.021075
0.004862
0.051761
0.011478
0.814093
2.055334
0.024256
0.001924
0.023775
0.004990
0.075164
0.014358
--STOP--
++STRT++
0.613242
1.046126
0.019003
0.001154
0.018684
0.004624
0.031084
0.007556
0.712356
1.501876
0.020273
0.001313
0.019891
0.004678
0.041203
0.008728
0.678411
1.423720
0.020637
0.001282
0.020157
0.004691
0.038176
0.008454
0.680446
1.565296
0.020433
0.001301
0.019905
0.004652
0.040321
0.008639
0.765698
2.084716
0.023737
0.001830
0.023210
0.004920
0.070761
0.013808
0.650334
1.591490
0.020302
0.001247
0.019861
0.004680
0.086540
0.008626
0.679450
1.582933
0.020718
0.001428
0.020330
0.004743
0.047736
0.010314
0.669062
1.545264
0.020148
0.001234
0.019677
0.004672
0.040016
0.008648
0.736576
1.620446
0.021464
0.001637
0.020985
0.004845
0.052113
0.011429
0.910632
1.962826
0.024269
0.001959
0.023699
0.004939
0.075359
0.014269
--STOP--
++STRT++
0.602448
1.036219
0.019000
0.001143
0.018691
0.004655
0.030898
0.007505
0.669043
1.543215
0.020283
0.001269
0.019892
0.004676
0.041443
0.008771
0.694014
1.317513
0.020565
0.001263
0.020174
0.004697
0.037882
0.008537
0.714488
1.524087
0.020326
0.001262
0.019872
0.004674
0.040186
0.008644
0.894976
2.029035
0.023772
0.001860
0.023237
0.004917
0.070091
0.013706
0.768375
1.559553
0.020501
0.001248
0.019810
0.004646
0.040589
0.008737
0.681163
1.618289
0.020722
0.001425
0.020317
0.004738
0.047061
0.010251
0.696506
1.517471
0.020139
0.001274
0.019712
0.004663
0.040132
0.008538
0.735961
1.597223
0.021482
0.001582
0.021023
0.004828
0.051650
0.011451
0.898843
1.901015
0.024190
0.001928
0.023722
0.005041
0.074936
0.014256
--STOP--
++STRT++
0.618612
1.037216
0.019049
0.001153
0.018581
0.004613
0.030951
0.007588
0.734354
1.487442
0.020298
0.001257
0.019919
0.004709
0.040788
0.008691
0.654517
1.451393
0.020619
0.001263
0.020173
0.004659
0.037663
0.008509
0.666027
1.514820
0.020365
0.001243
0.019776
0.004640
0.040457
0.008677
0.764532
2.008777
0.023659
0.001861
0.023274
0.004952
0.070328
0.013646
0.714486
1.434908
0.020318
0.001264
0.019933
0.004676
0.040407
0.054654
0.678960
1.632561
0.020967
0.001488
0.020331
0.004764
0.047001
0.010293
0.677239
1.541261
0.020241
0.001300
0.019764
0.004692
0.040073
0.008630
0.778779
1.611260
0.021457
0.001582
0.021043
0.004841
0.051971
0.011541
0.776312
2.079950
0.024207
0.001909
0.023733
0.004941
0.074728
0.014416
--STOP--
++STRT++
0.581641
1.036117
0.019027
0.001184
0.018676
0.004652
0.031227
0.007524
0.715675
1.460712
0.020345
0.001325
0.019848
0.004711
0.041462
0.008666
0.643983
1.435087
0.020621
0.001263
0.020169
0.004713
0.037804
0.008470
0.717883
1.589026
0.020335
0.001254
0.019949
0.004656
0.040213
0.008681
0.861973
2.076288
0.023711
0.001825
0.023268
0.004949
0.070407
0.013733
0.748984
1.498458
0.020247
0.001276
0.019919
0.004775
0.040227
0.008787
0.655112
1.538849
0.020726
0.001490
0.020319
0.004854
0.047368
0.010220
0.694420
1.457368
0.020168
0.001252
0.019693
0.004709
0.040549
0.008569
0.705460
1.672285
0.021515
0.001596
0.021115
0.004835
0.051985
0.011435
0.896031
2.089504
0.024201
0.001886
0.023736
0.004964
0.074595
0.014361
--STOP--
++STRT++
0.588851
1.046549
0.019007
0.001193
0.018690
0.004624
0.030896
0.007555
0.693738
1.484837
0.020472
0.001272
0.019883
0.004684
0.091320
0.008717
0.636624
1.462888
0.020635
0.001281
0.020158
0.004726
0.037877
0.008406
0.687378
1.453247
0.020434
0.001273
0.019871
0.004681
0.040702
0.008590
0.915061
2.032334
0.023723
0.001817
0.023238
0.004887
0.070941
0.013818
0.679696
1.560775
0.020306
0.001261
0.019928
0.004669
0.040315
0.008629
0.733310
1.645493
0.020724
0.001435
0.020287
0.004766
0.047565
0.010304
0.652072
1.431082
0.020217
0.001297
0.019779
0.004669
0.040193
0.008611
0.693404
1.647790
0.021513
0.001596
0.021142
0.004827
0.051957
0.011457
0.954358
1.908835
0.024183
0.001941
0.023743
0.004962
0.074632
0.014397
--STOP--
++STRT++
0.590763
1.044383
0.019017
0.001204
0.018633
0.004650
0.031230
0.007566
0.710146
1.516928
0.020423
0.001286
0.020251
0.004716
0.040788
0.008745
0.651457
1.394856
0.020604
0.001305
0.020153
0.004698
0.037876
0.008468
0.710009
1.510908
0.020245
0.001252
0.019839
0.004653
0.040542
0.008623
0.744380
2.097992
0.023992
0.001898
0.023276
0.004928
0.070458
0.013810
0.744993
1.554498
0.020391
0.001262
0.019926
0.004670
0.040070
0.008679
0.739176
1.560603
0.070922
0.001418
0.020369
0.004749
0.047111
0.010276
0.627921
1.536480
0.020235
0.001285
0.019693
0.004630
0.040320
0.008611
0.709390
1.630630
0.021531
0.001578
0.021039
0.004844
0.051953
0.011516
0.784059
1.954184
0.024200
0.001923
0.023693
0.004963
0.074776
0.014286
--STOP--
++STRT++
0.589980
1.045566
0.018986
0.001152
0.018652
0.004616
0.030904
0.007515
0.666358
1.422175
0.020456
0.001328
0.020092
0.004768
0.041016
0.008648
0.648366
1.428652
0.020612
0.001307
0.020146
0.004688
0.038242
0.008343
0.700322
1.539594
0.020366
0.001243
0.019780
0.004652
0.040417
0.008685
0.764214
2.044477
0.023758
0.001864
0.023247
0.004902
0.070733
0.013740
0.693437
1.595212
0.020321
0.001260
0.019968
0.004693
0.040524
0.008691
0.716784
1.651435
0.020631
0.001433
0.020266
0.004766
0.047529
0.010217
0.703610
1.464742
0.020144
0.001257
0.019739
0.004650
0.040105
0.008595
0.691208
1.634927
0.021556
0.001589
0.021131
0.004862
0.051968
0.011403
0.747913
1.961828
0.024180
0.001873
0.023646
0.051057
0.074643
0.014304
--STOP--
++STRT++
0.605200
1.038970
0.019014
0.001203
0.018723
0.004634
0.030886
0.007558
0.738958
1.524864
0.020257
0.001302
0.019757
0.004717
0.041537
0.008745
0.596085
1.262221
0.020655
0.001270
0.020192
0.004695
0.084257
0.008466
0.653014
1.480666
0.020415
0.001309
0.019949
0.004678
0.040316
0.008641
0.785168
2.039449
0.023729
0.001853
0.023255
0.004975
0.070667
0.013775
0.745059
1.495821
0.020337
0.001271
0.019908
0.004635
0.090569
0.008622
0.673636
1.598131
0.020692
0.001413
0.020294
0.004752
0.047089
0.010221
0.717883
1.445955
0.020164
0.001261
0.019717
0.004640
0.040222
0.008533
0.712209
1.605404
0.021527
0.001601
0.021015
0.004833
0.051818
0.011406
0.929502
2.039693
0.024219
0.001948
0.023854
0.004928
0.074365
0.014229
--STOP--
++STRT++
0.580820
1.039824
0.019011
0.001175
0.018607
0.004618
0.030943
0.007518
0.641795
1.422991
0.020301
0.001268
0.019877
0.004739
0.041325
0.008701
0.681532
1.446540
0.066637
0.001263
0.020168
0.004686
0.037985
0.008403
0.702075
1.546222
0.020229
0.001249
0.019845
0.004669
0.086490
0.008690
0.929674
2.004069
0.023733
0.001879
0.023283
0.004919
0.070557
0.013692
0.649527
1.627300
0.020376
0.001258
0.019803
0.004662
0.040304
0.008642
0.705776
1.572826
0.020721
0.001421
0.020288
0.004731
0.047208
0.010274
0.707765
1.457941
0.020133
0.001242
0.019734
0.004702
0.040081
0.008716
0.737328
1.638572
0.021448
0.001590
0.021064
0.004816
0.051939
0.011492
0.928591
1.935915
0.024190
0.001957
0.023727
0.004936
0.074838
0.014459
--STOP--
++STRT++
0.592481
1.044640
0.019018
0.001204
0.018712
0.004624
0.030766
0.007503
0.688159
1.563738
0.020367
0.001267
0.019830
0.004675
0.041168
0.008670
0.682607
1.432282
0.020599
0.001269
0.020180
0.004697
0.037714
0.008460
0.653936
1.554848
0.020492
0.001245
0.019779
0.004672
0.040522
0.008597
0.564454
2.095979
0.023949
0.001863
0.023250
0.004877
0.070900
0.013792
0.723299
1.507754
0.020283
0.001246
0.019860
0.004665
0.040601
0.008670
0.709933
1.593097
0.020721
0.001435
0.020278
0.004731
0.046969
0.010296
0.711658
1.453140
0.020196
0.001251
0.019732
0.004661
0.040158
0.008609
0.663424
1.611299
0.021513
0.001582
0.021069
0.004848
0.051999
0.011461
0.849043
1.939357
0.024139
0.001918
0.023765
0.004961
0.074971
0.014375
--STOP--
++STRT++
0.612835
1.036547
0.019125
0.001176
0.018604
0.004606
0.030990
0.007487
0.699509
1.497632
0.020349
0.001314
0.019795
0.004729
0.041923
0.008802
0.701005
1.493488
0.020696
0.001291
0.020153
0.004737
0.037634
0.008422
0.695672
1.490196
0.020264
0.001240
0.019858
0.004658
0.040366
0.008631
0.884334
2.051150
0.023633
0.001833
0.023189
0.004928
0.070865
0.059905
0.707691
1.618804
0.020317
0.001262
0.019894
0.004662
0.040543
0.008681
0.705296
1.604500
0.020735
0.001432
0.020288
0.004737
0.047202
0.010278
0.635608
1.484479
0.020130
0.001256
0.019728
0.004674
0.040238
0.008594
0.755485
1.637280
0.021473
0.001633
0.021020
0.004834
0.052223
0.011447
0.880958
1.890548
0.024213
0.001905
0.023689
0.004975
0.074921
0.014357
--STOP--
++STRT++
0.593881
1.042366
0.019026
0.001187
0.018612
0.004618
0.030866
0.007534
0.702676
1.475792
0.020286
0.001265
0.019835
0.004710
0.041412
0.008712
0.581126
1.401147
0.020810
0.001302
0.020224
0.004764
0.037740
0.008410
0.719044
1.486028
0.020357
0.001281
0.019882
0.004666
0.040637
0.008586
0.702119
1.902820
0.023775
0.001825
0.023216
0.004933
0.070734
0.013766
0.701167
1.501533
0.070557
0.001263
0.019941
0.004690
0.040445
0.008623
0.730280
1.567454
0.020752
0.001467
0.020325
0.004785
0.046949
0.010261
0.696442
1.515488
0.020176
0.001256
0.019690
0.004675
0.040278
0.008602
0.703568
1.658259
0.021504
0.001605
0.021144
0.004878
0.051971
0.011530
0.924071
1.970204
0.024268
0.001887
0.023742
0.004937
0.074961
0.014323
--STOP--
++STRT++
0.584221
1.046900
0.019061
0.001165
0.018647
0.004630
0.030871
0.007550
0.698127
1.556497
0.020310
0.001273
0.019891
0.004687
0.041478
0.008669
0.665482
1.344928
0.020657
0.001268
0.020124
0.004673
0.038188
0.008408
0.696875
1.555684
0.020283
0.001247
0.019940
0.004690
0.040470
0.008651
0.762375
1.904819
0.023768
0.001921
0.023264
0.004981
0.070802
0.013820
0.649127
1.543977
0.020288
0.001264
0.019843
0.004657
0.040132
0.008656
0.762718
1.623721
0.020692
0.001450
0.020276
0.004768
0.046860
0.010242
0.705510
1.470839
0.020207
0.001280
0.019745
0.004688
0.040247
0.008535
0.715367
1.642365
0.021552
0.001573
0.021160
0.004851
0.051937
0.011350
0.911645
1.880905
0.024142
0.001964
0.023702
0.004908
0.074516
0.014349
--STOP--
++STRT++
0.584720
1.034952
0.019060
0.001153
0.018692
0.004616
0.030753
0.007634
0.627639
1.456652
0.020608
0.001258
0.020027
0.004727
0.040805
0.008728
0.662385
1.410398
0.020660
0.001251
0.020115
0.004710
0.037885
0.008420
0.687733
1.586858
0.020354
0.001264
0.019899
0.004662
0.040217
0.008633
0.779130
2.031146
0.023678
0.001841
0.023232
0.004903
0.070594
0.013862
0.749616
1.562645
0.020319
0.001247
0.019927
0.004677
0.086734
0.008736
0.658175
1.561948
0.020680
0.001442
0.020333
0.004761
0.047309
0.010267
0.626285
1.480611
0.020137
0.001241
0.019704
0.004687
0.040387
0.008605
0.596417
1.540701
0.021495
0.001632
0.021125
0.004848
0.052331
0.011462
0.926210
1.924497
0.024186
0.001900
0.023702
0.004946
0.120683
0.014173
--STOP--
++STRT++
0.583607
1.049660
0.019066
0.001162
0.018663
0.004650
0.030915
0.007558
0.683564
1.487843
0.020655
0.001267
0.020183
0.004724
0.041637
0.008784
0.636667
1.338737
0.020655
0.001301
0.020147
0.004705
0.037454
0.008432
0.694372
1.499209
0.020478
0.001277
0.019847
0.004696
0.040534
0.008594
0.897050
2.046364
0.023657
0.001830
0.023519
0.004946
0.070987
0.013771
0.714503
1.501262
0.020376
0.001262
0.066143
0.004697
0.040481
0.008627
0.676536
1.600110
0.020703
0.001473
0.020360
0.004756
0.047011
0.010281
0.709126
1.463463
0.020190
0.001296
0.019797
0.004668
0.039926
0.008593
0.696970
1.666762
0.021505
0.001597
0.021058
0.004844
0.052021
0.011482
0.943378
2.067086
0.024334
0.048033
0.023701
0.004924
0.074871
0.014500
--STOP--
++STRT++
0.588135
1.042811
0.018999
0.001143
0.018652
0.004628
0.030970
0.007475
0.730815
1.486840
0.020383
0.001288
0.019815
0.004663
0.041337
0.008683
0.654585
1.428001
0.066563
0.001278
0.020164
0.004704
0.038137
0.008398
0.688149
1.534933
0.020219
0.001268
0.019807
0.004659
0.086386
0.008655
0.748619
1.968720
0.023788
0.001822
0.023251
0.004961
0.071014
0.013682
0.716082
1.620261
0.020336
0.001255
0.019903
0.004672
0.040276
0.008615
0.699285
1.533250
0.020701
0.001481
0.020332
0.004789
0.047044
0.010250
0.667647
1.481328
0.020204
0.001245
0.019747
0.004673
0.040137
0.008592
0.751755
1.654015
0.021488
0.001617
0.020991
0.004845
0.051849
0.011450
0.913445
1.914416
0.024195
0.001906
0.023754
0.005000
0.075054
0.014381
--STOP--
++STRT++
0.595881
1.046897
0.018983
0.001146
0.018619
0.004646
0.031220
0.007517
0.674237
1.455898
0.020335
0.001278
0.019898
0.004752
0.040898
0.008710
0.610116
1.474990
0.020666
0.001310
0.020181
0.004687
0.037483
0.008433
0.706421
1.476860
0.020352
0.001241
0.019916
0.004670
0.040654
0.008616
0.781663
2.030537
0.023756
0.001821
0.023221
0.004961
0.117196
0.013624
0.735548
1.495056
0.020282
0.001262
0.020043
0.004680
0.040172
0.008651
0.713081
1.553030
0.020738
0.001468
0.020321
0.004801
0.047227
0.010249
0.736283
1.482479
0.020195
0.001292
0.019703
0.004673
0.040318
0.008576
0.717634
1.700885
0.021568
0.001585
0.021161
0.004890
0.097861
0.011476
0.652998
2.021439
0.024108
0.001899
0.023706
0.004981
0.074998
0.014368
--STOP--
++STRT++
0.571743
1.041406
0.019041
0.001200
0.018619
0.004606
0.030858
0.007562
0.696673
1.542918
0.020634
0.001271
0.019886
0.004694
0.040707
0.008592
0.671676
1.283513
0.020623
0.001282
0.020220
0.004719
0.037315
0.008341
0.693906
1.515650
0.020352
0.001249
0.019885
0.004699
0.040433
0.008686
0.896863
1.934987
0.023704
0.001837
0.023256
0.004923
0.070837
0.013853
0.680065
1.597571
0.020295
0.001248
0.019901
0.004672
0.040309
0.008615
0.714989
1.586668
0.020720
0.001429
0.020316
0.004762
0.047079
0.010341
0.706565
1.496464
0.020180
0.001255
0.019729
0.004680
0.040487
0.008525
0.749464
1.589201
0.021513
0.001645
0.021058
0.004871
0.052087
0.011440
0.931950
2.085676
0.024279
0.001915
0.023712
0.004943
0.074413
0.014425
--STOP--
++STRT++
0.593354
1.041327
0.019071
0.001198
0.018675
0.004646
0.031014
0.007508
0.674746
1.434314
0.020414
0.001295
0.019914
0.004683
0.041370
0.008710
0.638217
1.477393
0.020705
0.001261
0.020197
0.004747
0.038102
0.008415
0.694743
1.512308
0.020251
0.001263
0.019901
0.004689
0.040420
0.008619
0.709790
1.972995
0.023747
0.001860
0.022934
0.004933
0.070827
0.013747
0.722653
1.488947
0.020314
0.001264
0.019870
0.004693
0.040525
0.008668
0.691521
1.533910
0.020745
0.001448
0.020293
0.004762
0.047474
0.010213
0.623909
1.505282
0.020155
0.001262
0.019741
0.004671
0.040045
0.008535
0.745323
1.655742
0.021584
0.001579
0.021052
0.004825
0.051860
0.011400
0.934010
2.134103
0.024247
0.001930
0.023727
0.004965
0.075052
0.014318
--STOP--
++STRT++
0.585867
1.034622
0.019009
0.001178
0.018631
0.004652
0.030869
0.007524
0.715824
1.543599
0.020348
0.001273
0.019993
0.004717
0.041493
0.008714
0.707894
1.427512
0.020624
0.001246
0.020259
0.004718
0.037710
0.008409
0.655432
1.515221
0.020277
0.001291
0.019887
0.004714
0.040493
0.008537
0.885021
1.893333
0.023722
0.001828
0.023207
0.004908
0.070751
0.013727
0.715769
1.503025
0.020336
0.001250
0.019872
0.004695
0.086437
0.008612
0.674309
1.556478
0.020806
0.001437
0.020308
0.004769
0.047112
0.010178
0.719114
1.463153
0.020158
0.051320
0.019740
0.004665
0.040218
0.008619
0.753037
1.580337
0.021488
0.001608
0.021008
0.004852
0.052158
0.011540
0.777541
1.889920
0.070305
0.001907
0.023814
0.004956
0.074956
0.014271
--STOP--
++STRT++
0.603243
1.057092
0.019008
0.001163
0.018641
0.004636
0.031159
0.007539
0.659237
1.488415
0.020422
0.001264
0.019905
0.004748
0.041225
0.008768
0.671787
1.423233
0.020692
0.001268
0.020149
0.050815
0.037995
0.008442
0.703929
1.545320
0.020194
0.001293
0.019855
0.004662
0.086843
0.008556
0.833074
1.904941
0.023759
0.001830
0.023303
0.004949
0.070608
0.013914
0.703698
1.590093
0.020484
0.001253
0.019844
0.004652
0.040025
0.008649
0.706086
1.542298
0.020701
0.001424
0.020326
0.004736
0.046926
0.010263
0.666726
1.513993
0.020117
0.001289
0.019691
0.004676
0.040312
0.008628
0.752106
1.643118
0.021557
0.001587
0.021047
0.004863
0.052197
0.011431
0.775251
1.901108
0.024293
0.001908
0.023769
0.004967
0.074806
0.014325
--STOP--
++STRT++
0.616149
1.048122
0.018989
0.001134
0.018706
0.004618
0.030873
0.007483
0.661797
1.475643
0.020322
0.001288
0.019827
0.004699
0.040855
0.008700
0.618767
1.475865
0.020616
0.001295
0.020181
0.004705
0.038165
0.008445
0.747027
1.512892
0.020321
0.001312
0.019860
0.004668
0.040243
0.008624
0.892363
2.039589
0.023727
0.001881
0.023294
0.004932
0.070917
0.013825
0.657240
1.519315
0.020295
0.001250
0.019999
0.004670
0.040396
0.008690
0.701616
1.597482
0.020799
0.001469
0.020398
0.004788
0.047126
0.010247
0.668528
1.433808
0.020150
0.001263
0.019757
0.004670
0.040270
0.008560
0.690232
1.648544
0.021505
0.001576
0.021033
0.004812
0.051915
0.061501
0.909133
1.973316
0.069965
0.001920
0.023747
0.005011
0.074994
0.060325
--STOP--
++STRT++
0.584018
1.045348
0.019022
0.001183
0.018633
0.004618
0.031128
0.007568
0.666221
1.430018
0.020403
0.001284
0.020141
0.004692
0.040472
0.008661
0.696961
1.378273
0.020747
0.001267
0.020324
0.004730
0.036925
0.008374
0.677005
1.516242
0.020256
0.001266
0.019869
0.004673
0.040576
0.008637
0.780698
1.909502
0.023698
0.001837
0.023160
0.004944
0.070757
0.013766
0.624996
1.532513
0.020308
0.001283
0.019948
0.004665
0.040534
0.008664
0.694789
1.591990
0.020705
0.001451
0.020295
0.004772
0.047267
0.010205
0.685348
1.472111
0.020184
0.001247
0.019730
0.004697
0.040188
0.008557
0.691743
1.667375
0.021455
0.001589
0.021067
0.004826
0.051735
0.011432
0.735699
1.987543
0.024206
0.001694
0.023752
0.004916
0.074885
0.014366
--STOP--
++STRT++
0.592889
1.047970
0.019056
0.001232
0.018652
0.004610
0.031089
0.007578
0.704118
1.504424
0.020273
0.001273
0.019810
0.004681
0.040781
0.008686
0.670741
1.412462
0.020794
0.001312
0.020249
0.004686
0.038240
0.008330
0.723339
1.504650
0.020236
0.001258
0.019977
0.004678
0.040476
0.008619
0.889877
1.986855
0.023818
0.001816
0.023257
0.004957
0.070446
0.013693
0.705809
1.582994
0.020343
0.001255
0.019870
0.004636
0.040472
0.008608
0.708102
1.577069
0.020721
0.001455
0.020279
0.004773
0.047074
0.010312
0.631487
1.463248
0.020168
0.001251
0.019708
0.004690
0.040538
0.008577
0.747647
1.650833
0.021603
0.001580
0.021010
0.004861
0.052215
0.011479
0.843088
1.974020
0.024216
0.001903
0.023680
0.004910
0.074848
0.014236
--STOP--
++STRT++
0.577502
1.040069
0.019013
0.001144
0.018636
0.004619
0.030933
0.007563
0.742825
1.520348
0.020322
0.001282
0.019829
0.004731
0.041800
0.008719
0.664336
1.386006
0.020622
0.001267
0.020185
0.004736
0.038046
0.008454
0.690988
1.519805
0.020267
0.001232
0.019917
0.004703
0.040664
0.008602
0.790637
1.877631
0.023774
0.001878
0.023267
0.004929
0.116507
0.013783
0.642101
1.539699
0.020502
0.001248
0.019910
0.004646
0.040445
0.008673
0.734151
1.512103
0.020706
0.001444
0.062237
0.004757
0.047016
0.010216
0.688832
1.418133
0.020152
0.001241
0.019749
0.004702
0.040137
0.008618
0.722655
1.633863
0.021481
0.001601
0.021032
0.004851
0.052144
0.011486
0.906288
2.063432
0.024237
0.001950
0.023754
0.004968
0.074904
0.014302
--STOP--
++STRT++
0.581098
1.051468
0.018999
0.001184
0.018621
0.004607
0.031129
0.007485
0.684114
1.514970
0.020528
0.001279
0.020036
0.004705
0.040826
0.008636
0.687034
1.344087
0.020624
0.001288
0.020175
0.004710
0.037489
0.008449
0.691036
1.517214
0.020331
0.001241
0.019912
0.004686
0.040490
0.008560
0.874594
1.906077
0.023689
0.001852
0.023220
0.004979
0.070278
0.013637
0.661829
1.511714
0.020371
0.001247
0.019935
0.004648
0.040534
0.008646
0.726387
1.598577
0.020774
0.001512
0.020281
0.004783
0.047113
0.010285
0.690217
1.458616
0.020142
0.001241
0.019741
0.004660
0.039890
0.008618
0.709323
1.679961
0.021502
0.001632
0.021016
0.004856
0.052232
0.011447
0.798793
2.097144
0.070467
0.001936
0.023681
0.004929
0.075146
0.014337
--STOP--
++STRT++
0.596131
1.046648
0.018987
0.001144
0.018637
0.004611
0.030909
0.007551
0.692003
1.504960
0.020299
0.001272
0.019830
0.004779
0.042306
0.008785
0.681936
1.460576
0.020700
0.001242
0.020152
0.004708
0.038179
0.008415
0.733902
1.512440
0.020371
0.001264
0.019939
0.004666
0.091120
0.008581
0.835372
1.842980
0.023710
0.001844
0.023200
0.004898
0.070929
0.013922
0.721596
1.502905
0.020232
0.001302
0.019800
0.004652
0.040517
0.008679
0.701593
1.527713
0.020697
0.001459
0.020290
0.004759
0.047168
0.010292
0.649573
1.487476
0.020113
0.001253
0.019709
0.004657
0.040282
0.008599
0.741141
1.643599
0.021503
0.001588
0.021133
0.004832
0.051838
0.011442
0.917576
1.923581
0.024229
0.001879
0.023684
0.004920
0.075037
0.014367
--STOP--
++STRT++
0.602588
1.049089
0.018936
0.001146
0.018616
0.004642
0.031098
0.007493
0.663592
1.435590
0.020269
0.001299
0.019855
0.004698
0.041951
0.008790
0.650056
1.366423
0.020635
0.001258
0.020155
0.004712
0.038203
0.008457
0.701967
1.483601
0.020290
0.001310
0.019878
0.004717
0.040444
0.008610
0.758362
1.822166
0.023762
0.001853
0.023284
0.004915
0.070766
0.013736
0.680532
1.594977
0.020377
0.001304
0.019821
0.004670
0.040632
0.008644
0.693952
1.529147
0.020685
0.001431
0.020345
0.004780
0.047013
0.010198
0.644755
1.482060
0.020167
0.001256
0.019874
0.004678
0.040530
0.008600
0.727449
1.635477
0.021539
0.001594
0.021120
0.004867
0.051969
0.011412
0.888504
1.841966
0.024238
0.001912
0.023873
0.004920
0.074791
0.014361
--STOP--
++STRT++
0.589737
1.031407
0.019007
0.001197
0.018672
0.004624
0.031339
0.007485
0.641060
1.487773
0.020286
0.001277
0.019852
0.004690
0.041544
0.008755
0.639833
1.486421
0.020617
0.001244
0.020212
0.004711
0.038072
0.008416
0.697744
1.603321
0.020368
0.001297
0.019960
0.004687
0.040644
0.008620
0.818213
1.973197
0.023688
0.001855
0.023211
0.004917
0.070916
0.013787
0.709445
1.537434
0.020453
0.001254
0.019855
0.004703
0.040310
0.008649
0.730700
1.563760
0.020740
0.001495
0.020301
0.004776
0.047670
0.010153
0.682783
1.429019
0.020160
0.001252
0.019730
0.004704
0.040066
0.008573
0.717797
1.638010
0.021532
0.001564
0.021037
0.004878
0.051829
0.011439
0.915136
2.086173
0.024228
0.001904
0.023695
0.004931
0.075027
0.014425
--STOP--
++STRT++
0.595599
1.042759
0.018973
0.001143
0.018631
0.004622
0.031128
0.007400
0.723641
1.571947
0.020336
0.001293
0.019912
0.004776
0.041656
0.008808
0.643869
1.379565
0.020518
0.001259
0.020209
0.004770
0.037800
0.008426
0.678778
1.505752
0.020348
0.001270
0.019874
0.004760
0.040681
0.008565
0.900893
2.040067
0.023751
0.001896
0.023200
0.004939
0.114752
0.013812
0.647665
1.472352
0.020458
0.001299
0.019791
0.004699
0.086916
0.008646
0.658881
1.624736
0.020785
0.001501
0.020391
0.004747
0.047268
0.010241
0.698091
1.523334
0.020203
0.001245
0.019773
0.004651
0.040275
0.008616
0.720528
1.645866
0.021563
0.001591
0.021016
0.004836
0.052012
0.011449
0.876580
1.892882
0.024138
0.001905
0.023708
0.004972
0.074788
0.014346
--STOP--
++STRT++
0.594783
1.041852
0.018962
0.001189
0.018630
0.004648
0.030963
0.007476
0.651280
1.409145
0.020413
0.001264
0.019968
0.004734
0.040618
0.008643
0.670125
1.460842
0.020659
0.001252
0.020203
0.004703
0.038110
0.008416
0.591217
1.478342
0.020232
0.001286
0.019912
0.004714
0.040605
0.008574
0.775536
2.049022
0.023672
0.001857
0.023175
0.004945
0.070996
0.013799
0.701844
1.495898
0.020241
0.001279
0.019812
0.004668
0.040471
0.008663
0.662321
1.539578
0.020789
0.001480
0.020377
0.004747
0.047368
0.056061
0.650944
1.480083
0.020268
0.001255
0.019812
0.004654
0.040483
0.008536
0.749343
1.631999
0.071664
0.001615
0.021065
0.004866
0.051900
0.011509
0.882981
1.827396
0.024173
0.001944
0.023682
0.004936
0.074204
0.014291
--STOP--
++STRT++
0.574415
1.045315
0.018959
0.001154
0.018664
0.004628
0.031103
0.007508
0.677767
1.483549
0.020292
0.001311
0.019896
0.004701
0.042208
0.008840
0.678132
1.450396
0.020646
0.001262
0.020181
0.004693
0.038237
0.008421
0.628833
1.460747
0.020310
0.001259
0.019852
0.004657
0.040252
0.008643
0.767394
1.889956
0.023668
0.001890
0.023259
0.004943
0.116471
0.013836
0.693733
1.555461
0.020311
0.001256
0.019827
0.004686
0.040453
0.008679
0.704724
1.609989
0.020722
0.001432
0.020297
0.004784
0.047260
0.010180
0.733884
1.434688
0.020312
0.001253
0.019844
0.004687
0.040398
0.008603
0.588007
1.611458
0.021551
0.001595
0.021115
0.004867
0.052167
0.011465
0.907366
2.085448
0.070324
0.001892
0.023687
0.004933
0.074906
0.014412
--STOP--
++STRT++
0.623773
1.039181
0.019058
0.001165
0.018677
0.004616
0.030995
0.007479
0.672346
1.417839
0.020349
0.001315
0.019904
0.004702
0.041615
0.008672
0.657382
1.427459
0.020712
0.001257
0.020193
0.004738
0.037776
0.008395
0.664251
1.497573
0.020432
0.001317
0.019886
0.004678
0.040734
0.008592
0.770423
2.064600
0.023751
0.001836
0.023339
0.004989
0.070894
0.013814
0.681087
1.535563
0.020321
0.001256
0.019792
0.004683
0.040592
0.008640
0.664343
1.560748
0.020742
0.001444
0.020369
0.004813
0.047035
0.010292
0.724297
1.548662
0.020135
0.001249
0.019657
0.004708
0.040462
0.008560
0.755316
1.674248
0.021557
0.001620
0.021132
0.004858
0.051872
0.011481
0.849115
1.948388
0.024249
0.001934
0.023840
0.004975
0.074700
0.014355
--STOP--
++STRT++
0.571336
1.035071
0.019046
0.001193
0.018603
0.004654
0.030748
0.007506
0.646545
1.409941
0.020452
0.001335
0.019876
0.004727
0.041881
0.008754
0.648414
1.405590
0.020652
0.001264
0.020171
0.004741
0.037855
0.008443
0.695459
1.470920
0.020291
0.001322
0.019982
0.004692
0.040383
0.008674
0.895206
2.021772
0.023633
0.001844
0.023174
0.004899
0.070762
0.060043
0.666138
1.481716
0.020419
0.001278
0.019906
0.004680
0.040541
0.008619
0.679212
1.562657
0.020763
0.001431
0.020380
0.004758
0.097283
0.010232
0.664019
1.452143
0.020211
0.001258
0.019738
0.004671
0.040446
0.008611
0.746338
1.629769
0.021529
0.001585
0.021049
0.004859
0.052172
0.011431
0.698500
1.973678
0.024146
0.001904
0.023700
0.004967
0.074678
0.014234
--STOP--
++STRT++
0.582457
1.055106
0.018990
0.001196
0.018613
0.004641
0.030875
0.007527
0.721104
1.482297
0.020285
0.001340
0.019923
0.004731
0.040880
0.008672
0.629238
1.471461
0.020608
0.001266
0.020221
0.004747
0.037797
0.008400
0.701797
1.509740
0.020306
0.001293
0.019950
0.004699
0.041237
0.008657
0.711181
1.899692
0.023718
0.001859
0.023335
0.004947
0.070539
0.013670
0.717570
1.591392
0.020345
0.001249
0.020024
0.004680
0.040422
0.008620
0.725666
1.557793
0.020750
0.001420
0.020409
0.004747
0.047012
0.010237
0.627152
1.518579
0.020207
0.001250
0.019742
0.004719
0.040213
0.008564
0.756432
1.630032
0.021554
0.001626
0.021154
0.004887
0.052149
0.011476
0.932338
1.934867
0.024163
0.001903
0.023672
0.004981
0.074834
0.014436
--STOP--
++STRT++
0.580644
1.047428
0.019099
0.001140
0.018667
0.004632
0.031142
0.007552
0.685488
1.446376
0.020323
0.001327
0.066008
0.004725
0.041547
0.008783
0.671898
1.424267
0.020641
0.001272
0.020233
0.004732
0.037929
0.008474
0.711562
1.500896
0.020372
0.001251
0.019923
0.004680
0.040341
0.008630
0.788469
1.883272
0.023713
0.001901
0.023237
0.004926
0.116649
0.013764
0.645210
1.566889
0.020307
0.001300
0.019855
0.004708
0.040748
0.008622
0.709727
1.530646
0.020702
0.001471
0.020332
0.004752
0.047502
0.010213
0.684365
1.454009
0.020182
0.001255
0.019770
0.004696
0.040373
0.008594
0.712205
1.639982
0.021574
0.001580
0.021061
0.004859
0.052024
0.011543
0.906757
1.902573
0.024190
0.001964
0.023824
0.004937
0.074756
0.014396
--STOP--
++STRT++
0.592139
1.040730
0.019019
0.001164
0.018628
0.004601
0.031020
0.007515
0.683221
1.446744
0.020257
0.001269
0.019866
0.004753
0.041463
0.008699
0.691000
1.432341
0.020681
0.001294
0.020234
0.004723
0.037995
0.008500
0.700301
1.492127
0.020316
0.001247
0.019915
0.004661
0.040718
0.008620
0.764871
1.967117
0.023676
0.001824
0.023226
0.004972
0.071114
0.013836
0.707615
1.511864
0.020434
0.001304
0.019939
0.004651
0.040394
0.008605
0.684161
1.601571
0.020693
0.001482
0.020304
0.004813
0.047568
0.010227
0.696928
1.455732
0.020179
0.001308
0.019701
0.004658
0.040324
0.008558
0.686375
1.582840
0.021514
0.001632
0.021005
0.004819
0.051917
0.011525
0.750825
1.935888
0.024254
0.001902
0.023771
0.004932
0.074706
0.014316
--STOP--
++STRT++
0.595996
1.033463
0.019025
0.001154
0.018696
0.004626
0.030882
0.007480
0.653297
1.420499
0.020523
0.001262
0.020013
0.004729
0.040819
0.008692
0.617218
1.454076
0.020645
0.001270
0.020230
0.004731
0.037775
0.008401
0.694362
1.454525
0.070625
0.001254
0.019981
0.004693
0.040700
0.008617
0.708186
1.859938
0.073953
0.001883
0.023240
0.004928
0.070801
0.013858
0.700609
1.601583
0.020264
0.001285
0.019801
0.004690
0.040539
0.008643
0.735556
1.530745
0.020707
0.001497
0.020282
0.004737
0.047016
0.010255
0.631431
1.414083
0.020121
0.001252
0.019741
0.004658
0.040043
0.008560
0.742509
1.690778
0.021531
0.001623
0.020974
0.004876
0.051891
0.011471
0.944446
1.907151
0.024186
0.001924
0.023765
0.004996
0.074585
0.014345
--STOP--
++STRT++
0.596939
1.043549
0.018998
0.001210
0.018652
0.004651
0.030935
0.007556
0.695087
1.489362
0.020413
0.001285
0.019937
0.004691
0.041394
0.008709
0.694959
1.438950
0.020631
0.001266
0.020207
0.004704
0.038264
0.008448
0.686695
1.537354
0.020447
0.001255
0.019912
0.004683
0.040884
0.008610
0.758765
1.952419
0.023717
0.001849
0.023265
0.004913
0.070889
0.013805
0.635089
1.574294
0.020310
0.001307
0.019802
0.004692
0.040500
0.008605
0.675550
1.581276
0.020758
0.001453
0.020466
0.004853
0.047373
0.010309
0.694553
1.447846
0.020230
0.001270
0.019762
0.004689
0.040456
0.008582
0.650173
1.583976
0.021460
0.001570
0.021031
0.004833
0.052134
0.011396
0.921839
1.918901
0.024143
0.001907
0.023730
0.004924
0.075156
0.014424
--STOP--
++STRT++
0.574784
1.041240
0.019102
0.001147
0.018666
0.004659
0.031026
0.007475
0.641318
1.429579
0.020269
0.001332
0.065879
0.004722
0.041846
0.008750
0.641343
1.452519
0.020678
0.001256
0.020139
0.004723
0.038259
0.008443
0.708799
1.465230
0.070420
0.001256
0.019838
0.004666
0.040630
0.008603
0.886274
1.964214
0.023754
0.001816
0.023192
0.004940
0.070619
0.013805
0.671359
1.567767
0.020244
0.001255
0.019817
0.004686
0.040440
0.008683
0.707532
1.391233
0.020715
0.001447
0.066516
0.004793
0.047581
0.010219
0.686353
1.463746
0.020265
0.001298
0.019784
0.004693
0.040394
0.008572
0.743904
1.639240
0.021502
0.001571
0.021129
0.004822
0.051749
0.011451
0.785730
2.028798
0.024224
0.001900
0.023696
0.004940
0.074717
0.014406
--STOP--
++STRT++
0.581608
1.038488
0.019199
0.001175
0.018635
0.004633
0.031097
0.007563
0.692147
1.454970
0.020523
0.001347
0.019857
0.004732
0.040962
0.008703
0.620365
1.463605
0.020617
0.001260
0.020170
0.004712
0.038065
0.008381
0.701809
1.551622
0.020444
0.001274
0.019870
0.004658
0.040719
0.008604
0.908249
1.863098
0.023752
0.001855
0.023314
0.004908
0.070898
0.013809
0.671243
1.588494
0.020328
0.001293
0.019788
0.004644
0.040364
0.008635
0.716911
1.652386
0.020747
0.001431
0.020349
0.004814
0.047159
0.010210
0.682174
1.442400
0.020203
0.001263
0.019757
0.004687
0.040433
0.008540
0.591073
1.372974
0.021608
0.001595
0.021039
0.004804
0.052126
0.011456
0.881060
1.912357
0.024176
0.001911
0.023738
0.004949
0.074844
0.014309
--STOP--
++STRT++
0.596203
1.043583
0.018995
0.001160
0.018618
0.004633
0.031182
0.007513
0.698013
1.550649
0.020310
0.001294
0.019928
0.004720
0.041536
0.008736
0.670818
1.343901
0.020690
0.001307
0.020147
0.004741
0.037974
0.008479
0.687835
1.573704
0.020368
0.001288
0.019921
0.004686
0.040493
0.008601
0.890972
1.941803
0.023724
0.001843
0.023273
0.004964
0.070720
0.013802
0.708986
1.578578
0.020351
0.001273
0.019870
0.004677
0.040568
0.008670
0.714985
1.561703
0.020694
0.001479
0.020302
0.004724
0.046992
0.010318
0.706747
1.465957
0.020201
0.001244
0.019789
0.004677
0.040324
0.008576
0.706548
1.704394
0.021434
0.001576
0.021054
0.004873
0.051963
0.011401
0.734859
2.022771
0.070351
0.001890
0.023667
0.004985
0.074701
0.014276
--STOP--
++STRT++
0.586184
1.039223
0.019019
0.001188
0.018652
0.004638
0.031024
0.007510
0.663049
1.446356
0.020345
0.001289
0.019960
0.004721
0.042106
0.008690
0.663121
1.356007
0.020675
0.001303
0.020288
0.004738
0.037670
0.008398
0.699292
1.496769
0.020351
0.001275
0.019805
0.004678
0.040588
0.008584
0.753807
2.029808
0.023920
0.001818
0.023185
0.004913
0.071094
0.013872
0.665358
1.592986
0.020267
0.001286
0.019910
0.004674
0.040609
0.008628
0.724399
1.572310
0.020666
0.001434
0.020267
0.004747
0.046977
0.010168
0.702715
1.466341
0.020101
0.001281
0.019698
0.004666
0.039905
0.008520
0.702322
1.632070
0.021573
0.001593
0.020983
0.004826
0.052184
0.011487
0.739735
1.906716
0.024347
0.001902
0.023704
0.004960
0.074992
0.014355
--STOP--
++STRT++
0.589138
1.040041
0.019045
0.001142
0.018676
0.004614
0.031157
0.007478
0.658375
1.422529
0.020509
0.001282
0.020023
0.004699
0.040669
0.008651
0.662831
1.302719
0.020633
0.001307
0.020181
0.004740
0.038008
0.008412
0.694008
1.458577
0.020268
0.001264
0.019870
0.004669
0.040468
0.008629
0.876725
1.978000
0.023675
0.001836
0.023250
0.004896
0.116744
0.013826
0.712689
1.542606
0.020347
0.001293
0.020077
0.004684
0.040599
0.008645
0.692353
1.583362
0.020785
0.001456
0.020293
0.004740
0.046998
0.010264
0.646380
1.451140
0.020225
0.001260
0.019779
0.004670
0.040174
0.008582
0.714764
1.646027
0.021593
0.001605
0.021068
0.004841
0.052259
0.011429
0.895379
1.948102
0.024184
0.001902
0.023632
0.004979
0.074764
0.014378
--STOP--
++STRT++
0.616254
1.034713
0.019062
0.001166
0.018676
0.004601
0.031026
0.007476
0.666667
1.480723
0.020341
0.001302
0.019897
0.004722
0.041632
0.008786
0.675660
1.299856
0.020640
0.001254
0.020232
0.004710
0.037825
0.008417
0.707263
1.510868
0.020384
0.001278
0.019968
0.004685
0.040766
0.008591
0.767349
1.920080
0.023788
0.001845
0.023254
0.004932
0.116142
0.013764
0.653862
1.583667
0.020312
0.001249
0.019989
0.004682
0.040395
0.008651
0.723765
1.615228
0.020752
0.001442
0.020294
0.004764
0.047168
0.010269
0.690286
1.442990
0.020169
0.001278
0.019724
0.004645
0.086475
0.008555
0.702819
1.673475
0.021526
0.001614
0.021089
0.004853
0.052063
0.011440
0.751137
1.951788
0.024375
0.001929
0.023727
0.005016
0.075029
0.014335
--STOP--
++STRT++
0.590947
1.043343
0.018981
0.001151
0.018645
0.004632
0.031219
0.007517
0.662487
1.414692
0.020278
0.001285
0.019832
0.004760
0.041540
0.008784
0.689794
1.309381
0.020664
0.001267
0.020198
0.004724
0.037619
0.008362
0.699210
1.544477
0.020316
0.001313
0.019853
0.004707
0.040794
0.008564
0.756150
1.890543
0.023698
0.001861
0.023212
0.004925
0.071263
0.013834
0.651362
1.567601
0.020387
0.001229
0.019826
0.004659
0.040666
0.008613
0.721523
1.567962
0.020722
0.001490
0.020322
0.004718
0.047345
0.010221
0.702170
1.449159
0.020164
0.001295
0.019695
0.004669
0.040044
0.008588
0.780740
1.662402
0.021468
0.001621
0.020990
0.004808
0.052087
0.011423
0.920198
1.893441
0.024185
0.001891
0.023694
0.004946
0.074623
0.014359
--STOP--
++STRT++
0.594843
1.039114
0.019020
0.001202
0.018620
0.004708
0.031008
0.007546
0.635066
1.384870
0.020354
0.001312
0.019841
0.004721
0.041473
0.008703
0.635267
1.425305
0.020599
0.001256
0.020161
0.004739
0.037334
0.008370
0.712105
1.507336
0.020230
0.001248
0.019969
0.004730
0.040426
0.008562
0.883703
1.987637
0.023668
0.001850
0.023266
0.004923
0.070926
0.013811
0.702385
1.540430
0.020369
0.001245
0.019847
0.004715
0.040497
0.008641
0.720136
1.503920
0.020702
0.001450
0.020353
0.004776
0.047348
0.010239
0.701618
1.433784
0.020147
0.001237
0.019769
0.004669
0.040595
0.008561
0.715019
1.644997
0.021477
0.001572
0.021063
0.004839
0.052121
0.011446
0.899015
1.933214
0.024186
0.001951
0.023725
0.004961
0.074848
0.014383
--STOP--
++STRT++
0.591141
1.041714
0.019009
0.001157
0.018674
0.004626
0.031202
0.007459
0.666872
1.394272
0.020695
0.001324
0.020171
0.004707
0.040610
0.008622
0.684921
1.396935
0.020599
0.001289
0.020127
0.004744
0.038302
0.008522
0.695403
1.565389
0.020339
0.001304
0.019919
0.004712
0.040439
0.008659
0.914801
1.933822
0.023674
0.001853
0.023180
0.004932
0.070389
0.013746
0.632737
1.412310
0.020436
0.001257
0.019861
0.004655
0.040242
0.008653
0.688458
1.547632
0.066851
0.001449
0.020308
0.004789
0.047452
0.010235
0.676895
1.453596
0.020155
0.001295
0.019724
0.004667
0.040084
0.008557
0.674056
1.616658
0.021500
0.001571
0.021036
0.004855
0.052072
0.011465
0.853537
2.105943
0.024167
0.001991
0.023722
0.004909
0.074626
0.014485
--STOP--
++STRT++
0.576651
1.044995
0.019020
0.001160
0.018764
0.004645
0.031036
0.007527
0.657953
1.472550
0.020371
0.001293
0.019865
0.004725
0.041351
0.008671
0.689063
1.287560
0.020697
0.001251
0.020194
0.004741
0.037542
0.008443
0.705094
1.488977
0.070576
0.001257
0.019894
0.004700
0.040840
0.008552
0.775881
1.851856
0.023710
0.001849
0.023249
0.004938
0.070582
0.013719
0.701547
1.548054
0.020355
0.001262
0.019767
0.004688
0.040421
0.008689
0.691190
1.577854
0.020727
0.001422
0.020301
0.004759
0.047280
0.010203
0.617603
1.425562
0.020154
0.001243
0.019860
0.004691
0.040269
0.008577
0.734025
1.654332
0.021512
0.001618
0.021029
0.004854
0.051768
0.011409
0.765333
2.051304
0.024197
0.001966
0.023815
0.004946
0.075019
0.014346
--STOP--
++STRT++
0.593198
1.049439
0.019038
0.001140
0.018653
0.004636
0.031069
0.007550
0.663648
1.394209
0.070390
0.001279
0.019872
0.004729
0.041869
0.008778
0.687205
1.315741
0.020612
0.001254
0.020194
0.004730
0.037995
0.008376
0.730911
1.524359
0.020315
0.001247
0.019916
0.004713
0.040470
0.008598
0.894045
1.863321
0.023680
0.001855
0.023221
0.004991
0.070828
0.013814
0.712699
1.547942
0.020408
0.001261
0.019875
0.004703
0.040385
0.008715
0.665995
1.554446
0.020714
0.001426
0.020380
0.004785
0.047389
0.010180
0.697642
1.521363
0.020176
0.001247
0.019786
0.004690
0.040106
0.008636
0.762484
1.636319
0.021518
0.001637
0.021097
0.050953
0.052123
0.011450
0.883916
1.853651
0.024180
0.001922
0.023748
0.004950
0.074435
0.014284
--STOP--
++STRT++
0.578814
1.051116
0.018998
0.001163
0.018629
0.004628
0.031171
0.007432
0.651016
1.394866
0.020359
0.001267
0.019884
0.004715
0.041458
0.008714
0.675194
1.466810
0.020621
0.001310
0.020127
0.004715
0.037664
0.008480
0.728594
1.475990
0.020323
0.001274
0.019892
0.004686
0.090791
0.008567
0.751473
1.965692
0.023730
0.001820
0.023180
0.004907
0.070921
0.013760
0.712770
1.573754
0.020326
0.001255
0.019836
0.004715
0.040564
0.008646
0.716506
1.578824
0.020730
0.001488
0.020412
0.004754
0.047200
0.010202
0.628781
1.496996
0.020165
0.001238
0.019693
0.004661
0.040390
0.008570
0.751783
1.656757
0.021569
0.001581
0.020999
0.004813
0.052101
0.011585
0.854790
1.857266
0.024221
0.001912
0.023724
0.004946
0.074934
0.014385
--STOP--
++STRT++
0.596782
1.042477
0.019081
0.001200
0.018672
0.004668
0.030839
0.007526
0.646657
1.408695
0.020459
0.001318
0.020015
0.004762
0.040667
0.008702
0.684354
1.473846
0.020683
0.001289
0.020219
0.004729
0.037824
0.008470
0.674998
1.493985
0.020336
0.001263
0.066073
0.004692
0.040869
0.008593
0.736267
1.825538
0.023679
0.001891
0.023224
0.046981
0.070887
0.013788
0.717020
1.544995
0.020424
0.001316
0.019814
0.004692
0.040600
0.008627
0.702757
1.558306
0.020729
0.001500
0.020286
0.004743
0.047426
0.010258
0.655183
1.476827
0.020153
0.001261
0.019757
0.004684
0.040249
0.008532
0.741221
1.637873
0.021462
0.001642
0.021077
0.004917
0.052193
0.011515
0.880548
1.975747
0.024256
0.001911
0.023804
0.004964
0.074576
0.014355
--STOP--
++STRT++
0.602504
1.038569
0.018990
0.001176
0.018721
0.004607
0.030946
0.007502
0.672030
1.479376
0.020308
0.001270
0.019960
0.004695
0.042287
0.008737
0.655870
1.360034
0.020667
0.001263
0.020273
0.004740
0.037503
0.008384
0.700704
1.528765
0.020417
0.001291
0.019884
0.004680
0.040644
0.008544
0.897753
1.983475
0.023741
0.001827
0.023241
0.004948
0.070539
0.013791
0.704309
1.549413
0.020345
0.001296
0.019831
0.004666
0.040396
0.008698
0.695964
1.581260
0.020680
0.001431
0.020320
0.004767
0.047059
0.010241
0.700723
1.438218
0.020172
0.001287
0.019744
0.004651
0.040366
0.008584
0.701744
1.641023
0.021522
0.001631
0.021009
0.004895
0.097649
0.011456
0.758010
1.981625
0.024252
0.001967
0.023780
0.004948
0.074638
0.014275
--STOP--
++STRT++
0.588843
1.041127
0.019158
0.001171
0.018642
0.004612
0.031049
0.007480
0.665783
1.395822
0.020329
0.001268
0.019876
0.004750
0.041330
0.008652
0.689921
1.337975
0.020633
0.001298
0.020150
0.004701
0.037572
0.008394
0.700172
1.526543
0.020294
0.001290
0.019827
0.004660
0.040448
0.008620
0.887073
1.815717
0.023765
0.001855
0.023188
0.004929
0.116746
0.013712
0.682968
1.555722
0.020379
0.001256
0.019841
0.004693
0.040501
0.008701
0.725158
1.612264
0.020688
0.001425
0.020299
0.004768
0.047070
0.010234
0.689311
1.461664
0.020156
0.001259
0.019751
0.004699
0.040412
0.008620
0.683249
1.644093
0.021541
0.001567
0.021065
0.004850
0.051885
0.011422
0.825244
2.013322
0.024255
0.001925
0.023761
0.004945
0.075261
0.014385
--STOP--
++STRT++
0.582361
1.042618
0.018995
0.001205
0.018682
0.004639
0.031196
0.007585
0.692069
1.512774
0.020356
0.001296
0.019895
0.004682
0.041478
0.008648
0.680432
1.325554
0.020695
0.001293
0.020191
0.004738
0.087929
0.008344
0.660300
1.523591
0.020329
0.001302
0.019945
0.004706
0.040682
0.008579
0.884641
2.055157
0.023764
0.001841
0.023238
0.004897
0.070753
0.013828
0.678667
1.527469
0.020359
0.001294
0.019944
0.004678
0.040372
0.008618
0.665237
1.555785
0.020726
0.001483
0.020318
0.004773
0.046869
0.010187
0.694429
1.505098
0.020185
0.001255
0.019710
0.004692
0.040265
0.008538
0.750110
1.597411
0.021517
0.001564
0.021134
0.004877
0.052018
0.011442
0.905944
1.888550
0.024211
0.001955
0.023710
0.004952
0.121098
0.014441
--STOP--
++STRT++
0.590172
1.049590
0.019074
0.001162
0.018640
0.004604
0.030986
0.007528
0.652680
1.389586
0.020335
0.001313
0.019886
0.004731
0.041511
0.008746
0.664438
1.438450
0.066617
0.001299
0.020162
0.004703
0.038318
0.008420
0.687462
1.474262
0.020335
0.001272
0.019929
0.004641
0.040397
0.008598
0.878851
1.883044
0.023708
0.001836
0.023230
0.004897
0.070777
0.013773
0.677565
1.593608
0.020242
0.001250
0.066049
0.004663
0.040345
0.008690
0.699360
1.550467
0.020721
0.001455
0.020332
0.004759
0.046956
0.010292
0.672615
1.525492
0.020138
0.001247
0.019679
0.004659
0.040278
0.008585
0.746945
1.647759
0.021550
0.001619
0.021003
0.004852
0.051903
0.011423
0.894386
1.962853
0.024335
0.001940
0.023749
0.004986
0.074650
0.014293
--STOP--
++STRT++
0.590063
1.028347
0.019015
0.001199
0.018646
0.004622
0.031162
0.007605
0.678587
1.478411
0.020281
0.001327
0.019941
0.004742
0.041886
0.008743
0.629894
1.456480
0.020701
0.001271
0.020218
0.004722
0.037613
0.008462
0.709271
1.444646
0.020275
0.001270
0.065981
0.004667
0.040866
0.008584
0.878705
1.879220
0.023764
0.001924
0.023195
0.004910
0.070913
0.059313
0.657589
1.581046
0.020447
0.001243
0.019904
0.004667
0.040611
0.008661
0.702491
1.464576
0.020719
0.001487
0.020333
0.004803
0.047078
0.010190
0.655508
1.479187
0.020219
0.001274
0.019810
0.004681
0.040217
0.008524
0.762846
1.635478
0.021550
0.001565
0.021076
0.004857
0.051946
0.011461
0.850432
1.876852
0.024160
0.001931
0.024213
0.004932
0.074558
0.014356
--STOP--
++STRT++
0.590990
1.037373
0.019021
0.001143
0.018630
0.004627
0.031072
0.007473
0.650694
1.390023
0.020309
0.001312
0.019948
0.004756
0.040985
0.008716
0.627883
1.413836
0.020677
0.001257
0.020142
0.004737
0.037996
0.008444
0.704352
1.473413
0.020404
0.001317
0.066074
0.004683
0.040477
0.008626
0.909997
1.921302
0.023729
0.001863
0.023252
0.004933
0.070684
0.013788
0.660555
1.565513
0.020394
0.001302
0.019910
0.004674
0.041119
0.008590
0.699862
1.586620
0.020721
0.001461
0.020277
0.004779
0.047228
0.010265
0.623985
1.443021
0.020181
0.001307
0.019743
0.004655
0.040203
0.008613
0.751671
1.668520
0.021500
0.001563
0.021042
0.004864
0.051992
0.011507
0.788422
1.917858
0.024201
0.001962
0.023730
0.004982
0.074793
0.014353
--STOP--
++STRT++
0.593916
1.047115
0.019054
0.001209
0.018658
0.004649
0.030831
0.007608
0.680544
1.471900
0.020326
0.001279
0.020004
0.004724
0.042568
0.008804
0.669185
1.294385
0.020613
0.001279
0.020230
0.004765
0.036795
0.008362
0.579189
1.399518
0.020407
0.001263
0.019897
0.004697
0.040579
0.008615
0.892208
1.940015
0.023758
0.001880
0.023269
0.004950
0.070501
0.013828
0.727067
1.582477
0.020340
0.001263
0.019916
0.004677
0.040832
0.008647
0.689107
1.519248
0.020693
0.001440
0.020275
0.004825
0.047390
0.010308
0.701498
1.454090
0.020131
0.001304
0.019834
0.004720
0.040147
0.008583
0.754131
1.679118
0.021481
0.001619
0.021065
0.004850
0.051976
0.011495
0.896893
1.921167
0.024213
0.001910
0.023662
0.004991
0.074286
0.014375
--STOP--
++STRT++
0.596863
1.037640
0.019013
0.001153
0.018608
0.004643
0.030910
0.007563
0.684586
1.451126
0.020400
0.001289
0.019922
0.004740
0.041145
0.008654
0.570541
1.315935
0.020761
0.001327
0.020270
0.004748
0.038049
0.008433
0.684239
1.493184
0.020359
0.001254
0.019863
0.004705
0.040545
0.008527
0.924318
1.882892
0.023760
0.001844
0.023278
0.004955
0.070769
0.013768
0.704937
1.560911
0.020376
0.001274
0.019898
0.004704
0.040499
0.008684
0.691781
1.569597
0.020756
0.001425
0.020339
0.004822
0.047039
0.010223
0.679904
1.442510
0.020210
0.001260
0.019751
0.004704
0.040413
0.008496
0.731892
1.659421
0.021394
0.001600
0.020994
0.004832
0.051887
0.011411
0.915196
1.915964
0.024106
0.001894
0.023735
0.005003
0.074848
0.014329
--STOP--
++STRT++
0.581556
1.046224
0.019059
0.001173
0.018671
0.004642
0.030982
0.007507
0.657127
1.439497
0.020316
0.001291
0.019940
0.004693
0.041366
0.008776
0.620137
1.341509
0.020607
0.001270
0.020166
0.004748
0.037771
0.008418
0.697780
1.490730
0.020327
0.001260
0.019901
0.004708
0.040609
0.008631
0.878733
1.800771
0.023732
0.001887
0.069636
0.004997
0.070690
0.013747
0.717637
1.547412
0.020328
0.001282
0.019816
0.004643
0.040262
0.008684
0.694876
1.527776
0.020747
0.001445
0.020402
0.004770
0.047171
0.010177
0.670000
1.514586
0.020179
0.001300
0.019829
0.004657
0.040314
0.008569
0.724556
1.647729
0.021552
0.001577
0.021066
0.004878
0.052242
0.011474
0.835584
2.037060
0.024274
0.001885
0.023996
0.004968
0.074809
0.014372
--STOP--
++STRT++
0.592671
1.044637
0.018989
0.001139
0.018619
0.004625
0.031070
0.007439
0.644956
1.457965
0.020452
0.001288
0.020154
0.004748
0.041779
0.008768
0.686658
1.417482
0.020635
0.001270
0.020170
0.004776
0.037424
0.008390
0.700947
1.459858
0.020304
0.001278
0.019899
0.004679
0.040691
0.008587
0.764613
1.926697
0.023676
0.001864
0.023225
0.004902
0.070773
0.013739
0.628843
1.387966
0.020369
0.001293
0.020009
0.004752
0.040982
0.008536
0.651697
1.423951
0.020778
0.001435
0.020336
0.004875
0.047034
0.010242
0.606477
1.285555
0.020352
0.001297
0.019842
0.004719
0.040565
0.008541
0.738963
1.684488
0.021503
0.001593
0.021178
0.004870
0.051880
0.011464
0.900956
2.005412
0.024198
0.001943
0.023771
0.004981
0.074500
0.014261
--STOP--
++STRT++
0.594925
1.036862
0.019048
0.001141
0.018659
0.004616
0.031416
0.007467
0.692604
1.509021
0.020299
0.001339
0.019803
0.004714
0.040816
0.008715
0.675256
1.347365
0.020667
0.001288
0.020162
0.004754
0.036930
0.008424
0.680006
1.529983
0.020360
0.001297
0.019902
0.004702
0.040591
0.008589
0.777067
1.867572
0.023694
0.001821
0.023236
0.004922
0.071309
0.013811
0.646155
1.602564
0.020309
0.001295
0.019853
0.004691
0.040772
0.008577
0.693565
1.430658
0.070978
0.001446
0.020363
0.004828
0.047015
0.010210
0.692198
1.456058
0.020152
0.001295
0.019741
0.004723
0.040325
0.008554
0.740708
1.675670
0.021536
0.001579
0.020998
0.004846
0.052072
0.011448
0.916002
1.935115
0.024200
0.001961
0.023814
0.004922
0.074567
0.014314
--STOP--
++STRT++
0.590697
1.046994
0.018967
0.001150
0.018659
0.004625
0.030875
0.007490
0.672591
1.473694
0.020399
0.001308
0.019906
0.004722
0.041503
0.008720
0.692712
1.297135
0.020680
0.001265
0.020171
0.004765
0.037873
0.008471
0.611115
1.275944
0.020454
0.001261
0.019920
0.004666
0.040828
0.008590
0.716795
1.944566
0.023749
0.001963
0.023310
0.004925
0.071043
0.013777
0.682003
1.532310
0.070499
0.001253
0.019887
0.004686
0.040202
0.008677
0.693469
1.509252
0.020831
0.001474
0.020393
0.004771
0.046955
0.010172
0.672831
1.554077
0.020238
0.001334
0.019821
0.004710
0.040650
0.008519
0.713678
1.654897
0.021453
0.001620
0.021026
0.004838
0.052502
0.011440
0.867547
1.914216
0.024147
0.001941
0.024112
0.004954
0.074817
0.014375
--STOP--
++STRT++
0.584336
1.042938
0.019070
0.001163
0.018701
0.004621
0.031270
0.007502
0.609844
1.456522
0.020530
0.001287
0.020084
0.004735
0.041853
0.008667
0.672419
1.400715
0.020629
0.001275
0.020200
0.004765
0.037564
0.008492
0.690777
1.525884
0.020488
0.001315
0.019848
0.004671
0.040623
0.008574
0.768358
1.913197
0.023672
0.001895
0.023246
0.004953
0.070504
0.013805
0.688662
1.536240
0.020281
0.001252
0.019943
0.004695
0.040364
0.008644
0.686831
1.605645
0.020762
0.001442
0.020322
0.004782
0.047277
0.056070
0.641072
1.475560
0.020126
0.001249
0.019686
0.004698
0.040098
0.008565
0.735240
1.616801
0.021471
0.001618
0.021019
0.004850
0.052222
0.011486
0.792203
1.917991
0.024268
0.001882
0.023848
0.004967
0.074472
0.014238
--STOP--
++STRT++
0.588096
1.039162
0.018980
0.001131
0.018741
0.004636
0.030990
0.007504
0.665837
1.418887
0.020440
0.001277
0.019946
0.004713
0.041382
0.008750
0.675040
1.393416
0.020661
0.001271
0.020189
0.050796
0.038154
0.008434
0.674769
1.427589
0.020397
0.001249
0.019856
0.004709
0.040542
0.008621
0.810899
1.953166
0.023697
0.001852
0.023199
0.004969
0.070544
0.013816
0.697478
1.473246
0.020275
0.001251
0.019883
0.004687
0.040536
0.008592
0.643357
1.603212
0.020712
0.001435
0.020302
0.004812
0.047261
0.010174
0.700926
1.502305
0.020173
0.001229
0.019724
0.004680
0.040338
0.008502
0.726630
1.574848
0.021502
0.001591
0.021120
0.004870
0.052359
0.011460
0.797457
2.026307
0.024204
0.001955
0.023736
0.004946
0.074674
0.014351
--STOP--
++STRT++
0.589910
1.041235
0.019035
0.001157
0.018672
0.004609
0.031085
0.007493
0.687722
1.419365
0.020299
0.001290
0.019934
0.004725
0.041676
0.008681
0.677780
1.330523
0.020687
0.001312
0.020231
0.004725
0.037872
0.008363
0.647238
1.541238
0.020387
0.001313
0.019926
0.004700
0.040609
0.008581
0.881561
1.944471
0.023702
0.001848
0.023316
0.004946
0.071206
0.013803
0.590526
1.426113
0.020318
0.001270
0.019935
0.004692
0.040464
0.008610
0.703166
1.624395
0.020660
0.001458
0.020421
0.004758
0.046882
0.010246
0.699726
1.423122
0.020134
0.001300
0.019703
0.004652
0.040848
0.008634
0.695420
1.663130
0.021497
0.001573
0.021116
0.004831
0.052078
0.011505
0.730439
1.826017
0.024154
0.001929
0.023754
0.004957
0.074813
0.014378
--STOP--
++STRT++
0.609788
1.038919
0.018918
0.001149
0.018641
0.004617
0.030909
0.007477
0.659758
1.401912
0.020347
0.001285
0.019843
0.004777
0.041986
0.008752
0.696882
1.330731
0.020661
0.001256
0.020291
0.004755
0.037323
0.008433
0.689323
1.426963
0.020314
0.001308
0.020111
0.004718
0.040912
0.008600
0.760844
1.838451
0.023688
0.001858
0.023192
0.004949
0.070377
0.013803
0.692504
1.524411
0.020532
0.001265
0.019845
0.004679
0.040665
0.008615
0.720772
1.541905
0.020709
0.001444
0.020447
0.004758
0.047188
0.010250
0.644595
1.476336
0.020132
0.001240
0.019738
0.004658
0.040259
0.008566
0.742921
1.670805
0.021521
0.001571
0.021076
0.004885
0.052197
0.011431
0.917613
2.116973
0.024512
0.001929
0.023792
0.004939
0.075380
0.014373
--STOP--
