++STRT++
0.000864
0.001201
0.000166
0.000010
0.000162
0.000066
0.000073
0.000042
0.000875
0.001237
0.000166
0.000010
0.000161
0.000067
0.000083
0.000044
0.000950
0.001198
0.000167
0.000010
0.000162
0.000066
0.000095
0.000046
0.000874
0.001219
0.000166
0.000010
0.000161
0.000067
0.000074
0.000044
0.000877
0.001198
0.000166
0.000011
0.000162
0.000067
0.000077
0.000049
0.000871
0.001217
0.000166
0.000010
0.000162
0.000067
0.000080
0.000045
0.000898
0.001199
0.000164
0.000010
0.000161
0.000068
0.000074
0.000047
0.000874
0.001198
0.000167
0.000011
0.000160
0.000067
0.000083
0.000043
0.000871
0.001210
0.000168
0.000010
0.000162
0.000067
0.000087
0.000041
0.000898
0.001200
0.000185
0.000011
0.000164
0.000069
0.000072
0.000052
--STOP--
++STRT++
0.000864
0.001198
0.000166
0.000011
0.000161
0.000067
0.000080
0.000043
0.000874
0.001217
0.000168
0.000011
0.000163
0.000067
0.000073
0.000043
0.000901
0.001204
0.000166
0.000011
0.000161
0.000066
0.000067
0.000048
0.000880
0.001217
0.000166
0.000011
0.000162
0.000067
0.000069
0.000043
0.000866
0.001244
0.000191
0.000011
0.000162
0.000067
0.000083
0.000042
0.000873
0.001198
0.000165
0.000010
0.000162
0.000091
0.000069
0.000045
0.000897
0.001214
0.000166
0.000011
0.000161
0.000066
0.000081
0.000047
0.000900
0.001223
0.000168
0.000011
0.000161
0.000067
0.000091
0.000071
0.000946
0.001198
0.000166
0.000012
0.000162
0.000067
0.000074
0.000044
0.000870
0.001200
0.000167
0.000013
0.000162
0.000068
0.000079
0.000054
--STOP--
++STRT++
0.000913
0.001201
0.000166
0.000010
0.000161
0.000067
0.000082
0.000044
0.000873
0.001202
0.000168
0.000010
0.000161
0.000068
0.000066
0.000050
0.000949
0.001199
0.000166
0.000011
0.000162
0.000066
0.000076
0.000047
0.000901
0.001217
0.000167
0.000011
0.000162
0.000067
0.000075
0.000044
0.000913
0.001220
0.000168
0.000010
0.000162
0.000067
0.000068
0.000046
0.000876
0.001199
0.000166
0.000011
0.000161
0.000067
0.000083
0.000042
0.000876
0.001255
0.000165
0.000011
0.000162
0.000066
0.000068
0.000048
0.000872
0.001199
0.000170
0.000010
0.000161
0.000067
0.000068
0.000046
0.000880
0.001218
0.000166
0.000011
0.000162
0.000067
0.000073
0.000049
0.000893
0.001203
0.000171
0.000010
0.000162
0.000067
0.000068
0.000044
--STOP--
++STRT++
0.000863
0.001198
0.000169
0.000010
0.000162
0.000067
0.000073
0.000046
0.000873
0.001218
0.000183
0.000010
0.000161
0.000067
0.000081
0.000046
0.000869
0.001226
0.000182
0.000010
0.000161
0.000067
0.000069
0.000045
0.000872
0.001218
0.000167
0.000012
0.000161
0.000067
0.000074
0.000049
0.000875
0.001233
0.000166
0.000011
0.000162
0.000068
0.000087
0.000045
0.000876
0.001198
0.000170
0.000010
0.000161
0.000067
0.000068
0.000050
0.000864
0.001212
0.000165
0.000011
0.000161
0.000067
0.000082
0.000043
0.000863
0.001200
0.000165
0.000011
0.000160
0.000067
0.000074
0.000048
0.000871
0.001201
0.000166
0.000010
0.000162
0.000067
0.000092
0.000046
0.000953
0.001200
0.000171
0.000011
0.000163
0.000068
0.000082
0.000053
--STOP--
++STRT++
0.000875
0.001221
0.000167
0.000010
0.000161
0.000067
0.000083
0.000042
0.000874
0.001217
0.000169
0.000011
0.000161
0.000067
0.000074
0.000044
0.000873
0.001198
0.000166
0.000013
0.000162
0.000067
0.000094
0.000047
0.000878
0.001222
0.000166
0.000010
0.000161
0.000067
0.000083
0.000043
0.000871
0.001199
0.000166
0.000010
0.000162
0.000067
0.000084
0.000043
0.000872
0.001217
0.000165
0.000010
0.000162
0.000067
0.000075
0.000046
0.000867
0.001219
0.000187
0.000012
0.000161
0.000066
0.000074
0.000049
0.000881
0.001219
0.000165
0.000011
0.000161
0.000067
0.000073
0.000043
0.000881
0.001199
0.000166
0.000013
0.000162
0.000067
0.000074
0.000043
0.000949
0.001199
0.000172
0.000010
0.000161
0.000067
0.000075
0.000042
--STOP--
++STRT++
0.000887
0.001222
0.000166
0.000011
0.000224
0.000067
0.000074
0.000048
0.000873
0.001268
0.000167
0.000011
0.000161
0.000067
0.000083
0.000044
0.000875
0.001198
0.000165
0.000011
0.000161
0.000067
0.000073
0.000046
0.000870
0.001252
0.000171
0.000010
0.000162
0.000067
0.000093
0.000044
0.000892
0.001199
0.000170
0.000010
0.000162
0.000067
0.000075
0.000041
0.000881
0.001217
0.000170
0.000011
0.000162
0.000067
0.000074
0.000046
0.000871
0.001221
0.000168
0.000011
0.000180
0.000067
0.000067
0.000051
0.000904
0.001198
0.000167
0.000010
0.000161
0.000067
0.000069
0.000041
0.000882
0.001223
0.000167
0.000010
0.000162
0.000067
0.000074
0.000045
0.000886
0.001200
0.000170
0.000012
0.000163
0.000068
0.000073
0.000056
--STOP--
++STRT++
0.000865
0.001226
0.000166
0.000010
0.000162
0.000067
0.000067
0.000041
0.000873
0.001267
0.000167
0.000010
0.000161
0.000067
0.000085
0.000049
0.000871
0.001201
0.000167
0.000011
0.000161
0.000067
0.000073
0.000041
0.000888
0.001219
0.000167
0.000010
0.000220
0.000067
0.000073
0.000047
0.000900
0.001200
0.000172
0.000010
0.000162
0.000068
0.000099
0.000054
0.000867
0.001199
0.000166
0.000010
0.000161
0.000067
0.000068
0.000046
0.000866
0.001198
0.000166
0.000010
0.000162
0.000067
0.000082
0.000043
0.000876
0.001200
0.000166
0.000011
0.000163
0.000067
0.000102
0.000048
0.000885
0.001221
0.000168
0.000012
0.000162
0.000067
0.000079
0.000042
0.000877
0.001222
0.000165
0.000010
0.000161
0.000067
0.000068
0.000044
--STOP--
++STRT++
0.000863
0.001199
0.000166
0.000011
0.000160
0.000067
0.000067
0.000050
0.000874
0.001262
0.000166
0.000010
0.000161
0.000067
0.000081
0.000044
0.000901
0.001202
0.000165
0.000010
0.000161
0.000066
0.000072
0.000045
0.000871
0.001218
0.000232
0.000010
0.000161
0.000067
0.000075
0.000044
0.000898
0.001220
0.000166
0.000010
0.000162
0.000067
0.000069
0.000044
0.000888
0.001215
0.000167
0.000010
0.000161
0.000067
0.000073
0.000056
0.000871
0.001266
0.000189
0.000011
0.000161
0.000067
0.000076
0.000047
0.000874
0.001198
0.000166
0.000010
0.000161
0.000067
0.000082
0.000045
0.000875
0.001269
0.000168
0.000011
0.000162
0.000067
0.000083
0.000044
0.000953
0.001220
0.000166
0.000010
0.000162
0.000067
0.000087
0.000055
--STOP--
++STRT++
0.000865
0.001198
0.000166
0.000010
0.000161
0.000067
0.000091
0.000051
0.000900
0.001249
0.000194
0.000011
0.000162
0.000067
0.000074
0.000046
0.000875
0.001225
0.000166
0.000010
0.000161
0.000067
0.000075
0.000045
0.000950
0.001219
0.000166
0.000011
0.000161
0.000067
0.000075
0.000044
0.000867
0.001198
0.000166
0.000010
0.000162
0.000067
0.000084
0.000044
0.000875
0.001264
0.000166
0.000010
0.000160
0.000067
0.000068
0.000042
0.000870
0.001218
0.000166
0.000011
0.000161
0.000067
0.000074
0.000043
0.000872
0.001200
0.000168
0.000010
0.000161
0.000089
0.000068
0.000048
0.000901
0.001216
0.000189
0.000011
0.000161
0.000067
0.000073
0.000050
0.000883
0.001266
0.000168
0.000011
0.000163
0.000068
0.000094
0.000051
--STOP--
++STRT++
0.000864
0.001198
0.000166
0.000010
0.000162
0.000067
0.000073
0.000043
0.000872
0.001220
0.000194
0.000012
0.000161
0.000066
0.000073
0.000043
0.000902
0.001225
0.000166
0.000012
0.000161
0.000067
0.000072
0.000048
0.000879
0.001266
0.000167
0.000011
0.000161
0.000067
0.000067
0.000043
0.000871
0.001268
0.000166
0.000011
0.000161
0.000067
0.000067
0.000044
0.000900
0.001222
0.000167
0.000010
0.000189
0.000067
0.000084
0.000046
0.000872
0.001198
0.000167
0.000011
0.000161
0.000068
0.000074
0.000046
0.000875
0.001198
0.000166
0.000011
0.000161
0.000066
0.000074
0.000045
0.000873
0.001199
0.000192
0.000010
0.000162
0.000067
0.000080
0.000052
0.000892
0.001224
0.000196
0.000013
0.000163
0.000068
0.000071
0.000051
--STOP--
++STRT++
0.000892
0.001202
0.000166
0.000011
0.000161
0.000066
0.000072
0.000046
0.000874
0.001219
0.000166
0.000011
0.000162
0.000067
0.000083
0.000045
0.000866
0.001219
0.000168
0.000010
0.000161
0.000066
0.000072
0.000042
0.000956
0.001200
0.000167
0.000010
0.000162
0.000066
0.000074
0.000047
0.000875
0.001200
0.000167
0.000010
0.000162
0.000067
0.000075
0.000046
0.000883
0.001198
0.000168
0.000010
0.000162
0.000067
0.000074
0.000044
0.000875
0.001198
0.000169
0.000010
0.000161
0.000067
0.000073
0.000044
0.000866
0.001198
0.000167
0.000011
0.000161
0.000067
0.000085
0.000044
0.000873
0.001218
0.000167
0.000010
0.000187
0.000068
0.000085
0.000049
0.000873
0.001221
0.000174
0.000011
0.000162
0.000067
0.000070
0.000048
--STOP--
++STRT++
0.000876
0.001199
0.000166
0.000012
0.000160
0.000067
0.000074
0.000041
0.000899
0.001220
0.000167
0.000011
0.000161
0.000067
0.000074
0.000044
0.000870
0.001243
0.000166
0.000011
0.000161
0.000067
0.000073
0.000045
0.000879
0.001213
0.000166
0.000011
0.000161
0.000067
0.000092
0.000045
0.000871
0.001218
0.000168
0.000012
0.000162
0.000067
0.000087
0.000045
0.000869
0.001198
0.000165
0.000010
0.000162
0.000067
0.000075
0.000044
0.000875
0.001200
0.000167
0.000010
0.000162
0.000067
0.000083
0.000044
0.000901
0.001199
0.000166
0.000010
0.000161
0.000067
0.000075
0.000042
0.000871
0.001212
0.000171
0.000011
0.000162
0.000068
0.000074
0.000046
0.000890
0.001201
0.000172
0.000011
0.000164
0.000068
0.000072
0.000050
--STOP--
++STRT++
0.000876
0.001198
0.000165
0.000010
0.000162
0.000066
0.000068
0.000043
0.000874
0.001217
0.000186
0.000011
0.000162
0.000067
0.000068
0.000052
0.000871
0.001200
0.000166
0.000010
0.000161
0.000067
0.000074
0.000044
0.000901
0.001270
0.000165
0.000011
0.000162
0.000067
0.000067
0.000045
0.000880
0.001227
0.000167
0.000011
0.000163
0.000067
0.000076
0.000046
0.000883
0.001217
0.000167
0.000010
0.000162
0.000067
0.000091
0.000044
0.000869
0.001214
0.000166
0.000011
0.000161
0.000067
0.000073
0.000070
0.000869
0.001220
0.000167
0.000011
0.000161
0.000066
0.000074
0.000042
0.000894
0.001244
0.000170
0.000011
0.000160
0.000067
0.000069
0.000045
0.000876
0.001200
0.000171
0.000012
0.000164
0.000068
0.000104
0.000047
--STOP--
++STRT++
0.000864
0.001198
0.000166
0.000010
0.000161
0.000067
0.000101
0.000045
0.000908
0.001265
0.000170
0.000011
0.000162
0.000067
0.000083
0.000047
0.000948
0.001198
0.000169
0.000011
0.000161
0.000067
0.000082
0.000046
0.000872
0.001198
0.000165
0.000010
0.000161
0.000067
0.000084
0.000049
0.000876
0.001198
0.000169
0.000012
0.000162
0.000067
0.000075
0.000046
0.000890
0.001202
0.000166
0.000010
0.000161
0.000067
0.000092
0.000049
0.000872
0.001198
0.000166
0.000010
0.000162
0.000067
0.000085
0.000046
0.000897
0.001213
0.000169
0.000010
0.000161
0.000067
0.000084
0.000044
0.000873
0.001199
0.000166
0.000010
0.000161
0.000067
0.000070
0.000043
0.000903
0.001219
0.000173
0.000011
0.000166
0.000070
0.000084
0.000051
--STOP--
++STRT++
0.000876
0.001198
0.000166
0.000011
0.000161
0.000067
0.000082
0.000043
0.000874
0.001225
0.000166
0.000011
0.000161
0.000067
0.000094
0.000046
0.000878
0.001198
0.000167
0.000011
0.000161
0.000067
0.000076
0.000046
0.000943
0.001224
0.000166
0.000011
0.000162
0.000067
0.000068
0.000041
0.000874
0.001200
0.000165
0.000011
0.000162
0.000067
0.000068
0.000043
0.000864
0.001218
0.000189
0.000011
0.000161
0.000067
0.000075
0.000043
0.000872
0.001199
0.000168
0.000010
0.000162
0.000067
0.000069
0.000043
0.000876
0.001220
0.000165
0.000011
0.000162
0.000066
0.000074
0.000049
0.000880
0.001219
0.000167
0.000012
0.000162
0.000067
0.000069
0.000051
0.000909
0.001198
0.000167
0.000011
0.000163
0.000067
0.000101
0.000046
--STOP--
++STRT++
0.000884
0.001199
0.000166
0.000011
0.000161
0.000067
0.000073
0.000044
0.000881
0.001248
0.000167
0.000011
0.000161
0.000067
0.000082
0.000046
0.000877
0.001219
0.000165
0.000011
0.000161
0.000067
0.000074
0.000048
0.000876
0.001223
0.000182
0.000010
0.000161
0.000067
0.000084
0.000043
0.000872
0.001199
0.000167
0.000012
0.000162
0.000067
0.000096
0.000047
0.000877
0.001278
0.000167
0.000012
0.000161
0.000067
0.000073
0.000045
0.000876
0.001199
0.000169
0.000012
0.000162
0.000066
0.000085
0.000046
0.000872
0.001200
0.000166
0.000010
0.000161
0.000067
0.000082
0.000042
0.000877
0.001198
0.000167
0.000010
0.000161
0.000067
0.000085
0.000045
0.000876
0.001225
0.000167
0.000012
0.000163
0.000068
0.000092
0.000050
--STOP--
++STRT++
0.000863
0.001237
0.000168
0.000010
0.000161
0.000067
0.000082
0.000044
0.000877
0.001219
0.000193
0.000010
0.000161
0.000067
0.000102
0.000047
0.000865
0.001197
0.000167
0.000010
0.000161
0.000067
0.000075
0.000044
0.000872
0.001198
0.000166
0.000011
0.000161
0.000067
0.000073
0.000042
0.000873
0.001235
0.000167
0.000012
0.000162
0.000068
0.000068
0.000045
0.000875
0.001219
0.000166
0.000011
0.000186
0.000066
0.000076
0.000043
0.000948
0.001198
0.000167
0.000010
0.000161
0.000067
0.000073
0.000042
0.000868
0.001197
0.000165
0.000010
0.000161
0.000067
0.000075
0.000048
0.000874
0.001261
0.000167
0.000012
0.000195
0.000067
0.000075
0.000051
0.000870
0.001199
0.000167
0.000011
0.000161
0.000067
0.000069
0.000041
--STOP--
++STRT++
0.000865
0.001217
0.000175
0.000012
0.000162
0.000067
0.000075
0.000046
0.000874
0.001217
0.000167
0.000011
0.000161
0.000066
0.000068
0.000116
0.000898
0.001199
0.000166
0.000011
0.000161
0.000067
0.000084
0.000047
0.000876
0.001198
0.000166
0.000011
0.000161
0.000067
0.000068
0.000048
0.000872
0.001247
0.000167
0.000011
0.000161
0.000067
0.000068
0.000044
0.000873
0.001218
0.000185
0.000010
0.000162
0.000068
0.000074
0.000043
0.000871
0.001221
0.000167
0.000011
0.000161
0.000067
0.000074
0.000047
0.000900
0.001269
0.000170
0.000011
0.000162
0.000067
0.000083
0.000046
0.000936
0.001199
0.000169
0.000012
0.000162
0.000067
0.000076
0.000045
0.000877
0.001199
0.000168
0.000010
0.000162
0.000067
0.000090
0.000047
--STOP--
++STRT++
0.000882
0.001198
0.000165
0.000010
0.000161
0.000067
0.000085
0.000044
0.000885
0.001215
0.000168
0.000010
0.000162
0.000067
0.000092
0.000049
0.000871
0.001266
0.000166
0.000011
0.000161
0.000067
0.000068
0.000049
0.000877
0.001198
0.000167
0.000011
0.000161
0.000067
0.000067
0.000044
0.000874
0.001219
0.000170
0.000010
0.000162
0.000066
0.000084
0.000049
0.000867
0.001198
0.000166
0.000010
0.000162
0.000067
0.000075
0.000046
0.000901
0.001217
0.000170
0.000010
0.000162
0.000067
0.000074
0.000047
0.000864
0.001220
0.000165
0.000010
0.000161
0.000067
0.000094
0.000043
0.000875
0.001224
0.000166
0.000011
0.000184
0.000067
0.000085
0.000051
0.000887
0.001199
0.000167
0.000012
0.000162
0.000067
0.000067
0.000053
--STOP--
++STRT++
0.000899
0.001198
0.000169
0.000011
0.000176
0.000067
0.000067
0.000043
0.000876
0.001215
0.000166
0.000010
0.000162
0.000067
0.000075
0.000046
0.000870
0.001232
0.000183
0.000011
0.000161
0.000067
0.000088
0.000053
0.000875
0.001213
0.000166
0.000010
0.000162
0.000067
0.000075
0.000043
0.000873
0.001199
0.000167
0.000010
0.000161
0.000067
0.000069
0.000045
0.000869
0.001216
0.000168
0.000010
0.000161
0.000067
0.000069
0.000045
0.000875
0.001212
0.000169
0.000011
0.000162
0.000066
0.000100
0.000044
0.000900
0.001199
0.000167
0.000010
0.000161
0.000067
0.000073
0.000045
0.000872
0.001216
0.000167
0.000010
0.000161
0.000067
0.000075
0.000042
0.000880
0.001200
0.000167
0.000010
0.000163
0.000068
0.000090
0.000050
--STOP--
++STRT++
0.000876
0.001198
0.000167
0.000010
0.000162
0.000068
0.000067
0.000048
0.000875
0.001216
0.000166
0.000010
0.000161
0.000067
0.000082
0.000041
0.000871
0.001198
0.000166
0.000011
0.000162
0.000067
0.000073
0.000045
0.000874
0.001271
0.000173
0.000011
0.000162
0.000067
0.000068
0.000047
0.000874
0.001198
0.000166
0.000011
0.000161
0.000067
0.000094
0.000043
0.000870
0.001222
0.000167
0.000010
0.000161
0.000067
0.000067
0.000043
0.000874
0.001217
0.000167
0.000011
0.000229
0.000067
0.000093
0.000047
0.000893
0.001198
0.000166
0.000011
0.000161
0.000067
0.000074
0.000044
0.000887
0.001218
0.000168
0.000011
0.000163
0.000068
0.000076
0.000049
0.000901
0.001198
0.000165
0.000011
0.000161
0.000067
0.000069
0.000049
--STOP--
++STRT++
0.000866
0.001217
0.000195
0.000010
0.000161
0.000067
0.000073
0.000047
0.000876
0.001198
0.000167
0.000010
0.000161
0.000067
0.000073
0.000043
0.000877
0.001198
0.000165
0.000011
0.000162
0.000066
0.000074
0.000047
0.000869
0.001228
0.000166
0.000010
0.000161
0.000067
0.000083
0.000044
0.000872
0.001220
0.000167
0.000011
0.000161
0.000067
0.000074
0.000049
0.000952
0.001201
0.000165
0.000011
0.000161
0.000067
0.000067
0.000047
0.000874
0.001215
0.000167
0.000010
0.000162
0.000067
0.000068
0.000045
0.000900
0.001199
0.000166
0.000010
0.000162
0.000067
0.000072
0.000046
0.000876
0.001198
0.000166
0.000010
0.000162
0.000066
0.000068
0.000043
0.000892
0.001240
0.000173
0.000011
0.000164
0.000068
0.000078
0.000048
--STOP--
++STRT++
0.000905
0.001198
0.000166
0.000011
0.000162
0.000067
0.000067
0.000045
0.000877
0.001217
0.000165
0.000011
0.000161
0.000067
0.000072
0.000044
0.000872
0.001237
0.000177
0.000012
0.000161
0.000067
0.000068
0.000047
0.000876
0.001265
0.000168
0.000011
0.000162
0.000067
0.000067
0.000047
0.000905
0.001199
0.000168
0.000011
0.000161
0.000066
0.000076
0.000047
0.000874
0.001199
0.000167
0.000011
0.000160
0.000067
0.000074
0.000043
0.000881
0.001218
0.000166
0.000011
0.000161
0.000067
0.000074
0.000043
0.000889
0.001219
0.000166
0.000010
0.000161
0.000067
0.000083
0.000047
0.000912
0.001199
0.000166
0.000010
0.000162
0.000067
0.000077
0.000045
0.000872
0.001200
0.000192
0.000012
0.000165
0.000068
0.000070
0.000051
--STOP--
++STRT++
0.000880
0.001223
0.000166
0.000011
0.000212
0.000067
0.000074
0.000044
0.000882
0.001217
0.000166
0.000010
0.000162
0.000067
0.000074
0.000046
0.000882
0.001217
0.000166
0.000010
0.000184
0.000067
0.000073
0.000042
0.000894
0.001198
0.000166
0.000010
0.000162
0.000067
0.000074
0.000048
0.000873
0.001219
0.000165
0.000033
0.000161
0.000067
0.000074
0.000048
0.000864
0.001199
0.000166
0.000011
0.000162
0.000067
0.000069
0.000044
0.000878
0.001198
0.000166
0.000010
0.000162
0.000067
0.000067
0.000044
0.000872
0.001216
0.000166
0.000010
0.000161
0.000067
0.000068
0.000042
0.000905
0.001201
0.000167
0.000013
0.000162
0.000066
0.000069
0.000043
0.000875
0.001223
0.000167
0.000012
0.000162
0.000067
0.000076
0.000046
--STOP--
++STRT++
0.000903
0.001198
0.000167
0.000012
0.000161
0.000089
0.000073
0.000050
0.000876
0.001274
0.000167
0.000010
0.000161
0.000067
0.000068
0.000045
0.000869
0.001268
0.000166
0.000010
0.000161
0.000067
0.000081
0.000043
0.000870
0.001261
0.000168
0.000011
0.000161
0.000067
0.000076
0.000049
0.000879
0.001199
0.000169
0.000010
0.000163
0.000067
0.000086
0.000052
0.000873
0.001215
0.000167
0.000010
0.000162
0.000067
0.000074
0.000051
0.000872
0.001198
0.000168
0.000011
0.000160
0.000067
0.000082
0.000052
0.000886
0.001198
0.000167
0.000011
0.000162
0.000067
0.000073
0.000047
0.000913
0.001258
0.000168
0.000010
0.000162
0.000067
0.000068
0.000046
0.000869
0.001199
0.000168
0.000011
0.000164
0.000068
0.000079
0.000047
--STOP--
++STRT++
0.000864
0.001198
0.000167
0.000010
0.000161
0.000067
0.000082
0.000045
0.000875
0.001216
0.000190
0.000011
0.000161
0.000067
0.000073
0.000043
0.000878
0.001229
0.000182
0.000010
0.000161
0.000067
0.000073
0.000041
0.000874
0.001230
0.000167
0.000010
0.000161
0.000066
0.000074
0.000048
0.000876
0.001214
0.000167
0.000010
0.000162
0.000067
0.000085
0.000048
0.000889
0.001198
0.000169
0.000010
0.000161
0.000067
0.000084
0.000044
0.000871
0.001218
0.000167
0.000010
0.000161
0.000067
0.000074
0.000040
0.000880
0.001199
0.000168
0.000010
0.000160
0.000067
0.000082
0.000046
0.000879
0.001220
0.000167
0.000012
0.000162
0.000067
0.000068
0.000046
0.000876
0.001200
0.000169
0.000013
0.000164
0.000069
0.000094
0.000053
--STOP--
++STRT++
0.000875
0.001198
0.000166
0.000010
0.000162
0.000067
0.000073
0.000047
0.000879
0.001199
0.000166
0.000011
0.000161
0.000067
0.000075
0.000044
0.000877
0.001199
0.000166
0.000012
0.000162
0.000068
0.000074
0.000042
0.000880
0.001266
0.000166
0.000010
0.000161
0.000067
0.000081
0.000042
0.000875
0.001198
0.000166
0.000011
0.000162
0.000068
0.000077
0.000045
0.000882
0.001198
0.000167
0.000011
0.000161
0.000067
0.000083
0.000048
0.000875
0.001217
0.000168
0.000010
0.000185
0.000067
0.000075
0.000050
0.000915
0.001223
0.000172
0.000010
0.000162
0.000068
0.000084
0.000043
0.000875
0.001201
0.000167
0.000011
0.000163
0.000067
0.000075
0.000046
0.000876
0.001223
0.000168
0.000012
0.000162
0.000067
0.000077
0.000047
--STOP--
++STRT++
0.000887
0.001234
0.000168
0.000011
0.000185
0.000066
0.000072
0.000046
0.000874
0.001222
0.000167
0.000012
0.000161
0.000067
0.000067
0.000043
0.000874
0.001199
0.000169
0.000010
0.000162
0.000066
0.000074
0.000047
0.000889
0.001218
0.000169
0.000010
0.000161
0.000067
0.000068
0.000046
0.000877
0.001202
0.000167
0.000012
0.000163
0.000068
0.000078
0.000050
0.000864
0.001216
0.000188
0.000012
0.000162
0.000067
0.000107
0.000045
0.000872
0.001221
0.000166
0.000011
0.000161
0.000068
0.000075
0.000044
0.000872
0.001216
0.000191
0.000011
0.000162
0.000067
0.000087
0.000047
0.000878
0.001214
0.000169
0.000011
0.000162
0.000066
0.000077
0.000044
0.000866
0.001218
0.000172
0.000011
0.000163
0.000068
0.000070
0.000051
--STOP--
++STRT++
0.000864
0.001214
0.000166
0.000010
0.000162
0.000067
0.000074
0.000043
0.000876
0.001202
0.000167
0.000011
0.000162
0.000067
0.000083
0.000043
0.000888
0.001216
0.000168
0.000010
0.000162
0.000067
0.000066
0.000044
0.000871
0.001198
0.000165
0.000010
0.000161
0.000067
0.000083
0.000041
0.000870
0.001223
0.000166
0.000011
0.000161
0.000067
0.000075
0.000044
0.000872
0.001217
0.000166
0.000010
0.000161
0.000067
0.000067
0.000048
0.000871
0.001199
0.000166
0.000011
0.000162
0.000067
0.000074
0.000044
0.000874
0.001219
0.000166
0.000011
0.000161
0.000067
0.000074
0.000043
0.000869
0.001199
0.000168
0.000011
0.000163
0.000067
0.000086
0.000049
0.000876
0.001199
0.000171
0.000010
0.000163
0.000068
0.000090
0.000049
--STOP--
++STRT++
0.000864
0.001203
0.000167
0.000011
0.000162
0.000067
0.000067
0.000044
0.000875
0.001260
0.000167
0.000011
0.000162
0.000067
0.000083
0.000047
0.000874
0.001221
0.000165
0.000010
0.000162
0.000066
0.000074
0.000043
0.000880
0.001217
0.000174
0.000010
0.000162
0.000067
0.000074
0.000046
0.000874
0.001268
0.000166
0.000011
0.000161
0.000067
0.000076
0.000046
0.000898
0.001214
0.000165
0.000010
0.000162
0.000067
0.000084
0.000107
0.000904
0.001198
0.000166
0.000011
0.000161
0.000067
0.000073
0.000044
0.000874
0.001212
0.000165
0.000010
0.000162
0.000067
0.000073
0.000046
0.000872
0.001222
0.000169
0.000010
0.000161
0.000067
0.000068
0.000044
0.000897
0.001198
0.000173
0.000010
0.000162
0.000067
0.000075
0.000047
--STOP--
++STRT++
0.000864
0.001197
0.000167
0.000011
0.000161
0.000067
0.000074
0.000047
0.000876
0.001220
0.000166
0.000011
0.000161
0.000068
0.000073
0.000042
0.000896
0.001231
0.000169
0.000011
0.000162
0.000067
0.000075
0.000047
0.000876
0.001218
0.000167
0.000010
0.000228
0.000067
0.000101
0.000053
0.000941
0.001265
0.000166
0.000011
0.000162
0.000066
0.000075
0.000044
0.000867
0.001200
0.000167
0.000010
0.000161
0.000067
0.000093
0.000046
0.000875
0.001216
0.000167
0.000011
0.000161
0.000067
0.000075
0.000043
0.000880
0.001199
0.000166
0.000011
0.000162
0.000067
0.000069
0.000048
0.000897
0.001214
0.000167
0.000010
0.000161
0.000067
0.000069
0.000041
0.000875
0.001256
0.000166
0.000012
0.000163
0.000068
0.000077
0.000043
--STOP--
++STRT++
0.000863
0.001211
0.000166
0.000011
0.000162
0.000067
0.000077
0.000048
0.000875
0.001217
0.000166
0.000011
0.000161
0.000067
0.000073
0.000043
0.000875
0.001223
0.000167
0.000010
0.000162
0.000066
0.000075
0.000044
0.000863
0.001198
0.000166
0.000013
0.000161
0.000067
0.000074
0.000043
0.000873
0.001199
0.000167
0.000013
0.000163
0.000068
0.000088
0.000052
0.000876
0.001199
0.000166
0.000010
0.000162
0.000066
0.000073
0.000050
0.000872
0.001198
0.000168
0.000010
0.000161
0.000067
0.000073
0.000046
0.000878
0.001198
0.000166
0.000010
0.000162
0.000067
0.000076
0.000045
0.000876
0.001217
0.000168
0.000012
0.000162
0.000067
0.000068
0.000052
0.000878
0.001201
0.000169
0.000010
0.000162
0.000068
0.000079
0.000045
--STOP--
++STRT++
0.000898
0.001199
0.000168
0.000010
0.000161
0.000085
0.000067
0.000046
0.000873
0.001218
0.000166
0.000012
0.000161
0.000067
0.000073
0.000044
0.000897
0.001198
0.000166
0.000010
0.000161
0.000067
0.000073
0.000043
0.000875
0.001198
0.000174
0.000010
0.000162
0.000067
0.000067
0.000050
0.000874
0.001218
0.000167
0.000010
0.000161
0.000070
0.000086
0.000044
0.000883
0.001202
0.000166
0.000010
0.000162
0.000067
0.000073
0.000043
0.000882
0.001200
0.000168
0.000011
0.000162
0.000067
0.000074
0.000044
0.000878
0.001200
0.000166
0.000011
0.000160
0.000066
0.000084
0.000044
0.000875
0.001198
0.000169
0.000012
0.000162
0.000066
0.000074
0.000043
0.000870
0.001199
0.000167
0.000011
0.000162
0.000068
0.000072
0.000045
--STOP--
++STRT++
0.000864
0.001198
0.000166
0.000010
0.000161
0.000067
0.000067
0.000045
0.000890
0.001265
0.000166
0.000010
0.000162
0.000067
0.000073
0.000042
0.000948
0.001218
0.000166
0.000010
0.000161
0.000067
0.000067
0.000046
0.000866
0.001215
0.000183
0.000010
0.000161
0.000067
0.000073
0.000049
0.000872
0.001216
0.000166
0.000010
0.000162
0.000067
0.000086
0.000043
0.000898
0.001261
0.000166
0.000010
0.000161
0.000067
0.000083
0.000044
0.000863
0.001198
0.000167
0.000010
0.000161
0.000067
0.000075
0.000043
0.000866
0.001199
0.000165
0.000011
0.000161
0.000087
0.000075
0.000045
0.000864
0.001202
0.000164
0.000011
0.000161
0.000066
0.000074
0.000046
0.000869
0.001214
0.000168
0.000010
0.000163
0.000069
0.000077
0.000048
--STOP--
++STRT++
0.000894
0.001198
0.000166
0.000010
0.000162
0.000067
0.000073
0.000048
0.000874
0.001217
0.000169
0.000011
0.000162
0.000067
0.000076
0.000043
0.000911
0.001198
0.000167
0.000011
0.000161
0.000067
0.000073
0.000050
0.000875
0.001216
0.000166
0.000010
0.000161
0.000067
0.000074
0.000048
0.000873
0.001215
0.000166
0.000010
0.000162
0.000067
0.000086
0.000046
0.000871
0.001218
0.000167
0.000010
0.000161
0.000067
0.000068
0.000045
0.000902
0.001262
0.000166
0.000037
0.000161
0.000067
0.000073
0.000044
0.000948
0.001198
0.000166
0.000011
0.000162
0.000067
0.000074
0.000050
0.000864
0.001244
0.000167
0.000011
0.000161
0.000067
0.000075
0.000050
0.000941
0.001199
0.000167
0.000010
0.000162
0.000067
0.000069
0.000045
--STOP--
++STRT++
0.000893
0.001198
0.000167
0.000011
0.000213
0.000067
0.000083
0.000041
0.000884
0.001243
0.000167
0.000011
0.000161
0.000067
0.000083
0.000044
0.000897
0.001219
0.000167
0.000011
0.000161
0.000067
0.000084
0.000044
0.000875
0.001215
0.000167
0.000011
0.000161
0.000067
0.000074
0.000047
0.000876
0.001260
0.000166
0.000012
0.000161
0.000067
0.000067
0.000048
0.000865
0.001198
0.000168
0.000011
0.000162
0.000067
0.000067
0.000045
0.000872
0.001214
0.000165
0.000011
0.000161
0.000067
0.000074
0.000044
0.000873
0.001217
0.000169
0.000011
0.000162
0.000067
0.000085
0.000043
0.000873
0.001211
0.000165
0.000010
0.000162
0.000067
0.000083
0.000044
0.000874
0.001217
0.000166
0.000012
0.000164
0.000068
0.000109
0.000047
--STOP--
++STRT++
0.000877
0.001201
0.000167
0.000010
0.000162
0.000067
0.000073
0.000042
0.000871
0.001221
0.000167
0.000011
0.000161
0.000066
0.000073
0.000047
0.000877
0.001199
0.000166
0.000010
0.000161
0.000066
0.000067
0.000044
0.000881
0.001222
0.000166
0.000011
0.000161
0.000067
0.000073
0.000048
0.000907
0.001206
0.000167
0.000011
0.000162
0.000068
0.000069
0.000045
0.000905
0.001220
0.000166
0.000010
0.000161
0.000067
0.000076
0.000048
0.000902
0.001217
0.000166
0.000011
0.000162
0.000067
0.000085
0.000046
0.000902
0.001198
0.000165
0.000011
0.000161
0.000067
0.000067
0.000044
0.000873
0.001240
0.000167
0.000011
0.000162
0.000067
0.000069
0.000048
0.000956
0.001201
0.000167
0.000011
0.000163
0.000069
0.000109
0.000050
--STOP--
++STRT++
0.000893
0.001198
0.000166
0.000010
0.000161
0.000067
0.000096
0.000046
0.000872
0.001199
0.000166
0.000011
0.000162
0.000067
0.000075
0.000044
0.000899
0.001217
0.000166
0.000011
0.000161
0.000067
0.000084
0.000043
0.000884
0.001199
0.000166
0.000011
0.000162
0.000067
0.000068
0.000043
0.000874
0.001266
0.000170
0.000010
0.000162
0.000067
0.000074
0.000046
0.000874
0.001219
0.000184
0.000010
0.000162
0.000067
0.000104
0.000047
0.000879
0.001200
0.000168
0.000010
0.000161
0.000067
0.000076
0.000045
0.000872
0.001199
0.000186
0.000010
0.000161
0.000067
0.000083
0.000049
0.000908
0.001219
0.000167
0.000010
0.000162
0.000068
0.000086
0.000045
0.000880
0.001199
0.000167
0.000011
0.000163
0.000068
0.000091
0.000051
--STOP--
++STRT++
0.000875
0.001216
0.000166
0.000010
0.000160
0.000067
0.000085
0.000046
0.000876
0.001258
0.000166
0.000011
0.000161
0.000066
0.000073
0.000045
0.000871
0.001218
0.000189
0.000011
0.000161
0.000067
0.000074
0.000043
0.000872
0.001224
0.000167
0.000010
0.000162
0.000066
0.000073
0.000047
0.000949
0.001217
0.000167
0.000012
0.000188
0.000067
0.000068
0.000046
0.000961
0.001198
0.000166
0.000011
0.000161
0.000066
0.000068
0.000047
0.000880
0.001218
0.000167
0.000010
0.000184
0.000067
0.000072
0.000047
0.000895
0.001199
0.000169
0.000010
0.000162
0.000067
0.000094
0.000048
0.000875
0.001214
0.000170
0.000011
0.000161
0.000067
0.000102
0.000051
0.000865
0.001226
0.000167
0.000013
0.000163
0.000068
0.000103
0.000050
--STOP--
++STRT++
0.000864
0.001198
0.000167
0.000011
0.000161
0.000067
0.000073
0.000044
0.000877
0.001219
0.000167
0.000011
0.000161
0.000067
0.000076
0.000071
0.000905
0.001230
0.000165
0.000011
0.000161
0.000067
0.000073
0.000046
0.000879
0.001220
0.000167
0.000010
0.000161
0.000067
0.000068
0.000041
0.000876
0.001222
0.000167
0.000010
0.000163
0.000067
0.000087
0.000048
0.000876
0.001214
0.000166
0.000011
0.000162
0.000068
0.000088
0.000042
0.000872
0.001226
0.000166
0.000011
0.000162
0.000068
0.000073
0.000050
0.000873
0.001199
0.000165
0.000010
0.000161
0.000067
0.000073
0.000049
0.000867
0.001266
0.000165
0.000011
0.000161
0.000068
0.000085
0.000049
0.000900
0.001199
0.000166
0.000011
0.000162
0.000067
0.000070
0.000050
--STOP--
++STRT++
0.000864
0.001197
0.000166
0.000011
0.000162
0.000067
0.000082
0.000044
0.000874
0.001219
0.000167
0.000010
0.000184
0.000068
0.000074
0.000043
0.000905
0.001198
0.000166
0.000010
0.000162
0.000067
0.000072
0.000049
0.000887
0.001215
0.000187
0.000012
0.000161
0.000067
0.000084
0.000042
0.000875
0.001221
0.000169
0.000011
0.000187
0.000067
0.000077
0.000045
0.000950
0.001198
0.000166
0.000010
0.000161
0.000067
0.000073
0.000045
0.000892
0.001199
0.000167
0.000011
0.000161
0.000067
0.000076
0.000046
0.000879
0.001256
0.000165
0.000011
0.000186
0.000067
0.000073
0.000048
0.000881
0.001199
0.000172
0.000011
0.000162
0.000067
0.000075
0.000047
0.000872
0.001199
0.000168
0.000012
0.000163
0.000069
0.000083
0.000050
--STOP--
++STRT++
0.000875
0.001198
0.000166
0.000010
0.000161
0.000066
0.000083
0.000043
0.000881
0.001217
0.000169
0.000011
0.000162
0.000067
0.000067
0.000117
0.000876
0.001198
0.000166
0.000011
0.000161
0.000067
0.000074
0.000046
0.000871
0.001264
0.000168
0.000010
0.000161
0.000067
0.000069
0.000044
0.000873
0.001266
0.000170
0.000013
0.000163
0.000068
0.000077
0.000046
0.000928
0.001220
0.000166
0.000013
0.000161
0.000067
0.000067
0.000046
0.000870
0.001261
0.000166
0.000010
0.000161
0.000067
0.000082
0.000044
0.000948
0.001198
0.000165
0.000011
0.000162
0.000067
0.000068
0.000044
0.000877
0.001267
0.000166
0.000010
0.000161
0.000067
0.000074
0.000046
0.000885
0.001199
0.000165
0.000011
0.000162
0.000069
0.000078
0.000046
--STOP--
++STRT++
0.000876
0.001216
0.000168
0.000011
0.000161
0.000067
0.000094
0.000044
0.000875
0.001216
0.000166
0.000011
0.000161
0.000066
0.000068
0.000046
0.000879
0.001201
0.000170
0.000010
0.000162
0.000067
0.000074
0.000047
0.000890
0.001216
0.000167
0.000011
0.000162
0.000067
0.000068
0.000046
0.000905
0.001198
0.000166
0.000011
0.000163
0.000068
0.000077
0.000044
0.000876
0.001198
0.000169
0.000010
0.000161
0.000067
0.000074
0.000048
0.000872
0.001219
0.000165
0.000011
0.000161
0.000066
0.000074
0.000043
0.000875
0.001199
0.000166
0.000010
0.000162
0.000068
0.000067
0.000044
0.000874
0.001200
0.000167
0.000010
0.000163
0.000068
0.000078
0.000070
0.000897
0.001222
0.000166
0.000011
0.000186
0.000067
0.000078
0.000046
--STOP--
++STRT++
0.000864
0.001217
0.000168
0.000011
0.000162
0.000067
0.000091
0.000048
0.000875
0.001219
0.000167
0.000011
0.000162
0.000067
0.000100
0.000045
0.000872
0.001198
0.000167
0.000010
0.000161
0.000066
0.000073
0.000042
0.000870
0.001198
0.000166
0.000010
0.000161
0.000068
0.000072
0.000047
0.000870
0.001215
0.000169
0.000011
0.000161
0.000067
0.000068
0.000042
0.000901
0.001199
0.000166
0.000011
0.000162
0.000067
0.000074
0.000044
0.000954
0.001211
0.000166
0.000011
0.000162
0.000067
0.000068
0.000047
0.000864
0.001198
0.000169
0.000013
0.000161
0.000067
0.000072
0.000047
0.000907
0.001224
0.000169
0.000011
0.000163
0.000067
0.000077
0.000051
0.000875
0.001199
0.000167
0.000011
0.000161
0.000067
0.000075
0.000044
--STOP--
++STRT++
0.000863
0.001198
0.000171
0.000010
0.000161
0.000067
0.000082
0.000043
0.000873
0.001219
0.000165
0.000010
0.000161
0.000066
0.000075
0.000045
0.000944
0.001231
0.000186
0.000011
0.000161
0.000067
0.000105
0.000044
0.000873
0.001224
0.000168
0.000011
0.000162
0.000067
0.000068
0.000043
0.000899
0.001244
0.000166
0.000010
0.000163
0.000067
0.000076
0.000043
0.000864
0.001199
0.000165
0.000010
0.000161
0.000067
0.000084
0.000043
0.000870
0.001198
0.000166
0.000010
0.000161
0.000068
0.000082
0.000044
0.000871
0.001198
0.000166
0.000011
0.000162
0.000067
0.000073
0.000047
0.000873
0.001199
0.000166
0.000011
0.000161
0.000067
0.000086
0.000044
0.000874
0.001201
0.000168
0.000012
0.000163
0.000068
0.000080
0.000052
--STOP--
++STRT++
0.000877
0.001198
0.000166
0.000012
0.000161
0.000067
0.000072
0.000048
0.000903
0.001221
0.000166
0.000038
0.000161
0.000067
0.000072
0.000045
0.000871
0.001199
0.000169
0.000012
0.000161
0.000066
0.000074
0.000041
0.000873
0.001198
0.000168
0.000010
0.000161
0.000067
0.000067
0.000052
0.000912
0.001199
0.000166
0.000011
0.000162
0.000068
0.000085
0.000054
0.000877
0.001219
0.000169
0.000010
0.000162
0.000094
0.000075
0.000049
0.000873
0.001199
0.000166
0.000011
0.000161
0.000067
0.000086
0.000045
0.000873
0.001198
0.000168
0.000011
0.000161
0.000067
0.000067
0.000043
0.000879
0.001198
0.000166
0.000011
0.000161
0.000068
0.000074
0.000048
0.000879
0.001222
0.000168
0.000011
0.000162
0.000068
0.000079
0.000056
--STOP--
++STRT++
0.000903
0.001217
0.000164
0.000011
0.000186
0.000067
0.000069
0.000046
0.000880
0.001217
0.000170
0.000010
0.000162
0.000067
0.000069
0.000045
0.000869
0.001220
0.000170
0.000010
0.000161
0.000067
0.000075
0.000047
0.000869
0.001221
0.000167
0.000011
0.000162
0.000067
0.000073
0.000052
0.000870
0.001216
0.000167
0.000011
0.000161
0.000067
0.000075
0.000042
0.000882
0.001216
0.000168
0.000011
0.000162
0.000067
0.000073
0.000051
0.000864
0.001197
0.000166
0.000010
0.000162
0.000067
0.000075
0.000044
0.000871
0.001201
0.000166
0.000010
0.000161
0.000067
0.000075
0.000046
0.000872
0.001219
0.000169
0.000011
0.000162
0.000067
0.000070
0.000050
0.000902
0.001264
0.000170
0.000013
0.000163
0.000068
0.000073
0.000048
--STOP--
++STRT++
0.000875
0.001198
0.000170
0.000012
0.000162
0.000066
0.000073
0.000043
0.000873
0.001216
0.000166
0.000010
0.000161
0.000067
0.000082
0.000044
0.000883
0.001220
0.000166
0.000011
0.000161
0.000067
0.000107
0.000052
0.000896
0.001198
0.000168
0.000011
0.000161
0.000067
0.000076
0.000047
0.000875
0.001218
0.000165
0.000011
0.000187
0.000067
0.000087
0.000044
0.000871
0.001224
0.000170
0.000010
0.000162
0.000067
0.000073
0.000042
0.000870
0.001210
0.000189
0.000010
0.000162
0.000067
0.000073
0.000044
0.000901
0.001199
0.000165
0.000011
0.000162
0.000067
0.000073
0.000043
0.000875
0.001198
0.000166
0.000010
0.000162
0.000068
0.000074
0.000045
0.000877
0.001259
0.000169
0.000011
0.000163
0.000067
0.000078
0.000051
--STOP--
++STRT++
0.000865
0.001199
0.000165
0.000012
0.000161
0.000067
0.000091
0.000040
0.000873
0.001233
0.000166
0.000010
0.000163
0.000067
0.000067
0.000045
0.000877
0.001218
0.000166
0.000011
0.000214
0.000067
0.000083
0.000044
0.000877
0.001218
0.000166
0.000011
0.000162
0.000067
0.000081
0.000043
0.000871
0.001198
0.000168
0.000010
0.000161
0.000067
0.000075
0.000045
0.000903
0.001198
0.000165
0.000011
0.000161
0.000067
0.000073
0.000045
0.000871
0.001215
0.000166
0.000011
0.000163
0.000067
0.000082
0.000044
0.000866
0.001212
0.000166
0.000011
0.000162
0.000067
0.000073
0.000048
0.000894
0.001198
0.000168
0.000010
0.000162
0.000067
0.000095
0.000046
0.000871
0.001200
0.000167
0.000012
0.000164
0.000068
0.000071
0.000044
--STOP--
++STRT++
0.000900
0.001216
0.000166
0.000011
0.000161
0.000067
0.000068
0.000045
0.000874
0.001239
0.000165
0.000010
0.000161
0.000067
0.000067
0.000046
0.000953
0.001225
0.000167
0.000011
0.000161
0.000067
0.000069
0.000043
0.000878
0.001214
0.000168
0.000010
0.000162
0.000066
0.000074
0.000046
0.000879
0.001198
0.000171
0.000011
0.000162
0.000068
0.000100
0.000053
0.000896
0.001199
0.000165
0.000011
0.000162
0.000067
0.000068
0.000048
0.000884
0.001216
0.000166
0.000010
0.000161
0.000066
0.000068
0.000048
0.000873
0.001198
0.000167
0.000010
0.000162
0.000066
0.000085
0.000043
0.000867
0.001198
0.000172
0.000013
0.000162
0.000068
0.000077
0.000052
0.000954
0.001221
0.000166
0.000010
0.000161
0.000067
0.000101
0.000046
--STOP--
++STRT++
0.000877
0.001202
0.000166
0.000010
0.000161
0.000067
0.000074
0.000042
0.000907
0.001249
0.000166
0.000010
0.000162
0.000067
0.000076
0.000043
0.000901
0.001225
0.000168
0.000011
0.000162
0.000067
0.000082
0.000044
0.000871
0.001198
0.000166
0.000010
0.000161
0.000067
0.000082
0.000046
0.000875
0.001198
0.000166
0.000010
0.000162
0.000067
0.000073
0.000046
0.000871
0.001198
0.000166
0.000010
0.000161
0.000067
0.000068
0.000042
0.000892
0.001198
0.000166
0.000010
0.000161
0.000067
0.000067
0.000048
0.000871
0.001217
0.000184
0.000011
0.000161
0.000067
0.000114
0.000049
0.000869
0.001248
0.000167
0.000011
0.000161
0.000067
0.000075
0.000044
0.000875
0.001198
0.000169
0.000010
0.000162
0.000067
0.000085
0.000044
--STOP--
++STRT++
0.000876
0.001204
0.000168
0.000011
0.000162
0.000067
0.000084
0.000045
0.000903
0.001213
0.000169
0.000011
0.000162
0.000067
0.000085
0.000048
0.000869
0.001215
0.000166
0.000010
0.000162
0.000067
0.000073
0.000047
0.000864
0.001198
0.000168
0.000012
0.000161
0.000067
0.000074
0.000046
0.000880
0.001199
0.000167
0.000010
0.000162
0.000067
0.000074
0.000051
0.000872
0.001259
0.000169
0.000011
0.000162
0.000067
0.000086
0.000047
0.000877
0.001198
0.000166
0.000011
0.000161
0.000067
0.000074
0.000041
0.000873
0.001210
0.000180
0.000011
0.000162
0.000067
0.000074
0.000047
0.000878
0.001199
0.000166
0.000010
0.000163
0.000068
0.000074
0.000049
0.000882
0.001202
0.000170
0.000012
0.000163
0.000068
0.000081
0.000048
--STOP--
++STRT++
0.000875
0.001198
0.000166
0.000010
0.000161
0.000067
0.000068
0.000046
0.000876
0.001221
0.000166
0.000010
0.000161
0.000067
0.000076
0.000071
0.000873
0.001198
0.000167
0.000010
0.000162
0.000067
0.000067
0.000047
0.000875
0.001198
0.000166
0.000010
0.000161
0.000067
0.000083
0.000047
0.000867
0.001219
0.000166
0.000010
0.000162
0.000068
0.000069
0.000046
0.000872
0.001236
0.000166
0.000010
0.000161
0.000067
0.000074
0.000047
0.000876
0.001268
0.000166
0.000011
0.000161
0.000067
0.000074
0.000046
0.000874
0.001199
0.000166
0.000010
0.000161
0.000067
0.000084
0.000044
0.000883
0.001199
0.000170
0.000010
0.000162
0.000068
0.000085
0.000048
0.000876
0.001223
0.000167
0.000010
0.000162
0.000067
0.000076
0.000049
--STOP--
++STRT++
0.000892
0.001216
0.000166
0.000010
0.000161
0.000067
0.000074
0.000043
0.000874
0.001217
0.000166
0.000011
0.000162
0.000067
0.000067
0.000045
0.000957
0.001199
0.000166
0.000010
0.000162
0.000066
0.000092
0.000047
0.000875
0.001219
0.000166
0.000010
0.000162
0.000067
0.000081
0.000051
0.000872
0.001198
0.000167
0.000012
0.000162
0.000067
0.000126
0.000048
0.000889
0.001202
0.000167
0.000011
0.000161
0.000067
0.000073
0.000045
0.000870
0.001199
0.000166
0.000010
0.000161
0.000067
0.000068
0.000044
0.000875
0.001263
0.000166
0.000010
0.000161
0.000066
0.000072
0.000044
0.000878
0.001270
0.000170
0.000011
0.000162
0.000067
0.000068
0.000042
0.000874
0.001219
0.000171
0.000010
0.000162
0.000067
0.000081
0.000048
--STOP--
++STRT++
0.000884
0.001253
0.000166
0.000011
0.000161
0.000067
0.000068
0.000046
0.000866
0.001225
0.000166
0.000010
0.000161
0.000066
0.000069
0.000045
0.000877
0.001197
0.000166
0.000010
0.000162
0.000067
0.000081
0.000044
0.000905
0.001218
0.000166
0.000011
0.000161
0.000067
0.000068
0.000045
0.000898
0.001198
0.000166
0.000010
0.000162
0.000067
0.000070
0.000042
0.000871
0.001232
0.000189
0.000012
0.000162
0.000067
0.000083
0.000046
0.000879
0.001214
0.000168
0.000010
0.000163
0.000067
0.000067
0.000045
0.000907
0.001198
0.000166
0.000010
0.000161
0.000066
0.000073
0.000043
0.000876
0.001217
0.000171
0.000012
0.000179
0.000066
0.000077
0.000048
0.000874
0.001199
0.000175
0.000011
0.000163
0.000068
0.000071
0.000050
--STOP--
++STRT++
0.000876
0.001198
0.000166
0.000011
0.000161
0.000067
0.000072
0.000048
0.000903
0.001222
0.000165
0.000010
0.000161
0.000066
0.000075
0.000049
0.000884
0.001264
0.000166
0.000010
0.000161
0.000090
0.000072
0.000044
0.000904
0.001198
0.000171
0.000010
0.000161
0.000067
0.000073
0.000045
0.000873
0.001214
0.000168
0.000011
0.000161
0.000067
0.000086
0.000044
0.000866
0.001198
0.000167
0.000012
0.000162
0.000067
0.000075
0.000045
0.000869
0.001218
0.000166
0.000010
0.000162
0.000067
0.000074
0.000043
0.000880
0.001198
0.000166
0.000011
0.000162
0.000066
0.000094
0.000051
0.000871
0.001198
0.000166
0.000012
0.000161
0.000067
0.000090
0.000043
0.000871
0.001217
0.000169
0.000014
0.000162
0.000067
0.000103
0.000049
--STOP--
++STRT++
0.000864
0.001197
0.000166
0.000011
0.000162
0.000068
0.000076
0.000046
0.000874
0.001267
0.000168
0.000011
0.000161
0.000067
0.000074
0.000046
0.000873
0.001219
0.000166
0.000010
0.000162
0.000067
0.000073
0.000045
0.000875
0.001219
0.000167
0.000011
0.000161
0.000067
0.000087
0.000044
0.000902
0.001221
0.000167
0.000011
0.000164
0.000092
0.000070
0.000049
0.000874
0.001219
0.000166
0.000011
0.000161
0.000067
0.000074
0.000069
0.000881
0.001222
0.000171
0.000010
0.000160
0.000067
0.000074
0.000043
0.000872
0.001200
0.000166
0.000010
0.000161
0.000067
0.000074
0.000046
0.000885
0.001200
0.000169
0.000010
0.000161
0.000068
0.000076
0.000046
0.000873
0.001227
0.000165
0.000010
0.000162
0.000067
0.000077
0.000048
--STOP--
++STRT++
0.000864
0.001200
0.000166
0.000011
0.000161
0.000067
0.000068
0.000044
0.000904
0.001253
0.000170
0.000011
0.000162
0.000067
0.000074
0.000043
0.000873
0.001247
0.000167
0.000011
0.000162
0.000067
0.000084
0.000046
0.000872
0.001257
0.000166
0.000010
0.000162
0.000068
0.000101
0.000041
0.000903
0.001215
0.000167
0.000011
0.000163
0.000067
0.000070
0.000047
0.000871
0.001211
0.000166
0.000010
0.000160
0.000067
0.000068
0.000045
0.000873
0.001198
0.000164
0.000010
0.000162
0.000067
0.000074
0.000046
0.000871
0.001265
0.000169
0.000012
0.000161
0.000067
0.000073
0.000048
0.000877
0.001214
0.000168
0.000010
0.000162
0.000067
0.000075
0.000055
0.000869
0.001199
0.000166
0.000012
0.000162
0.000067
0.000070
0.000046
--STOP--
++STRT++
0.000875
0.001224
0.000167
0.000011
0.000162
0.000067
0.000073
0.000043
0.000869
0.001219
0.000165
0.000011
0.000161
0.000067
0.000073
0.000044
0.000913
0.001198
0.000166
0.000011
0.000161
0.000067
0.000083
0.000045
0.000893
0.001220
0.000168
0.000010
0.000161
0.000067
0.000068
0.000051
0.000875
0.001261
0.000167
0.000010
0.000162
0.000066
0.000069
0.000048
0.000872
0.001197
0.000166
0.000011
0.000162
0.000066
0.000068
0.000045
0.000875
0.001198
0.000166
0.000010
0.000161
0.000067
0.000082
0.000042
0.000871
0.001222
0.000169
0.000010
0.000162
0.000067
0.000084
0.000050
0.000884
0.001199
0.000166
0.000011
0.000162
0.000067
0.000094
0.000041
0.000912
0.001200
0.000168
0.000011
0.000162
0.000068
0.000102
0.000046
--STOP--
++STRT++
0.000864
0.001221
0.000167
0.000010
0.000162
0.000066
0.000082
0.000045
0.000882
0.001198
0.000170
0.000011
0.000162
0.000067
0.000067
0.000045
0.000867
0.001218
0.000166
0.000011
0.000161
0.000066
0.000067
0.000048
0.000870
0.001273
0.000165
0.000010
0.000162
0.000067
0.000068
0.000044
0.000872
0.001263
0.000167
0.000010
0.000162
0.000068
0.000069
0.000049
0.000874
0.001242
0.000169
0.000010
0.000161
0.000066
0.000067
0.000045
0.000885
0.001198
0.000166
0.000010
0.000162
0.000066
0.000074
0.000047
0.000873
0.001266
0.000166
0.000012
0.000162
0.000067
0.000073
0.000044
0.000909
0.001199
0.000167
0.000011
0.000161
0.000067
0.000085
0.000042
0.000872
0.001223
0.000171
0.000012
0.000163
0.000067
0.000080
0.000049
--STOP--
++STRT++
0.000864
0.001198
0.000166
0.000012
0.000162
0.000067
0.000068
0.000044
0.000876
0.001217
0.000166
0.000011
0.000161
0.000066
0.000068
0.000047
0.000869
0.001257
0.000166
0.000010
0.000162
0.000067
0.000153
0.000044
0.000864
0.001264
0.000165
0.000010
0.000161
0.000067
0.000068
0.000071
0.000873
0.001269
0.000167
0.000011
0.000162
0.000067
0.000074
0.000047
0.000867
0.001199
0.000167
0.000010
0.000162
0.000067
0.000068
0.000045
0.000881
0.001222
0.000166
0.000011
0.000161
0.000067
0.000073
0.000046
0.000876
0.001198
0.000166
0.000011
0.000161
0.000067
0.000092
0.000042
0.000873
0.001216
0.000166
0.000011
0.000162
0.000067
0.000084
0.000054
0.000889
0.001198
0.000170
0.000010
0.000161
0.000067
0.000075
0.000045
--STOP--
++STRT++
0.000876
0.001203
0.000170
0.000011
0.000162
0.000068
0.000075
0.000047
0.000875
0.001218
0.000166
0.000011
0.000161
0.000067
0.000075
0.000043
0.000877
0.001198
0.000170
0.000010
0.000161
0.000067
0.000067
0.000045
0.000875
0.001218
0.000166
0.000011
0.000161
0.000066
0.000074
0.000075
0.000877
0.001237
0.000167
0.000010
0.000163
0.000067
0.000075
0.000049
0.000872
0.001267
0.000166
0.000010
0.000190
0.000067
0.000091
0.000049
0.000881
0.001197
0.000166
0.000010
0.000161
0.000067
0.000083
0.000053
0.000873
0.001266
0.000170
0.000034
0.000162
0.000066
0.000092
0.000046
0.000877
0.001199
0.000168
0.000011
0.000162
0.000068
0.000075
0.000042
0.000869
0.001200
0.000173
0.000016
0.000164
0.000069
0.000096
0.000061
--STOP--
++STRT++
0.000877
0.001220
0.000166
0.000011
0.000161
0.000067
0.000069
0.000042
0.000875
0.001221
0.000192
0.000012
0.000162
0.000067
0.000067
0.000045
0.000872
0.001198
0.000166
0.000011
0.000161
0.000067
0.000073
0.000047
0.000877
0.001251
0.000166
0.000011
0.000162
0.000067
0.000093
0.000044
0.000875
0.001227
0.000167
0.000012
0.000161
0.000067
0.000092
0.000048
0.000872
0.001198
0.000165
0.000010
0.000162
0.000066
0.000082
0.000043
0.000873
0.001231
0.000166
0.000011
0.000161
0.000067
0.000073
0.000046
0.000864
0.001198
0.000166
0.000011
0.000161
0.000067
0.000085
0.000047
0.000872
0.001215
0.000166
0.000011
0.000182
0.000067
0.000076
0.000044
0.000875
0.001213
0.000171
0.000010
0.000162
0.000067
0.000076
0.000043
--STOP--
++STRT++
0.000876
0.001202
0.000166
0.000011
0.000162
0.000067
0.000073
0.000042
0.000891
0.001254
0.000166
0.000010
0.000161
0.000066
0.000068
0.000071
0.000871
0.001227
0.000168
0.000011
0.000161
0.000066
0.000081
0.000047
0.000867
0.001226
0.000191
0.000010
0.000161
0.000067
0.000067
0.000046
0.000878
0.001266
0.000167
0.000011
0.000162
0.000069
0.000084
0.000048
0.000875
0.001223
0.000167
0.000010
0.000162
0.000066
0.000103
0.000050
0.000873
0.001198
0.000166
0.000010
0.000162
0.000067
0.000067
0.000046
0.000944
0.001200
0.000167
0.000010
0.000163
0.000067
0.000074
0.000047
0.000878
0.001243
0.000168
0.000010
0.000232
0.000067
0.000069
0.000045
0.000876
0.001199
0.000167
0.000011
0.000162
0.000067
0.000069
0.000046
--STOP--
++STRT++
0.000876
0.001197
0.000168
0.000010
0.000162
0.000067
0.000072
0.000045
0.000874
0.001228
0.000166
0.000010
0.000162
0.000067
0.000072
0.000048
0.000870
0.001215
0.000168
0.000010
0.000161
0.000067
0.000074
0.000047
0.000869
0.001198
0.000166
0.000010
0.000161
0.000066
0.000085
0.000048
0.000874
0.001198
0.000168
0.000011
0.000162
0.000067
0.000068
0.000044
0.000873
0.001211
0.000165
0.000011
0.000161
0.000067
0.000067
0.000043
0.000868
0.001201
0.000170
0.000011
0.000161
0.000067
0.000074
0.000042
0.000881
0.001198
0.000169
0.000010
0.000162
0.000067
0.000073
0.000042
0.000872
0.001222
0.000170
0.000012
0.000165
0.000068
0.000088
0.000055
0.000883
0.001200
0.000169
0.000012
0.000164
0.000069
0.000075
0.000051
--STOP--
++STRT++
0.000876
0.001198
0.000166
0.000011
0.000160
0.000067
0.000067
0.000049
0.000882
0.001198
0.000167
0.000011
0.000162
0.000067
0.000067
0.000049
0.000891
0.001197
0.000166
0.000011
0.000161
0.000067
0.000076
0.000050
0.000898
0.001198
0.000167
0.000011
0.000161
0.000088
0.000074
0.000047
0.000881
0.001201
0.000167
0.000011
0.000162
0.000067
0.000068
0.000049
0.000867
0.001198
0.000169
0.000012
0.000161
0.000067
0.000073
0.000049
0.000875
0.001214
0.000170
0.000010
0.000187
0.000068
0.000086
0.000050
0.000870
0.001200
0.000166
0.000012
0.000162
0.000067
0.000073
0.000044
0.000904
0.001198
0.000165
0.000011
0.000162
0.000067
0.000067
0.000044
0.000871
0.001213
0.000189
0.000010
0.000162
0.000067
0.000073
0.000044
--STOP--
++STRT++
0.000863
0.001198
0.000166
0.000010
0.000162
0.000067
0.000075
0.000045
0.000876
0.001219
0.000166
0.000011
0.000161
0.000067
0.000073
0.000048
0.000879
0.001224
0.000166
0.000012
0.000162
0.000067
0.000082
0.000044
0.000907
0.001198
0.000169
0.000010
0.000162
0.000067
0.000083
0.000042
0.000865
0.001200
0.000168
0.000012
0.000163
0.000068
0.000077
0.000057
0.000869
0.001198
0.000167
0.000010
0.000162
0.000067
0.000082
0.000046
0.000875
0.001218
0.000166
0.000010
0.000185
0.000067
0.000074
0.000043
0.000951
0.001198
0.000170
0.000010
0.000162
0.000066
0.000068
0.000044
0.000865
0.001198
0.000167
0.000010
0.000162
0.000067
0.000075
0.000047
0.000871
0.001221
0.000166
0.000011
0.000185
0.000068
0.000078
0.000048
--STOP--
++STRT++
0.000861
0.001197
0.000166
0.000010
0.000162
0.000067
0.000083
0.000047
0.000911
0.001198
0.000165
0.000011
0.000162
0.000068
0.000074
0.000041
0.000873
0.001247
0.000166
0.000010
0.000161
0.000067
0.000082
0.000048
0.000876
0.001267
0.000166
0.000010
0.000162
0.000066
0.000082
0.000044
0.000899
0.001199
0.000167
0.000011
0.000162
0.000067
0.000076
0.000047
0.000886
0.001265
0.000166
0.000011
0.000232
0.000066
0.000067
0.000049
0.000890
0.001198
0.000166
0.000011
0.000162
0.000067
0.000076
0.000043
0.000874
0.001225
0.000167
0.000011
0.000162
0.000067
0.000074
0.000044
0.000872
0.001224
0.000169
0.000011
0.000185
0.000067
0.000068
0.000046
0.000884
0.001219
0.000167
0.000013
0.000163
0.000068
0.000110
0.000046
--STOP--
++STRT++
0.000877
0.001242
0.000166
0.000011
0.000162
0.000067
0.000091
0.000047
0.000874
0.001198
0.000166
0.000012
0.000162
0.000067
0.000075
0.000048
0.000962
0.001199
0.000166
0.000011
0.000162
0.000067
0.000068
0.000045
0.000873
0.001219
0.000167
0.000010
0.000162
0.000067
0.000075
0.000045
0.000874
0.001223
0.000165
0.000011
0.000162
0.000067
0.000084
0.000045
0.000874
0.001198
0.000167
0.000011
0.000162
0.000067
0.000075
0.000047
0.000864
0.001198
0.000166
0.000010
0.000162
0.000067
0.000068
0.000046
0.000920
0.001198
0.000167
0.000012
0.000161
0.000066
0.000074
0.000047
0.000876
0.001198
0.000166
0.000010
0.000162
0.000067
0.000095
0.000046
0.000900
0.001222
0.000169
0.000011
0.000163
0.000068
0.000081
0.000054
--STOP--
++STRT++
0.000864
0.001198
0.000166
0.000011
0.000161
0.000066
0.000074
0.000047
0.000875
0.001222
0.000167
0.000011
0.000161
0.000067
0.000085
0.000044
0.000875
0.001226
0.000166
0.000011
0.000162
0.000067
0.000074
0.000046
0.000903
0.001222
0.000166
0.000011
0.000161
0.000067
0.000091
0.000044
0.000891
0.001260
0.000168
0.000010
0.000163
0.000068
0.000069
0.000051
0.000876
0.001198
0.000166
0.000010
0.000161
0.000067
0.000082
0.000047
0.000875
0.001198
0.000166
0.000011
0.000162
0.000067
0.000075
0.000050
0.000882
0.001218
0.000168
0.000010
0.000162
0.000067
0.000067
0.000046
0.000874
0.001221
0.000167
0.000011
0.000162
0.000067
0.000068
0.000070
0.000902
0.001202
0.000168
0.000013
0.000163
0.000068
0.000080
0.000049
--STOP--
++STRT++
0.000891
0.001220
0.000167
0.000010
0.000179
0.000067
0.000068
0.000044
0.000873
0.001198
0.000166
0.000011
0.000162
0.000067
0.000074
0.000046
0.000873
0.001216
0.000166
0.000011
0.000161
0.000067
0.000068
0.000044
0.000884
0.001221
0.000192
0.000011
0.000161
0.000067
0.000069
0.000048
0.000878
0.001199
0.000168
0.000012
0.000162
0.000067
0.000075
0.000055
0.000874
0.001219
0.000166
0.000011
0.000162
0.000067
0.000067
0.000048
0.000873
0.001225
0.000171
0.000011
0.000228
0.000067
0.000075
0.000045
0.000882
0.001198
0.000167
0.000011
0.000161
0.000067
0.000093
0.000043
0.000866
0.001229
0.000166
0.000011
0.000159
0.000067
0.000084
0.000047
0.000874
0.001221
0.000167
0.000010
0.000185
0.000067
0.000077
0.000046
--STOP--
++STRT++
0.000865
0.001198
0.000166
0.000011
0.000162
0.000066
0.000082
0.000048
0.000873
0.001219
0.000168
0.000011
0.000162
0.000067
0.000067
0.000048
0.000875
0.001266
0.000169
0.000012
0.000162
0.000067
0.000074
0.000044
0.000868
0.001200
0.000166
0.000011
0.000162
0.000067
0.000074
0.000042
0.000874
0.001252
0.000167
0.000010
0.000161
0.000068
0.000077
0.000048
0.000882
0.001220
0.000170
0.000010
0.000161
0.000067
0.000081
0.000048
0.000880
0.001219
0.000166
0.000010
0.000162
0.000067
0.000082
0.000043
0.000953
0.001199
0.000168
0.000011
0.000161
0.000067
0.000082
0.000043
0.000912
0.001200
0.000170
0.000011
0.000162
0.000068
0.000084
0.000044
0.000868
0.001200
0.000168
0.000012
0.000162
0.000067
0.000078
0.000050
--STOP--
++STRT++
0.000879
0.001199
0.000166
0.000010
0.000161
0.000067
0.000068
0.000046
0.000899
0.001219
0.000165
0.000011
0.000183
0.000067
0.000084
0.000046
0.000949
0.001216
0.000186
0.000010
0.000162
0.000067
0.000112
0.000047
0.000871
0.001198
0.000167
0.000010
0.000161
0.000067
0.000068
0.000042
0.000898
0.001199
0.000166
0.000011
0.000161
0.000067
0.000069
0.000047
0.000874
0.001222
0.000166
0.000011
0.000161
0.000067
0.000076
0.000044
0.000875
0.001226
0.000166
0.000010
0.000234
0.000067
0.000074
0.000042
0.000871
0.001263
0.000169
0.000011
0.000161
0.000067
0.000075
0.000045
0.000875
0.001198
0.000168
0.000012
0.000161
0.000067
0.000074
0.000044
0.000901
0.001215
0.000167
0.000011
0.000190
0.000068
0.000070
0.000050
--STOP--
++STRT++
0.000871
0.001200
0.000166
0.000011
0.000163
0.000067
0.000082
0.000043
0.000901
0.001220
0.000167
0.000010
0.000161
0.000067
0.000073
0.000051
0.000874
0.001219
0.000166
0.000011
0.000161
0.000066
0.000094
0.000043
0.000904
0.001217
0.000168
0.000011
0.000161
0.000067
0.000073
0.000043
0.000874
0.001198
0.000165
0.000011
0.000161
0.000067
0.000075
0.000045
0.000908
0.001198
0.000166
0.000011
0.000161
0.000067
0.000068
0.000042
0.000873
0.001216
0.000189
0.000011
0.000162
0.000068
0.000083
0.000049
0.000864
0.001198
0.000166
0.000011
0.000161
0.000067
0.000068
0.000045
0.000865
0.001200
0.000166
0.000010
0.000161
0.000068
0.000077
0.000054
0.000873
0.001222
0.000168
0.000010
0.000162
0.000067
0.000080
0.000051
--STOP--
++STRT++
0.000864
0.001198
0.000170
0.000010
0.000161
0.000067
0.000073
0.000045
0.000872
0.001220
0.000166
0.000011
0.000162
0.000067
0.000073
0.000043
0.000876
0.001245
0.000166
0.000010
0.000161
0.000067
0.000085
0.000046
0.000876
0.001198
0.000168
0.000010
0.000161
0.000067
0.000083
0.000048
0.000871
0.001249
0.000166
0.000011
0.000161
0.000067
0.000068
0.000046
0.000873
0.001215
0.000171
0.000010
0.000162
0.000067
0.000073
0.000040
0.000874
0.001198
0.000166
0.000011
0.000162
0.000067
0.000067
0.000044
0.000872
0.001198
0.000169
0.000011
0.000162
0.000067
0.000086
0.000047
0.000864
0.001198
0.000172
0.000011
0.000162
0.000067
0.000074
0.000048
0.000882
0.001219
0.000168
0.000012
0.000162
0.000068
0.000078
0.000047
--STOP--
++STRT++
0.000882
0.001198
0.000166
0.000010
0.000161
0.000067
0.000081
0.000043
0.000873
0.001199
0.000165
0.000011
0.000162
0.000066
0.000076
0.000069
0.000876
0.001200
0.000166
0.000010
0.000161
0.000067
0.000082
0.000045
0.000871
0.001269
0.000166
0.000011
0.000161
0.000067
0.000074
0.000043
0.000909
0.001198
0.000166
0.000011
0.000162
0.000067
0.000083
0.000043
0.000873
0.001218
0.000166
0.000011
0.000161
0.000067
0.000083
0.000045
0.000876
0.001219
0.000165
0.000010
0.000161
0.000067
0.000073
0.000046
0.000885
0.001221
0.000231
0.000012
0.000161
0.000067
0.000067
0.000045
0.000881
0.001266
0.000167
0.000011
0.000161
0.000067
0.000086
0.000053
0.000873
0.001199
0.000166
0.000012
0.000163
0.000068
0.000097
0.000051
--STOP--
++STRT++
0.000877
0.001198
0.000169
0.000011
0.000162
0.000067
0.000091
0.000046
0.000901
0.001219
0.000166
0.000011
0.000161
0.000067
0.000075
0.000047
0.000875
0.001199
0.000167
0.000012
0.000161
0.000067
0.000092
0.000046
0.000896
0.001221
0.000166
0.000010
0.000162
0.000067
0.000082
0.000045
0.000878
0.001198
0.000166
0.000010
0.000161
0.000067
0.000076
0.000043
0.000871
0.001268
0.000166
0.000010
0.000162
0.000066
0.000098
0.000049
0.000909
0.001219
0.000191
0.000011
0.000162
0.000067
0.000092
0.000043
0.000875
0.001213
0.000166
0.000012
0.000161
0.000067
0.000074
0.000048
0.000876
0.001212
0.000167
0.000011
0.000163
0.000068
0.000087
0.000050
0.000880
0.001200
0.000171
0.000012
0.000163
0.000069
0.000079
0.000051
--STOP--
++STRT++
0.000877
0.001200
0.000166
0.000011
0.000162
0.000068
0.000086
0.000046
0.000901
0.001221
0.000166
0.000011
0.000162
0.000067
0.000074
0.000045
0.000944
0.001198
0.000166
0.000012
0.000161
0.000066
0.000074
0.000050
0.000868
0.001198
0.000165
0.000011
0.000161
0.000067
0.000073
0.000045
0.000945
0.001220
0.000167
0.000011
0.000185
0.000067
0.000100
0.000050
0.000864
0.001198
0.000166
0.000010
0.000161
0.000067
0.000068
0.000043
0.000873
0.001215
0.000166
0.000010
0.000162
0.000066
0.000082
0.000044
0.000875
0.001219
0.000169
0.000010
0.000162
0.000068
0.000081
0.000045
0.000902
0.001217
0.000170
0.000010
0.000162
0.000068
0.000069
0.000045
0.000876
0.001201
0.000168
0.000011
0.000188
0.000098
0.000081
0.000047
--STOP--
++STRT++
0.000864
0.001218
0.000166
0.000010
0.000161
0.000067
0.000068
0.000044
0.000868
0.001218
0.000166
0.000011
0.000162
0.000067
0.000082
0.000051
0.000873
0.001267
0.000166
0.000011
0.000161
0.000067
0.000084
0.000049
0.000877
0.001198
0.000166
0.000011
0.000161
0.000067
0.000072
0.000044
0.000872
0.001218
0.000168
0.000011
0.000160
0.000067
0.000074
0.000044
0.000875
0.001218
0.000170
0.000011
0.000161
0.000066
0.000073
0.000049
0.000895
0.001198
0.000168
0.000011
0.000162
0.000066
0.000069
0.000053
0.000880
0.001264
0.000166
0.000011
0.000162
0.000067
0.000097
0.000068
0.000879
0.001199
0.000166
0.000011
0.000162
0.000067
0.000077
0.000055
0.000946
0.001219
0.000166
0.000011
0.000162
0.000067
0.000069
0.000042
--STOP--
++STRT++
0.000864
0.001213
0.000165
0.000012
0.000161
0.000068
0.000083
0.000068
0.000873
0.001198
0.000167
0.000011
0.000162
0.000067
0.000074
0.000047
0.000871
0.001199
0.000167
0.000011
0.000161
0.000067
0.000085
0.000043
0.000901
0.001214
0.000166
0.000011
0.000162
0.000067
0.000068
0.000042
0.000866
0.001200
0.000165
0.000010
0.000162
0.000068
0.000099
0.000044
0.000952
0.001198
0.000166
0.000012
0.000162
0.000067
0.000087
0.000049
0.000872
0.001221
0.000166
0.000012
0.000162
0.000091
0.000074
0.000050
0.000874
0.001198
0.000166
0.000010
0.000161
0.000067
0.000072
0.000047
0.000882
0.001199
0.000168
0.000010
0.000162
0.000067
0.000076
0.000045
0.000867
0.001201
0.000170
0.000012
0.000162
0.000067
0.000079
0.000056
--STOP--
++STRT++
0.000863
0.001212
0.000168
0.000010
0.000161
0.000067
0.000067
0.000045
0.000873
0.001226
0.000167
0.000010
0.000161
0.000066
0.000095
0.000045
0.000957
0.001199
0.000168
0.000010
0.000161
0.000104
0.000075
0.000044
0.000877
0.001217
0.000184
0.000011
0.000162
0.000067
0.000073
0.000045
0.000874
0.001215
0.000166
0.000010
0.000163
0.000066
0.000083
0.000053
0.000903
0.001199
0.000167
0.000010
0.000161
0.000068
0.000073
0.000047
0.000947
0.001203
0.000165
0.000012
0.000161
0.000067
0.000068
0.000048
0.000873
0.001216
0.000168
0.000010
0.000161
0.000066
0.000075
0.000048
0.000871
0.001201
0.000167
0.000011
0.000162
0.000067
0.000070
0.000066
0.000911
0.001200
0.000167
0.000010
0.000162
0.000067
0.000069
0.000048
--STOP--
++STRT++
0.000891
0.001204
0.000165
0.000010
0.000162
0.000066
0.000074
0.000045
0.000870
0.001215
0.000166
0.000010
0.000161
0.000067
0.000073
0.000071
0.000942
0.001219
0.000170
0.000011
0.000162
0.000068
0.000073
0.000045
0.000875
0.001267
0.000167
0.000012
0.000186
0.000067
0.000091
0.000050
0.000905
0.001262
0.000170
0.000011
0.000196
0.000067
0.000084
0.000045
0.000872
0.001198
0.000170
0.000010
0.000162
0.000067
0.000068
0.000047
0.000871
0.001224
0.000167
0.000010
0.000161
0.000067
0.000068
0.000042
0.000878
0.001262
0.000169
0.000011
0.000160
0.000068
0.000090
0.000042
0.000870
0.001199
0.000168
0.000011
0.000162
0.000067
0.000069
0.000045
0.000904
0.001199
0.000168
0.000012
0.000163
0.000067
0.000077
0.000044
--STOP--
++STRT++
0.000863
0.001198
0.000169
0.000011
0.000161
0.000067
0.000073
0.000043
0.000897
0.001216
0.000166
0.000010
0.000160
0.000067
0.000067
0.000048
0.000875
0.001261
0.000165
0.000011
0.000162
0.000068
0.000083
0.000052
0.000945
0.001198
0.000166
0.000010
0.000161
0.000067
0.000067
0.000047
0.000907
0.001198
0.000166
0.000010
0.000162
0.000067
0.000147
0.000044
0.000871
0.001218
0.000169
0.000010
0.000161
0.000067
0.000081
0.000045
0.000898
0.001199
0.000171
0.000012
0.000162
0.000068
0.000125
0.000053
0.000876
0.001220
0.000169
0.000011
0.000229
0.000067
0.000073
0.000046
0.000917
0.001199
0.000167
0.000011
0.000162
0.000069
0.000071
0.000047
0.000876
0.001215
0.000168
0.000011
0.000164
0.000089
0.000080
0.000049
--STOP--
++STRT++
0.000883
0.001254
0.000168
0.000010
0.000186
0.000067
0.000086
0.000046
0.000873
0.001220
0.000167
0.000011
0.000161
0.000067
0.000090
0.000043
0.000874
0.001231
0.000166
0.000011
0.000161
0.000066
0.000083
0.000044
0.000871
0.001217
0.000170
0.000012
0.000162
0.000066
0.000094
0.000048
0.000872
0.001200
0.000172
0.000011
0.000161
0.000067
0.000074
0.000045
0.000875
0.001215
0.000165
0.000010
0.000161
0.000067
0.000074
0.000044
0.000871
0.001214
0.000166
0.000010
0.000162
0.000067
0.000073
0.000043
0.000870
0.001214
0.000192
0.000011
0.000161
0.000066
0.000073
0.000044
0.000871
0.001219
0.000166
0.000010
0.000161
0.000067
0.000093
0.000044
0.000874
0.001199
0.000171
0.000011
0.000161
0.000067
0.000076
0.000047
--STOP--
++STRT++
0.000874
0.001214
0.000168
0.000010
0.000162
0.000067
0.000067
0.000047
0.000870
0.001199
0.000166
0.000010
0.000162
0.000066
0.000068
0.000046
0.000902
0.001198
0.000166
0.000010
0.000162
0.000067
0.000085
0.000045
0.000873
0.001218
0.000167
0.000011
0.000162
0.000067
0.000073
0.000042
0.000873
0.001218
0.000167
0.000010
0.000161
0.000067
0.000077
0.000046
0.000870
0.001198
0.000166
0.000011
0.000161
0.000068
0.000068
0.000044
0.000872
0.001260
0.000167
0.000011
0.000161
0.000067
0.000084
0.000050
0.000917
0.001215
0.000184
0.000011
0.000161
0.000068
0.000120
0.000045
0.000875
0.001214
0.000166
0.000011
0.000162
0.000068
0.000070
0.000047
0.000875
0.001256
0.000166
0.000011
0.000162
0.000068
0.000068
0.000046
--STOP--
++STRT++
0.000893
0.001218
0.000165
0.000011
0.000176
0.000067
0.000094
0.000048
0.000877
0.001216
0.000168
0.000012
0.000161
0.000067
0.000076
0.000042
0.000899
0.001200
0.000166
0.000010
0.000161
0.000067
0.000068
0.000044
0.000871
0.001217
0.000188
0.000010
0.000162
0.000067
0.000073
0.000043
0.000868
0.001221
0.000167
0.000010
0.000163
0.000067
0.000079
0.000049
0.000900
0.001253
0.000167
0.000012
0.000162
0.000067
0.000068
0.000043
0.000908
0.001225
0.000166
0.000010
0.000160
0.000067
0.000074
0.000071
0.000870
0.001199
0.000166
0.000012
0.000162
0.000067
0.000067
0.000046
0.000898
0.001253
0.000165
0.000010
0.000186
0.000068
0.000096
0.000046
0.000903
0.001199
0.000168
0.000012
0.000163
0.000068
0.000077
0.000050
--STOP--
++STRT++
0.000865
0.001219
0.000182
0.000011
0.000161
0.000066
0.000068
0.000045
0.000878
0.001198
0.000167
0.000011
0.000161
0.000068
0.000081
0.000044
0.000871
0.001199
0.000165
0.000010
0.000161
0.000066
0.000074
0.000048
0.000904
0.001219
0.000169
0.000012
0.000162
0.000067
0.000067
0.000047
0.000874
0.001199
0.000166
0.000011
0.000163
0.000067
0.000075
0.000049
0.000869
0.001199
0.000171
0.000010
0.000161
0.000067
0.000066
0.000043
0.000871
0.001198
0.000166
0.000012
0.000162
0.000067
0.000067
0.000043
0.000879
0.001225
0.000166
0.000010
0.000161
0.000067
0.000068
0.000044
0.000876
0.001199
0.000166
0.000011
0.000162
0.000067
0.000068
0.000047
0.000939
0.001216
0.000187
0.000011
0.000161
0.000067
0.000084
0.000047
--STOP--
++STRT++
0.000872
0.001198
0.000167
0.000010
0.000162
0.000067
0.000074
0.000044
0.000871
0.001262
0.000166
0.000011
0.000161
0.000067
0.000082
0.000043
0.000947
0.001222
0.000186
0.000011
0.000161
0.000066
0.000075
0.000043
0.000875
0.001198
0.000167
0.000010
0.000162
0.000067
0.000067
0.000060
0.000870
0.001223
0.000169
0.000011
0.000162
0.000067
0.000083
0.000046
0.000871
0.001234
0.000166
0.000011
0.000161
0.000067
0.000083
0.000045
0.000871
0.001199
0.000166
0.000011
0.000162
0.000068
0.000074
0.000047
0.000866
0.001198
0.000167
0.000010
0.000160
0.000067
0.000080
0.000044
0.000879
0.001198
0.000166
0.000011
0.000162
0.000067
0.000086
0.000042
0.000953
0.001223
0.000167
0.000012
0.000164
0.000070
0.000085
0.000053
--STOP--
++STRT++
0.000874
0.001198
0.000166
0.000010
0.000162
0.000068
0.000069
0.000043
0.000893
0.001236
0.000166
0.000010
0.000161
0.000067
0.000067
0.000043
0.000905
0.001198
0.000166
0.000011
0.000161
0.000067
0.000082
0.000046
0.000873
0.001198
0.000168
0.000010
0.000161
0.000067
0.000073
0.000048
0.000870
0.001199
0.000166
0.000010
0.000162
0.000067
0.000075
0.000042
0.000943
0.001198
0.000166
0.000010
0.000162
0.000067
0.000083
0.000054
0.000874
0.001218
0.000166
0.000010
0.000161
0.000066
0.000069
0.000044
0.000870
0.001235
0.000166
0.000010
0.000161
0.000067
0.000068
0.000113
0.000945
0.001199
0.000167
0.000011
0.000162
0.000067
0.000108
0.000045
0.000904
0.001200
0.000172
0.000011
0.000163
0.000069
0.000079
0.000061
--STOP--
++STRT++
0.000876
0.001200
0.000166
0.000010
0.000162
0.000067
0.000097
0.000044
0.000875
0.001242
0.000169
0.000011
0.000162
0.000067
0.000074
0.000046
0.000937
0.001198
0.000166
0.000010
0.000162
0.000067
0.000074
0.000046
0.000874
0.001213
0.000168
0.000011
0.000162
0.000067
0.000075
0.000047
0.000902
0.001200
0.000170
0.000011
0.000161
0.000067
0.000068
0.000044
0.000882
0.001200
0.000169
0.000010
0.000161
0.000067
0.000097
0.000044
0.000865
0.001198
0.000169
0.000011
0.000161
0.000067
0.000085
0.000045
0.000876
0.001214
0.000167
0.000010
0.000161
0.000067
0.000082
0.000044
0.000868
0.001199
0.000175
0.000011
0.000162
0.000067
0.000085
0.000043
0.000956
0.001199
0.000172
0.000012
0.000162
0.000069
0.000080
0.000055
--STOP--
++STRT++
0.000863
0.001198
0.000168
0.000011
0.000161
0.000067
0.000067
0.000044
0.000869
0.001218
0.000170
0.000011
0.000161
0.000067
0.000083
0.000043
0.000908
0.001198
0.000165
0.000011
0.000162
0.000067
0.000084
0.000045
0.000873
0.001199
0.000166
0.000011
0.000162
0.000067
0.000067
0.000048
0.000872
0.001198
0.000166
0.000010
0.000161
0.000067
0.000076
0.000049
0.000902
0.001228
0.000166
0.000010
0.000162
0.000067
0.000076
0.000049
0.000870
0.001198
0.000166
0.000012
0.000162
0.000067
0.000069
0.000044
0.000866
0.001198
0.000166
0.000011
0.000161
0.000067
0.000072
0.000045
0.000879
0.001231
0.000166
0.000010
0.000236
0.000068
0.000087
0.000051
0.000872
0.001272
0.000169
0.000011
0.000162
0.000068
0.000089
0.000047
--STOP--
++STRT++
0.000864
0.001198
0.000168
0.000010
0.000162
0.000067
0.000069
0.000044
0.000877
0.001221
0.000166
0.000010
0.000161
0.000067
0.000103
0.000047
0.000874
0.001254
0.000166
0.000011
0.000161
0.000067
0.000073
0.000042
0.000867
0.001219
0.000167
0.000010
0.000162
0.000067
0.000066
0.000046
0.000870
0.001198
0.000167
0.000010
0.000162
0.000067
0.000075
0.000045
0.000871
0.001198
0.000166
0.000011
0.000162
0.000066
0.000074
0.000043
0.000870
0.001215
0.000167
0.000010
0.000161
0.000067
0.000093
0.000043
0.000947
0.001199
0.000169
0.000011
0.000161
0.000067
0.000075
0.000045
0.000887
0.001199
0.000167
0.000010
0.000161
0.000067
0.000075
0.000043
0.000901
0.001224
0.000171
0.000011
0.000163
0.000069
0.000071
0.000050
--STOP--
++STRT++
0.000877
0.001203
0.000166
0.000011
0.000162
0.000067
0.000068
0.000048
0.000872
0.001230
0.000168
0.000011
0.000162
0.000067
0.000068
0.000044
0.000869
0.001220
0.000165
0.000011
0.000161
0.000067
0.000072
0.000043
0.000871
0.001237
0.000167
0.000011
0.000162
0.000067
0.000067
0.000044
0.000948
0.001198
0.000165
0.000010
0.000162
0.000067
0.000068
0.000048
0.000869
0.001198
0.000166
0.000010
0.000162
0.000067
0.000083
0.000046
0.000920
0.001200
0.000166
0.000010
0.000161
0.000067
0.000074
0.000045
0.000871
0.001216
0.000170
0.000011
0.000160
0.000067
0.000072
0.000047
0.000874
0.001198
0.000171
0.000010
0.000162
0.000067
0.000100
0.000049
0.000875
0.001218
0.000166
0.000010
0.000161
0.000067
0.000085
0.000043
--STOP--
++STRT++
0.000897
0.001216
0.000166
0.000010
0.000206
0.000067
0.000073
0.000048
0.000874
0.001218
0.000169
0.000010
0.000162
0.000067
0.000073
0.000047
0.000899
0.001263
0.000166
0.000011
0.000162
0.000067
0.000067
0.000046
0.000904
0.001215
0.000166
0.000011
0.000161
0.000067
0.000075
0.000046
0.000907
0.001217
0.000167
0.000011
0.000161
0.000068
0.000073
0.000046
0.000876
0.001198
0.000166
0.000010
0.000162
0.000067
0.000081
0.000045
0.000864
0.001198
0.000167
0.000011
0.000161
0.000066
0.000067
0.000048
0.000874
0.001221
0.000167
0.000011
0.000161
0.000067
0.000082
0.000044
0.000953
0.001198
0.000167
0.000010
0.000162
0.000066
0.000068
0.000046
0.000951
0.001221
0.000168
0.000016
0.000164
0.000069
0.000073
0.000051
--STOP--
++STRT++
0.000876
0.001200
0.000169
0.000010
0.000161
0.000067
0.000075
0.000046
0.000872
0.001219
0.000166
0.000010
0.000161
0.000067
0.000068
0.000044
0.000895
0.001219
0.000165
0.000010
0.000161
0.000067
0.000067
0.000045
0.000878
0.001233
0.000166
0.000010
0.000162
0.000067
0.000085
0.000044
0.000898
0.001221
0.000170
0.000011
0.000163
0.000067
0.000075
0.000056
0.000875
0.001198
0.000169
0.000010
0.000161
0.000067
0.000074
0.000051
0.000866
0.001199
0.000165
0.000011
0.000162
0.000067
0.000068
0.000046
0.000899
0.001218
0.000229
0.000011
0.000162
0.000067
0.000076
0.000045
0.000878
0.001221
0.000167
0.000012
0.000161
0.000067
0.000094
0.000049
0.000882
0.001200
0.000167
0.000011
0.000163
0.000067
0.000080
0.000045
--STOP--
++STRT++
0.000864
0.001215
0.000196
0.000010
0.000162
0.000067
0.000083
0.000046
0.000869
0.001219
0.000167
0.000011
0.000162
0.000067
0.000094
0.000050
0.000874
0.001198
0.000167
0.000010
0.000161
0.000067
0.000074
0.000041
0.000874
0.001272
0.000166
0.000011
0.000162
0.000068
0.000074
0.000045
0.000871
0.001268
0.000169
0.000011
0.000185
0.000068
0.000077
0.000048
0.000903
0.001198
0.000166
0.000011
0.000161
0.000067
0.000072
0.000047
0.000899
0.001198
0.000167
0.000010
0.000163
0.000067
0.000083
0.000047
0.000874
0.001214
0.000185
0.000011
0.000161
0.000067
0.000073
0.000043
0.000877
0.001198
0.000169
0.000011
0.000161
0.000067
0.000070
0.000043
0.000873
0.001222
0.000167
0.000011
0.000164
0.000069
0.000072
0.000051
--STOP--
++STRT++
0.000876
0.001198
0.000165
0.000011
0.000161
0.000067
0.000080
0.000047
0.000910
0.001197
0.000166
0.000011
0.000163
0.000067
0.000084
0.000045
0.000869
0.001244
0.000165
0.000012
0.000161
0.000067
0.000076
0.000051
0.000892
0.001232
0.000166
0.000011
0.000160
0.000067
0.000142
0.000046
0.000879
0.001222
0.000166
0.000011
0.000186
0.000067
0.000070
0.000053
0.000875
0.001199
0.000166
0.000011
0.000162
0.000067
0.000083
0.000041
0.000875
0.001199
0.000166
0.000011
0.000163
0.000067
0.000074
0.000046
0.000873
0.001219
0.000166
0.000010
0.000161
0.000067
0.000083
0.000045
0.000881
0.001262
0.000167
0.000010
0.000163
0.000067
0.000074
0.000044
0.000884
0.001199
0.000167
0.000011
0.000162
0.000068
0.000090
0.000046
--STOP--
++STRT++
0.000915
0.001198
0.000166
0.000011
0.000161
0.000067
0.000072
0.000046
0.000874
0.001198
0.000165
0.000010
0.000162
0.000066
0.000082
0.000042
0.000872
0.001231
0.000166
0.000011
0.000161
0.000067
0.000074
0.000047
0.000869
0.001199
0.000167
0.000011
0.000161
0.000066
0.000085
0.000046
0.000872
0.001198
0.000167
0.000010
0.000161
0.000068
0.000069
0.000051
0.000951
0.001198
0.000165
0.000011
0.000161
0.000066
0.000083
0.000044
0.000887
0.001223
0.000166
0.000010
0.000162
0.000067
0.000067
0.000109
0.000893
0.001198
0.000169
0.000011
0.000163
0.000067
0.000068
0.000047
0.000877
0.001220
0.000167
0.000010
0.000162
0.000067
0.000102
0.000053
0.000876
0.001215
0.000166
0.000011
0.000162
0.000068
0.000078
0.000045
--STOP--
++STRT++
0.000863
0.001199
0.000166
0.000011
0.000161
0.000067
0.000074
0.000042
0.000873
0.001217
0.000168
0.000010
0.000161
0.000067
0.000075
0.000046
0.000870
0.001218
0.000188
0.000010
0.000161
0.000067
0.000095
0.000046
0.000875
0.001198
0.000168
0.000010
0.000161
0.000066
0.000081
0.000046
0.000864
0.001217
0.000168
0.000011
0.000162
0.000067
0.000094
0.000050
0.000868
0.001219
0.000166
0.000011
0.000161
0.000067
0.000068
0.000043
0.000876
0.001219
0.000170
0.000011
0.000189
0.000067
0.000081
0.000047
0.000873
0.001219
0.000166
0.000011
0.000161
0.000066
0.000083
0.000046
0.000873
0.001221
0.000168
0.000011
0.000161
0.000067
0.000088
0.000051
0.000954
0.001224
0.000167
0.000010
0.000162
0.000068
0.000070
0.000050
--STOP--
++STRT++
0.000905
0.001199
0.000167
0.000011
0.000162
0.000067
0.000068
0.000047
0.000871
0.001218
0.000168
0.000011
0.000161
0.000067
0.000082
0.000043
0.000872
0.001198
0.000166
0.000011
0.000161
0.000067
0.000067
0.000047
0.000871
0.001222
0.000166
0.000010
0.000162
0.000066
0.000076
0.000045
0.000876
0.001268
0.000175
0.000011
0.000162
0.000067
0.000082
0.000044
0.000874
0.001199
0.000169
0.000011
0.000162
0.000067
0.000074
0.000044
0.000953
0.001227
0.000170
0.000011
0.000189
0.000067
0.000084
0.000052
0.000873
0.001244
0.000166
0.000011
0.000162
0.000066
0.000093
0.000043
0.000885
0.001222
0.000166
0.000010
0.000185
0.000067
0.000068
0.000045
0.000886
0.001201
0.000169
0.000012
0.000162
0.000068
0.000084
0.000052
--STOP--
++STRT++
0.000875
0.001202
0.000166
0.000012
0.000161
0.000067
0.000068
0.000045
0.000901
0.001220
0.000166
0.000010
0.000162
0.000067
0.000083
0.000043
0.000873
0.001223
0.000187
0.000012
0.000161
0.000067
0.000068
0.000043
0.000876
0.001225
0.000167
0.000011
0.000161
0.000067
0.000076
0.000049
0.000898
0.001199
0.000168
0.000010
0.000162
0.000067
0.000075
0.000045
0.000871
0.001235
0.000170
0.000010
0.000161
0.000066
0.000068
0.000041
0.000895
0.001267
0.000167
0.000011
0.000163
0.000067
0.000073
0.000045
0.000950
0.001198
0.000166
0.000010
0.000162
0.000067
0.000082
0.000047
0.000875
0.001221
0.000172
0.000010
0.000188
0.000067
0.000096
0.000051
0.000872
0.001269
0.000177
0.000012
0.000164
0.000068
0.000085
0.000053
--STOP--
++STRT++
0.000863
0.001198
0.000166
0.000010
0.000161
0.000067
0.000069
0.000043
0.000871
0.001217
0.000169
0.000010
0.000162
0.000067
0.000084
0.000047
0.000870
0.001199
0.000166
0.000010
0.000162
0.000067
0.000066
0.000043
0.000902
0.001199
0.000167
0.000010
0.000160
0.000092
0.000074
0.000044
0.000871
0.001271
0.000167
0.000011
0.000161
0.000067
0.000074
0.000045
0.000872
0.001198
0.000165
0.000011
0.000162
0.000067
0.000076
0.000045
0.000876
0.001223
0.000167
0.000012
0.000162
0.000067
0.000074
0.000075
0.000884
0.001199
0.000170
0.000012
0.000163
0.000066
0.000094
0.000048
0.000878
0.001198
0.000167
0.000011
0.000161
0.000067
0.000068
0.000044
0.000876
0.001219
0.000173
0.000011
0.000161
0.000091
0.000109
0.000053
--STOP--
++STRT++
0.000865
0.001198
0.000166
0.000012
0.000162
0.000067
0.000084
0.000047
0.000874
0.001222
0.000165
0.000011
0.000161
0.000067
0.000083
0.000045
0.000881
0.001199
0.000166
0.000011
0.000161
0.000067
0.000084
0.000042
0.000868
0.001211
0.000191
0.000010
0.000161
0.000067
0.000075
0.000047
0.000899
0.001198
0.000166
0.000012
0.000160
0.000067
0.000068
0.000048
0.000868
0.001199
0.000167
0.000011
0.000161
0.000067
0.000075
0.000044
0.000870
0.001214
0.000187
0.000011
0.000161
0.000067
0.000074
0.000047
0.000871
0.001198
0.000166
0.000011
0.000161
0.000067
0.000068
0.000045
0.000878
0.001221
0.000167
0.000011
0.000162
0.000067
0.000085
0.000048
0.000871
0.001217
0.000168
0.000014
0.000163
0.000067
0.000070
0.000050
--STOP--
++STRT++
0.000891
0.001198
0.000166
0.000010
0.000161
0.000067
0.000069
0.000045
0.000872
0.001216
0.000166
0.000011
0.000161
0.000066
0.000082
0.000044
0.000870
0.001217
0.000166
0.000010
0.000162
0.000067
0.000081
0.000044
0.000874
0.001217
0.000167
0.000010
0.000161
0.000067
0.000086
0.000043
0.000878
0.001198
0.000165
0.000011
0.000161
0.000067
0.000068
0.000044
0.000865
0.001198
0.000166
0.000011
0.000162
0.000067
0.000074
0.000048
0.000869
0.001198
0.000166
0.000010
0.000160
0.000067
0.000084
0.000045
0.000875
0.001199
0.000171
0.000010
0.000162
0.000067
0.000067
0.000043
0.000953
0.001237
0.000169
0.000010
0.000162
0.000067
0.000075
0.000043
0.000876
0.001218
0.000170
0.000013
0.000164
0.000069
0.000073
0.000047
--STOP--
++STRT++
0.000866
0.001198
0.000166
0.000010
0.000160
0.000068
0.000074
0.000048
0.000871
0.001227
0.000165
0.000011
0.000161
0.000067
0.000068
0.000048
0.000871
0.001251
0.000165
0.000010
0.000161
0.000067
0.000083
0.000046
0.000869
0.001199
0.000166
0.000012
0.000161
0.000067
0.000095
0.000043
0.000873
0.001230
0.000170
0.000011
0.000162
0.000067
0.000085
0.000051
0.000871
0.001240
0.000167
0.000011
0.000160
0.000067
0.000067
0.000044
0.000904
0.001198
0.000166
0.000011
0.000162
0.000067
0.000066
0.000045
0.000872
0.001218
0.000166
0.000040
0.000160
0.000067
0.000074
0.000050
0.000914
0.001202
0.000169
0.000010
0.000161
0.000068
0.000076
0.000047
0.000874
0.001223
0.000167
0.000011
0.000161
0.000067
0.000068
0.000044
--STOP--
++STRT++
0.000883
0.001216
0.000165
0.000012
0.000210
0.000067
0.000068
0.000049
0.000879
0.001221
0.000186
0.000010
0.000161
0.000067
0.000072
0.000045
0.000871
0.001231
0.000166
0.000010
0.000161
0.000067
0.000081
0.000045
0.000875
0.001219
0.000166
0.000010
0.000163
0.000067
0.000073
0.000046
0.000872
0.001198
0.000170
0.000011
0.000163
0.000067
0.000075
0.000048
0.000907
0.001198
0.000166
0.000011
0.000161
0.000067
0.000074
0.000045
0.000882
0.001214
0.000168
0.000010
0.000162
0.000067
0.000069
0.000045
0.000899
0.001213
0.000166
0.000010
0.000160
0.000066
0.000085
0.000045
0.000870
0.001199
0.000167
0.000011
0.000162
0.000067
0.000073
0.000048
0.000866
0.001201
0.000166
0.000011
0.000164
0.000068
0.000079
0.000046
--STOP--
++STRT++
0.000886
0.001228
0.000166
0.000010
0.000184
0.000067
0.000068
0.000045
0.000876
0.001218
0.000168
0.000011
0.000161
0.000067
0.000074
0.000049
0.000881
0.001199
0.000166
0.000011
0.000161
0.000066
0.000067
0.000047
0.000873
0.001223
0.000165
0.000010
0.000161
0.000067
0.000067
0.000046
0.000874
0.001199
0.000167
0.000012
0.000162
0.000067
0.000087
0.000050
0.000874
0.001201
0.000166
0.000010
0.000161
0.000067
0.000073
0.000050
0.000874
0.001237
0.000166
0.000010
0.000162
0.000067
0.000069
0.000042
0.000874
0.001198
0.000166
0.000010
0.000161
0.000067
0.000067
0.000047
0.000897
0.001219
0.000170
0.000010
0.000161
0.000067
0.000069
0.000046
0.000875
0.001200
0.000170
0.000011
0.000163
0.000067
0.000089
0.000047
--STOP--
++STRT++
0.000864
0.001198
0.000166
0.000011
0.000160
0.000067
0.000068
0.000043
0.000871
0.001220
0.000165
0.000012
0.000161
0.000067
0.000073
0.000049
0.000897
0.001219
0.000166
0.000010
0.000161
0.000067
0.000090
0.000045
0.000872
0.001223
0.000169
0.000010
0.000185
0.000067
0.000073
0.000045
0.000873
0.001262
0.000167
0.000011
0.000162
0.000067
0.000086
0.000049
0.000871
0.001216
0.000166
0.000011
0.000162
0.000067
0.000075
0.000044
0.000872
0.001220
0.000166
0.000010
0.000161
0.000067
0.000074
0.000043
0.000865
0.001223
0.000166
0.000011
0.000184
0.000067
0.000068
0.000044
0.000896
0.001199
0.000166
0.000012
0.000162
0.000067
0.000077
0.000045
0.000876
0.001224
0.000169
0.000011
0.000163
0.000068
0.000095
0.000049
--STOP--
++STRT++
0.000876
0.001198
0.000166
0.000010
0.000161
0.000067
0.000068
0.000045
0.000872
0.001235
0.000166
0.000011
0.000162
0.000066
0.000085
0.000044
0.000895
0.001198
0.000169
0.000011
0.000161
0.000067
0.000081
0.000045
0.000879
0.001198
0.000170
0.000011
0.000161
0.000067
0.000074
0.000043
0.000874
0.001256
0.000168
0.000010
0.000162
0.000067
0.000077
0.000046
0.000907
0.001198
0.000167
0.000011
0.000162
0.000066
0.000068
0.000047
0.000879
0.001273
0.000169
0.000011
0.000162
0.000067
0.000093
0.000047
0.000873
0.001198
0.000167
0.000010
0.000161
0.000067
0.000084
0.000040
0.000872
0.001251
0.000166
0.000011
0.000162
0.000067
0.000075
0.000045
0.000875
0.001200
0.000167
0.000011
0.000161
0.000067
0.000068
0.000048
--STOP--
++STRT++
0.000886
0.001198
0.000165
0.000010
0.000162
0.000066
0.000074
0.000049
0.000869
0.001218
0.000169
0.000011
0.000164
0.000067
0.000082
0.000047
0.000873
0.001272
0.000168
0.000011
0.000161
0.000066
0.000074
0.000044
0.000872
0.001222
0.000165
0.000010
0.000161
0.000066
0.000074
0.000080
0.000868
0.001217
0.000167
0.000011
0.000161
0.000091
0.000074
0.000043
0.000873
0.001213
0.000169
0.000011
0.000161
0.000066
0.000068
0.000045
0.000871
0.001198
0.000166
0.000011
0.000161
0.000067
0.000074
0.000046
0.000873
0.001198
0.000167
0.000010
0.000161
0.000067
0.000069
0.000044
0.000882
0.001232
0.000165
0.000011
0.000163
0.000067
0.000074
0.000048
0.000866
0.001199
0.000166
0.000011
0.000163
0.000068
0.000070
0.000048
--STOP--
++STRT++
0.000875
0.001204
0.000165
0.000010
0.000161
0.000067
0.000075
0.000046
0.000869
0.001254
0.000165
0.000031
0.000161
0.000067
0.000074
0.000073
0.000895
0.001217
0.000166
0.000010
0.000161
0.000067
0.000083
0.000043
0.000899
0.001198
0.000167
0.000010
0.000162
0.000067
0.000083
0.000043
0.000867
0.001272
0.000166
0.000011
0.000162
0.000068
0.000068
0.000046
0.000869
0.001198
0.000166
0.000010
0.000162
0.000067
0.000082
0.000046
0.000874
0.001226
0.000169
0.000011
0.000162
0.000067
0.000076
0.000047
0.000946
0.001198
0.000166
0.000011
0.000162
0.000068
0.000068
0.000045
0.000872
0.001198
0.000166
0.000011
0.000161
0.000068
0.000077
0.000064
0.000866
0.001200
0.000168
0.000011
0.000164
0.000069
0.000078
0.000046
--STOP--
++STRT++
0.000876
0.001199
0.000166
0.000011
0.000162
0.000066
0.000075
0.000046
0.000905
0.001198
0.000166
0.000011
0.000161
0.000068
0.000074
0.000046
0.000873
0.001215
0.000170
0.000010
0.000161
0.000066
0.000067
0.000049
0.000878
0.001216
0.000165
0.000010
0.000182
0.000067
0.000073
0.000046
0.000874
0.001218
0.000166
0.000010
0.000162
0.000067
0.000083
0.000044
0.000881
0.001218
0.000166
0.000011
0.000161
0.000067
0.000075
0.000047
0.000874
0.001199
0.000168
0.000011
0.000161
0.000066
0.000083
0.000044
0.000868
0.001209
0.000183
0.000010
0.000161
0.000067
0.000081
0.000044
0.000898
0.001214
0.000187
0.000011
0.000162
0.000067
0.000086
0.000045
0.000880
0.001265
0.000167
0.000012
0.000163
0.000067
0.000078
0.000046
--STOP--
++STRT++
0.000894
0.001223
0.000169
0.000010
0.000161
0.000066
0.000074
0.000040
0.000875
0.001216
0.000192
0.000010
0.000161
0.000067
0.000073
0.000070
0.000870
0.001198
0.000166
0.000011
0.000162
0.000066
0.000072
0.000045
0.000897
0.001198
0.000166
0.000010
0.000161
0.000067
0.000069
0.000048
0.000874
0.001267
0.000167
0.000010
0.000162
0.000067
0.000077
0.000048
0.000872
0.001216
0.000166
0.000013
0.000162
0.000067
0.000074
0.000042
0.000870
0.001199
0.000167
0.000011
0.000161
0.000067
0.000072
0.000047
0.000877
0.001218
0.000191
0.000011
0.000162
0.000068
0.000073
0.000052
0.000906
0.001199
0.000167
0.000011
0.000162
0.000067
0.000088
0.000045
0.000873
0.001223
0.000166
0.000011
0.000162
0.000068
0.000087
0.000052
--STOP--
++STRT++
0.000889
0.001198
0.000166
0.000010
0.000161
0.000067
0.000084
0.000049
0.000870
0.001269
0.000166
0.000011
0.000161
0.000067
0.000067
0.000044
0.000904
0.001235
0.000167
0.000010
0.000161
0.000067
0.000073
0.000074
0.000897
0.001198
0.000166
0.000012
0.000162
0.000067
0.000073
0.000043
0.000871
0.001268
0.000170
0.000011
0.000162
0.000067
0.000088
0.000049
0.000874
0.001229
0.000166
0.000011
0.000160
0.000067
0.000068
0.000047
0.000899
0.001198
0.000165
0.000010
0.000161
0.000067
0.000085
0.000046
0.000873
0.001198
0.000165
0.000011
0.000161
0.000067
0.000073
0.000048
0.000877
0.001217
0.000167
0.000010
0.000162
0.000067
0.000084
0.000043
0.000882
0.001200
0.000168
0.000010
0.000161
0.000068
0.000115
0.000045
--STOP--
++STRT++
0.000865
0.001200
0.000166
0.000011
0.000161
0.000067
0.000074
0.000047
0.000874
0.001215
0.000165
0.000028
0.000161
0.000067
0.000085
0.000046
0.000899
0.001216
0.000166
0.000010
0.000185
0.000066
0.000081
0.000044
0.000868
0.001199
0.000166
0.000010
0.000161
0.000067
0.000091
0.000042
0.000878
0.001223
0.000167
0.000010
0.000162
0.000068
0.000087
0.000047
0.000869
0.001198
0.000166
0.000011
0.000161
0.000067
0.000067
0.000063
0.000909
0.001264
0.000171
0.000011
0.000161
0.000067
0.000085
0.000042
0.000872
0.001219
0.000170
0.000011
0.000161
0.000067
0.000073
0.000046
0.000874
0.001216
0.000167
0.000011
0.000228
0.000067
0.000085
0.000051
0.000873
0.001217
0.000185
0.000011
0.000162
0.000067
0.000074
0.000052
--STOP--
++STRT++
0.000877
0.001212
0.000166
0.000011
0.000161
0.000067
0.000068
0.000045
0.000873
0.001226
0.000166
0.000010
0.000161
0.000067
0.000073
0.000044
0.000945
0.001215
0.000166
0.000010
0.000161
0.000067
0.000074
0.000045
0.000880
0.001263
0.000166
0.000010
0.000161
0.000068
0.000092
0.000048
0.000874
0.001217
0.000169
0.000010
0.000162
0.000067
0.000076
0.000051
0.000897
0.001216
0.000167
0.000011
0.000161
0.000067
0.000088
0.000045
0.000878
0.001199
0.000165
0.000010
0.000161
0.000067
0.000072
0.000050
0.000879
0.001266
0.000167
0.000011
0.000161
0.000066
0.000067
0.000045
0.000902
0.001213
0.000166
0.000011
0.000182
0.000067
0.000068
0.000048
0.000877
0.001198
0.000170
0.000013
0.000161
0.000068
0.000097
0.000050
--STOP--
++STRT++
0.000877
0.001199
0.000166
0.000012
0.000161
0.000067
0.000068
0.000044
0.000896
0.001221
0.000170
0.000010
0.000161
0.000067
0.000075
0.000044
0.000900
0.001199
0.000166
0.000010
0.000163
0.000067
0.000075
0.000044
0.000874
0.001216
0.000167
0.000010
0.000162
0.000066
0.000075
0.000050
0.000894
0.001199
0.000168
0.000011
0.000162
0.000068
0.000069
0.000073
0.000864
0.001198
0.000166
0.000012
0.000162
0.000066
0.000084
0.000052
0.000874
0.001198
0.000166
0.000011
0.000162
0.000067
0.000090
0.000045
0.000875
0.001199
0.000169
0.000010
0.000162
0.000067
0.000083
0.000041
0.000882
0.001199
0.000170
0.000010
0.000161
0.000067
0.000068
0.000046
0.000874
0.001221
0.000166
0.000011
0.000162
0.000068
0.000086
0.000043
--STOP--
++STRT++
0.000876
0.001200
0.000165
0.000010
0.000161
0.000066
0.000075
0.000045
0.000871
0.001222
0.000168
0.000010
0.000162
0.000067
0.000093
0.000051
0.000873
0.001219
0.000166
0.000011
0.000162
0.000067
0.000075
0.000043
0.000880
0.001200
0.000166
0.000011
0.000161
0.000067
0.000073
0.000045
0.000958
0.001200
0.000166
0.000011
0.000163
0.000067
0.000081
0.000046
0.000864
0.001198
0.000166
0.000010
0.000160
0.000067
0.000068
0.000049
0.000881
0.001215
0.000166
0.000010
0.000162
0.000068
0.000093
0.000047
0.000873
0.001219
0.000166
0.000011
0.000162
0.000066
0.000084
0.000046
0.000880
0.001199
0.000167
0.000011
0.000162
0.000068
0.000069
0.000051
0.000964
0.001198
0.000165
0.000012
0.000163
0.000067
0.000089
0.000045
--STOP--
++STRT++
0.000886
0.001199
0.000166
0.000012
0.000161
0.000067
0.000067
0.000044
0.000869
0.001219
0.000167
0.000010
0.000162
0.000067
0.000067
0.000047
0.000877
0.001200
0.000166
0.000010
0.000161
0.000066
0.000072
0.000046
0.000872
0.001213
0.000169
0.000010
0.000161
0.000067
0.000082
0.000045
0.000883
0.001219
0.000168
0.000012
0.000163
0.000068
0.000075
0.000042
0.000876
0.001202
0.000167
0.000012
0.000162
0.000067
0.000098
0.000044
0.000875
0.001214
0.000184
0.000011
0.000162
0.000067
0.000067
0.000073
0.000945
0.001253
0.000165
0.000011
0.000161
0.000066
0.000075
0.000046
0.000879
0.001199
0.000165
0.000010
0.000161
0.000067
0.000083
0.000046
0.000871
0.001216
0.000167
0.000011
0.000162
0.000067
0.000088
0.000046
--STOP--
++STRT++
0.000898
0.001205
0.000166
0.000011
0.000161
0.000066
0.000073
0.000047
0.000899
0.001198
0.000166
0.000011
0.000162
0.000066
0.000073
0.000048
0.000873
0.001219
0.000169
0.000011
0.000161
0.000067
0.000075
0.000041
0.000872
0.001198
0.000166
0.000011
0.000161
0.000067
0.000068
0.000046
0.000875
0.001198
0.000171
0.000012
0.000162
0.000067
0.000070
0.000043
0.000879
0.001218
0.000166
0.000011
0.000161
0.000067
0.000084
0.000044
0.000899
0.001198
0.000165
0.000011
0.000162
0.000068
0.000067
0.000048
0.000876
0.001199
0.000166
0.000010
0.000163
0.000067
0.000074
0.000045
0.000883
0.001202
0.000166
0.000010
0.000162
0.000068
0.000082
0.000045
0.000893
0.001198
0.000166
0.000011
0.000162
0.000066
0.000068
0.000043
--STOP--
++STRT++
0.000891
0.001229
0.000166
0.000011
0.000161
0.000067
0.000074
0.000047
0.000875
0.001216
0.000166
0.000012
0.000162
0.000067
0.000069
0.000048
0.000871
0.001198
0.000166
0.000010
0.000161
0.000067
0.000068
0.000047
0.000887
0.001198
0.000166
0.000011
0.000162
0.000067
0.000099
0.000043
0.000919
0.001199
0.000167
0.000010
0.000163
0.000067
0.000075
0.000047
0.000872
0.001198
0.000166
0.000010
0.000161
0.000067
0.000074
0.000045
0.000870
0.001266
0.000166
0.000010
0.000161
0.000066
0.000073
0.000044
0.000902
0.001220
0.000186
0.000011
0.000161
0.000066
0.000093
0.000044
0.000875
0.001199
0.000167
0.000010
0.000162
0.000068
0.000075
0.000044
0.000866
0.001199
0.000167
0.000011
0.000163
0.000068
0.000078
0.000046
--STOP--
++STRT++
0.000863
0.001203
0.000170
0.000011
0.000161
0.000067
0.000068
0.000045
0.000905
0.001198
0.000164
0.000011
0.000160
0.000068
0.000068
0.000043
0.000872
0.001216
0.000165
0.000011
0.000161
0.000067
0.000075
0.000043
0.000871
0.001214
0.000167
0.000010
0.000162
0.000067
0.000074
0.000051
0.000877
0.001218
0.000167
0.000011
0.000162
0.000067
0.000084
0.000042
0.000874
0.001199
0.000166
0.000011
0.000161
0.000067
0.000068
0.000047
0.000865
0.001198
0.000166
0.000010
0.000161
0.000068
0.000068
0.000046
0.000864
0.001198
0.000166
0.000010
0.000162
0.000067
0.000082
0.000047
0.000870
0.001214
0.000167
0.000010
0.000162
0.000067
0.000093
0.000043
0.000875
0.001200
0.000168
0.000013
0.000163
0.000069
0.000091
0.000051
--STOP--
++STRT++
0.000873
0.001220
0.000167
0.000011
0.000162
0.000067
0.000073
0.000047
0.000872
0.001214
0.000167
0.000010
0.000161
0.000066
0.000089
0.000047
0.000873
0.001218
0.000219
0.000010
0.000161
0.000067
0.000074
0.000046
0.000874
0.001214
0.000166
0.000011
0.000162
0.000067
0.000083
0.000047
0.000914
0.001217
0.000167
0.000011
0.000183
0.000067
0.000076
0.000048
0.000873
0.001219
0.000166
0.000011
0.000161
0.000067
0.000085
0.000047
0.000898
0.001199
0.000167
0.000011
0.000161
0.000067
0.000075
0.000048
0.000877
0.001213
0.000169
0.000011
0.000161
0.000067
0.000074
0.000045
0.000869
0.001219
0.000166
0.000012
0.000162
0.000067
0.000086
0.000047
0.000900
0.001201
0.000166
0.000011
0.000162
0.000068
0.000088
0.000049
--STOP--
++STRT++
0.000875
0.001198
0.000166
0.000011
0.000161
0.000067
0.000067
0.000042
0.000870
0.001222
0.000166
0.000011
0.000161
0.000067
0.000083
0.000045
0.000872
0.001198
0.000167
0.000011
0.000161
0.000067
0.000090
0.000048
0.000873
0.001239
0.000166
0.000011
0.000161
0.000066
0.000073
0.000043
0.000870
0.001200
0.000166
0.000011
0.000162
0.000087
0.000076
0.000046
0.000903
0.001199
0.000166
0.000012
0.000161
0.000067
0.000068
0.000048
0.000876
0.001201
0.000166
0.000011
0.000161
0.000067
0.000073
0.000045
0.000902
0.001199
0.000166
0.000010
0.000161
0.000067
0.000073
0.000042
0.000873
0.001225
0.000167
0.000010
0.000162
0.000067
0.000073
0.000045
0.000868
0.001199
0.000166
0.000012
0.000162
0.000068
0.000070
0.000048
--STOP--
++STRT++
0.000864
0.001251
0.000166
0.000011
0.000161
0.000067
0.000082
0.000046
0.000875
0.001219
0.000166
0.000010
0.000162
0.000067
0.000086
0.000043
0.000878
0.001198
0.000168
0.000011
0.000161
0.000067
0.000095
0.000048
0.000872
0.001215
0.000166
0.000010
0.000163
0.000067
0.000092
0.000042
0.000875
0.001213
0.000168
0.000010
0.000162
0.000068
0.000069
0.000042
0.000901
0.001199
0.000166
0.000011
0.000162
0.000067
0.000075
0.000046
0.000882
0.001198
0.000171
0.000011
0.000162
0.000067
0.000067
0.000044
0.000883
0.001198
0.000170
0.000011
0.000161
0.000067
0.000068
0.000045
0.000876
0.001199
0.000167
0.000010
0.000163
0.000067
0.000075
0.000047
0.000874
0.001223
0.000168
0.000011
0.000163
0.000068
0.000079
0.000047
--STOP--
++STRT++
0.000865
0.001225
0.000166
0.000010
0.000161
0.000067
0.000067
0.000049
0.000874
0.001219
0.000166
0.000011
0.000161
0.000066
0.000076
0.000048
0.000871
0.001198
0.000168
0.000010
0.000161
0.000067
0.000083
0.000047
0.000918
0.001221
0.000167
0.000012
0.000161
0.000067
0.000068
0.000045
0.000899
0.001223
0.000170
0.000011
0.000162
0.000067
0.000098
0.000044
0.000901
0.001198
0.000166
0.000010
0.000161
0.000067
0.000075
0.000044
0.000876
0.001198
0.000167
0.000011
0.000161
0.000067
0.000080
0.000045
0.000880
0.001198
0.000167
0.000011
0.000161
0.000067
0.000073
0.000044
0.000872
0.001264
0.000166
0.000011
0.000162
0.000067
0.000083
0.000051
0.000896
0.001199
0.000169
0.000012
0.000162
0.000068
0.000099
0.000047
--STOP--
++STRT++
0.000894
0.001224
0.000167
0.000010
0.000161
0.000067
0.000068
0.000042
0.000872
0.001216
0.000190
0.000011
0.000161
0.000067
0.000068
0.000043
0.000875
0.001198
0.000168
0.000011
0.000162
0.000067
0.000068
0.000042
0.000872
0.001198
0.000167
0.000010
0.000161
0.000067
0.000074
0.000043
0.000878
0.001259
0.000167
0.000010
0.000162
0.000067
0.000075
0.000044
0.000873
0.001219
0.000166
0.000011
0.000162
0.000067
0.000076
0.000046
0.000902
0.001198
0.000165
0.000010
0.000162
0.000067
0.000074
0.000047
0.000874
0.001218
0.000166
0.000011
0.000161
0.000067
0.000073
0.000042
0.000881
0.001217
0.000166
0.000010
0.000161
0.000067
0.000074
0.000042
0.000899
0.001224
0.000166
0.000010
0.000161
0.000067
0.000076
0.000049
--STOP--
++STRT++
0.000892
0.001199
0.000167
0.000012
0.000161
0.000067
0.000082
0.000044
0.000874
0.001219
0.000185
0.000010
0.000161
0.000067
0.000081
0.000045
0.000875
0.001221
0.000185
0.000011
0.000161
0.000067
0.000084
0.000040
0.000875
0.001215
0.000167
0.000010
0.000162
0.000067
0.000068
0.000044
0.000884
0.001225
0.000167
0.000011
0.000162
0.000069
0.000089
0.000047
0.000902
0.001216
0.000189
0.000010
0.000161
0.000067
0.000140
0.000045
0.000885
0.001198
0.000168
0.000011
0.000161
0.000067
0.000073
0.000048
0.000873
0.001262
0.000166
0.000013
0.000161
0.000067
0.000074
0.000051
0.000872
0.001199
0.000169
0.000010
0.000162
0.000067
0.000082
0.000045
0.000882
0.001201
0.000170
0.000010
0.000162
0.000067
0.000070
0.000045
--STOP--
