++STRT++
0.006908
0.009933
0.000701
0.000042
0.000692
0.000271
0.000514
0.000194
0.006947
0.010100
0.000698
0.000042
0.000696
0.000271
0.000515
0.000200
0.006996
0.009891
0.000728
0.000043
0.000726
0.000299
0.000541
0.000199
0.007009
0.009891
0.000702
0.000041
0.000695
0.000272
0.000540
0.000191
0.007068
0.010087
0.000708
0.000045
0.000737
0.000275
0.000621
0.000231
0.006951
0.009930
0.000698
0.000045
0.000693
0.000272
0.000550
0.000190
0.006979
0.009885
0.000704
0.000045
0.000693
0.000271
0.000514
0.000198
0.006988
0.009976
0.000700
0.000044
0.000711
0.000294
0.000520
0.000193
0.007019
0.010238
0.000707
0.000044
0.000702
0.000277
0.000577
0.000218
0.007247
0.010151
0.000758
0.000049
0.000725
0.000281
0.000751
0.000308
--STOP--
++STRT++
0.006890
0.009850
0.000704
0.000041
0.000693
0.000271
0.000508
0.000189
0.006913
0.009910
0.000698
0.000041
0.000695
0.000271
0.000508
0.000232
0.006924
0.009885
0.000699
0.000041
0.000698
0.000272
0.000532
0.000193
0.006930
0.009997
0.000728
0.000042
0.000691
0.000271
0.000530
0.000192
0.006959
0.009851
0.000708
0.000044
0.000705
0.000275
0.000616
0.000243
0.006978
0.009840
0.000697
0.000046
0.000717
0.000272
0.000530
0.000207
0.007016
0.009914
0.000699
0.000044
0.000697
0.000273
0.000570
0.000207
0.007017
0.009961
0.000699
0.000044
0.000694
0.000271
0.000519
0.000212
0.007013
0.009991
0.000706
0.000045
0.000698
0.000275
0.000600
0.000223
0.007222
0.010032
0.000756
0.000045
0.000733
0.000280
0.000745
0.000282
--STOP--
++STRT++
0.006900
0.009869
0.000697
0.000042
0.000716
0.000302
0.000540
0.000196
0.007012
0.010009
0.000697
0.000042
0.000725
0.000313
0.000549
0.000204
0.006984
0.009896
0.000697
0.000043
0.000691
0.000270
0.000524
0.000189
0.006985
0.009854
0.000699
0.000043
0.000695
0.000271
0.000532
0.000191
0.007097
0.009886
0.000715
0.000046
0.000741
0.000276
0.000606
0.000229
0.006950
0.009912
0.000703
0.000044
0.000692
0.000270
0.000537
0.000195
0.006942
0.009918
0.000696
0.000041
0.000694
0.000272
0.000543
0.000195
0.006855
0.009932
0.000699
0.000044
0.000694
0.000272
0.000510
0.000196
0.007035
0.010002
0.000705
0.000041
0.000701
0.000274
0.000579
0.000213
0.007218
0.010037
0.000766
0.000049
0.000728
0.000306
0.000758
0.000329
--STOP--
++STRT++
0.006890
0.009872
0.000701
0.000041
0.000694
0.000270
0.000510
0.000195
0.006915
0.009888
0.000698
0.000042
0.000695
0.000271
0.000516
0.000226
0.006923
0.010001
0.000724
0.000042
0.000715
0.000271
0.000518
0.000188
0.006971
0.009884
0.000700
0.000042
0.000751
0.000270
0.000526
0.000194
0.007034
0.009947
0.000711
0.000044
0.000731
0.000276
0.000600
0.000255
0.006971
0.009864
0.000726
0.000042
0.000693
0.000271
0.000522
0.000199
0.006970
0.009959
0.000699
0.000043
0.000695
0.000272
0.000520
0.000203
0.006947
0.009893
0.000713
0.000041
0.000694
0.000270
0.000524
0.000201
0.006999
0.009923
0.000707
0.000044
0.000739
0.000276
0.000574
0.000224
0.007294
0.010185
0.000730
0.000050
0.000731
0.000281
0.000754
0.000308
--STOP--
++STRT++
0.006891
0.009861
0.000699
0.000042
0.000693
0.000271
0.000491
0.000200
0.006938
0.009889
0.000701
0.000045
0.000697
0.000271
0.000537
0.000198
0.006971
0.009926
0.000701
0.000042
0.000690
0.000272
0.000506
0.000188
0.007114
0.009902
0.000699
0.000040
0.000694
0.000271
0.000553
0.000193
0.007072
0.009966
0.000709
0.000044
0.000728
0.000275
0.000614
0.000238
0.006887
0.009954
0.000694
0.000044
0.000691
0.000271
0.000512
0.000195
0.006910
0.009863
0.000699
0.000043
0.000691
0.000272
0.000527
0.000217
0.006971
0.010146
0.000697
0.000044
0.000695
0.000271
0.000548
0.000216
0.007026
0.010065
0.000712
0.000046
0.000700
0.000276
0.000592
0.000216
0.007319
0.010106
0.000727
0.000045
0.000733
0.000283
0.000758
0.000300
--STOP--
++STRT++
0.006931
0.009916
0.000698
0.000042
0.000696
0.000270
0.000518
0.000198
0.006940
0.009933
0.000724
0.000046
0.000693
0.000270
0.000517
0.000194
0.006908
0.009908
0.000701
0.000044
0.000696
0.000272
0.000533
0.000194
0.006925
0.009894
0.000703
0.000043
0.000698
0.000272
0.000529
0.000183
0.007111
0.009991
0.000708
0.000044
0.000736
0.000278
0.000615
0.000239
0.006970
0.009829
0.000703
0.000042
0.000697
0.000272
0.000514
0.000197
0.006950
0.010098
0.000724
0.000044
0.000691
0.000272
0.000518
0.000201
0.006961
0.009853
0.000698
0.000044
0.000696
0.000272
0.000521
0.000191
0.007095
0.009911
0.000708
0.000048
0.000743
0.000275
0.000569
0.000221
0.007183
0.010153
0.000731
0.000056
0.000723
0.000285
0.000762
0.000318
--STOP--
++STRT++
0.006916
0.009921
0.000714
0.000042
0.000691
0.000270
0.000498
0.000190
0.006919
0.009907
0.000698
0.000041
0.000718
0.000271
0.000529
0.000204
0.006919
0.009862
0.000700
0.000044
0.000691
0.000272
0.000527
0.000225
0.007016
0.009993
0.000698
0.000042
0.000699
0.000273
0.000532
0.000189
0.007021
0.009960
0.000713
0.000044
0.000742
0.000277
0.000593
0.000242
0.006972
0.009930
0.000700
0.000044
0.000696
0.000271
0.000521
0.000198
0.006954
0.009931
0.000701
0.000043
0.000692
0.000273
0.000579
0.000201
0.006939
0.009935
0.000702
0.000042
0.000693
0.000270
0.000504
0.000205
0.007067
0.010134
0.000709
0.000043
0.000701
0.000274
0.000593
0.000223
0.007256
0.010048
0.000753
0.000050
0.000722
0.000282
0.000755
0.000290
--STOP--
++STRT++
0.006930
0.009931
0.000708
0.000042
0.000716
0.000313
0.000515
0.000201
0.006953
0.009931
0.000701
0.000042
0.000700
0.000272
0.000541
0.000198
0.006934
0.009903
0.000702
0.000041
0.000693
0.000269
0.000519
0.000191
0.007008
0.009887
0.000697
0.000044
0.000693
0.000273
0.000541
0.000207
0.007114
0.010045
0.000744
0.000046
0.000704
0.000275
0.000607
0.000223
0.006973
0.009906
0.000700
0.000042
0.000694
0.000272
0.000514
0.000218
0.006965
0.009933
0.000726
0.000044
0.000694
0.000273
0.000516
0.000200
0.006967
0.009877
0.000700
0.000042
0.000714
0.000271
0.000546
0.000215
0.007096
0.010016
0.000704
0.000042
0.000702
0.000276
0.000573
0.000222
0.007235
0.010031
0.000728
0.000051
0.000729
0.000282
0.000777
0.000291
--STOP--
++STRT++
0.006983
0.009906
0.000698
0.000040
0.000690
0.000270
0.000501
0.000190
0.006898
0.009916
0.000697
0.000041
0.000694
0.000270
0.000508
0.000201
0.006923
0.009892
0.000698
0.000041
0.000694
0.000270
0.000506
0.000194
0.006958
0.010051
0.000733
0.000042
0.000697
0.000272
0.000516
0.000187
0.006907
0.009936
0.000709
0.000044
0.000701
0.000275
0.000597
0.000239
0.006981
0.009951
0.000700
0.000043
0.000696
0.000271
0.000509
0.000195
0.006936
0.009910
0.000729
0.000046
0.000698
0.000274
0.000514
0.000189
0.007006
0.009886
0.000697
0.000044
0.000692
0.000271
0.000516
0.000192
0.006997
0.010078
0.000771
0.000044
0.000728
0.000274
0.000591
0.000223
0.007366
0.010209
0.000728
0.000053
0.000723
0.000280
0.000768
0.000279
--STOP--
++STRT++
0.006880
0.010015
0.000698
0.000044
0.000692
0.000271
0.000500
0.000193
0.006962
0.009871
0.000699
0.000043
0.000692
0.000272
0.000527
0.000216
0.006963
0.009903
0.000727
0.000046
0.000720
0.000271
0.000512
0.000190
0.006976
0.009928
0.000702
0.000043
0.000747
0.000273
0.000524
0.000197
0.007036
0.009897
0.000710
0.000045
0.000734
0.000275
0.000599
0.000229
0.006954
0.009969
0.000705
0.000043
0.000691
0.000271
0.000536
0.000186
0.006932
0.009917
0.000696
0.000044
0.000692
0.000272
0.000528
0.000212
0.006949
0.009953
0.000725
0.000043
0.000719
0.000271
0.000540
0.000193
0.007020
0.009990
0.000734
0.000043
0.000733
0.000274
0.000589
0.000213
0.007192
0.010080
0.000736
0.000050
0.000747
0.000280
0.000794
0.000277
--STOP--
++STRT++
0.006892
0.009870
0.000704
0.000041
0.000698
0.000269
0.000503
0.000186
0.007020
0.009943
0.000702
0.000045
0.000697
0.000271
0.000514
0.000192
0.006950
0.009871
0.000698
0.000043
0.000735
0.000271
0.000509
0.000192
0.006963
0.009894
0.000697
0.000042
0.000695
0.000299
0.000519
0.000184
0.007003
0.009973
0.000705
0.000046
0.000728
0.000276
0.000601
0.000237
0.007002
0.009973
0.000699
0.000044
0.000695
0.000272
0.000557
0.000191
0.006945
0.009918
0.000702
0.000044
0.000695
0.000303
0.000512
0.000195
0.006985
0.009875
0.000696
0.000042
0.000690
0.000272
0.000529
0.000209
0.007025
0.009960
0.000711
0.000043
0.000738
0.000276
0.000587
0.000219
0.007196
0.010213
0.000738
0.000045
0.000726
0.000281
0.000757
0.000298
--STOP--
++STRT++
0.006921
0.009893
0.000699
0.000043
0.000712
0.000290
0.000517
0.000200
0.006904
0.009986
0.000700
0.000044
0.000691
0.000270
0.000538
0.000191
0.006944
0.010017
0.000700
0.000042
0.000692
0.000272
0.000521
0.000194
0.007024
0.010038
0.000698
0.000042
0.000695
0.000273
0.000541
0.000196
0.007082
0.009992
0.000712
0.000045
0.000705
0.000276
0.000596
0.000223
0.006976
0.009936
0.000741
0.000042
0.000701
0.000272
0.000522
0.000203
0.006980
0.009876
0.000697
0.000042
0.000692
0.000271
0.000544
0.000201
0.007047
0.009845
0.000702
0.000040
0.000719
0.000337
0.000507
0.000195
0.007056
0.010034
0.000705
0.000046
0.000730
0.000275
0.000578
0.000224
0.007104
0.010061
0.000728
0.000050
0.000719
0.000281
0.000801
0.000285
--STOP--
++STRT++
0.006929
0.009980
0.000702
0.000044
0.000693
0.000270
0.000515
0.000189
0.006953
0.009836
0.000763
0.000042
0.000696
0.000274
0.000529
0.000202
0.006944
0.009907
0.000699
0.000042
0.000695
0.000301
0.000542
0.000200
0.006994
0.009925
0.000701
0.000043
0.000690
0.000272
0.000527
0.000198
0.007031
0.009926
0.000709
0.000046
0.000734
0.000276
0.000614
0.000229
0.006993
0.009930
0.000701
0.000042
0.000694
0.000272
0.000537
0.000196
0.006963
0.009902
0.000736
0.000043
0.000690
0.000272
0.000510
0.000196
0.006974
0.009901
0.000698
0.000041
0.000737
0.000270
0.000516
0.000187
0.007042
0.009906
0.000707
0.000045
0.000698
0.000305
0.000587
0.000215
0.007306
0.010164
0.000730
0.000048
0.000727
0.000282
0.000752
0.000305
--STOP--
++STRT++
0.006914
0.009874
0.000697
0.000041
0.000694
0.000270
0.000513
0.000185
0.006935
0.009947
0.000699
0.000044
0.000693
0.000270
0.000504
0.000196
0.006897
0.009835
0.000725
0.000044
0.000691
0.000271
0.000505
0.000201
0.006935
0.009922
0.000705
0.000045
0.000693
0.000308
0.000540
0.000193
0.007058
0.009960
0.000711
0.000047
0.000732
0.000276
0.000606
0.000230
0.006968
0.009947
0.000732
0.000042
0.000691
0.000273
0.000526
0.000184
0.006929
0.009872
0.000720
0.000041
0.000694
0.000272
0.000511
0.000194
0.006967
0.009911
0.000703
0.000044
0.000715
0.000272
0.000508
0.000187
0.006987
0.009977
0.000708
0.000046
0.000704
0.000275
0.000573
0.000222
0.007187
0.010162
0.000727
0.000057
0.000754
0.000280
0.000767
0.000295
--STOP--
++STRT++
0.006962
0.009903
0.000699
0.000041
0.000696
0.000270
0.000512
0.000192
0.006946
0.009906
0.000699
0.000044
0.000695
0.000272
0.000546
0.000195
0.006939
0.009929
0.000699
0.000043
0.000692
0.000271
0.000516
0.000191
0.006966
0.009945
0.000701
0.000042
0.000699
0.000271
0.000525
0.000191
0.006917
0.009930
0.000722
0.000046
0.000719
0.000276
0.000603
0.000238
0.006922
0.009979
0.000700
0.000042
0.000692
0.000273
0.000531
0.000201
0.006930
0.009903
0.000727
0.000042
0.000693
0.000271
0.000515
0.000190
0.006939
0.009873
0.000701
0.000042
0.000716
0.000271
0.000529
0.000194
0.007035
0.010008
0.000712
0.000046
0.000735
0.000274
0.000585
0.000212
0.007172
0.010133
0.000744
0.000046
0.000745
0.000283
0.000761
0.000302
--STOP--
++STRT++
0.006985
0.009974
0.000697
0.000042
0.000710
0.000273
0.000513
0.000192
0.006917
0.010049
0.000697
0.000043
0.000692
0.000273
0.000540
0.000182
0.006933
0.010088
0.000696
0.000044
0.000691
0.000271
0.000535
0.000211
0.007025
0.009970
0.000699
0.000044
0.000713
0.000271
0.000528
0.000192
0.007123
0.009932
0.000704
0.000047
0.000707
0.000276
0.000601
0.000232
0.007025
0.009921
0.000704
0.000042
0.000724
0.000272
0.000534
0.000197
0.006931
0.009918
0.000700
0.000043
0.000695
0.000273
0.000551
0.000193
0.006973
0.009903
0.000698
0.000041
0.000692
0.000272
0.000495
0.000192
0.007052
0.009885
0.000710
0.000044
0.000699
0.000275
0.000581
0.000220
0.007100
0.010249
0.000739
0.000050
0.000731
0.000310
0.000754
0.000323
--STOP--
++STRT++
0.006927
0.009906
0.000697
0.000043
0.000690
0.000272
0.000510
0.000190
0.006909
0.009900
0.000768
0.000043
0.000692
0.000272
0.000539
0.000191
0.006942
0.009868
0.000697
0.000044
0.000692
0.000294
0.000507
0.000197
0.006988
0.009940
0.000703
0.000044
0.000694
0.000272
0.000541
0.000189
0.007049
0.009927
0.000709
0.000044
0.000736
0.000274
0.000591
0.000226
0.006966
0.009905
0.000698
0.000042
0.000691
0.000272
0.000521
0.000198
0.006937
0.009942
0.000698
0.000041
0.000693
0.000272
0.000580
0.000206
0.006965
0.009924
0.000697
0.000042
0.000695
0.000295
0.000547
0.000189
0.006926
0.009930
0.000709
0.000046
0.000773
0.000277
0.000594
0.000219
0.007199
0.010120
0.000732
0.000047
0.000725
0.000281
0.000758
0.000282
--STOP--
++STRT++
0.006888
0.009885
0.000701
0.000044
0.000692
0.000269
0.000500
0.000179
0.006972
0.009911
0.000745
0.000042
0.000745
0.000271
0.000549
0.000194
0.006971
0.009848
0.000699
0.000043
0.000693
0.000271
0.000541
0.000193
0.006932
0.009930
0.000726
0.000041
0.000694
0.000272
0.000504
0.000197
0.007029
0.009994
0.000709
0.000043
0.000730
0.000277
0.000625
0.000236
0.006988
0.009964
0.000700
0.000041
0.000692
0.000271
0.000547
0.000195
0.007021
0.009957
0.000697
0.000043
0.000694
0.000271
0.000523
0.000199
0.006939
0.009968
0.000700
0.000041
0.000691
0.000271
0.000506
0.000201
0.007007
0.010053
0.000728
0.000044
0.000704
0.000275
0.000587
0.000215
0.007169
0.010081
0.000729
0.000045
0.000731
0.000282
0.000782
0.000302
--STOP--
++STRT++
0.006858
0.009869
0.000697
0.000042
0.000690
0.000271
0.000534
0.000198
0.006948
0.009905
0.000700
0.000045
0.000694
0.000271
0.000552
0.000197
0.006995
0.009935
0.000698
0.000044
0.000692
0.000271
0.000521
0.000186
0.006985
0.009879
0.000705
0.000042
0.000692
0.000271
0.000537
0.000194
0.007040
0.010070
0.000735
0.000047
0.000705
0.000274
0.000624
0.000233
0.007001
0.009938
0.000698
0.000043
0.000692
0.000271
0.000535
0.000194
0.006934
0.009929
0.000699
0.000042
0.000692
0.000272
0.000526
0.000194
0.006964
0.009886
0.000698
0.000044
0.000692
0.000271
0.000510
0.000197
0.006934
0.010065
0.000712
0.000045
0.000700
0.000275
0.000582
0.000208
0.007171
0.009997
0.000758
0.000049
0.000725
0.000280
0.000755
0.000307
--STOP--
++STRT++
0.006904
0.009887
0.000698
0.000042
0.000695
0.000270
0.000510
0.000191
0.006998
0.009877
0.000700
0.000046
0.000693
0.000271
0.000520
0.000193
0.006968
0.009866
0.000696
0.000044
0.000691
0.000271
0.000507
0.000208
0.006958
0.009946
0.000697
0.000042
0.000695
0.000272
0.000507
0.000192
0.007091
0.010078
0.000710
0.000044
0.000733
0.000275
0.000595
0.000243
0.006943
0.009915
0.000701
0.000043
0.000693
0.000272
0.000522
0.000194
0.006945
0.009848
0.000718
0.000042
0.000697
0.000272
0.000529
0.000193
0.006984
0.009897
0.000704
0.000042
0.000719
0.000291
0.000543
0.000198
0.007036
0.010142
0.000708
0.000104
0.000699
0.000276
0.000565
0.000225
0.007133
0.010132
0.000737
0.000051
0.000743
0.000286
0.000773
0.000288
--STOP--
++STRT++
0.006844
0.009870
0.000698
0.000042
0.000689
0.000270
0.000496
0.000197
0.006962
0.009892
0.000717
0.000042
0.000720
0.000298
0.000535
0.000200
0.006958
0.009966
0.000698
0.000042
0.000694
0.000269
0.000521
0.000205
0.006909
0.010007
0.000698
0.000044
0.000696
0.000272
0.000556
0.000199
0.007020
0.009955
0.000707
0.000045
0.000723
0.000275
0.000600
0.000220
0.006991
0.009919
0.000742
0.000045
0.000716
0.000272
0.000539
0.000198
0.007033
0.009950
0.000699
0.000043
0.000691
0.000273
0.000565
0.000199
0.006941
0.009920
0.000697
0.000042
0.000695
0.000270
0.000505
0.000202
0.007077
0.009938
0.000705
0.000046
0.000699
0.000275
0.000597
0.000217
0.007265
0.010049
0.000738
0.000046
0.000728
0.000282
0.000798
0.000298
--STOP--
++STRT++
0.006985
0.009837
0.000696
0.000041
0.000690
0.000271
0.000506
0.000183
0.006903
0.009990
0.000698
0.000045
0.000694
0.000270
0.000524
0.000226
0.006986
0.009883
0.000702
0.000042
0.000703
0.000270
0.000519
0.000205
0.007046
0.010028
0.000698
0.000044
0.000738
0.000272
0.000526
0.000196
0.006952
0.009918
0.000715
0.000046
0.000748
0.000275
0.000605
0.000241
0.006975
0.009896
0.000733
0.000044
0.000696
0.000272
0.000515
0.000204
0.006970
0.010174
0.000723
0.000044
0.000694
0.000273
0.000524
0.000193
0.007068
0.009871
0.000700
0.000041
0.000698
0.000270
0.000508
0.000196
0.007028
0.009995
0.000706
0.000044
0.000724
0.000275
0.000584
0.000209
0.007212
0.010024
0.000731
0.000052
0.000756
0.000282
0.000776
0.000295
--STOP--
++STRT++
0.006921
0.009966
0.000700
0.000042
0.000691
0.000270
0.000516
0.000190
0.006970
0.009901
0.000699
0.000043
0.000693
0.000270
0.000527
0.000197
0.006969
0.009994
0.000720
0.000042
0.000692
0.000272
0.000531
0.000189
0.006920
0.010026
0.000726
0.000044
0.000691
0.000272
0.000499
0.000192
0.007081
0.010069
0.000745
0.000046
0.000703
0.000276
0.000642
0.000236
0.006925
0.009893
0.000716
0.000041
0.000720
0.000272
0.000517
0.000195
0.006986
0.009901
0.000698
0.000043
0.000696
0.000273
0.000549
0.000188
0.006972
0.010005
0.000698
0.000043
0.000693
0.000270
0.000496
0.000193
0.007026
0.010075
0.000707
0.000045
0.000698
0.000305
0.000584
0.000227
0.007209
0.010085
0.000736
0.000053
0.000728
0.000280
0.000751
0.000289
--STOP--
++STRT++
0.006853
0.009954
0.000694
0.000041
0.000691
0.000271
0.000518
0.000193
0.006959
0.009908
0.000708
0.000045
0.000710
0.000272
0.000543
0.000192
0.006966
0.009886
0.000699
0.000041
0.000718
0.000271
0.000522
0.000196
0.007006
0.009939
0.000736
0.000042
0.000695
0.000270
0.000512
0.000198
0.007091
0.009899
0.000709
0.000046
0.000727
0.000276
0.000604
0.000235
0.007002
0.009926
0.000701
0.000042
0.000694
0.000272
0.000514
0.000202
0.007005
0.009897
0.000742
0.000045
0.000690
0.000273
0.000541
0.000205
0.007017
0.009900
0.000696
0.000042
0.000696
0.000271
0.000510
0.000190
0.006984
0.009913
0.000703
0.000047
0.000746
0.000275
0.000617
0.000226
0.007183
0.010079
0.000741
0.000046
0.000732
0.000283
0.000753
0.000289
--STOP--
++STRT++
0.006895
0.009878
0.000720
0.000041
0.000689
0.000270
0.000490
0.000186
0.006922
0.009908
0.000731
0.000041
0.000695
0.000271
0.000526
0.000200
0.006946
0.009871
0.000699
0.000042
0.000692
0.000271
0.000527
0.000202
0.007002
0.009924
0.000700
0.000043
0.000692
0.000271
0.000540
0.000191
0.007208
0.009944
0.000708
0.000045
0.000705
0.000275
0.000599
0.000249
0.007015
0.009875
0.000697
0.000041
0.000699
0.000272
0.000547
0.000192
0.006983
0.010049
0.000718
0.000045
0.000722
0.000272
0.000532
0.000206
0.006911
0.010002
0.000700
0.000045
0.000698
0.000271
0.000510
0.000192
0.007018
0.010058
0.000707
0.000050
0.000734
0.000274
0.000594
0.000222
0.007199
0.009941
0.000736
0.000046
0.000748
0.000281
0.000793
0.000295
--STOP--
++STRT++
0.006922
0.009885
0.000739
0.000043
0.000729
0.000269
0.000512
0.000192
0.006987
0.009865
0.000701
0.000044
0.000693
0.000272
0.000516
0.000195
0.006954
0.009858
0.000751
0.000042
0.000693
0.000271
0.000508
0.000201
0.007022
0.009988
0.000702
0.000043
0.000694
0.000271
0.000527
0.000189
0.007026
0.009965
0.000705
0.000044
0.000728
0.000275
0.000601
0.000245
0.006975
0.009905
0.000701
0.000043
0.000696
0.000272
0.000522
0.000193
0.007034
0.009919
0.000701
0.000042
0.000692
0.000272
0.000502
0.000257
0.007026
0.009951
0.000701
0.000044
0.000691
0.000271
0.000526
0.000191
0.007054
0.010047
0.000706
0.000046
0.000702
0.000275
0.000593
0.000232
0.007166
0.010020
0.000770
0.000047
0.000739
0.000280
0.000759
0.000285
--STOP--
++STRT++
0.006944
0.009916
0.000698
0.000040
0.000705
0.000292
0.000555
0.000198
0.006980
0.009901
0.000703
0.000042
0.000694
0.000272
0.000527
0.000193
0.006972
0.009908
0.000697
0.000041
0.000694
0.000271
0.000523
0.000197
0.006968
0.009854
0.000698
0.000046
0.000691
0.000272
0.000527
0.000189
0.007014
0.010027
0.000706
0.000047
0.000698
0.000275
0.000605
0.000282
0.006984
0.009979
0.000701
0.000042
0.000691
0.000271
0.000502
0.000197
0.007015
0.009938
0.000699
0.000043
0.000693
0.000272
0.000520
0.000197
0.006894
0.009883
0.000723
0.000042
0.000690
0.000272
0.000518
0.000202
0.007035
0.010045
0.000769
0.000044
0.000700
0.000276
0.000581
0.000214
0.007198
0.010044
0.000737
0.000048
0.000725
0.000282
0.000763
0.000301
--STOP--
++STRT++
0.006938
0.010103
0.000701
0.000043
0.000692
0.000271
0.000525
0.000196
0.006982
0.009990
0.000701
0.000042
0.000719
0.000272
0.000511
0.000202
0.006924
0.009905
0.000721
0.000042
0.000694
0.000272
0.000536
0.000198
0.006981
0.009908
0.000697
0.000043
0.000695
0.000273
0.000520
0.000193
0.007054
0.009948
0.000707
0.000044
0.000704
0.000277
0.000596
0.000230
0.007003
0.009900
0.000700
0.000042
0.000698
0.000274
0.000539
0.000194
0.006949
0.009909
0.000702
0.000045
0.000694
0.000273
0.000535
0.000195
0.006975
0.009961
0.000747
0.000043
0.000694
0.000270
0.000511
0.000189
0.006995
0.009976
0.000709
0.000045
0.000724
0.000275
0.000586
0.000216
0.007251
0.010236
0.000732
0.000045
0.000727
0.000283
0.000763
0.000311
--STOP--
++STRT++
0.006904
0.009858
0.000704
0.000043
0.000691
0.000271
0.000521
0.000189
0.006941
0.009931
0.000696
0.000041
0.000694
0.000271
0.000524
0.000194
0.007006
0.009972
0.000703
0.000043
0.000693
0.000272
0.000531
0.000196
0.007005
0.009954
0.000699
0.000043
0.000692
0.000272
0.000540
0.000193
0.006980
0.009962
0.000705
0.000045
0.000740
0.000276
0.000629
0.000235
0.007054
0.009917
0.000700
0.000044
0.000695
0.000272
0.000509
0.000192
0.006976
0.009945
0.000701
0.000045
0.000691
0.000271
0.000535
0.000200
0.006926
0.009897
0.000699
0.000043
0.000692
0.000271
0.000514
0.000188
0.007014
0.009914
0.000709
0.000044
0.000703
0.000276
0.000591
0.000220
0.007260
0.010046
0.000759
0.000046
0.000724
0.000280
0.000757
0.000297
--STOP--
++STRT++
0.006945
0.009891
0.000730
0.000043
0.000716
0.000270
0.000524
0.000193
0.006958
0.009926
0.000698
0.000043
0.000695
0.000272
0.000539
0.000207
0.006982
0.010044
0.000700
0.000042
0.000693
0.000271
0.000517
0.000232
0.007051
0.009909
0.000696
0.000043
0.000694
0.000272
0.000541
0.000189
0.007087
0.009970
0.000710
0.000047
0.000707
0.000299
0.000616
0.000242
0.006992
0.009875
0.000701
0.000042
0.000696
0.000271
0.000525
0.000194
0.006992
0.009904
0.000702
0.000042
0.000690
0.000272
0.000524
0.000200
0.007012
0.010040
0.000744
0.000042
0.000696
0.000271
0.000500
0.000190
0.007076
0.009997
0.000735
0.000044
0.000699
0.000274
0.000566
0.000214
0.007148
0.010153
0.000734
0.000047
0.000726
0.000281
0.000742
0.000289
--STOP--
++STRT++
0.006854
0.009990
0.000698
0.000042
0.000695
0.000271
0.000518
0.000198
0.006984
0.009909
0.000699
0.000041
0.000694
0.000271
0.000506
0.000189
0.007009
0.009859
0.000729
0.000043
0.000695
0.000273
0.000518
0.000193
0.007008
0.009871
0.000698
0.000044
0.000719
0.000272
0.000549
0.000187
0.006964
0.009969
0.000714
0.000043
0.000729
0.000276
0.000605
0.000228
0.006953
0.009931
0.000698
0.000042
0.000695
0.000271
0.000520
0.000189
0.006997
0.009885
0.000697
0.000045
0.000695
0.000299
0.000528
0.000199
0.006997
0.009994
0.000696
0.000042
0.000692
0.000271
0.000508
0.000193
0.007163
0.009882
0.000704
0.000044
0.000700
0.000276
0.000601
0.000225
0.007268
0.010202
0.000757
0.000045
0.000722
0.000282
0.000755
0.000294
--STOP--
++STRT++
0.006935
0.009982
0.000714
0.000072
0.000719
0.000270
0.000489
0.000188
0.006932
0.009976
0.000702
0.000043
0.000692
0.000271
0.000539
0.000195
0.006976
0.009883
0.000697
0.000043
0.000694
0.000271
0.000521
0.000181
0.006998
0.009902
0.000700
0.000043
0.000690
0.000272
0.000540
0.000192
0.007081
0.009938
0.000706
0.000043
0.000701
0.000275
0.000618
0.000242
0.006968
0.009866
0.000696
0.000045
0.000692
0.000324
0.000525
0.000193
0.007033
0.010101
0.000705
0.000045
0.000693
0.000307
0.000549
0.000196
0.006934
0.009895
0.000696
0.000041
0.000692
0.000273
0.000529
0.000196
0.007109
0.010039
0.000713
0.000044
0.000709
0.000299
0.000589
0.000211
0.007283
0.010076
0.000734
0.000050
0.000737
0.000282
0.000751
0.000274
--STOP--
++STRT++
0.006904
0.009889
0.000700
0.000040
0.000692
0.000269
0.000526
0.000189
0.006951
0.009904
0.000696
0.000042
0.000696
0.000272
0.000518
0.000220
0.006949
0.009943
0.000700
0.000042
0.000692
0.000270
0.000528
0.000194
0.006950
0.009886
0.000732
0.000043
0.000693
0.000272
0.000537
0.000193
0.007005
0.009962
0.000712
0.000043
0.000705
0.000277
0.000634
0.000222
0.006958
0.009937
0.000698
0.000043
0.000692
0.000272
0.000548
0.000196
0.006934
0.010017
0.000701
0.000041
0.000692
0.000272
0.000549
0.000195
0.006996
0.009877
0.000701
0.000043
0.000691
0.000270
0.000535
0.000185
0.006993
0.010140
0.000708
0.000045
0.000702
0.000276
0.000614
0.000224
0.007159
0.010171
0.000764
0.000051
0.000724
0.000283
0.000753
0.000297
--STOP--
++STRT++
0.006943
0.009876
0.000697
0.000042
0.000717
0.000269
0.000502
0.000188
0.006909
0.009996
0.000700
0.000041
0.000693
0.000271
0.000528
0.000193
0.006930
0.009918
0.000700
0.000041
0.000690
0.000273
0.000514
0.000186
0.006949
0.009951
0.000700
0.000046
0.000695
0.000272
0.000522
0.000200
0.007026
0.010029
0.000769
0.000047
0.000702
0.000274
0.000601
0.000248
0.006952
0.009919
0.000732
0.000043
0.000724
0.000271
0.000506
0.000193
0.006993
0.009909
0.000698
0.000043
0.000718
0.000272
0.000540
0.000198
0.006953
0.009883
0.000696
0.000042
0.000692
0.000297
0.000520
0.000206
0.007003
0.009859
0.000737
0.000047
0.000730
0.000275
0.000583
0.000208
0.007208
0.009993
0.000737
0.000050
0.000733
0.000279
0.000754
0.000281
--STOP--
++STRT++
0.006851
0.010017
0.000703
0.000040
0.000692
0.000269
0.000513
0.000188
0.006937
0.009897
0.000719
0.000041
0.000723
0.000271
0.000515
0.000190
0.006944
0.010028
0.000703
0.000042
0.000691
0.000271
0.000518
0.000197
0.007062
0.009941
0.000697
0.000042
0.000696
0.000272
0.000507
0.000196
0.006965
0.009921
0.000712
0.000045
0.000730
0.000296
0.000617
0.000249
0.006959
0.009888
0.000698
0.000045
0.000720
0.000271
0.000511
0.000200
0.006978
0.009874
0.000699
0.000045
0.000742
0.000272
0.000559
0.000190
0.007007
0.010130
0.000699
0.000042
0.000692
0.000271
0.000509
0.000201
0.007087
0.009942
0.000708
0.000045
0.000700
0.000274
0.000582
0.000226
0.007155
0.010022
0.000773
0.000048
0.000724
0.000282
0.000742
0.000276
--STOP--
++STRT++
0.006904
0.009858
0.000695
0.000042
0.000695
0.000270
0.000515
0.000187
0.007008
0.009928
0.000724
0.000047
0.000695
0.000271
0.000525
0.000193
0.006953
0.009915
0.000700
0.000043
0.000693
0.000271
0.000514
0.000209
0.006982
0.009911
0.000698
0.000042
0.000700
0.000272
0.000546
0.000196
0.006940
0.009999
0.000713
0.000044
0.000701
0.000275
0.000620
0.000225
0.006931
0.009915
0.000698
0.000043
0.000690
0.000305
0.000518
0.000190
0.006912
0.009942
0.000727
0.000044
0.000717
0.000273
0.000529
0.000191
0.006897
0.009873
0.000699
0.000042
0.000695
0.000271
0.000523
0.000186
0.007084
0.010002
0.000706
0.000049
0.000703
0.000306
0.000576
0.000225
0.007179
0.010118
0.000738
0.000054
0.000726
0.000280
0.000752
0.000286
--STOP--
++STRT++
0.006946
0.009973
0.000702
0.000042
0.000699
0.000270
0.000518
0.000196
0.007001
0.009976
0.000724
0.000042
0.000692
0.000272
0.000506
0.000208
0.006911
0.009891
0.000694
0.000044
0.000696
0.000270
0.000508
0.000214
0.006979
0.009888
0.000700
0.000045
0.000694
0.000274
0.000513
0.000191
0.007065
0.009973
0.000708
0.000044
0.000712
0.000276
0.000609
0.000245
0.007020
0.009929
0.000701
0.000043
0.000694
0.000271
0.000533
0.000210
0.006959
0.009944
0.000700
0.000041
0.000692
0.000272
0.000532
0.000205
0.006946
0.010026
0.000699
0.000042
0.000706
0.000297
0.000532
0.000181
0.007010
0.009902
0.000706
0.000044
0.000705
0.000274
0.000581
0.000211
0.007181
0.010084
0.000732
0.000049
0.000726
0.000282
0.000812
0.000304
--STOP--
++STRT++
0.006893
0.009861
0.000698
0.000042
0.000691
0.000270
0.000520
0.000191
0.006982
0.010016
0.000724
0.000043
0.000696
0.000272
0.000526
0.000195
0.006970
0.009893
0.000697
0.000043
0.000694
0.000271
0.000534
0.000228
0.006966
0.009852
0.000697
0.000043
0.000693
0.000272
0.000525
0.000186
0.007029
0.010151
0.000712
0.000042
0.000739
0.000274
0.000593
0.000234
0.006947
0.009848
0.000700
0.000047
0.000704
0.000273
0.000503
0.000187
0.006942
0.009891
0.000698
0.000043
0.000728
0.000274
0.000524
0.000192
0.007010
0.009875
0.000698
0.000042
0.000721
0.000301
0.000528
0.000192
0.007021
0.009897
0.000710
0.000044
0.000702
0.000274
0.000571
0.000220
0.007197
0.010045
0.000732
0.000052
0.000725
0.000282
0.000773
0.000293
--STOP--
++STRT++
0.006886
0.009935
0.000700
0.000043
0.000693
0.000269
0.000501
0.000201
0.006989
0.009877
0.000699
0.000042
0.000712
0.000271
0.000521
0.000189
0.006948
0.009948
0.000696
0.000043
0.000694
0.000272
0.000527
0.000198
0.006967
0.009859
0.000697
0.000042
0.000742
0.000272
0.000534
0.000191
0.007065
0.009931
0.000709
0.000045
0.000728
0.000275
0.000609
0.000243
0.006978
0.009858
0.000701
0.000043
0.000694
0.000271
0.000540
0.000205
0.006933
0.009905
0.000722
0.000042
0.000691
0.000272
0.000538
0.000194
0.006935
0.009945
0.000727
0.000044
0.000719
0.000271
0.000519
0.000193
0.007007
0.010034
0.000749
0.000042
0.000698
0.000274
0.000596
0.000216
0.007201
0.010017
0.000753
0.000048
0.000727
0.000283
0.000749
0.000280
--STOP--
++STRT++
0.006920
0.009921
0.000697
0.000041
0.000691
0.000271
0.000516
0.000199
0.006897
0.009902
0.000700
0.000043
0.000728
0.000270
0.000544
0.000191
0.006969
0.009884
0.000699
0.000041
0.000695
0.000271
0.000504
0.000191
0.007083
0.009873
0.000729
0.000043
0.000693
0.000271
0.000515
0.000193
0.007086
0.010127
0.000738
0.000042
0.000726
0.000278
0.000603
0.000233
0.006927
0.010017
0.000729
0.000042
0.000712
0.000272
0.000530
0.000193
0.007012
0.009910
0.000698
0.000044
0.000716
0.000272
0.000525
0.000197
0.006942
0.009900
0.000719
0.000043
0.000698
0.000271
0.000519
0.000193
0.007106
0.009906
0.000721
0.000044
0.000707
0.000274
0.000586
0.000254
0.007254
0.010254
0.000742
0.000051
0.000725
0.000283
0.000755
0.000312
--STOP--
++STRT++
0.006951
0.010057
0.000695
0.000043
0.000696
0.000271
0.000532
0.000194
0.006986
0.009992
0.000720
0.000042
0.000708
0.000273
0.000528
0.000203
0.006926
0.010008
0.000696
0.000044
0.000731
0.000272
0.000518
0.000190
0.006944
0.009865
0.000727
0.000043
0.000699
0.000271
0.000516
0.000196
0.006965
0.010136
0.000729
0.000047
0.000735
0.000275
0.000602
0.000230
0.006989
0.010050
0.000706
0.000043
0.000697
0.000272
0.000509
0.000201
0.007010
0.009899
0.000697
0.000043
0.000695
0.000272
0.000539
0.000204
0.006942
0.009982
0.000701
0.000043
0.000695
0.000272
0.000520
0.000204
0.007068
0.009950
0.000717
0.000045
0.000701
0.000275
0.000597
0.000224
0.007290
0.010093
0.000750
0.000048
0.000732
0.000301
0.000761
0.000294
--STOP--
++STRT++
0.006867
0.009941
0.000699
0.000041
0.000693
0.000269
0.000513
0.000189
0.006955
0.009836
0.000697
0.000043
0.000693
0.000271
0.000500
0.000191
0.006932
0.009899
0.000697
0.000042
0.000695
0.000271
0.000511
0.000185
0.006934
0.009901
0.000697
0.000042
0.000691
0.000273
0.000524
0.000193
0.007056
0.009929
0.000708
0.000046
0.000734
0.000277
0.000604
0.000235
0.007013
0.009983
0.000700
0.000043
0.000700
0.000273
0.000526
0.000189
0.006941
0.009908
0.000706
0.000045
0.000693
0.000271
0.000528
0.000189
0.006962
0.009869
0.000698
0.000042
0.000690
0.000271
0.000513
0.000197
0.007096
0.009960
0.000710
0.000044
0.000698
0.000276
0.000585
0.000220
0.007195
0.010022
0.000739
0.000047
0.000724
0.000309
0.000760
0.000337
--STOP--
++STRT++
0.006910
0.009882
0.000701
0.000042
0.000717
0.000271
0.000569
0.000224
0.006929
0.009947
0.000714
0.000040
0.000709
0.000271
0.000505
0.000197
0.006932
0.009916
0.000729
0.000042
0.000715
0.000271
0.000534
0.000200
0.006965
0.009990
0.000698
0.000041
0.000714
0.000272
0.000509
0.000192
0.007086
0.009939
0.000717
0.000046
0.000733
0.000275
0.000613
0.000225
0.006942
0.009912
0.000714
0.000043
0.000691
0.000273
0.000522
0.000205
0.007017
0.009916
0.000703
0.000044
0.000695
0.000271
0.000563
0.000196
0.006966
0.009920
0.000713
0.000045
0.000697
0.000272
0.000507
0.000214
0.006951
0.010055
0.000704
0.000044
0.000703
0.000274
0.000576
0.000206
0.007173
0.010331
0.000743
0.000053
0.000733
0.000281
0.000767
0.000283
--STOP--
++STRT++
0.006978
0.009836
0.000703
0.000043
0.000696
0.000270
0.000516
0.000196
0.006942
0.009959
0.000697
0.000043
0.000694
0.000271
0.000518
0.000197
0.006960
0.009894
0.000698
0.000044
0.000697
0.000270
0.000514
0.000195
0.006973
0.009863
0.000699
0.000042
0.000695
0.000271
0.000503
0.000199
0.007080
0.009914
0.000707
0.000044
0.000734
0.000275
0.000618
0.000238
0.007042
0.009941
0.000718
0.000042
0.000714
0.000273
0.000519
0.000195
0.006988
0.009887
0.000696
0.000042
0.000721
0.000271
0.000555
0.000201
0.006932
0.010025
0.000727
0.000045
0.000694
0.000271
0.000509
0.000187
0.007071
0.009995
0.000725
0.000043
0.000698
0.000274
0.000598
0.000218
0.007263
0.010065
0.000728
0.000053
0.000730
0.000283
0.000751
0.000289
--STOP--
++STRT++
0.006928
0.009849
0.000700
0.000042
0.000710
0.000292
0.000524
0.000195
0.006944
0.009834
0.000707
0.000041
0.000711
0.000272
0.000527
0.000188
0.006956
0.009912
0.000697
0.000043
0.000692
0.000272
0.000540
0.000232
0.006949
0.009923
0.000699
0.000044
0.000700
0.000273
0.000510
0.000195
0.007058
0.009884
0.000716
0.000048
0.000732
0.000277
0.000610
0.000230
0.007048
0.009926
0.000697
0.000042
0.000696
0.000271
0.000507
0.000192
0.006938
0.009978
0.000704
0.000041
0.000693
0.000273
0.000517
0.000197
0.006991
0.009878
0.000731
0.000043
0.000694
0.000272
0.000509
0.000195
0.006992
0.009950
0.000731
0.000043
0.000701
0.000276
0.000596
0.000212
0.007159
0.010055
0.000728
0.000054
0.000725
0.000280
0.000749
0.000299
--STOP--
++STRT++
0.006949
0.009900
0.000717
0.000044
0.000716
0.000271
0.000518
0.000187
0.006980
0.010013
0.000703
0.000043
0.000695
0.000272
0.000520
0.000202
0.006929
0.009943
0.000721
0.000043
0.000696
0.000272
0.000520
0.000204
0.006978
0.009906
0.000703
0.000043
0.000691
0.000304
0.000530
0.000186
0.007068
0.009944
0.000710
0.000046
0.000740
0.000275
0.000601
0.000221
0.006921
0.009888
0.000717
0.000042
0.000692
0.000272
0.000521
0.000194
0.007014
0.009892
0.000697
0.000043
0.000697
0.000271
0.000527
0.000196
0.006902
0.009893
0.000695
0.000042
0.000692
0.000270
0.000534
0.000202
0.007051
0.009960
0.000711
0.000043
0.000700
0.000276
0.000577
0.000217
0.007281
0.009996
0.000730
0.000046
0.000732
0.000282
0.000759
0.000303
--STOP--
++STRT++
0.006911
0.009952
0.000717
0.000043
0.000718
0.000271
0.000516
0.000187
0.006999
0.009906
0.000697
0.000042
0.000698
0.000271
0.000533
0.000193
0.006921
0.009943
0.000697
0.000043
0.000690
0.000271
0.000497
0.000192
0.007014
0.009869
0.000700
0.000042
0.000723
0.000272
0.000537
0.000190
0.006989
0.010056
0.000714
0.000047
0.000730
0.000276
0.000611
0.000250
0.006941
0.009958
0.000701
0.000045
0.000690
0.000272
0.000508
0.000197
0.007025
0.009929
0.000699
0.000043
0.000698
0.000271
0.000550
0.000201
0.006915
0.009908
0.000701
0.000042
0.000692
0.000272
0.000525
0.000195
0.007057
0.009939
0.000708
0.000044
0.000703
0.000274
0.000588
0.000218
0.007222
0.010004
0.000736
0.000050
0.000744
0.000283
0.000760
0.000283
--STOP--
++STRT++
0.006957
0.009971
0.000699
0.000043
0.000691
0.000272
0.000513
0.000192
0.006926
0.009935
0.000697
0.000044
0.000695
0.000272
0.000528
0.000208
0.006968
0.009890
0.000701
0.000043
0.000718
0.000272
0.000537
0.000192
0.006979
0.009862
0.000701
0.000043
0.000694
0.000273
0.000520
0.000199
0.007059
0.010009
0.000716
0.000043
0.000734
0.000276
0.000607
0.000244
0.006943
0.009878
0.000701
0.000045
0.000696
0.000272
0.000524
0.000198
0.006981
0.009955
0.000703
0.000042
0.000694
0.000272
0.000560
0.000202
0.006988
0.009858
0.000700
0.000042
0.000691
0.000270
0.000516
0.000206
0.007014
0.009901
0.000705
0.000042
0.000728
0.000275
0.000591
0.000222
0.007200
0.010105
0.000730
0.000049
0.000757
0.000281
0.000764
0.000287
--STOP--
++STRT++
0.006906
0.009934
0.000730
0.000042
0.000716
0.000269
0.000520
0.000192
0.006950
0.009886
0.000696
0.000044
0.000697
0.000271
0.000497
0.000201
0.006926
0.009912
0.000699
0.000043
0.000690
0.000270
0.000515
0.000207
0.006928
0.009930
0.000695
0.000043
0.000692
0.000270
0.000520
0.000201
0.006984
0.009985
0.000715
0.000046
0.000727
0.000275
0.000605
0.000232
0.006963
0.009916
0.000722
0.000042
0.000691
0.000272
0.000522
0.000197
0.006956
0.009980
0.000699
0.000044
0.000692
0.000272
0.000550
0.000191
0.007065
0.009934
0.000699
0.000043
0.000691
0.000270
0.000497
0.000195
0.007053
0.009982
0.000739
0.000046
0.000701
0.000275
0.000582
0.000213
0.007159
0.010075
0.000740
0.000049
0.000723
0.000282
0.000774
0.000289
--STOP--
++STRT++
0.006914
0.009954
0.000700
0.000042
0.000691
0.000270
0.000519
0.000197
0.006974
0.010021
0.000701
0.000042
0.000692
0.000270
0.000523
0.000210
0.006956
0.009865
0.000718
0.000041
0.000691
0.000271
0.000512
0.000187
0.007002
0.009990
0.000697
0.000042
0.000719
0.000273
0.000524
0.000201
0.006938
0.009939
0.000709
0.000043
0.000727
0.000278
0.000600
0.000230
0.006988
0.009918
0.000697
0.000045
0.000694
0.000299
0.000526
0.000193
0.007036
0.009889
0.000736
0.000042
0.000720
0.000273
0.000508
0.000199
0.006933
0.009859
0.000729
0.000043
0.000692
0.000272
0.000511
0.000200
0.007013
0.009964
0.000710
0.000047
0.000728
0.000276
0.000589
0.000223
0.007243
0.010206
0.000730
0.000048
0.000758
0.000282
0.000793
0.000275
--STOP--
++STRT++
0.006928
0.010008
0.000702
0.000042
0.000691
0.000271
0.000488
0.000196
0.006885
0.009927
0.000750
0.000042
0.000693
0.000272
0.000506
0.000193
0.006993
0.009905
0.000727
0.000043
0.000696
0.000271
0.000535
0.000192
0.006978
0.009938
0.000731
0.000041
0.000697
0.000272
0.000521
0.000203
0.006874
0.009899
0.000710
0.000043
0.000704
0.000275
0.000622
0.000253
0.006987
0.009887
0.000701
0.000042
0.000699
0.000272
0.000523
0.000192
0.007018
0.009876
0.000698
0.000042
0.000693
0.000272
0.000540
0.000199
0.006954
0.009978
0.000704
0.000042
0.000692
0.000270
0.000521
0.000192
0.007001
0.009944
0.000707
0.000046
0.000702
0.000275
0.000585
0.000216
0.007072
0.010071
0.000741
0.000048
0.000734
0.000283
0.000752
0.000298
--STOP--
++STRT++
0.006968
0.009862
0.000717
0.000042
0.000716
0.000270
0.000517
0.000184
0.006963
0.009937
0.000699
0.000042
0.000693
0.000271
0.000518
0.000202
0.006958
0.009913
0.000727
0.000042
0.000694
0.000271
0.000520
0.000194
0.007016
0.009855
0.000729
0.000043
0.000698
0.000272
0.000523
0.000202
0.007029
0.009979
0.000708
0.000043
0.000726
0.000275
0.000605
0.000227
0.006991
0.009835
0.000721
0.000041
0.000694
0.000271
0.000526
0.000186
0.007022
0.009877
0.000725
0.000043
0.000694
0.000274
0.000514
0.000196
0.006930
0.009955
0.000725
0.000040
0.000693
0.000270
0.000532
0.000187
0.007040
0.009915
0.000738
0.000048
0.000714
0.000278
0.000595
0.000211
0.007241
0.009997
0.000735
0.000049
0.000728
0.000282
0.000766
0.000305
--STOP--
++STRT++
0.006923
0.009865
0.000723
0.000041
0.000695
0.000270
0.000517
0.000192
0.006942
0.009899
0.000701
0.000044
0.000692
0.000296
0.000530
0.000194
0.007038
0.009904
0.000701
0.000043
0.000691
0.000270
0.000496
0.000211
0.006981
0.009868
0.000730
0.000042
0.000695
0.000273
0.000516
0.000200
0.007025
0.009961
0.000710
0.000044
0.000735
0.000276
0.000600
0.000234
0.006999
0.009939
0.000732
0.000043
0.000698
0.000272
0.000507
0.000191
0.006963
0.009904
0.000701
0.000042
0.000715
0.000273
0.000525
0.000197
0.006963
0.009902
0.000700
0.000043
0.000691
0.000271
0.000540
0.000194
0.006952
0.010003
0.000707
0.000048
0.000759
0.000276
0.000564
0.000219
0.007186
0.010056
0.000731
0.000048
0.000732
0.000281
0.000754
0.000290
--STOP--
++STRT++
0.006886
0.009964
0.000696
0.000040
0.000689
0.000270
0.000510
0.000208
0.006903
0.009969
0.000702
0.000044
0.000691
0.000271
0.000524
0.000213
0.007020
0.009931
0.000698
0.000042
0.000692
0.000272
0.000511
0.000192
0.006998
0.009949
0.000700
0.000045
0.000695
0.000270
0.000508
0.000190
0.006914
0.010103
0.000741
0.000043
0.000700
0.000274
0.000636
0.000239
0.006939
0.009908
0.000743
0.000044
0.000694
0.000271
0.000513
0.000192
0.006915
0.009942
0.000699
0.000043
0.000696
0.000271
0.000518
0.000200
0.006863
0.009846
0.000702
0.000041
0.000691
0.000271
0.000496
0.000202
0.007039
0.009938
0.000707
0.000043
0.000702
0.000275
0.000586
0.000221
0.007061
0.010011
0.000764
0.000051
0.000730
0.000301
0.000748
0.000313
--STOP--
++STRT++
0.006975
0.010048
0.000719
0.000041
0.000724
0.000270
0.000529
0.000189
0.006902
0.009973
0.000698
0.000043
0.000695
0.000272
0.000556
0.000195
0.006941
0.009917
0.000703
0.000043
0.000691
0.000272
0.000520
0.000201
0.007023
0.009875
0.000698
0.000043
0.000695
0.000272
0.000529
0.000191
0.007030
0.009946
0.000742
0.000047
0.000729
0.000275
0.000608
0.000221
0.006959
0.009972
0.000699
0.000043
0.000696
0.000272
0.000534
0.000205
0.006907
0.009904
0.000698
0.000043
0.000695
0.000272
0.000542
0.000197
0.006978
0.009980
0.000700
0.000041
0.000694
0.000270
0.000506
0.000189
0.007092
0.009947
0.000709
0.000043
0.000699
0.000276
0.000626
0.000224
0.007276
0.010112
0.000765
0.000049
0.000722
0.000279
0.000756
0.000292
--STOP--
++STRT++
0.006955
0.009872
0.000723
0.000042
0.000736
0.000270
0.000525
0.000207
0.007006
0.009841
0.000698
0.000043
0.000740
0.000298
0.000535
0.000199
0.006988
0.009904
0.000699
0.000042
0.000694
0.000272
0.000514
0.000190
0.006992
0.010019
0.000699
0.000045
0.000719
0.000271
0.000524
0.000192
0.006977
0.009951
0.000712
0.000044
0.000731
0.000276
0.000610
0.000228
0.006993
0.009940
0.000698
0.000043
0.000692
0.000273
0.000516
0.000217
0.006966
0.009890
0.000718
0.000044
0.000721
0.000272
0.000525
0.000190
0.006952
0.010025
0.000698
0.000043
0.000695
0.000271
0.000535
0.000190
0.007020
0.009878
0.000708
0.000042
0.000728
0.000276
0.000585
0.000222
0.007165
0.010103
0.000730
0.000055
0.000741
0.000280
0.000783
0.000283
--STOP--
++STRT++
0.006924
0.009879
0.000698
0.000042
0.000690
0.000271
0.000521
0.000199
0.006950
0.009917
0.000697
0.000042
0.000695
0.000272
0.000518
0.000192
0.006919
0.009908
0.000722
0.000042
0.000693
0.000271
0.000511
0.000197
0.006995
0.009967
0.000702
0.000043
0.000722
0.000272
0.000535
0.000204
0.006937
0.010061
0.000743
0.000044
0.000701
0.000276
0.000611
0.000228
0.007021
0.009898
0.000732
0.000044
0.000699
0.000271
0.000510
0.000197
0.006964
0.009868
0.000702
0.000043
0.000694
0.000272
0.000525
0.000200
0.006955
0.009871
0.000699
0.000043
0.000713
0.000293
0.000522
0.000187
0.006941
0.009952
0.000708
0.000044
0.000721
0.000275
0.000582
0.000225
0.007252
0.010170
0.000735
0.000049
0.000730
0.000283
0.000752
0.000314
--STOP--
++STRT++
0.006906
0.009839
0.000700
0.000041
0.000692
0.000269
0.000487
0.000190
0.007014
0.009947
0.000698
0.000041
0.000701
0.000271
0.000535
0.000203
0.007018
0.009934
0.000723
0.000041
0.000692
0.000272
0.000523
0.000195
0.007025
0.009952
0.000697
0.000044
0.000692
0.000273
0.000548
0.000189
0.007036
0.010033
0.000711
0.000044
0.000732
0.000274
0.000624
0.000251
0.007024
0.009956
0.000750
0.000043
0.000696
0.000272
0.000527
0.000199
0.006992
0.009875
0.000725
0.000044
0.000696
0.000273
0.000499
0.000196
0.006935
0.009864
0.000697
0.000044
0.000710
0.000272
0.000515
0.000185
0.007065
0.010048
0.000709
0.000045
0.000704
0.000275
0.000583
0.000204
0.007217
0.009998
0.000729
0.000049
0.000732
0.000279
0.000766
0.000292
--STOP--
++STRT++
0.006926
0.009858
0.000697
0.000044
0.000693
0.000271
0.000529
0.000196
0.006916
0.009903
0.000695
0.000042
0.000694
0.000271
0.000541
0.000186
0.007019
0.009914
0.000703
0.000042
0.000692
0.000270
0.000522
0.000187
0.006999
0.009922
0.000732
0.000045
0.000695
0.000273
0.000527
0.000192
0.007062
0.009951
0.000707
0.000044
0.000737
0.000276
0.000603
0.000238
0.007056
0.009866
0.000697
0.000042
0.000694
0.000272
0.000520
0.000190
0.006945
0.009909
0.000696
0.000043
0.000694
0.000271
0.000527
0.000196
0.006916
0.009843
0.000697
0.000042
0.000692
0.000272
0.000521
0.000192
0.007013
0.010071
0.000737
0.000043
0.000703
0.000275
0.000600
0.000233
0.007129
0.010157
0.000734
0.000076
0.000736
0.000282
0.000773
0.000295
--STOP--
++STRT++
0.006949
0.009896
0.000697
0.000043
0.000688
0.000271
0.000497
0.000185
0.006944
0.009996
0.000739
0.000044
0.000695
0.000273
0.000508
0.000186
0.006916
0.009923
0.000695
0.000041
0.000700
0.000270
0.000531
0.000200
0.007046
0.009930
0.000698
0.000042
0.000695
0.000271
0.000534
0.000191
0.007007
0.009967
0.000739
0.000043
0.000701
0.000274
0.000600
0.000223
0.006950
0.010070
0.000698
0.000042
0.000716
0.000272
0.000507
0.000195
0.006980
0.009933
0.000701
0.000042
0.000697
0.000272
0.000540
0.000202
0.006963
0.009829
0.000717
0.000043
0.000692
0.000272
0.000518
0.000193
0.007004
0.009977
0.000766
0.000043
0.000700
0.000275
0.000576
0.000231
0.007198
0.010147
0.000728
0.000049
0.000729
0.000281
0.000761
0.000298
--STOP--
++STRT++
0.006902
0.009853
0.000697
0.000043
0.000690
0.000270
0.000517
0.000189
0.006960
0.009933
0.000699
0.000044
0.000696
0.000271
0.000517
0.000199
0.006912
0.009923
0.000723
0.000043
0.000689
0.000271
0.000508
0.000191
0.007055
0.009890
0.000698
0.000043
0.000697
0.000272
0.000524
0.000194
0.007061
0.010193
0.000710
0.000045
0.000710
0.000277
0.000616
0.000228
0.006979
0.009927
0.000697
0.000044
0.000693
0.000273
0.000537
0.000186
0.007060
0.009926
0.000699
0.000041
0.000696
0.000272
0.000512
0.000197
0.006939
0.009856
0.000698
0.000042
0.000690
0.000271
0.000535
0.000193
0.007002
0.009925
0.000707
0.000043
0.000727
0.000275
0.000572
0.000202
0.007311
0.010081
0.000740
0.000046
0.000753
0.000281
0.000775
0.000296
--STOP--
++STRT++
0.006912
0.009913
0.000696
0.000041
0.000712
0.000270
0.000524
0.000189
0.006963
0.010180
0.000699
0.000043
0.000694
0.000270
0.000536
0.000201
0.007024
0.009850
0.000722
0.000043
0.000695
0.000272
0.000519
0.000192
0.007044
0.009969
0.000698
0.000043
0.000695
0.000272
0.000518
0.000190
0.006965
0.010003
0.000716
0.000047
0.000738
0.000277
0.000595
0.000227
0.006994
0.009937
0.000698
0.000041
0.000722
0.000273
0.000522
0.000188
0.007017
0.009965
0.000701
0.000046
0.000697
0.000271
0.000528
0.000209
0.006911
0.009944
0.000700
0.000042
0.000691
0.000270
0.000517
0.000197
0.007031
0.009964
0.000709
0.000044
0.000706
0.000309
0.000588
0.000214
0.007256
0.009971
0.000736
0.000048
0.000723
0.000282
0.000773
0.000279
--STOP--
++STRT++
0.006969
0.010058
0.000699
0.000044
0.000691
0.000271
0.000523
0.000193
0.006967
0.009870
0.000696
0.000043
0.000717
0.000314
0.000523
0.000195
0.006918
0.009935
0.000698
0.000041
0.000698
0.000271
0.000518
0.000200
0.007015
0.009888
0.000697
0.000044
0.000695
0.000271
0.000554
0.000198
0.007060
0.009968
0.000704
0.000048
0.000731
0.000276
0.000597
0.000228
0.007007
0.010024
0.000738
0.000044
0.000717
0.000271
0.000527
0.000193
0.006940
0.009922
0.000777
0.000043
0.000722
0.000272
0.000531
0.000192
0.006886
0.009959
0.000735
0.000043
0.000736
0.000271
0.000529
0.000194
0.007065
0.010002
0.000710
0.000046
0.000740
0.000276
0.000586
0.000211
0.007276
0.010088
0.000731
0.000051
0.000728
0.000323
0.000753
0.000277
--STOP--
++STRT++
0.006932
0.009911
0.000700
0.000043
0.000692
0.000270
0.000505
0.000187
0.006945
0.009968
0.000718
0.000046
0.000691
0.000272
0.000524
0.000194
0.006961
0.009907
0.000698
0.000042
0.000694
0.000272
0.000545
0.000204
0.006995
0.009994
0.000702
0.000042
0.000693
0.000271
0.000527
0.000182
0.006961
0.009990
0.000704
0.000046
0.000753
0.000276
0.000605
0.000229
0.006972
0.009939
0.000696
0.000044
0.000692
0.000271
0.000533
0.000192
0.006987
0.010025
0.000712
0.000044
0.000693
0.000272
0.000532
0.000208
0.006953
0.009844
0.000732
0.000042
0.000719
0.000271
0.000520
0.000199
0.007096
0.009922
0.000710
0.000045
0.000703
0.000276
0.000572
0.000226
0.007100
0.010084
0.000740
0.000045
0.000724
0.000281
0.000762
0.000266
--STOP--
