0.001164
0.001155
0.001151
0.001155
0.001147
0.001198
0.001162
0.001155
0.001181
0.001184
0.001174
0.001173
0.001168
0.001154
0.001156
0.001196
0.001149
0.001177
0.00117
0.001166
0.001154
0.001169
0.001165
0.00115
0.001142
0.001156
0.00116
0.001168
0.001149
0.001175
0.001154
0.001199
0.001203
0.00118
0.001192
0.001147
0.001164
0.00122
0.00118
0.001167
0.001174
0.001169
0.001136
0.00116
0.001158
0.001181
0.0012
0.001165
0.001136
0.00116
0.001166
0.001158
0.001181
0.001159
0.001203
0.001163
0.00116
0.001149
0.001161
0.00116
0.001202
0.001153
0.001156
0.001164
0.001207
0.001147
0.001173
0.001167
0.001193
0.00116
0.001168
0.00117
0.001167
0.001161
0.00116
0.001159
0.001205
0.00118
0.00117
0.001153
0.001149
0.001182
0.00115
0.001183
0.001155
0.001151
0.001167
0.001145
0.001149
0.001213
0.001145
0.00115
0.001164
0.001195
0.001213
0.001182
0.001162
0.001177
0.001204
0.001197
0.001181
0.001143
0.001167
0.00119
0.001146
0.001188
0.001149
0.001169
0.001219
0.001166
0.00117
0.001187
0.001163
0.001147
0.001178
0.001179
0.001185
0.001196
0.001165
0.001172
0.001202
0.001145
0.001187
0.001189
0.001152
0.001187
0.001156
0.001178
