0.030782
0.03083
0.031036
0.031001
0.031188
0.031006
0.031008
0.030947
0.031212
0.030851
0.030853
0.030976
0.030824
0.031092
0.031057
0.03092
0.030779
0.030894
0.030822
0.030956
0.030954
0.030877
0.031208
0.031293
0.030835
0.030981
0.030796
0.031008
0.030738
0.030866
0.031041
0.030805
0.030945
0.030824
0.030947
0.030804
0.030861
0.030945
0.031082
0.030833
0.030832
0.031125
0.030945
0.030957
0.030864
0.030959
0.030932
0.031121
0.030962
0.0309
0.031055
0.031024
0.031039
0.030927
0.030739
0.030897
0.030778
0.031043
0.030733
0.030934
0.031039
0.031045
0.030918
0.031213
0.030905
0.030956
0.03093
0.030819
0.030999
0.030906
0.030869
0.031225
0.031139
0.031244
0.031099
0.031049
0.030824
0.030851
0.031119
0.030967
0.030982
0.030955
0.031032
0.030802
0.030836
0.030855
0.031078
0.031166
0.031134
0.030864
0.030993
0.03114
0.031014
0.031297
0.03097
0.030937
0.030887
0.030891
0.030955
0.031274
0.031005
0.031118
0.031111
0.030967
0.030931
0.030995
0.031096
0.031062
0.031116
0.031028
0.031019
0.030884
0.031033
0.031218
0.030897
0.031009
0.030862
0.030882
0.030766
0.031053
0.030853
0.031187
0.03128
0.031083
0.031284
0.031107
0.030997
0.031218
