0.014076
0.014058
0.014062
0.014146
0.013966
0.013973
0.01409
0.013946
0.014036
0.013964
0.014024
0.01407
0.014212
0.014094
0.014025
0.014121
0.013946
0.014106
0.014098
0.01393
0.014034
0.014214
0.014079
0.014166
0.01409
0.014096
0.014181
0.014272
0.014149
0.014014
0.014115
0.014034
0.014104
0.014148
0.014091
0.014082
0.014095
0.01418
0.01416
0.01405
0.013997
0.014137
0.013955
0.014096
0.014093
0.014041
0.013962
0.014015
0.014023
0.014053
0.014166
0.014079
0.014048
0.014176
0.014024
0.014054
0.014105
0.014067
0.014099
0.014117
0.014139
0.014019
0.014114
0.014039
0.013956
0.014098
0.01407
0.014016
0.014114
0.014092
0.014141
0.014122
0.014048
0.014066
0.014146
0.01409
0.014077
0.01407
0.014095
0.013955
0.01414
0.013983
0.01405
0.014153
0.014147
0.014139
0.014034
0.013922
0.014125
0.014107
0.014075
0.014038
0.014031
0.01402
0.014098
0.013997
0.014116
0.014169
0.014181
0.014071
0.014162
0.014075
0.014169
0.013897
0.01401
0.014031
0.014002
0.014143
0.013924
0.014145
0.014104
0.013988
0.014107
0.013935
0.01397
0.014072
0.014122
0.013983
0.014151
0.013948
0.014111
0.014075
0.013956
0.014115
0.014036
0.014156
0.014047
0.013931
