++STRT++
0.181202
0.233874
0.007268
0.000446
0.007074
0.002174
0.006595
0.001904
0.207946
0.236412
0.008717
0.000568
0.008634
0.002251
0.018046
0.003851
0.182437
0.233698
0.008442
0.000571
0.008233
0.002224
0.014922
0.003493
0.194117
0.234930
0.008888
0.000541
0.008750
0.002243
0.015662
0.003187
0.239854
0.238823
0.010306
0.000958
0.010137
0.002344
0.032606
0.006870
0.186518
0.235292
0.008898
0.000553
0.008805
0.002218
0.015814
0.003092
0.192136
0.270435
0.009281
0.000665
0.009031
0.002269
0.019171
0.004228
0.231700
0.234632
0.008892
0.000544
0.008648
0.002202
0.014012
0.002847
0.233732
0.235817
0.009495
0.000731
0.009309
0.002331
0.022835
0.005011
0.238019
0.241244
0.010695
0.000959
0.010599
0.002412
0.035352
0.007246
--STOP--
++STRT++
0.179838
0.233270
0.007323
0.000445
0.007240
0.002195
0.008157
0.002133
0.186381
0.236168
0.009037
0.000657
0.008802
0.002241
0.017344
0.003695
0.187415
0.277589
0.008468
0.000558
0.008315
0.002297
0.014846
0.003406
0.191849
0.274436
0.008826
0.000557
0.008645
0.002231
0.015699
0.003189
0.280414
0.239154
0.010412
0.000926
0.010260
0.002428
0.032856
0.006940
0.195667
0.235995
0.008911
0.000558
0.008877
0.002221
0.015827
0.003117
0.189739
0.235311
0.009272
0.000669
0.009116
0.002303
0.019373
0.004298
0.193102
0.278760
0.008792
0.000580
0.008630
0.002204
0.014442
0.002995
0.200637
0.271368
0.009531
0.000791
0.009371
0.002278
0.022878
0.005048
0.279688
0.241490
0.010621
0.000954
0.010463
0.002395
0.034537
0.007100
--STOP--
++STRT++
0.180531
0.233689
0.007377
0.000447
0.007314
0.002187
0.007729
0.002182
0.182628
0.236152
0.008875
0.000583
0.008654
0.002275
0.017584
0.003725
0.200830
0.234470
0.008466
0.000553
0.008282
0.002195
0.015089
0.003426
0.196238
0.235147
0.008876
0.000545
0.008713
0.002216
0.015777
0.003334
0.239058
0.283148
0.010449
0.000996
0.010321
0.002360
0.032799
0.006853
0.231140
0.235146
0.008913
0.000546
0.008663
0.002254
0.015877
0.003332
0.192840
0.235757
0.009192
0.000643
0.009055
0.002308
0.019387
0.004159
0.192191
0.234956
0.008840
0.000601
0.008689
0.002203
0.014526
0.002979
0.197899
0.236614
0.009454
0.000713
0.009306
0.002299
0.023016
0.005136
0.251361
0.283849
0.010761
0.000948
0.010416
0.002397
0.034679
0.007173
--STOP--
++STRT++
0.180860
0.234196
0.007518
0.000460
0.007493
0.002155
0.007879
0.002178
0.191194
0.236502
0.008846
0.000567
0.008649
0.002256
0.017864
0.003822
0.191307
0.234713
0.008543
0.000637
0.008432
0.002206
0.014779
0.003370
0.186219
0.235339
0.008891
0.000545
0.008743
0.002279
0.015711
0.003182
0.217126
0.238349
0.010356
0.000927
0.010181
0.002412
0.032778
0.006846
0.194561
0.278551
0.008837
0.000557
0.008699
0.002204
0.015570
0.003233
0.187645
0.274406
0.009307
0.000650
0.009075
0.002281
0.019124
0.004170
0.230109
0.235161
0.008800
0.000529
0.008651
0.002272
0.014773
0.002941
0.207185
0.235484
0.009427
0.000728
0.009235
0.002280
0.022951
0.005033
0.247402
0.240537
0.010752
0.000983
0.010520
0.002381
0.034456
0.007080
--STOP--
++STRT++
0.185994
0.233818
0.007515
0.000455
0.007411
0.002158
0.007676
0.002054
0.190567
0.235890
0.008874
0.000574
0.008735
0.002223
0.017393
0.003612
0.188158
0.273755
0.008496
0.000556
0.008321
0.002227
0.014871
0.003407
0.195938
0.273998
0.008770
0.000550
0.008689
0.002211
0.015500
0.003149
0.283581
0.239487
0.010384
0.000920
0.010251
0.002334
0.032707
0.006900
0.194070
0.235358
0.008889
0.000553
0.008742
0.002232
0.015976
0.003297
0.183343
0.235824
0.009249
0.000666
0.009125
0.002300
0.019086
0.004214
0.191313
0.234886
0.008795
0.000541
0.008625
0.002203
0.014711
0.002917
0.191908
0.263375
0.009460
0.000727
0.009348
0.002336
0.023046
0.005058
0.291299
0.240571
0.010769
0.000981
0.010516
0.002429
0.034781
0.007101
--STOP--
++STRT++
0.173416
0.233840
0.007458
0.000439
0.007411
0.002154
0.007576
0.002070
0.195509
0.235916
0.008732
0.000651
0.008558
0.002227
0.017602
0.003765
0.193877
0.234344
0.008437
0.000559
0.008281
0.002246
0.014984
0.003440
0.193931
0.234918
0.008889
0.000538
0.008681
0.002268
0.015745
0.003281
0.242474
0.238753
0.053457
0.000918
0.010185
0.002422
0.032633
0.006904
0.225530
0.235182
0.008955
0.000541
0.008723
0.002253
0.058465
0.003326
0.190948
0.235166
0.009175
0.000709
0.009101
0.002306
0.019269
0.004133
0.190847
0.235031
0.008743
0.000563
0.008622
0.002200
0.014556
0.002843
0.204498
0.236280
0.009470
0.000724
0.009328
0.002303
0.023105
0.005107
0.250533
0.283283
0.010642
0.000946
0.010462
0.002425
0.034543
0.007149
--STOP--
++STRT++
0.189978
0.233505
0.007580
0.000452
0.007675
0.002152
0.008111
0.002066
0.190486
0.236326
0.008887
0.000592
0.008918
0.002239
0.017245
0.003629
0.192010
0.233838
0.008495
0.000574
0.008410
0.002245
0.015590
0.003394
0.187088
0.235420
0.008942
0.000558
0.008820
0.002212
0.015582
0.003219
0.238746
0.239323
0.010374
0.000961
0.010218
0.002375
0.032890
0.006924
0.186165
0.278445
0.008880
0.000551
0.008690
0.002261
0.016029
0.003176
0.190259
0.274635
0.009282
0.000662
0.009086
0.002326
0.019178
0.004180
0.231734
0.235123
0.008804
0.000531
0.008616
0.002233
0.014327
0.002915
0.236565
0.236391
0.009547
0.000730
0.009256
0.002336
0.022893
0.005044
0.239284
0.240762
0.010630
0.001001
0.010516
0.002392
0.034875
0.007198
--STOP--
++STRT++
0.188706
0.233599
0.007549
0.000449
0.007389
0.002191
0.007813
0.001950
0.185557
0.235210
0.008989
0.000594
0.008736
0.002238
0.017180
0.003654
0.204995
0.233964
0.008467
0.000570
0.008419
0.002248
0.014684
0.003494
0.236759
0.234967
0.008833
0.000547
0.008710
0.002215
0.015905
0.003330
0.277653
0.239524
0.010371
0.000957
0.010203
0.002379
0.032744
0.006962
0.199265
0.234553
0.008977
0.000544
0.008774
0.002260
0.015656
0.003154
0.192824
0.235425
0.009241
0.000655
0.052235
0.002273
0.019238
0.004251
0.193581
0.269723
0.008834
0.000515
0.008715
0.002204
0.014349
0.002843
0.240334
0.236284
0.009434
0.000720
0.009280
0.002347
0.022883
0.005060
0.248625
0.239184
0.010701
0.000983
0.010447
0.002412
0.034880
0.007109
--STOP--
++STRT++
0.187726
0.233197
0.007483
0.000483
0.007354
0.002180
0.007806
0.002001
0.187122
0.235661
0.009035
0.000626
0.008840
0.002300
0.017952
0.003920
0.190266
0.265797
0.008551
0.000567
0.008493
0.002242
0.015199
0.003454
0.195961
0.278026
0.008996
0.000551
0.008774
0.002258
0.015894
0.003338
0.281863
0.239266
0.010376
0.000928
0.010253
0.002357
0.032738
0.006863
0.195018
0.235206
0.008828
0.000620
0.008706
0.002246
0.015666
0.003229
0.195601
0.235481
0.009253
0.000651
0.009101
0.002287
0.019171
0.004166
0.190638
0.235357
0.008843
0.000534
0.008582
0.002243
0.014737
0.002957
0.196881
0.267184
0.009490
0.000719
0.009316
0.002338
0.022916
0.004984
0.288050
0.239399
0.010609
0.000968
0.010465
0.002402
0.034725
0.007042
--STOP--
++STRT++
0.180421
0.233416
0.007419
0.000450
0.007409
0.002179
0.007726
0.002059
0.195897
0.236204
0.008895
0.000648
0.008756
0.002223
0.017815
0.003709
0.187276
0.234521
0.008551
0.000605
0.008285
0.002203
0.015009
0.003448
0.194364
0.234866
0.008880
0.000546
0.008773
0.002266
0.015542
0.003172
0.245242
0.282359
0.010383
0.000992
0.010277
0.002361
0.033084
0.007029
0.228727
0.235696
0.008918
0.000537
0.008718
0.002265
0.015903
0.003301
0.193573
0.235713
0.009243
0.000716
0.009077
0.002327
0.018973
0.004140
0.191608
0.235352
0.008813
0.000539
0.008678
0.002259
0.014565
0.002891
0.201037
0.235935
0.009422
0.000728
0.009247
0.002272
0.022819
0.005046
0.252180
0.282742
0.010620
0.000983
0.010384
0.002374
0.034717
0.007061
--STOP--
++STRT++
0.181790
0.233344
0.007343
0.000498
0.007305
0.002186
0.008236
0.002124
0.198678
0.236316
0.008864
0.000592
0.008646
0.002231
0.017763
0.003778
0.184748
0.234581
0.008467
0.000556
0.008273
0.002250
0.014952
0.003363
0.196510
0.234988
0.008893
0.000572
0.008756
0.002207
0.015557
0.003122
0.246514
0.238704
0.010439
0.000926
0.010286
0.002412
0.033281
0.006910
0.241148
0.235446
0.008927
0.000567
0.008752
0.002268
0.015975
0.003224
0.229779
0.235422
0.009316
0.000639
0.009147
0.002252
0.019169
0.004216
0.192365
0.235036
0.008849
0.000521
0.008628
0.002261
0.014455
0.002880
0.195552
0.235901
0.009555
0.000787
0.009466
0.002351
0.022947
0.005115
0.240317
0.241052
0.010620
0.000970
0.010488
0.029261
0.034766
0.007063
--STOP--
++STRT++
0.186099
0.234441
0.007450
0.000457
0.007237
0.002189
0.007527
0.002081
0.193532
0.236477
0.008965
0.000647
0.008800
0.002227
0.017860
0.003865
0.206581
0.234455
0.008593
0.000550
0.008396
0.002194
0.015327
0.003407
0.235458
0.235048
0.008863
0.000554
0.008657
0.002216
0.015615
0.003117
0.239802
0.238334
0.010379
0.000937
0.010297
0.002413
0.032910
0.006881
0.187401
0.234696
0.008845
0.000569
0.008672
0.002259
0.015929
0.003344
0.188748
0.278532
0.009321
0.000641
0.009115
0.002274
0.019285
0.004194
0.194554
0.269429
0.008790
0.000586
0.008625
0.002202
0.014400
0.002918
0.238337
0.236196
0.009516
0.000780
0.009379
0.002284
0.022985
0.005092
0.245708
0.240706
0.010576
0.000962
0.010412
0.002369
0.034678
0.007159
--STOP--
++STRT++
0.182565
0.233970
0.007347
0.000444
0.007279
0.002152
0.007247
0.002009
0.193405
0.235312
0.009047
0.000654
0.008784
0.002230
0.017554
0.003766
0.188356
0.234495
0.008524
0.000637
0.008335
0.002196
0.015013
0.003404
0.188883
0.235001
0.008902
0.000515
0.008816
0.002263
0.015760
0.003111
0.243197
0.282459
0.010374
0.000914
0.010170
0.002413
0.032543
0.006859
0.191138
0.235325
0.008839
0.000545
0.008663
0.002273
0.015726
0.003277
0.189563
0.235290
0.009305
0.000659
0.009020
0.002271
0.018909
0.004195
0.193575
0.235211
0.008775
0.000538
0.008637
0.002246
0.014370
0.002958
0.199205
0.235755
0.009456
0.000717
0.009252
0.002308
0.022673
0.005071
0.241160
0.284672
0.010565
0.000989
0.010489
0.002429
0.034548
0.007149
--STOP--
++STRT++
0.174311
0.233511
0.007321
0.000436
0.007270
0.002200
0.008197
0.002053
0.193871
0.235389
0.008997
0.000610
0.008711
0.002228
0.017693
0.003845
0.189050
0.234154
0.008444
0.000676
0.008343
0.002202
0.015073
0.003321
0.191420
0.235581
0.008878
0.000543
0.008776
0.002217
0.015635
0.003359
0.233189
0.239420
0.010408
0.000975
0.010238
0.002355
0.032747
0.006811
0.231925
0.235179
0.008911
0.000537
0.008694
0.002255
0.015523
0.003168
0.227530
0.236028
0.009266
0.000646
0.009118
0.002276
0.019462
0.004276
0.192500
0.234880
0.008779
0.000537
0.008657
0.002214
0.014881
0.003053
0.192057
0.236801
0.009549
0.000721
0.009317
0.002304
0.022939
0.005075
0.251322
0.282774
0.010655
0.000971
0.010432
0.002377
0.034969
0.007153
--STOP--
++STRT++
0.182634
0.233027
0.007408
0.000447
0.007249
0.002157
0.007444
0.001942
0.189953
0.236074
0.008959
0.000643
0.008841
0.002233
0.017996
0.003879
0.187054
0.234532
0.008558
0.000558
0.008411
0.002200
0.014874
0.003484
0.194741
0.235507
0.008954
0.000555
0.008755
0.002270
0.015837
0.003205
0.240021
0.240002
0.010427
0.000983
0.010341
0.002353
0.032728
0.006804
0.189350
0.262345
0.008921
0.000529
0.008767
0.002255
0.015737
0.003186
0.190376
0.250764
0.009299
0.000648
0.009114
0.002313
0.019379
0.004217
0.230272
0.234385
0.008809
0.000564
0.008652
0.002215
0.014407
0.002833
0.195513
0.236198
0.009658
0.000785
0.009407
0.002292
0.023059
0.004978
0.246739
0.240672
0.010620
0.000987
0.010529
0.002434
0.034638
0.007076
--STOP--
++STRT++
0.182099
0.234172
0.007506
0.000482
0.007456
0.002191
0.007031
0.001875
0.187668
0.235375
0.008996
0.000616
0.008851
0.002244
0.017254
0.003632
0.228463
0.234470
0.008567
0.000632
0.008368
0.002199
0.014908
0.003545
0.222234
0.235488
0.008851
0.000566
0.008659
0.002234
0.015605
0.003163
0.279367
0.238378
0.010350
0.000947
0.010241
0.002337
0.032749
0.006758
0.192402
0.235062
0.008932
0.000587
0.008776
0.002231
0.015813
0.003172
0.194010
0.235454
0.009234
0.000699
0.009113
0.002330
0.019354
0.004195
0.192553
0.266000
0.008797
0.000532
0.008576
0.002243
0.014680
0.002886
0.200925
0.271182
0.009520
0.000716
0.009346
0.002344
0.023028
0.005099
0.288549
0.240464
0.010648
0.000951
0.010397
0.002427
0.034609
0.007099
--STOP--
++STRT++
0.180531
0.233641
0.007433
0.000453
0.007177
0.002182
0.007393
0.002034
0.193338
0.236178
0.008863
0.000578
0.008601
0.002284
0.017592
0.003598
0.189623
0.274144
0.008493
0.000581
0.008339
0.002240
0.014953
0.003442
0.195301
0.277861
0.008884
0.000562
0.008694
0.002212
0.016042
0.003240
0.232404
0.273890
0.010391
0.000965
0.010212
0.002460
0.033082
0.006885
0.198696
0.235433
0.008869
0.000546
0.008720
0.002277
0.015782
0.003224
0.188150
0.235744
0.009264
0.000677
0.009138
0.002269
0.019315
0.004194
0.196098
0.235317
0.008812
0.000536
0.008704
0.002225
0.014670
0.002857
0.197869
0.236434
0.052655
0.000720
0.009267
0.002340
0.022832
0.005029
0.285601
0.240607
0.010671
0.000948
0.010412
0.002354
0.034658
0.007160
--STOP--
++STRT++
0.182114
0.233918
0.007536
0.000442
0.007335
0.002151
0.007373
0.002020
0.183889
0.235624
0.008804
0.000620
0.008692
0.002267
0.017987
0.003576
0.186927
0.234606
0.008454
0.000601
0.008348
0.002248
0.014868
0.003414
0.196255
0.235033
0.008886
0.000568
0.008705
0.002271
0.015476
0.003029
0.240079
0.239166
0.010436
0.000945
0.049391
0.002419
0.032757
0.007110
0.231761
0.235375
0.008878
0.000599
0.008802
0.002208
0.015647
0.003205
0.227638
0.235851
0.009290
0.000634
0.009134
0.002284
0.019182
0.004197
0.191035
0.235001
0.008813
0.000527
0.008714
0.002197
0.014491
0.002864
0.197943
0.236107
0.009509
0.000729
0.009339
0.002343
0.023002
0.005084
0.241751
0.283519
0.010625
0.000967
0.010408
0.002393
0.034319
0.007169
--STOP--
++STRT++
0.188742
0.234094
0.007342
0.000435
0.007292
0.002164
0.006690
0.001894
0.183181
0.236263
0.008998
0.000657
0.008833
0.002230
0.017417
0.003688
0.190068
0.234517
0.008566
0.000569
0.008340
0.002212
0.014958
0.003403
0.195900
0.234871
0.008927
0.000551
0.008800
0.002275
0.015466
0.003327
0.241119
0.239493
0.010421
0.000911
0.010292
0.002451
0.032719
0.006852
0.191538
0.274245
0.008977
0.000555
0.008727
0.002254
0.015584
0.003330
0.186890
0.274579
0.009276
0.000643
0.009093
0.002314
0.019276
0.004196
0.231408
0.234654
0.008804
0.000529
0.008597
0.002202
0.057456
0.002828
0.203110
0.235584
0.009506
0.000737
0.009267
0.002280
0.022976
0.005106
0.250535
0.240464
0.010645
0.000955
0.010401
0.002441
0.035007
0.007073
--STOP--
++STRT++
0.189905
0.234031
0.007410
0.000460
0.007357
0.002150
0.007131
0.001909
0.191601
0.235813
0.008908
0.000592
0.008714
0.002247
0.017337
0.003609
0.206022
0.234329
0.008545
0.000579
0.008338
0.002210
0.014769
0.003376
0.230432
0.235525
0.008846
0.000613
0.008682
0.002216
0.015621
0.003198
0.280233
0.238119
0.010425
0.000971
0.010304
0.002358
0.032855
0.006886
0.193461
0.235095
0.008888
0.000553
0.008743
0.002251
0.015665
0.003150
0.191747
0.235771
0.009287
0.000691
0.009154
0.041359
0.019246
0.004200
0.192748
0.270244
0.008892
0.000530
0.008674
0.002198
0.014400
0.002943
0.193426
0.274771
0.009489
0.000721
0.009325
0.002298
0.070089
0.005100
0.236547
0.241198
0.010697
0.000962
0.010533
0.002369
0.035006
0.007192
--STOP--
++STRT++
0.191206
0.233159
0.007418
0.000454
0.007312
0.002162
0.007808
0.002076
0.195514
0.235953
0.008789
0.000577
0.008634
0.002223
0.017485
0.003758
0.193707
0.277607
0.008559
0.000563
0.008382
0.002243
0.014916
0.003423
0.192293
0.250224
0.008869
0.000564
0.008712
0.002256
0.015382
0.003052
0.238949
0.278420
0.010474
0.000912
0.010237
0.002405
0.033031
0.006892
0.196348
0.234740
0.008901
0.000604
0.008790
0.002208
0.015981
0.003144
0.190752
0.234818
0.009237
0.000660
0.009126
0.002308
0.019072
0.004272
0.195213
0.234477
0.008808
0.000601
0.008638
0.002195
0.014393
0.002860
0.196177
0.279517
0.009468
0.000730
0.009363
0.002347
0.022846
0.005080
0.289448
0.240500
0.010612
0.000978
0.010483
0.002452
0.034835
0.007086
--STOP--
++STRT++
0.186542
0.233566
0.007452
0.000453
0.007261
0.002157
0.007786
0.002089
0.186631
0.235646
0.008813
0.000585
0.008627
0.002272
0.017639
0.003719
0.192044
0.234393
0.008499
0.000604
0.008428
0.002199
0.014950
0.003378
0.195203
0.235195
0.008876
0.000576
0.008795
0.002212
0.015709
0.003238
0.230394
0.241121
0.010448
0.000912
0.010322
0.002352
0.032668
0.006867
0.195874
0.235878
0.008887
0.000557
0.008733
0.002245
0.015781
0.003347
0.227306
0.235527
0.009303
0.000654
0.009174
0.002316
0.019282
0.004267
0.189858
0.234618
0.008804
0.000531
0.008669
0.002207
0.014551
0.002891
0.196746
0.236220
0.009564
0.000768
0.009307
0.002308
0.022880
0.005030
0.248319
0.239178
0.010643
0.000948
0.010401
0.002405
0.034536
0.007152
--STOP--
++STRT++
0.181983
0.233289
0.007446
0.000451
0.007344
0.002176
0.007678
0.002028
0.193687
0.235592
0.008792
0.000586
0.008715
0.002224
0.017685
0.003825
0.230368
0.234855
0.008517
0.000555
0.008288
0.002200
0.014847
0.003396
0.236129
0.235803
0.008923
0.000547
0.008691
0.002276
0.015532
0.003118
0.268581
0.240614
0.010365
0.000980
0.010216
0.002365
0.032739
0.006807
0.194194
0.235945
0.008905
0.000543
0.008692
0.002276
0.015765
0.003318
0.191111
0.235823
0.009261
0.000652
0.009092
0.002311
0.018997
0.004229
0.193534
0.277790
0.008790
0.000547
0.008612
0.002193
0.014690
0.002939
0.197507
0.271374
0.009532
0.000730
0.009366
0.002300
0.022930
0.005145
0.285919
0.239096
0.010637
0.000945
0.010392
0.002404
0.034588
0.007108
--STOP--
++STRT++
0.179630
0.233956
0.007549
0.000455
0.007473
0.002152
0.008040
0.002106
0.195695
0.235201
0.008844
0.000590
0.008717
0.002277
0.017770
0.003606
0.188072
0.234962
0.008507
0.000562
0.008370
0.002190
0.014901
0.003459
0.195566
0.235668
0.008883
0.000597
0.008700
0.002208
0.015382
0.003149
0.241386
0.281404
0.010444
0.000924
0.010303
0.002403
0.032802
0.006866
0.226877
0.235854
0.008856
0.000560
0.008735
0.002266
0.015949
0.003263
0.192870
0.235438
0.009275
0.000653
0.009064
0.002273
0.019122
0.004244
0.192012
0.235419
0.008782
0.000573
0.008654
0.002192
0.014637
0.002947
0.196501
0.235642
0.009512
0.000720
0.009351
0.002321
0.022783
0.005121
0.251573
0.278312
0.010594
0.000955
0.010477
0.002397
0.034567
0.007068
--STOP--
++STRT++
0.183196
0.233329
0.007411
0.000450
0.007317
0.002187
0.007636
0.001987
0.194165
0.236139
0.008903
0.000584
0.008603
0.002234
0.017625
0.003618
0.185738
0.234573
0.008502
0.000546
0.008309
0.002266
0.015384
0.003335
0.192741
0.235367
0.008939
0.000554
0.008781
0.002269
0.015633
0.003160
0.240195
0.238681
0.010460
0.000909
0.010264
0.002451
0.032677
0.006871
0.189037
0.274004
0.008876
0.000548
0.008854
0.002212
0.015815
0.003144
0.226954
0.235251
0.009256
0.000641
0.009192
0.002318
0.019032
0.004219
0.195904
0.234577
0.008755
0.000539
0.008656
0.002198
0.014277
0.002962
0.201663
0.235728
0.009511
0.000781
0.009391
0.002291
0.022962
0.005136
0.247858
0.239676
0.010729
0.001006
0.010471
0.002412
0.034730
0.007151
--STOP--
++STRT++
0.181010
0.234249
0.007446
0.000446
0.007380
0.002157
0.007391
0.001973
0.198666
0.235357
0.008805
0.000572
0.008600
0.002261
0.017809
0.003578
0.203161
0.234658
0.008495
0.000604
0.008300
0.002196
0.015089
0.003441
0.233190
0.234925
0.008824
0.000522
0.008732
0.002247
0.015662
0.003112
0.234517
0.240430
0.010407
0.000918
0.010221
0.002427
0.032695
0.006938
0.194043
0.235290
0.008858
0.000569
0.008675
0.002209
0.015683
0.003230
0.190253
0.278834
0.009225
0.000660
0.009031
0.002274
0.019479
0.004249
0.194132
0.269967
0.008835
0.000525
0.008640
0.002264
0.014391
0.002855
0.244114
0.236102
0.009536
0.000713
0.009385
0.002282
0.022773
0.005029
0.245876
0.240492
0.010799
0.001017
0.010458
0.002372
0.034423
0.007092
--STOP--
++STRT++
0.180912
0.234927
0.007518
0.000451
0.007431
0.002157
0.007550
0.001957
0.188723
0.235809
0.008792
0.000581
0.008662
0.002263
0.017976
0.003719
0.194025
0.253833
0.008526
0.000574
0.008388
0.002202
0.015054
0.003479
0.193220
0.250395
0.008962
0.000547
0.008841
0.002219
0.015739
0.003252
0.238487
0.266803
0.010361
0.000972
0.010316
0.002387
0.032687
0.006814
0.192412
0.234858
0.008805
0.000582
0.008684
0.002209
0.015807
0.003199
0.185763
0.235474
0.009198
0.000708
0.009105
0.002285
0.019185
0.004129
0.193640
0.234470
0.008871
0.000547
0.008673
0.002206
0.014511
0.002928
0.194581
0.236230
0.009489
0.000728
0.009389
0.041448
0.022872
0.005026
0.264322
0.239735
0.010637
0.000964
0.010400
0.002365
0.034880
0.007106
--STOP--
++STRT++
0.184824
0.233512
0.007480
0.000482
0.007382
0.002194
0.008044
0.002070
0.192805
0.235154
0.008834
0.000572
0.008702
0.002280
0.018184
0.003778
0.185911
0.234624
0.008495
0.000606
0.008332
0.002206
0.015193
0.003360
0.192196
0.235354
0.008977
0.000556
0.008777
0.002263
0.015569
0.003169
0.237255
0.238390
0.010442
0.000934
0.010374
0.002339
0.032985
0.006839
0.239206
0.235119
0.008897
0.000556
0.008703
0.002262
0.015554
0.003224
0.217579
0.235150
0.009217
0.000734
0.009121
0.002332
0.019087
0.004273
0.191208
0.235098
0.008761
0.000532
0.008622
0.002225
0.014226
0.002874
0.201263
0.235701
0.009497
0.000734
0.009491
0.002334
0.022769
0.005031
0.247866
0.240544
0.053733
0.000989
0.010397
0.002458
0.035021
0.007154
--STOP--
++STRT++
0.178927
0.233741
0.007544
0.000440
0.007407
0.002151
0.007910
0.002115
0.191681
0.235743
0.008950
0.000600
0.008678
0.002221
0.017261
0.003589
0.188347
0.234094
0.008522
0.000565
0.008365
0.002271
0.015247
0.003338
0.227601
0.235687
0.008914
0.000563
0.008770
0.002217
0.015467
0.003238
0.231928
0.240569
0.010458
0.000927
0.010308
0.002433
0.032629
0.006843
0.189215
0.235737
0.008896
0.000607
0.008757
0.002260
0.015835
0.003286
0.192594
0.262752
0.009225
0.000653
0.009047
0.002315
0.019093
0.004182
0.235045
0.235086
0.008844
0.000532
0.008681
0.002200
0.014426
0.002787
0.225353
0.236185
0.009457
0.000741
0.009490
0.002365
0.022892
0.005048
0.251146
0.240749
0.010623
0.000966
0.010483
0.002437
0.035130
0.007192
--STOP--
++STRT++
0.178094
0.233622
0.007437
0.000442
0.007395
0.002177
0.007642
0.001965
0.191659
0.236135
0.008947
0.000662
0.008804
0.002233
0.017715
0.003754
0.231263
0.233991
0.008498
0.000555
0.008333
0.002211
0.015049
0.003364
0.232815
0.235044
0.008880
0.000538
0.008651
0.002269
0.015572
0.003293
0.265328
0.238588
0.010371
0.000930
0.010237
0.002362
0.032801
0.006904
0.187238
0.235461
0.008926
0.000535
0.008799
0.002241
0.015669
0.003232
0.187813
0.235905
0.009280
0.000654
0.009158
0.002302
0.019269
0.004183
0.187034
0.274237
0.008827
0.000566
0.008658
0.002201
0.014603
0.002954
0.195609
0.236680
0.009507
0.000730
0.009330
0.002330
0.070123
0.005052
0.238599
0.239476
0.010698
0.001027
0.010475
0.002355
0.034850
0.007127
--STOP--
++STRT++
0.190149
0.233901
0.007421
0.000440
0.007422
0.002161
0.006946
0.002023
0.181850
0.235911
0.008785
0.000576
0.008635
0.002269
0.017894
0.003855
0.193236
0.253384
0.008683
0.000618
0.008387
0.002206
0.015407
0.003453
0.197554
0.274164
0.008860
0.000549
0.008690
0.002209
0.015413
0.003211
0.238238
0.278578
0.010473
0.000930
0.010249
0.002411
0.032981
0.006881
0.194986
0.234674
0.008922
0.000542
0.008730
0.002268
0.015708
0.003181
0.193532
0.235617
0.009248
0.000643
0.009147
0.002268
0.019187
0.004210
0.185846
0.235247
0.008866
0.000523
0.008772
0.002204
0.014417
0.002887
0.193765
0.275837
0.009625
0.000762
0.009379
0.002341
0.022812
0.005114
0.264006
0.240620
0.010683
0.000947
0.010531
0.002348
0.034768
0.007136
--STOP--
++STRT++
0.189772
0.233051
0.007450
0.000441
0.007366
0.002155
0.007502
0.002063
0.192175
0.235776
0.008946
0.000598
0.008741
0.002243
0.017791
0.003781
0.189151
0.234768
0.008529
0.000563
0.008299
0.002199
0.015193
0.003356
0.194675
0.235407
0.008890
0.000533
0.008670
0.002257
0.015746
0.003291
0.240456
0.281326
0.010457
0.000933
0.010236
0.002407
0.032953
0.006884
0.230443
0.234764
0.008867
0.000557
0.008723
0.002284
0.016049
0.003187
0.190545
0.235443
0.009236
0.000701
0.009105
0.002292
0.019478
0.004228
0.195259
0.235255
0.008842
0.000543
0.008619
0.002255
0.014574
0.002921
0.199669
0.235466
0.009568
0.000727
0.009362
0.002295
0.022920
0.005081
0.241622
0.281188
0.010647
0.000949
0.010425
0.002416
0.077591
0.007117
--STOP--
++STRT++
0.192467
0.233440
0.007565
0.000460
0.007536
0.002154
0.007144
0.001955
0.186038
0.235826
0.008886
0.000592
0.008759
0.002233
0.017291
0.003585
0.190817
0.234408
0.008554
0.000550
0.008408
0.002194
0.015066
0.003456
0.190378
0.235267
0.008918
0.000558
0.008795
0.002271
0.015621
0.003240
0.242629
0.238663
0.010440
0.000946
0.010254
0.002436
0.033096
0.006870
0.194161
0.274679
0.008882
0.000537
0.008727
0.002222
0.016061
0.003235
0.191634
0.274406
0.009302
0.000691
0.009082
0.002274
0.019180
0.004220
0.227099
0.234582
0.008814
0.000535
0.008651
0.002204
0.014367
0.002870
0.198091
0.237013
0.009555
0.000725
0.009416
0.002352
0.022743
0.005108
0.253626
0.239946
0.010607
0.000964
0.010495
0.002444
0.034800
0.007139
--STOP--
++STRT++
0.182061
0.234574
0.007452
0.000454
0.007292
0.002192
0.007505
0.001993
0.188000
0.235954
0.008992
0.000598
0.008815
0.002273
0.017891
0.003863
0.218962
0.234642
0.008530
0.000558
0.008395
0.002207
0.015148
0.003455
0.238666
0.234988
0.008841
0.000542
0.008679
0.002261
0.015766
0.003118
0.260055
0.240348
0.010423
0.000950
0.010244
0.002352
0.032955
0.006917
0.194763
0.234982
0.008855
0.000538
0.008671
0.002260
0.015597
0.003227
0.192933
0.236220
0.009316
0.000671
0.009173
0.002282
0.019286
0.004197
0.189588
0.277452
0.008844
0.000534
0.008649
0.002205
0.014426
0.002964
0.204038
0.271516
0.009533
0.000738
0.009369
0.002340
0.022941
0.005007
0.284877
0.238864
0.010585
0.000954
0.010482
0.002438
0.034901
0.007154
--STOP--
++STRT++
0.184898
0.233786
0.007503
0.000458
0.007544
0.002166
0.007858
0.002033
0.190603
0.235901
0.008862
0.000584
0.008735
0.002225
0.017568
0.003724
0.186467
0.234690
0.008579
0.000578
0.008401
0.002198
0.014952
0.003430
0.192466
0.277912
0.008900
0.000589
0.008724
0.002277
0.015367
0.003128
0.233870
0.279454
0.010404
0.000922
0.010227
0.002402
0.032591
0.006870
0.193142
0.235588
0.008881
0.000553
0.008726
0.002260
0.015941
0.003249
0.189682
0.235459
0.009242
0.000647
0.009109
0.002271
0.019140
0.004138
0.187265
0.235322
0.008790
0.000535
0.008717
0.002265
0.014582
0.002929
0.197689
0.279697
0.009455
0.000709
0.009312
0.002310
0.022947
0.005039
0.282153
0.239339
0.010592
0.000957
0.010454
0.002383
0.034528
0.007079
--STOP--
++STRT++
0.187491
0.233759
0.007524
0.000481
0.007396
0.002180
0.007262
0.002066
0.191910
0.236725
0.008994
0.000606
0.008821
0.002280
0.017621
0.003713
0.189536
0.234240
0.008594
0.000577
0.008454
0.002194
0.014718
0.003429
0.195991
0.235660
0.008880
0.000551
0.008770
0.002227
0.015793
0.003236
0.238300
0.278327
0.010417
0.000946
0.010235
0.002423
0.033006
0.006824
0.194448
0.234826
0.008880
0.000565
0.008732
0.002217
0.015629
0.003249
0.189847
0.235684
0.009247
0.000682
0.009114
0.002275
0.019097
0.004202
0.191409
0.234956
0.008897
0.000524
0.008731
0.002247
0.014484
0.002855
0.191453
0.235971
0.009632
0.000728
0.009481
0.002353
0.022826
0.005036
0.195906
0.233805
0.007189
0.000450
0.007094
0.002191
0.034742
0.007282
--STOP--
++STRT++
0.189880
0.233968
0.007474
0.000441
0.007314
0.002156
0.007743
0.001978
0.185849
0.235936
0.008995
0.000659
0.008731
0.002228
0.017262
0.003680
0.218164
0.234420
0.008672
0.000657
0.008523
0.002210
0.014825
0.003429
0.192635
0.234636
0.008954
0.000558
0.008773
0.002265
0.015918
0.003122
0.281133
0.238572
0.010434
0.000926
0.010219
0.002415
0.032814
0.006851
0.195649
0.234752
0.008910
0.000552
0.008643
0.002267
0.015598
0.003275
0.188357
0.235951
0.009273
0.000650
0.009132
0.002311
0.019366
0.004205
0.193180
0.235070
0.008839
0.000539
0.008696
0.002244
0.014509
0.003003
0.190715
0.236067
0.009536
0.000717
0.009355
0.002325
0.022870
0.004990
0.292017
0.239658
0.010639
0.000956
0.010454
0.002359
0.034704
0.007101
--STOP--
++STRT++
0.180337
0.233756
0.007669
0.000441
0.007516
0.002200
0.007521
0.002111
0.189933
0.235355
0.009055
0.000615
0.008797
0.002240
0.017892
0.003868
0.187774
0.277732
0.008483
0.000586
0.008353
0.002239
0.015232
0.003413
0.195390
0.263079
0.008869
0.000550
0.008717
0.002262
0.015625
0.003219
0.231374
0.275377
0.010445
0.000924
0.010225
0.002449
0.032957
0.006912
0.194293
0.235069
0.008952
0.000565
0.008678
0.002256
0.015998
0.003291
0.190481
0.235178
0.009288
0.000673
0.009236
0.002314
0.019364
0.004162
0.191807
0.234955
0.008857
0.000538
0.008719
0.002243
0.014648
0.002856
0.196105
0.236697
0.009475
0.000714
0.009371
0.002348
0.022749
0.005080
0.262777
0.240436
0.010859
0.000955
0.010563
0.002416
0.034863
0.007196
--STOP--
++STRT++
0.181930
0.233304
0.007431
0.000442
0.007305
0.002192
0.007676
0.002138
0.195599
0.235878
0.008924
0.000592
0.008764
0.002223
0.018121
0.003884
0.186182
0.273846
0.008785
0.000556
0.008405
0.002229
0.014864
0.003513
0.196864
0.265894
0.008863
0.000611
0.008680
0.002230
0.015532
0.003087
0.194441
0.233321
0.007291
0.000450
0.007073
0.002376
0.033042
0.006881
0.188116
0.235144
0.008892
0.000558
0.008740
0.002257
0.015588
0.003116
0.187724
0.235539
0.009385
0.000648
0.009174
0.002271
0.019150
0.004213
0.189269
0.234489
0.008848
0.000529
0.008712
0.002244
0.014379
0.002820
0.201207
0.279980
0.009542
0.000730
0.009437
0.002323
0.022985
0.005028
0.288565
0.239980
0.010731
0.000993
0.010468
0.002374
0.035003
0.007167
--STOP--
++STRT++
0.190419
0.233035
0.007478
0.000444
0.007379
0.002187
0.007641
0.002180
0.185547
0.235259
0.008949
0.000610
0.008728
0.002290
0.017740
0.003843
0.184134
0.234374
0.008503
0.000586
0.008364
0.002206
0.014741
0.003458
0.196219
0.234667
0.008873
0.000547
0.008700
0.002263
0.015737
0.003190
0.244513
0.238902
0.053492
0.000989
0.010208
0.002371
0.032736
0.006852
0.196899
0.235142
0.008945
0.000554
0.008719
0.002257
0.015774
0.003119
0.187885
0.236709
0.009438
0.000656
0.009366
0.002277
0.019544
0.004309
0.186282
0.234495
0.008888
0.000538
0.008703
0.002309
0.014596
0.002772
0.196741
0.235816
0.009594
0.000719
0.009382
0.002281
0.022893
0.005069
0.244669
0.281115
0.010629
0.000940
0.010450
0.002413
0.078071
0.007059
--STOP--
++STRT++
0.188281
0.233407
0.007439
0.000481
0.007404
0.002193
0.007678
0.002089
0.198327
0.235510
0.008810
0.000580
0.008707
0.002226
0.017080
0.003641
0.188339
0.234904
0.008452
0.000562
0.008319
0.002194
0.015166
0.003452
0.198932
0.234746
0.008888
0.000574
0.008715
0.002268
0.015418
0.003116
0.232985
0.240596
0.010497
0.000920
0.010301
0.002407
0.033060
0.006952
0.188887
0.235397
0.008850
0.000557
0.008755
0.002243
0.015913
0.003283
0.191460
0.278878
0.009351
0.000651
0.009189
0.002318
0.019335
0.004183
0.231666
0.234411
0.008757
0.000520
0.008614
0.002240
0.062027
0.002852
0.193546
0.235854
0.009533
0.000720
0.009358
0.002357
0.022907
0.005143
0.241434
0.239341
0.010660
0.000993
0.010586
0.002466
0.034974
0.007086
--STOP--
++STRT++
0.188424
0.233847
0.007502
0.000441
0.007406
0.002148
0.007854
0.001999
0.190091
0.235976
0.008749
0.000580
0.008599
0.002255
0.017234
0.003587
0.230932
0.233977
0.008515
0.000564
0.008434
0.002198
0.015076
0.003394
0.222358
0.235039
0.008861
0.000548
0.008736
0.002257
0.015444
0.003307
0.274480
0.238165
0.010439
0.000938
0.010202
0.002433
0.032724
0.006839
0.190690
0.235464
0.008952
0.000537
0.008748
0.002273
0.015924
0.003107
0.190859
0.235699
0.009263
0.000657
0.009146
0.002247
0.019238
0.004223
0.187214
0.277664
0.008891
0.000573
0.008731
0.002212
0.014253
0.002850
0.189395
0.275579
0.009513
0.000723
0.009342
0.002341
0.022804
0.005051
0.274214
0.240834
0.010724
0.000950
0.010456
0.002380
0.034842
0.007167
--STOP--
++STRT++
0.182525
0.233235
0.007542
0.000455
0.007297
0.002159
0.008008
0.002166
0.185723
0.235416
0.008884
0.000591
0.008732
0.002216
0.017831
0.003677
0.186683
0.234199
0.008509
0.000571
0.008361
0.002244
0.014937
0.003400
0.194176
0.234706
0.008892
0.000547
0.008778
0.002279
0.015842
0.003168
0.212438
0.240646
0.010534
0.000918
0.010253
0.002411
0.080004
0.006954
0.187473
0.234647
0.008842
0.000555
0.008728
0.002253
0.015693
0.002979
0.190962
0.235556
0.009312
0.000677
0.009143
0.002322
0.019358
0.004200
0.188937
0.234798
0.008909
0.000516
0.008758
0.002268
0.014467
0.002774
0.186069
0.236703
0.009671
0.000773
0.009368
0.002277
0.022796
0.005069
0.248692
0.239910
0.010692
0.000954
0.010565
0.002367
0.035001
0.007162
--STOP--
++STRT++
0.184189
0.233794
0.007572
0.000462
0.007481
0.002160
0.008470
0.002150
0.185301
0.235526
0.008931
0.000590
0.008819
0.002237
0.017572
0.003876
0.190036
0.234195
0.008560
0.000570
0.008394
0.002211
0.015141
0.003395
0.191999
0.234713
0.008878
0.000569
0.008726
0.002214
0.015603
0.003349
0.235194
0.255843
0.010417
0.000921
0.010230
0.002430
0.032510
0.006813
0.230554
0.235148
0.008884
0.000539
0.008774
0.002228
0.015671
0.003171
0.193830
0.234949
0.009325
0.000648
0.009074
0.002259
0.019265
0.004228
0.192790
0.235066
0.008784
0.000526
0.008599
0.002247
0.014238
0.002814
0.193046
0.236479
0.009574
0.000729
0.009369
0.002292
0.022887
0.005048
0.249890
0.278651
0.010588
0.001006
0.010508
0.002412
0.077485
0.007124
--STOP--
++STRT++
0.174822
0.234112
0.007544
0.000451
0.007410
0.002185
0.008176
0.002172
0.189202
0.236428
0.008996
0.000600
0.008927
0.002228
0.017485
0.003732
0.189919
0.234616
0.008583
0.000606
0.008416
0.002238
0.015026
0.003433
0.195978
0.234364
0.008937
0.000554
0.008759
0.002275
0.015606
0.003078
0.235420
0.240153
0.010430
0.000909
0.010258
0.002413
0.032530
0.006865
0.190132
0.278259
0.008999
0.000563
0.008861
0.002225
0.015926
0.003282
0.232168
0.235223
0.009212
0.000664
0.009080
0.002330
0.019345
0.004247
0.194763
0.234833
0.008799
0.000535
0.008679
0.002206
0.014484
0.002877
0.198744
0.236208
0.009631
0.000732
0.009637
0.002337
0.022809
0.005055
0.225153
0.239165
0.010624
0.000955
0.010552
0.002409
0.034471
0.007086
--STOP--
++STRT++
0.180117
0.233731
0.007508
0.000457
0.007418
0.002179
0.007728
0.002029
0.187219
0.236243
0.008902
0.000577
0.008622
0.002264
0.017593
0.003744
0.232024
0.233553
0.008514
0.000575
0.008371
0.002246
0.015092
0.003421
0.205117
0.234805
0.008862
0.000557
0.008714
0.002210
0.015836
0.003228
0.233685
0.240456
0.010419
0.000954
0.010185
0.002400
0.032887
0.006869
0.187677
0.234794
0.008884
0.000540
0.008725
0.002254
0.015833
0.003291
0.189826
0.235971
0.052422
0.000672
0.009102
0.002272
0.019302
0.004154
0.188963
0.261915
0.008886
0.000524
0.008655
0.002205
0.014583
0.002798
0.238066
0.236746
0.009599
0.000781
0.009456
0.002360
0.022864
0.005105
0.242635
0.240791
0.010620
0.000978
0.010465
0.002423
0.034537
0.007103
--STOP--
++STRT++
0.182155
0.234069
0.007446
0.000454
0.007346
0.002167
0.008329
0.002249
0.186969
0.235747
0.008800
0.000586
0.008761
0.002270
0.017704
0.003566
0.187354
0.249544
0.008520
0.000560
0.008483
0.002238
0.014952
0.003447
0.187393
0.274661
0.008950
0.000564
0.008844
0.002267
0.015809
0.003165
0.280635
0.238887
0.010406
0.000936
0.010173
0.002423
0.032726
0.006879
0.195514
0.235157
0.008884
0.000551
0.008707
0.002259
0.015697
0.003327
0.192034
0.235267
0.009187
0.000657
0.009030
0.002277
0.019162
0.004183
0.189756
0.234870
0.008852
0.000550
0.008722
0.002209
0.014821
0.002857
0.189906
0.239035
0.009516
0.000734
0.009342
0.002284
0.022879
0.005082
0.228206
0.241844
0.010592
0.000945
0.010494
0.002368
0.034845
0.007174
--STOP--
++STRT++
0.185596
0.233725
0.007491
0.000449
0.007366
0.002161
0.007504
0.002058
0.194807
0.234931
0.008763
0.000586
0.008676
0.002268
0.017674
0.003697
0.188745
0.234780
0.008538
0.000565
0.008409
0.002229
0.015119
0.003385
0.188005
0.232991
0.007259
0.000443
0.007211
0.002151
0.007766
0.003305
0.198171
0.233420
0.007241
0.000438
0.007365
0.002491
0.032642
0.006880
0.191906
0.278107
0.008953
0.000558
0.008719
0.002258
0.015832
0.003258
0.234967
0.235923
0.009212
0.000672
0.009142
0.002319
0.019319
0.004139
0.193638
0.234192
0.008832
0.000554
0.008649
0.002219
0.014464
0.002924
0.197918
0.235733
0.009560
0.000718
0.009362
0.002291
0.022738
0.005085
0.251735
0.240552
0.010785
0.000936
0.010591
0.002440
0.034718
0.007194
--STOP--
++STRT++
0.183753
0.233698
0.007467
0.000485
0.007319
0.002189
0.007209
0.002112
0.185689
0.236317
0.008972
0.000655
0.008831
0.002222
0.017781
0.003887
0.199090
0.234794
0.008509
0.000559
0.008329
0.002275
0.014923
0.003393
0.237497
0.234854
0.008972
0.000550
0.008724
0.002248
0.015666
0.003128
0.242481
0.239251
0.010398
0.000981
0.010283
0.002375
0.032826
0.006828
0.185824
0.235299
0.008905
0.000561
0.008716
0.002254
0.016067
0.003126
0.190994
0.279027
0.009307
0.000678
0.009110
0.002268
0.019149
0.004150
0.192300
0.235042
0.008770
0.000540
0.008644
0.002259
0.014497
0.003027
0.236402
0.235971
0.009448
0.000719
0.009312
0.002331
0.023108
0.005033
0.238425
0.241853
0.010762
0.001011
0.010615
0.002470
0.034812
0.007122
--STOP--
++STRT++
0.183148
0.233921
0.007578
0.000451
0.007490
0.002181
0.007514
0.002088
0.191472
0.236121
0.008965
0.000647
0.008794
0.002226
0.018099
0.003922
0.191636
0.234943
0.008570
0.000556
0.008393
0.002201
0.014831
0.003476
0.194641
0.277709
0.008848
0.000569
0.008697
0.002217
0.015501
0.003137
0.284908
0.238507
0.010362
0.000939
0.010334
0.002371
0.032949
0.006908
0.186352
0.235856
0.009001
0.000526
0.008795
0.002285
0.015699
0.003105
0.187669
0.235355
0.009482
0.000713
0.009233
0.002318
0.019240
0.004184
0.182368
0.234970
0.008793
0.000520
0.008716
0.002254
0.014601
0.002732
0.195198
0.279649
0.009484
0.000721
0.009342
0.002337
0.023079
0.005077
0.266520
0.242185
0.010748
0.001030
0.010723
0.002440
0.034864
0.007111
--STOP--
++STRT++
0.185288
0.234265
0.007442
0.000480
0.007385
0.002189
0.007648
0.002067
0.189370
0.235557
0.008780
0.000585
0.008666
0.002209
0.017397
0.003615
0.189472
0.234364
0.008547
0.000549
0.008396
0.002240
0.015056
0.003358
0.195709
0.234424
0.008885
0.000548
0.008750
0.002259
0.015676
0.003307
0.234519
0.283502
0.010404
0.000913
0.010265
0.002386
0.032669
0.006877
0.227800
0.235097
0.008900
0.000581
0.008724
0.002232
0.015943
0.003121
0.193583
0.235031
0.009243
0.000703
0.009077
0.002320
0.019206
0.004198
0.187600
0.234463
0.008846
0.000530
0.008666
0.002205
0.014654
0.002938
0.210165
0.235629
0.009413
0.000755
0.009261
0.002283
0.022820
0.005057
0.244005
0.273360
0.010583
0.001018
0.010498
0.002418
0.034831
0.007155
--STOP--
++STRT++
0.178790
0.234138
0.007488
0.000443
0.007381
0.002188
0.007982
0.001986
0.188697
0.236095
0.008814
0.000582
0.008655
0.002224
0.017420
0.003566
0.185334
0.234744
0.008519
0.000575
0.008357
0.002216
0.015176
0.003439
0.186292
0.235388
0.008911
0.000553
0.008688
0.002281
0.015754
0.003127
0.241197
0.239532
0.010357
0.000921
0.010257
0.002371
0.032740
0.006869
0.190166
0.278476
0.009008
0.000561
0.008730
0.002282
0.015937
0.002957
0.191364
0.274962
0.009327
0.000659
0.009143
0.002304
0.019195
0.004157
0.225991
0.234651
0.008792
0.000538
0.008631
0.002205
0.014487
0.046048
0.197812
0.236702
0.009557
0.000777
0.009468
0.002350
0.022806
0.005049
0.248416
0.241060
0.010701
0.000961
0.010492
0.002424
0.034855
0.007021
--STOP--
++STRT++
0.184870
0.233360
0.007428
0.000451
0.007341
0.002156
0.007282
0.001992
0.186747
0.235878
0.008861
0.000623
0.008695
0.002241
0.017417
0.003612
0.186727
0.265738
0.008564
0.000557
0.008444
0.002243
0.015092
0.003549
0.193249
0.278040
0.008914
0.000574
0.008797
0.002219
0.015618
0.003193
0.278541
0.238011
0.010425
0.000928
0.010243
0.002420
0.033124
0.006833
0.194362
0.235613
0.008881
0.000532
0.008751
0.002247
0.015906
0.003265
0.192263
0.235029
0.009266
0.000634
0.009130
0.002268
0.019160
0.004282
0.191908
0.278340
0.008802
0.000539
0.008724
0.002214
0.014470
0.002965
0.199009
0.266622
0.009591
0.000725
0.009460
0.002339
0.022868
0.005116
0.273421
0.241119
0.010728
0.000968
0.010517
0.002372
0.034988
0.007269
--STOP--
++STRT++
0.185512
0.233495
0.007570
0.000456
0.007495
0.002156
0.008385
0.002009
0.183564
0.235758
0.008808
0.000601
0.008692
0.002272
0.017831
0.003690
0.192112
0.233785
0.008720
0.000586
0.008451
0.002195
0.015319
0.003429
0.191687
0.235086
0.008947
0.000554
0.008742
0.002268
0.015804
0.003156
0.238699
0.282034
0.010499
0.000983
0.010235
0.002365
0.032689
0.006903
0.222221
0.235805
0.008940
0.000535
0.008718
0.002283
0.015893
0.003196
0.192237
0.236253
0.009323
0.000654
0.009110
0.002263
0.019624
0.004242
0.188533
0.234555
0.008770
0.000545
0.008618
0.002199
0.014921
0.002804
0.203923
0.235972
0.009449
0.000766
0.009379
0.002284
0.022985
0.005024
0.241671
0.241425
0.010793
0.000948
0.010473
0.002360
0.034737
0.007115
--STOP--
++STRT++
0.185965
0.233991
0.007437
0.000441
0.007440
0.002165
0.007910
0.002129
0.180417
0.236038
0.008928
0.000578
0.008756
0.002275
0.017486
0.003672
0.189659
0.234410
0.008621
0.000564
0.008396
0.002244
0.014982
0.003412
0.234224
0.234762
0.008853
0.000593
0.008703
0.002205
0.058835
0.003096
0.233377
0.238814
0.010452
0.000972
0.010227
0.002345
0.032569
0.006853
0.191415
0.235294
0.008890
0.000608
0.008786
0.002220
0.015995
0.003270
0.188595
0.278471
0.009327
0.000661
0.009219
0.002271
0.019225
0.004178
0.186418
0.265888
0.008894
0.000528
0.008667
0.002222
0.014249
0.002891
0.231964
0.236288
0.009457
0.000720
0.009390
0.002281
0.022904
0.005034
0.222399
0.240107
0.010711
0.001022
0.010527
0.002455
0.035009
0.007114
--STOP--
++STRT++
0.175065
0.233336
0.007466
0.000453
0.007425
0.002164
0.007262
0.002135
0.184909
0.235252
0.008965
0.000609
0.008795
0.002231
0.018045
0.003838
0.191245
0.249489
0.008666
0.000571
0.008500
0.002194
0.015202
0.003402
0.193969
0.274161
0.008899
0.000563
0.008734
0.002273
0.015674
0.003209
0.284179
0.239021
0.010350
0.000961
0.010214
0.002348
0.032732
0.006928
0.188322
0.235245
0.008841
0.000560
0.008732
0.002238
0.015532
0.003070
0.186673
0.235708
0.009308
0.000670
0.009103
0.002305
0.019158
0.004205
0.184757
0.235145
0.008829
0.000530
0.008693
0.002236
0.014523
0.002913
0.199412
0.274781
0.009456
0.000726
0.009267
0.002286
0.022740
0.005033
0.282283
0.240039
0.010732
0.000998
0.010511
0.002431
0.034592
0.007144
--STOP--
++STRT++
0.177254
0.234140
0.007456
0.000457
0.007480
0.002183
0.007818
0.002017
0.185880
0.236536
0.008997
0.000608
0.008807
0.002281
0.017672
0.003854
0.185338
0.234493
0.008550
0.000606
0.008300
0.002196
0.014982
0.003345
0.197150
0.235408
0.008902
0.000546
0.008749
0.002269
0.015967
0.003168
0.240223
0.239766
0.010363
0.000933
0.010193
0.002420
0.032665
0.006886
0.217244
0.235384
0.008896
0.000595
0.008813
0.002224
0.015916
0.003128
0.189155
0.235956
0.009306
0.000635
0.009143
0.002304
0.019097
0.004240
0.186127
0.234639
0.008828
0.000535
0.008651
0.002264
0.014752
0.002846
0.194156
0.236053
0.009529
0.000726
0.009369
0.002337
0.022827
0.005071
0.249912
0.282451
0.010621
0.001029
0.010495
0.002427
0.034584
0.007145
--STOP--
++STRT++
0.170813
0.233699
0.007386
0.000443
0.007255
0.002197
0.007522
0.002019
0.179789
0.236773
0.008818
0.000591
0.008618
0.002291
0.017571
0.003686
0.185013
0.234586
0.008551
0.000672
0.008423
0.002206
0.015079
0.003390
0.193346
0.235451
0.008862
0.000553
0.008776
0.002219
0.015589
0.003298
0.225615
0.239127
0.010475
0.000919
0.010213
0.002469
0.032789
0.006840
0.190253
0.278634
0.008935
0.000611
0.008784
0.002221
0.015983
0.003286
0.229786
0.235770
0.009405
0.000664
0.009181
0.002331
0.019207
0.004238
0.191292
0.234903
0.008874
0.000531
0.008700
0.002211
0.014801
0.002835
0.202951
0.236437
0.009545
0.000736
0.009377
0.002340
0.022809
0.005087
0.243070
0.239252
0.010650
0.000942
0.010533
0.002382
0.034583
0.007102
--STOP--
++STRT++
0.186622
0.233845
0.007584
0.000452
0.007424
0.002186
0.007665
0.002014
0.188541
0.235655
0.008790
0.000572
0.008602
0.002229
0.017565
0.003677
0.229356
0.234622
0.008599
0.000581
0.008511
0.002210
0.015031
0.003383
0.227467
0.235237
0.009007
0.000541
0.008868
0.002260
0.015627
0.003193
0.276805
0.238953
0.010539
0.000916
0.010345
0.002410
0.033127
0.006929
0.193981
0.234364
0.008883
0.000552
0.008684
0.002254
0.015676
0.003307
0.188614
0.235498
0.009322
0.000654
0.009116
0.002280
0.019273
0.004201
0.187173
0.278195
0.008926
0.000534
0.008730
0.002203
0.015111
0.002947
0.194853
0.274523
0.009548
0.000729
0.009422
0.002313
0.022891
0.005048
0.289040
0.239559
0.010739
0.000961
0.010420
0.002418
0.034590
0.007109
--STOP--
++STRT++
0.176549
0.233259
0.007499
0.000451
0.007338
0.002193
0.006762
0.001908
0.187605
0.235511
0.009008
0.000612
0.008854
0.002232
0.017449
0.003796
0.193037
0.274083
0.008560
0.000593
0.008437
0.002209
0.014973
0.003469
0.189017
0.274191
0.008947
0.000545
0.008757
0.002259
0.015644
0.003178
0.230344
0.271235
0.010487
0.000920
0.010315
0.002404
0.032874
0.006892
0.194471
0.235251
0.009022
0.000542
0.008785
0.002268
0.015540
0.003202
0.187352
0.235745
0.009364
0.000697
0.009232
0.002314
0.019305
0.004249
0.186203
0.235041
0.008902
0.000532
0.008744
0.002210
0.014717
0.002870
0.197612
0.236190
0.009589
0.000729
0.009439
0.002331
0.023053
0.005071
0.290942
0.239986
0.010690
0.000988
0.010574
0.002422
0.034589
0.007156
--STOP--
++STRT++
0.183415
0.233316
0.007423
0.000448
0.007314
0.002153
0.006858
0.001957
0.191759
0.235727
0.008717
0.000576
0.008642
0.002260
0.017611
0.003742
0.182588
0.235195
0.008555
0.000557
0.008373
0.002246
0.015159
0.003427
0.194020
0.234590
0.008926
0.000565
0.008748
0.002252
0.015387
0.003104
0.243366
0.239954
0.010441
0.000938
0.010251
0.002389
0.032529
0.006876
0.192132
0.234902
0.008837
0.000551
0.008761
0.002216
0.015678
0.003298
0.229341
0.235887
0.009299
0.000649
0.009113
0.002338
0.019186
0.004217
0.189573
0.235255
0.008860
0.000541
0.008726
0.002241
0.014370
0.002837
0.203443
0.236176
0.009466
0.000720
0.009378
0.002321
0.022883
0.005115
0.246667
0.240197
0.010664
0.000982
0.010479
0.002434
0.034573
0.007096
--STOP--
++STRT++
0.182308
0.233146
0.007349
0.000457
0.007315
0.002185
0.007984
0.002018
0.192952
0.235611
0.008938
0.000591
0.008700
0.002273
0.017719
0.003625
0.190036
0.234275
0.008525
0.000562
0.008398
0.002204
0.015207
0.003376
0.196562
0.235672
0.008914
0.000548
0.008755
0.002272
0.015480
0.003249
0.242667
0.237478
0.010402
0.000939
0.010224
0.002428
0.032642
0.006791
0.193693
0.278373
0.008978
0.000565
0.008812
0.002288
0.016087
0.003291
0.183528
0.235107
0.009431
0.000663
0.009087
0.002326
0.018937
0.004152
0.234910
0.234945
0.008867
0.000531
0.008658
0.002254
0.014370
0.002906
0.197700
0.236200
0.009500
0.000734
0.009480
0.002343
0.022795
0.004986
0.246953
0.239396
0.010700
0.001004
0.010593
0.002424
0.034434
0.007168
--STOP--
++STRT++
0.184211
0.234528
0.007530
0.000442
0.007495
0.002164
0.007859
0.001979
0.194725
0.236076
0.009151
0.000655
0.008969
0.002294
0.017616
0.003803
0.183958
0.234503
0.008725
0.000557
0.008544
0.002240
0.014953
0.003431
0.232885
0.235274
0.008912
0.000555
0.008775
0.002271
0.015618
0.003099
0.278339
0.239617
0.010356
0.000935
0.010215
0.002426
0.032980
0.006941
0.189694
0.235075
0.008887
0.000540
0.008677
0.002234
0.015656
0.003269
0.193181
0.235242
0.009359
0.000673
0.009132
0.002278
0.019152
0.004189
0.186466
0.278398
0.008851
0.000540
0.008721
0.002204
0.014711
0.002876
0.197457
0.236236
0.009531
0.000718
0.009444
0.002361
0.065253
0.005020
0.238987
0.241463
0.010723
0.000992
0.010663
0.002437
0.034493
0.007130
--STOP--
++STRT++
0.182380
0.233740
0.007624
0.000453
0.007269
0.002191
0.007409
0.001967
0.185828
0.236454
0.008964
0.000644
0.008884
0.002266
0.017827
0.003780
0.186582
0.234134
0.008554
0.000553
0.008350
0.002241
0.015190
0.003329
0.197273
0.250577
0.008925
0.000556
0.008724
0.002270
0.016021
0.003352
0.271147
0.240203
0.010519
0.000932
0.010249
0.002403
0.032757
0.006900
0.194064
0.235463
0.008923
0.000529
0.008763
0.002262
0.015717
0.003193
0.195742
0.235594
0.009244
0.000670
0.009182
0.002305
0.019162
0.004240
0.184891
0.235026
0.008788
0.000568
0.008683
0.002210
0.014400
0.002932
0.200674
0.275409
0.009475
0.000722
0.009295
0.002322
0.022935
0.005090
0.280244
0.240451
0.010627
0.000952
0.010434
0.002363
0.034984
0.007151
--STOP--
++STRT++
0.188106
0.234095
0.007475
0.000442
0.007440
0.002188
0.007965
0.002013
0.179784
0.235900
0.008837
0.000591
0.008723
0.002279
0.017945
0.003780
0.184833
0.234813
0.008625
0.000567
0.008424
0.002204
0.014805
0.003470
0.193965
0.235792
0.009012
0.000557
0.008775
0.002278
0.015627
0.003174
0.233750
0.238761
0.010483
0.000933
0.048531
0.002424
0.032853
0.006788
0.233367
0.235109
0.008960
0.000575
0.008743
0.002214
0.015547
0.003202
0.230667
0.235498
0.009335
0.000647
0.009158
0.002266
0.019364
0.004268
0.190169
0.234750
0.008823
0.000527
0.008645
0.002211
0.014263
0.002971
0.193614
0.235811
0.009653
0.000787
0.009406
0.002276
0.022997
0.005038
0.250846
0.284684
0.010823
0.000983
0.010482
0.002420
0.034933
0.007140
--STOP--
++STRT++
0.176468
0.234070
0.007532
0.000461
0.007325
0.002155
0.008018
0.002147
0.187325
0.236379
0.008986
0.000602
0.008735
0.002231
0.017951
0.003834
0.194059
0.234175
0.008515
0.000562
0.008366
0.002235
0.015046
0.003386
0.189986
0.235087
0.008909
0.000535
0.008735
0.002272
0.015578
0.003249
0.239074
0.239520
0.010383
0.000941
0.010270
0.002382
0.032424
0.006845
0.190028
0.277756
0.008878
0.000544
0.008740
0.002270
0.015854
0.003237
0.186367
0.270581
0.009327
0.000640
0.009154
0.002255
0.019310
0.004166
0.225517
0.234523
0.008851
0.000544
0.008638
0.002262
0.014430
0.002917
0.242349
0.235799
0.009400
0.000721
0.009302
0.002332
0.022773
0.004985
0.245965
0.240295
0.010651
0.000945
0.010503
0.002415
0.034873
0.007179
--STOP--
++STRT++
0.181309
0.234083
0.007429
0.000446
0.007504
0.002159
0.008281
0.002045
0.181342
0.235500
0.008969
0.000605
0.008842
0.002242
0.017926
0.003897
0.224582
0.235135
0.008633
0.000553
0.008424
0.002198
0.014982
0.003426
0.220612
0.236816
0.008948
0.000553
0.008827
0.002222
0.015709
0.003171
0.271493
0.238657
0.010378
0.000908
0.010160
0.002406
0.032775
0.006873
0.188801
0.235062
0.008893
0.000557
0.008739
0.002215
0.015995
0.003200
0.194474
0.235413
0.009280
0.000659
0.009108
0.002319
0.019326
0.004223
0.186638
0.278253
0.008852
0.000530
0.008703
0.002212
0.014229
0.002870
0.195620
0.235779
0.009558
0.000729
0.009329
0.002324
0.066066
0.005065
0.238704
0.241325
0.010793
0.000943
0.010540
0.002381
0.034689
0.007124
--STOP--
++STRT++
0.177605
0.233595
0.007582
0.000451
0.007432
0.002188
0.007405
0.001984
0.192546
0.236225
0.008951
0.000649
0.008767
0.002233
0.017638
0.003850
0.192191
0.277477
0.008518
0.000560
0.008415
0.002203
0.014744
0.003415
0.190308
0.270309
0.008916
0.000550
0.008805
0.002221
0.015757
0.003129
0.230935
0.275466
0.010365
0.000910
0.010239
0.002352
0.033083
0.006872
0.188080
0.235440
0.008847
0.000592
0.008671
0.002241
0.015886
0.003127
0.192717
0.235250
0.009309
0.000656
0.009130
0.002268
0.019223
0.004213
0.186416
0.234800
0.008791
0.000525
0.008699
0.002201
0.014420
0.002874
0.196903
0.236224
0.009466
0.000719
0.009400
0.002302
0.022990
0.005069
0.267797
0.241805
0.010706
0.001005
0.010533
0.002374
0.034789
0.007028
--STOP--
++STRT++
0.183629
0.233468
0.007481
0.000448
0.007319
0.002157
0.007477
0.002107
0.182486
0.236242
0.008748
0.000586
0.008592
0.002222
0.017618
0.003824
0.192317
0.234525
0.008590
0.000565
0.008363
0.002196
0.014960
0.003412
0.196067
0.235008
0.008854
0.000562
0.008738
0.002270
0.015592
0.003260
0.236570
0.239873
0.010422
0.000911
0.009687
0.037496
0.032973
0.006905
0.217829
0.235024
0.008909
0.000550
0.008762
0.002267
0.015867
0.002856
0.192213
0.235208
0.009254
0.000668
0.009103
0.002296
0.019102
0.004202
0.189746
0.234473
0.008838
0.000536
0.008705
0.002221
0.014253
0.002951
0.193256
0.236575
0.009593
0.000778
0.009420
0.002344
0.022736
0.005067
0.254680
0.286997
0.010695
0.000957
0.010910
0.002428
0.034467
0.007043
--STOP--
++STRT++
0.185549
0.233453
0.007424
0.000447
0.007248
0.002192
0.007147
0.002069
0.182771
0.235622
0.008950
0.000594
0.008758
0.002241
0.017495
0.003802
0.188407
0.234465
0.008560
0.000585
0.008390
0.002193
0.015199
0.003327
0.194685
0.235349
0.008929
0.000557
0.008816
0.002281
0.015551
0.003155
0.230277
0.238951
0.010459
0.000925
0.010357
0.002353
0.032831
0.006878
0.188471
0.278757
0.008925
0.000550
0.008759
0.002274
0.015591
0.003261
0.186650
0.274150
0.009287
0.000668
0.009093
0.002262
0.019266
0.004137
0.229753
0.234778
0.008768
0.000534
0.008672
0.002204
0.014611
0.002907
0.237535
0.236172
0.009669
0.000721
0.009482
0.002297
0.022821
0.005062
0.250447
0.240003
0.010700
0.000950
0.010521
0.002390
0.034521
0.007099
--STOP--
++STRT++
0.187582
0.234034
0.007593
0.000464
0.007500
0.002195
0.008449
0.002136
0.180701
0.235632
0.008867
0.000591
0.008677
0.002280
0.017688
0.003796
0.191088
0.234323
0.008513
0.000552
0.008359
0.002203
0.015012
0.003449
0.194946
0.274760
0.008970
0.000555
0.008773
0.002260
0.015895
0.003292
0.280998
0.240045
0.010548
0.000920
0.010220
0.002417
0.032816
0.006946
0.192173
0.234994
0.008863
0.000556
0.008724
0.002275
0.015659
0.003074
0.186325
0.235577
0.009263
0.000697
0.009166
0.002320
0.019310
0.004131
0.186133
0.278134
0.008875
0.000540
0.008670
0.002285
0.014547
0.002861
0.191213
0.274834
0.009583
0.000725
0.009351
0.002282
0.023056
0.005059
0.287768
0.239718
0.010671
0.000955
0.010450
0.002428
0.034947
0.007136
--STOP--
++STRT++
0.179813
0.233888
0.007430
0.000442
0.007267
0.002163
0.007395
0.002139
0.184462
0.236951
0.008841
0.000602
0.008621
0.002268
0.017913
0.003836
0.187901
0.235658
0.008612
0.000557
0.008460
0.002260
0.015016
0.003494
0.190213
0.235324
0.008913
0.000592
0.008782
0.002211
0.015777
0.003196
0.242726
0.238225
0.010393
0.000959
0.010273
0.002360
0.033279
0.006884
0.229183
0.235375
0.008938
0.000529
0.008749
0.002265
0.015464
0.003008
0.218509
0.235386
0.009271
0.000676
0.009150
0.002317
0.019306
0.004280
0.190367
0.234669
0.008901
0.000537
0.008769
0.002267
0.014580
0.002868
0.196880
0.236810
0.009529
0.000740
0.009353
0.002349
0.022682
0.005137
0.238848
0.284957
0.010639
0.000948
0.010492
0.002433
0.034734
0.007093
--STOP--
++STRT++
0.182599
0.233359
0.007528
0.000455
0.007375
0.002156
0.007707
0.002059
0.183978
0.235491
0.008951
0.000613
0.008795
0.002225
0.017952
0.003837
0.191607
0.234641
0.008831
0.000567
0.008455
0.002195
0.015090
0.003528
0.192065
0.235296
0.008939
0.000549
0.008672
0.002268
0.015969
0.003234
0.232620
0.240706
0.010439
0.000924
0.010252
0.002377
0.032870
0.006856
0.188461
0.278161
0.008865
0.000552
0.008696
0.002295
0.015988
0.003200
0.194117
0.274422
0.009269
0.000664
0.009150
0.002326
0.019258
0.004183
0.225686
0.235173
0.008886
0.000529
0.008783
0.002206
0.057815
0.002816
0.195263
0.236214
0.009537
0.000727
0.009468
0.002342
0.023010
0.005122
0.244232
0.241422
0.010712
0.000970
0.010587
0.002444
0.034875
0.007125
--STOP--
++STRT++
0.185335
0.234034
0.007400
0.000462
0.007466
0.002198
0.007657
0.002177
0.182991
0.235993
0.008990
0.000600
0.008777
0.002287
0.017794
0.003850
0.221272
0.234576
0.008531
0.000562
0.008405
0.002253
0.015434
0.003425
0.230182
0.235448
0.008877
0.000545
0.008826
0.002228
0.015636
0.003112
0.272761
0.239927
0.010376
0.000910
0.010214
0.002411
0.032671
0.006900
0.189134
0.234944
0.008862
0.000545
0.008745
0.002264
0.015772
0.003276
0.192935
0.235816
0.009337
0.000660
0.009166
0.002267
0.019207
0.004211
0.189641
0.278448
0.008907
0.000544
0.008675
0.002244
0.014443
0.002877
0.196115
0.275242
0.009468
0.000723
0.009441
0.002371
0.022748
0.004251
0.244362
0.240263
0.010654
0.000985
0.010491
0.002360
0.034637
0.007127
--STOP--
++STRT++
0.185549
0.233575
0.007573
0.000445
0.007528
0.002161
0.007319
0.001983
0.184649
0.235541
0.009020
0.000591
0.008832
0.002218
0.017780
0.003876
0.197738
0.261867
0.008445
0.000571
0.008326
0.002230
0.014994
0.003390
0.193807
0.278215
0.008975
0.000552
0.008823
0.002302
0.015530
0.003145
0.231798
0.278743
0.010422
0.000912
0.010185
0.002426
0.032762
0.006878
0.194670
0.235357
0.008881
0.000559
0.008734
0.002231
0.015602
0.003225
0.190470
0.235376
0.009342
0.000676
0.009210
0.002321
0.019167
0.004268
0.187756
0.234744
0.008924
0.000594
0.008750
0.002207
0.014773
0.002992
0.195199
0.278645
0.009519
0.000776
0.009419
0.002337
0.022801
0.005163
0.259370
0.240748
0.010745
0.000966
0.010594
0.002387
0.034385
0.007082
--STOP--
++STRT++
0.191072
0.233703
0.007335
0.000458
0.007308
0.002196
0.007060
0.002054
0.187031
0.236641
0.008819
0.000580
0.008587
0.002268
0.017749
0.003706
0.193079
0.234927
0.008503
0.000595
0.008380
0.002213
0.014972
0.003444
0.186886
0.235242
0.008987
0.000542
0.008731
0.002282
0.015509
0.003115
0.239293
0.239488
0.049521
0.000968
0.010149
0.002367
0.032722
0.006905
0.209570
0.234975
0.008927
0.000554
0.008778
0.002262
0.059301
0.003201
0.192482
0.235381
0.009287
0.000655
0.009081
0.002304
0.019113
0.004219
0.191789
0.235059
0.008935
0.000524
0.008717
0.002246
0.014857
0.002988
0.194895
0.236271
0.009576
0.000804
0.009375
0.002290
0.023054
0.005079
0.252544
0.279378
0.010681
0.000946
0.010433
0.002438
0.078097
0.007187
--STOP--
++STRT++
0.183594
0.233542
0.007465
0.000437
0.007385
0.002161
0.007731
0.002044
0.191644
0.236808
0.009017
0.000603
0.008883
0.002270
0.018035
0.003929
0.189116
0.234369
0.008588
0.000553
0.008489
0.002255
0.015040
0.003333
0.187939
0.235573
0.008936
0.000558
0.008867
0.002232
0.015651
0.003170
0.238871
0.237988
0.010474
0.000977
0.010235
0.002354
0.032803
0.006829
0.189240
0.235865
0.008979
0.000544
0.008776
0.002274
0.015786
0.003325
0.187108
0.278666
0.009335
0.000736
0.009204
0.002367
0.019701
0.004221
0.233907
0.234783
0.008949
0.000551
0.008684
0.002210
0.014513
0.002875
0.200415
0.236677
0.009583
0.000721
0.009383
0.002326
0.023155
0.005056
0.217228
0.239925
0.010670
0.000957
0.010480
0.002410
0.034849
0.007138
--STOP--
++STRT++
0.181105
0.233557
0.007414
0.000445
0.007383
0.002185
0.007955
0.002157
0.186065
0.235531
0.008895
0.000592
0.008732
0.002289
0.017566
0.003755
0.188302
0.269760
0.008608
0.000561
0.008399
0.002259
0.015257
0.003382
0.181978
0.278165
0.008960
0.000586
0.008816
0.002218
0.015624
0.003054
0.286174
0.238918
0.010416
0.000928
0.010259
0.002372
0.032682
0.006814
0.189417
0.234870
0.008924
0.000542
0.008796
0.002245
0.015973
0.003261
0.185229
0.235354
0.009350
0.000692
0.009184
0.002299
0.019296
0.004221
0.182659
0.277782
0.008887
0.000589
0.008746
0.002202
0.014327
0.002861
0.199425
0.275383
0.009557
0.000725
0.009400
0.002335
0.022959
0.005072
0.288040
0.240230
0.010667
0.000966
0.010514
0.002358
0.034666
0.007131
--STOP--
++STRT++
0.183493
0.234362
0.007475
0.000442
0.007381
0.002195
0.007408
0.002057
0.187817
0.235735
0.008992
0.000606
0.008878
0.002227
0.017499
0.003869
0.191691
0.234426
0.008616
0.000602
0.008439
0.002214
0.015148
0.003437
0.188305
0.235081
0.008918
0.000610
0.008823
0.002222
0.015813
0.003261
0.237400
0.281933
0.010503
0.000941
0.010245
0.002382
0.032928
0.006984
0.226726
0.234677
0.008888
0.000615
0.008724
0.002292
0.015751
0.003177
0.193723
0.235523
0.009287
0.000653
0.009067
0.002277
0.019145
0.004165
0.188045
0.234920
0.008818
0.000537
0.008670
0.002207
0.014874
0.002982
0.181371
0.235579
0.009544
0.000725
0.009448
0.002337
0.022752
0.005074
0.244477
0.283588
0.010804
0.001016
0.010595
0.002426
0.035081
0.007197
--STOP--
++STRT++
0.184113
0.233748
0.007504
0.000478
0.007339
0.002182
0.008052
0.002101
0.184455
0.236668
0.009012
0.000669
0.008860
0.002282
0.017692
0.003842
0.191595
0.234320
0.008600
0.000618
0.008616
0.002188
0.014922
0.003455
0.192414
0.235208
0.008921
0.000529
0.008743
0.002265
0.015567
0.003167
0.240839
0.240111
0.010406
0.000928
0.010276
0.002381
0.032727
0.006832
0.230318
0.235086
0.008929
0.000554
0.008700
0.002250
0.015510
0.003045
0.224381
0.235148
0.009295
0.000644
0.009159
0.002313
0.019194
0.004214
0.186086
0.235088
0.008829
0.000522
0.008765
0.002215
0.014449
0.002890
0.196926
0.236368
0.009460
0.000724
0.009383
0.002321
0.022717
0.005051
0.250504
0.282939
0.010634
0.001004
0.010453
0.002407
0.034455
0.007216
--STOP--
++STRT++
0.180040
0.233345
0.007522
0.000468
0.007407
0.002168
0.008158
0.002091
0.189336
0.235656
0.008805
0.000601
0.008653
0.002281
0.017571
0.003818
0.224990
0.234044
0.008484
0.000551
0.008544
0.002260
0.015306
0.003407
0.226558
0.235012
0.008910
0.000554
0.008717
0.002269
0.015704
0.003316
0.231721
0.240609
0.010448
0.000962
0.010266
0.002329
0.033209
0.006872
0.187001
0.235242
0.008918
0.000555
0.051886
0.002215
0.015664
0.003109
0.187009
0.246522
0.009361
0.000706
0.009280
0.002332
0.019073
0.004184
0.224796
0.235132
0.008900
0.000525
0.008767
0.002271
0.014263
0.002833
0.198683
0.235750
0.009539
0.000728
0.009496
0.002301
0.022918
0.005049
0.248789
0.240129
0.010737
0.001006
0.010492
0.002413
0.034704
0.007082
--STOP--
++STRT++
0.172838
0.234210
0.007552
0.000453
0.007432
0.002169
0.007938
0.002121
0.186364
0.235268
0.008808
0.000632
0.008615
0.002235
0.017449
0.003630
0.187943
0.233772
0.008515
0.000565
0.008376
0.002238
0.015308
0.003338
0.194296
0.254373
0.008913
0.000549
0.008818
0.002277
0.015828
0.003207
0.289218
0.238772
0.010342
0.000911
0.010248
0.002392
0.032784
0.006872
0.188570
0.235607
0.008882
0.000545
0.008748
0.002273
0.015534
0.003197
0.188572
0.235348
0.009314
0.000668
0.009137
0.002310
0.019119
0.004232
0.186629
0.277523
0.008888
0.000527
0.008634
0.002214
0.014426
0.002809
0.201537
0.267277
0.009610
0.000731
0.009431
0.002323
0.022675
0.005027
0.286173
0.239486
0.010728
0.001039
0.010502
0.002388
0.034903
0.007148
--STOP--
++STRT++
0.182618
0.233902
0.007480
0.000449
0.007312
0.002198
0.007686
0.002093
0.188840
0.236020
0.008786
0.000571
0.008603
0.002266
0.017493
0.003636
0.192537
0.234003
0.008642
0.000583
0.008334
0.002146
0.015038
0.003383
0.195700
0.234979
0.008906
0.000611
0.008810
0.002211
0.015706
0.003281
0.233064
0.283133
0.010396
0.000951
0.010243
0.002370
0.032694
0.006885
0.227476
0.234571
0.008890
0.000567
0.008643
0.002219
0.015795
0.003286
0.195055
0.235264
0.009243
0.000676
0.009102
0.002304
0.019261
0.004252
0.189745
0.234516
0.008765
0.000544
0.008642
0.002197
0.014650
0.002861
0.194896
0.236442
0.009492
0.000731
0.009407
0.002323
0.022875
0.005059
0.241042
0.284957
0.010793
0.000998
0.010472
0.002515
0.077746
0.007032
--STOP--
++STRT++
0.191443
0.234201
0.007458
0.000455
0.007345
0.002149
0.007209
0.002049
0.183950
0.235769
0.008942
0.000595
0.008811
0.002236
0.017500
0.003685
0.185086
0.234453
0.008640
0.000577
0.008422
0.002188
0.015067
0.003407
0.191230
0.234444
0.008954
0.000549
0.008839
0.002252
0.015886
0.003171
0.238077
0.240066
0.010484
0.000936
0.010325
0.002420
0.032802
0.006923
0.235432
0.234793
0.008946
0.000563
0.008779
0.002211
0.015857
0.003278
0.206930
0.235369
0.009318
0.000647
0.009277
0.002286
0.019471
0.004197
0.188882
0.234707
0.008870
0.000526
0.008759
0.002209
0.014622
0.002949
0.198129
0.236025
0.009549
0.000727
0.009390
0.002357
0.022877
0.004970
0.250290
0.240199
0.010667
0.000938
0.010529
0.002373
0.034909
0.007106
--STOP--
++STRT++
0.184223
0.234097
0.007466
0.000442
0.007386
0.002190
0.006754
0.001978
0.188612
0.236380
0.008810
0.000581
0.008702
0.002264
0.017256
0.003696
0.229414
0.234590
0.008556
0.000570
0.008397
0.002239
0.014992
0.003378
0.230177
0.234706
0.008885
0.000548
0.008657
0.002278
0.015835
0.003179
0.281840
0.238411
0.010437
0.000927
0.010202
0.002412
0.032820
0.006844
0.188991
0.234889
0.008888
0.000568
0.008748
0.002221
0.015784
0.003112
0.189431
0.236019
0.009282
0.000659
0.009080
0.002275
0.019518
0.004310
0.193413
0.270094
0.008758
0.000535
0.008650
0.002256
0.014891
0.002894
0.235055
0.236383
0.009587
0.000730
0.009477
0.002345
0.022768
0.005037
0.253663
0.239643
0.010655
0.000949
0.010419
0.002358
0.035060
0.007186
--STOP--
++STRT++
0.175278
0.233436
0.007559
0.000452
0.007506
0.002186
0.008151
0.002109
0.188604
0.235898
0.008991
0.000658
0.008819
0.002234
0.017678
0.003729
0.192235
0.250604
0.008597
0.000564
0.008584
0.002213
0.014864
0.003487
0.189275
0.274097
0.008998
0.000530
0.008763
0.002269
0.015494
0.003092
0.285535
0.239186
0.010442
0.000956
0.010286
0.002367
0.032811
0.006857
0.194843
0.235382
0.008908
0.000562
0.008708
0.002264
0.015467
0.003033
0.193089
0.235275
0.009361
0.000637
0.009122
0.002305
0.019186
0.004156
0.185479
0.234461
0.008859
0.000529
0.047786
0.002199
0.014669
0.002846
0.198304
0.248143
0.009574
0.000765
0.009302
0.002340
0.022682
0.005041
0.266529
0.240373
0.010771
0.001041
0.010554
0.002445
0.034790
0.007089
--STOP--
++STRT++
0.188934
0.233371
0.007480
0.000469
0.007523
0.002154
0.007931
0.002128
0.186446
0.236084
0.009054
0.000606
0.008785
0.002231
0.017663
0.003758
0.187193
0.234195
0.008492
0.000570
0.051661
0.002205
0.014853
0.003419
0.190615
0.235234
0.008901
0.000552
0.008821
0.002265
0.015818
0.003121
0.246248
0.265949
0.010365
0.000986
0.010287
0.002385
0.032776
0.006948
0.188240
0.235517
0.008940
0.000559
0.008729
0.002263
0.016095
0.003217
0.189075
0.235661
0.009311
0.000664
0.009152
0.002321
0.019238
0.004244
0.187451
0.234769
0.008855
0.000549
0.008648
0.002252
0.014638
0.003021
0.195581
0.236489
0.009496
0.000719
0.009538
0.002374
0.022846
0.005086
0.263576
0.241851
0.010762
0.000953
0.010561
0.002416
0.034498
0.007108
--STOP--
++STRT++
0.183220
0.234056
0.007485
0.000464
0.007527
0.002204
0.008349
0.002157
0.189402
0.236114
0.009022
0.000658
0.008945
0.002239
0.017715
0.003711
0.189833
0.235050
0.008515
0.000556
0.008427
0.002241
0.014999
0.003338
0.187406
0.234684
0.008942
0.000554
0.008748
0.002268
0.015609
0.003157
0.241447
0.278015
0.010403
0.000950
0.010206
0.002353
0.032672
0.006832
0.214985
0.235286
0.008899
0.000564
0.008793
0.002222
0.015767
0.003142
0.194925
0.235680
0.009337
0.000643
0.009169
0.002301
0.019485
0.004251
0.188492
0.234861
0.008884
0.000588
0.008655
0.002198
0.014760
0.002950
0.197684
0.236771
0.009490
0.000712
0.009433
0.002283
0.023057
0.005053
0.244333
0.284698
0.010713
0.000955
0.010439
0.002358
0.034666
0.007195
--STOP--
++STRT++
0.191793
0.233470
0.007587
0.000458
0.007514
0.002187
0.008028
0.002101
0.188686
0.236342
0.008972
0.000581
0.008715
0.002277
0.017413
0.003582
0.192974
0.234754
0.008836
0.000568
0.008414
0.002202
0.014909
0.003363
0.186938
0.235252
0.008954
0.000551
0.008813
0.002218
0.015693
0.003119
0.239785
0.238022
0.010447
0.000950
0.010251
0.002386
0.032856
0.006985
0.190375
0.278324
0.008918
0.000593
0.008756
0.002221
0.015776
0.003244
0.229938
0.235862
0.009350
0.000697
0.009182
0.002308
0.019464
0.004284
0.193006
0.235021
0.008887
0.000526
0.008738
0.002247
0.014559
0.002958
0.197322
0.235752
0.009567
0.000716
0.009433
0.002365
0.023056
0.005042
0.245017
0.240019
0.053838
0.000964
0.010491
0.002408
0.034823
0.007110
--STOP--
++STRT++
0.179942
0.233857
0.007536
0.000447
0.007375
0.002188
0.007988
0.002178
0.182725
0.235542
0.008901
0.000596
0.008707
0.002280
0.017906
0.003758
0.191064
0.234572
0.008538
0.000573
0.008424
0.002204
0.014999
0.003464
0.189656
0.234867
0.008915
0.000556
0.008772
0.002283
0.016120
0.003292
0.231858
0.239594
0.010450
0.000922
0.010268
0.002415
0.032741
0.006840
0.189267
0.278521
0.008922
0.000565
0.008801
0.002213
0.015727
0.003271
0.188219
0.274644
0.009275
0.000650
0.009186
0.002268
0.019495
0.004147
0.226227
0.235407
0.008872
0.000539
0.008818
0.002206
0.014840
0.046058
0.200967
0.236238
0.009554
0.000756
0.009391
0.002375
0.023003
0.005032
0.243432
0.239318
0.010686
0.000976
0.010571
0.002459
0.034649
0.007149
--STOP--
++STRT++
0.175227
0.233620
0.007548
0.000458
0.007496
0.002215
0.007780
0.002177
0.179389
0.236070
0.008896
0.000628
0.008713
0.002239
0.017606
0.003744
0.190411
0.277942
0.008500
0.000601
0.008357
0.002211
0.015257
0.003418
0.187976
0.274180
0.008961
0.000554
0.008755
0.002256
0.016035
0.003119
0.290288
0.239272
0.010455
0.000928
0.010387
0.002436
0.032854
0.006892
0.192124
0.235084
0.008887
0.000559
0.008738
0.002289
0.016161
0.003205
0.190487
0.235421
0.009327
0.000706
0.009231
0.002312
0.019170
0.004236
0.185099
0.277762
0.008910
0.000578
0.008733
0.002227
0.014787
0.002878
0.199262
0.267074
0.009500
0.000743
0.009371
0.002287
0.023221
0.005079
0.276453
0.241124
0.010686
0.000967
0.010456
0.002369
0.034774
0.007162
--STOP--
++STRT++
0.176052
0.233614
0.007492
0.000449
0.007234
0.002189
0.007591
0.002147
0.186196
0.236814
0.008930
0.000613
0.008711
0.002277
0.018012
0.003942
0.188440
0.234710
0.008531
0.000561
0.008458
0.002198
0.015253
0.003404
0.188897
0.262381
0.008922
0.000571
0.008788
0.002208
0.015988
0.003233
0.242849
0.263247
0.010445
0.000965
0.010363
0.002353
0.032820
0.006854
0.191016
0.235070
0.008893
0.000558
0.008732
0.002265
0.015620
0.003235
0.195695
0.235832
0.009263
0.000746
0.009187
0.002313
0.019440
0.004215
0.185790
0.234596
0.008886
0.000560
0.008652
0.002209
0.014497
0.002868
0.199371
0.279121
0.009531
0.000725
0.009453
0.002351
0.022881
0.005053
0.278843
0.239276
0.010607
0.000962
0.010394
0.002377
0.034699
0.007156
--STOP--
++STRT++
0.181710
0.234095
0.007423
0.000458
0.007369
0.002197
0.007632
0.002039
0.188907
0.236660
0.008848
0.000585
0.008716
0.002284
0.017376
0.003681
0.192251
0.234904
0.008515
0.000562
0.008411
0.002256
0.015238
0.003336
0.189981
0.235939
0.008962
0.000554
0.008748
0.002271
0.015468
0.003250
0.234817
0.240490
0.010410
0.000945
0.010258
0.002408
0.032987
0.006944
0.185500
0.233084
0.007307
0.000451
0.007052
0.002164
0.015434
0.003153
0.193105
0.235723
0.009309
0.000648
0.009149
0.002316
0.019392
0.004248
0.221778
0.234753
0.008836
0.000530
0.008759
0.002207
0.014741
0.002855
0.229380
0.235975
0.009553
0.000721
0.009507
0.002351
0.022853
0.005101
0.234159
0.239831
0.010749
0.000985
0.010531
0.002408
0.034858
0.007261
--STOP--
++STRT++
0.185403
0.233117
0.007583
0.000446
0.007361
0.002167
0.008276
0.002018
0.188754
0.236481
0.008896
0.000576
0.008677
0.002240
0.017566
0.003798
0.193846
0.248390
0.008577
0.000566
0.008414
0.002200
0.014856
0.003333
0.192102
0.266102
0.008937
0.000555
0.008783
0.002221
0.015682
0.003273
0.277886
0.239113
0.010393
0.000964
0.010317
0.002368
0.032938
0.006856
0.191783
0.235334
0.008882
0.000568
0.008701
0.002216
0.015877
0.003255
0.190494
0.234557
0.009276
0.000721
0.009151
0.002329
0.019210
0.004252
0.186434
0.277789
0.008891
0.000541
0.008663
0.002206
0.014632
0.002869
0.198708
0.261976
0.009478
0.000725
0.009341
0.002331
0.022922
0.005015
0.272707
0.240451
0.010768
0.000996
0.010563
0.002415
0.034948
0.007140
--STOP--
++STRT++
0.185531
0.233804
0.007491
0.000463
0.007530
0.002164
0.007786
0.002022
0.182494
0.235436
0.009007
0.000623
0.008823
0.002234
0.017653
0.003767
0.190343
0.252819
0.008664
0.000578
0.008445
0.002249
0.015080
0.003406
0.185995
0.277509
0.008964
0.000538
0.008822
0.002266
0.015657
0.003206
0.232649
0.263140
0.010403
0.000986
0.010246
0.002371
0.032699
0.006844
0.194866
0.235315
0.008872
0.000567
0.008690
0.002214
0.015692
0.003176
0.194388
0.235208
0.009341
0.000711
0.009201
0.002338
0.019171
0.004209
0.191659
0.234658
0.008835
0.000550
0.008717
0.002254
0.015166
0.003091
0.191669
0.278069
0.009568
0.000723
0.009419
0.002348
0.022800
0.005086
0.190456
0.240667
0.010672
0.000955
0.010524
0.002404
0.035019
0.007201
--STOP--
++STRT++
0.188838
0.233218
0.007488
0.000447
0.007405
0.002189
0.007384
0.001963
0.187024
0.235832
0.008933
0.000630
0.008879
0.002233
0.017519
0.003591
0.186447
0.234265
0.008514
0.000561
0.008346
0.002208
0.014930
0.003434
0.189376
0.235873
0.008917
0.000558
0.008737
0.002208
0.015773
0.003328
0.239624
0.281106
0.010509
0.000964
0.010284
0.002335
0.075170
0.006853
0.187163
0.235033
0.008859
0.000527
0.008760
0.002256
0.015905
0.003276
0.189484
0.235356
0.009296
0.000649
0.009133
0.002268
0.019261
0.004259
0.188542
0.234811
0.008965
0.000541
0.008811
0.002253
0.014867
0.002929
0.196891
0.235537
0.009536
0.000723
0.009419
0.002316
0.022892
0.005122
0.250247
0.283256
0.010643
0.001015
0.010548
0.002419
0.034470
0.007139
--STOP--
++STRT++
0.188816
0.233333
0.007651
0.000461
0.007416
0.002154
0.008765
0.002120
0.194019
0.235192
0.008788
0.000597
0.008697
0.002284
0.017426
0.003748
0.191618
0.234855
0.008604
0.000568
0.008478
0.002188
0.014984
0.003473
0.191360
0.234900
0.008945
0.000554
0.008782
0.002285
0.015716
0.003113
0.235843
0.240333
0.010403
0.000923
0.010246
0.002426
0.032632
0.006925
0.187275
0.274176
0.008914
0.000579
0.008770
0.002263
0.015739
0.003198
0.193361
0.235271
0.009326
0.000651
0.009187
0.002269
0.019045
0.004312
0.186306
0.234968
0.008906
0.000537
0.008777
0.002207
0.014516
0.002940
0.195315
0.236248
0.009563
0.000733
0.009480
0.002338
0.022937
0.005037
0.229848
0.241599
0.010736
0.000957
0.010502
0.002426
0.034834
0.007188
--STOP--
++STRT++
0.182425
0.233808
0.007621
0.000456
0.007430
0.002156
0.008221
0.002166
0.185087
0.236543
0.008778
0.000591
0.008709
0.002233
0.017466
0.003628
0.234585
0.235211
0.008594
0.000563
0.008453
0.002208
0.015507
0.003367
0.214562
0.235547
0.008952
0.000558
0.008755
0.002271
0.015630
0.003219
0.272631
0.239951
0.010484
0.000941
0.010155
0.002399
0.032478
0.006858
0.187962
0.235434
0.008969
0.000542
0.008787
0.002259
0.015879
0.003153
0.187818
0.235588
0.009285
0.000662
0.009145
0.002268
0.019056
0.004246
0.189197
0.277055
0.008846
0.000586
0.008682
0.002204
0.015196
0.002961
0.194103
0.270911
0.009505
0.000733
0.009342
0.002343
0.023075
0.005041
0.239769
0.239682
0.010724
0.000951
0.010596
0.002386
0.034581
0.007165
--STOP--
++STRT++
0.191770
0.233607
0.007491
0.000447
0.007342
0.002176
0.007460
0.002050
0.187802
0.235570
0.008950
0.000612
0.008706
0.002226
0.017422
0.003785
0.189308
0.234620
0.008624
0.000563
0.008430
0.002201
0.015129
0.003390
0.203945
0.235472
0.008865
0.000558
0.008706
0.002214
0.015822
0.003285
0.241381
0.260516
0.010476
0.000920
0.010329
0.002364
0.033059
0.006915
0.190535
0.236059
0.008913
0.000589
0.008718
0.002214
0.015871
0.003231
0.188549
0.236123
0.009349
0.000674
0.009143
0.002318
0.019335
0.004208
0.187139
0.234672
0.008928
0.000536
0.008677
0.002241
0.015074
0.003011
0.194338
0.235953
0.009562
0.000446
0.009375
0.002291
0.023110
0.005049
0.264642
0.240924
0.010686
0.000956
0.010518
0.002437
0.034945
0.007118
--STOP--
++STRT++
0.190425
0.233679
0.007666
0.000509
0.007605
0.002212
0.007735
0.002032
0.184825
0.236041
0.008941
0.000578
0.008650
0.002270
0.017648
0.003794
0.188150
0.234110
0.008488
0.000571
0.008406
0.002257
0.015085
0.003357
0.191167
0.234690
0.008905
0.000530
0.008762
0.002266
0.015497
0.003166
0.238303
0.238745
0.010403
0.000926
0.010003
0.002346
0.032799
0.006836
0.232705
0.234760
0.008944
0.000553
0.008753
0.002260
0.015946
0.003229
0.230530
0.235299
0.009311
0.000690
0.009136
0.002308
0.019051
0.004247
0.188703
0.234799
0.008935
0.000607
0.008766
0.002198
0.014729
0.002920
0.196374
0.236286
0.009484
0.000713
0.009367
0.002339
0.022907
0.005029
0.242149
0.283553
0.010684
0.000933
0.010642
0.002462
0.034265
0.007139
--STOP--
++STRT++
0.189072
0.233587
0.007477
0.000462
0.007477
0.002205
0.007861
0.002184
0.185976
0.235288
0.008850
0.000618
0.008743
0.002239
0.067556
0.003621
0.191326
0.234681
0.008565
0.000564
0.008329
0.002220
0.015186
0.003521
0.195362
0.235168
0.008857
0.000561
0.008710
0.002242
0.015983
0.003269
0.240676
0.238257
0.010369
0.000957
0.010218
0.002366
0.032869
0.006865
0.189487
0.260958
0.008994
0.000560
0.008777
0.002248
0.015779
0.003206
0.191449
0.277780
0.009291
0.000666
0.009199
0.002260
0.019388
0.004161
0.227095
0.234024
0.008841
0.000533
0.008654
0.002269
0.014509
0.002901
0.234485
0.236112
0.009588
0.000728
0.009538
0.002351
0.022928
0.005168
0.249803
0.239191
0.010703
0.000959
0.010627
0.002437
0.034831
0.007167
--STOP--
++STRT++
0.177211
0.233501
0.007438
0.000483
0.007417
0.002195
0.007367
0.002019
0.183118
0.235588
0.008795
0.000576
0.008584
0.002239
0.017566
0.003643
0.190991
0.244685
0.008515
0.000558
0.008501
0.002252
0.015191
0.003347
0.187443
0.273562
0.008922
0.000625
0.008835
0.002213
0.015536
0.003176
0.278786
0.239554
0.010403
0.000925
0.010260
0.002422
0.033194
0.006943
0.194821
0.235363
0.008839
0.000529
0.008694
0.002267
0.015718
0.003296
0.188443
0.235091
0.009272
0.000666
0.009132
0.002324
0.019286
0.004216
0.186016
0.277525
0.008869
0.000524
0.008725
0.002203
0.014286
0.002873
0.197156
0.270241
0.009497
0.000725
0.009391
0.002335
0.022728
0.005080
0.278569
0.241119
0.010735
0.000952
0.010560
0.002453
0.034685
0.007103
--STOP--
++STRT++
0.186683
0.233266
0.007584
0.000453
0.007472
0.002187
0.007061
0.002078
0.190534
0.235826
0.008918
0.000598
0.008726
0.002271
0.017470
0.003634
0.189114
0.234411
0.008627
0.000613
0.008473
0.002201
0.015061
0.003450
0.192344
0.234890
0.008899
0.000551
0.008804
0.002210
0.015693
0.003216
0.238562
0.281122
0.010381
0.000971
0.010230
0.002355
0.032777
0.006834
0.212011
0.235372
0.008901
0.000553
0.008724
0.002209
0.015905
0.003187
0.189370
0.235911
0.009207
0.000649
0.009125
0.002301
0.019213
0.004181
0.192075
0.234628
0.008826
0.000523
0.008745
0.002207
0.014531
0.002904
0.198089
0.236586
0.009556
0.000711
0.009397
0.002332
0.022830
0.005023
0.242643
0.282624
0.010716
0.000961
0.010471
0.002438
0.076029
0.007181
--STOP--
++STRT++
0.180335
0.233635
0.007532
0.000446
0.007441
0.002152
0.007950
0.002077
0.190511
0.236621
0.008825
0.000668
0.008713
0.002223
0.017300
0.003653
0.192049
0.234560
0.008684
0.000568
0.008413
0.002213
0.015210
0.003412
0.196515
0.234976
0.008938
0.000551
0.008711
0.002219
0.015514
0.003108
0.241020
0.237986
0.010399
0.000938
0.010344
0.002415
0.032924
0.006833
0.191600
0.277864
0.008883
0.000600
0.008784
0.002212
0.015955
0.003237
0.189411
0.277543
0.009294
0.000657
0.009215
0.002265
0.019063
0.004269
0.223967
0.234657
0.008799
0.000549
0.008723
0.002212
0.014703
0.002886
0.200807
0.235966
0.009500
0.000733
0.009337
0.002341
0.022983
0.005064
0.245472
0.240765
0.010693
0.001013
0.010568
0.002439
0.035076
0.007118
--STOP--
++STRT++
0.179723
0.233515
0.007433
0.000457
0.007348
0.002187
0.007471
0.001993
0.180255
0.235674
0.008789
0.000586
0.008743
0.002279
0.017492
0.003636
0.234124
0.233994
0.008528
0.000576
0.008384
0.002241
0.015040
0.003339
0.234010
0.235861
0.008907
0.000523
0.008750
0.002260
0.015707
0.003210
0.275153
0.238562
0.010391
0.000919
0.010224
0.002420
0.032689
0.006842
0.186148
0.235576
0.008884
0.000529
0.008719
0.002259
0.016136
0.003279
0.186517
0.277612
0.009257
0.000652
0.009109
0.002276
0.019091
0.004225
0.192672
0.264659
0.008836
0.000545
0.008700
0.002203
0.014961
0.002998
0.240626
0.236011
0.009530
0.000734
0.009481
0.002346
0.022942
0.005046
0.251324
0.239140
0.010938
0.001011
0.010487
0.002400
0.034797
0.007201
--STOP--
++STRT++
0.187051
0.233437
0.007400
0.000450
0.007307
0.002159
0.007993
0.001991
0.191993
0.235317
0.008810
0.000568
0.008646
0.002260
0.017374
0.003633
0.188146
0.248725
0.008549
0.000572
0.008462
0.002236
0.015018
0.003440
0.192982
0.273167
0.008911
0.000618
0.008725
0.002226
0.015748
0.003158
0.284615
0.238515
0.010370
0.000924
0.010232
0.002424
0.032873
0.006906
0.191013
0.235782
0.008964
0.000555
0.008762
0.002275
0.015875
0.003193
0.189462
0.235236
0.009348
0.000649
0.009191
0.002263
0.019166
0.004224
0.185417
0.235296
0.008942
0.000579
0.008831
0.002214
0.014663
0.002943
0.198314
0.278495
0.009656
0.000780
0.009496
0.002297
0.022961
0.005069
0.268629
0.241303
0.010810
0.000966
0.010570
0.002421
0.035092
0.007044
--STOP--
++STRT++
0.178443
0.233502
0.007596
0.000450
0.007393
0.002167
0.007543
0.002077
0.188165
0.235859
0.009020
0.000613
0.008851
0.002228
0.017718
0.003787
0.186863
0.234589
0.008607
0.000605
0.008425
0.002203
0.014974
0.003451
0.192391
0.235148
0.008960
0.000557
0.008835
0.002269
0.015545
0.003275
0.233186
0.240692
0.048537
0.000975
0.010202
0.002399
0.032623
0.006861
0.214615
0.235489
0.008908
0.000549
0.008785
0.002210
0.061963
0.003124
0.187864
0.235167
0.009294
0.000665
0.009156
0.002319
0.019068
0.004175
0.182567
0.234953
0.008928
0.000545
0.008735
0.002199
0.014863
0.002904
0.186688
0.236411
0.009537
0.000734
0.009401
0.002331
0.022819
0.005060
0.253490
0.282521
0.010642
0.000959
0.010400
0.002418
0.035110
0.007147
--STOP--
++STRT++
0.190931
0.234154
0.007461
0.000446
0.007348
0.002149
0.007601
0.002148
0.188701
0.235830
0.008918
0.000597
0.008792
0.002238
0.017422
0.003815
0.185949
0.234637
0.008449
0.000553
0.008406
0.002247
0.015053
0.003206
0.187676
0.234934
0.009016
0.000619
0.008889
0.002208
0.015675
0.003078
0.234138
0.240111
0.010403
0.000914
0.010243
0.002371
0.032988
0.006914
0.192515
0.276931
0.008890
0.000573
0.008783
0.002258
0.015833
0.003182
0.186714
0.253810
0.009353
0.000658
0.009190
0.002276
0.019309
0.004242
0.221602
0.234725
0.008885
0.000552
0.008717
0.002213
0.061345
0.002990
0.196016
0.237441
0.009576
0.000726
0.009532
0.002350
0.022899
0.005039
0.230103
0.240290
0.010732
0.000974
0.010587
0.002453
0.034972
0.007230
--STOP--
++STRT++
0.178953
0.233906
0.007382
0.000455
0.007366
0.002159
0.007217
0.002055
0.188891
0.235759
0.008901
0.000605
0.008746
0.002272
0.017400
0.003827
0.183785
0.234973
0.008574
0.000549
0.008381
0.002196
0.014997
0.003384
0.229547
0.235105
0.008941
0.000558
0.008782
0.002222
0.015657
0.003253
0.260929
0.239587
0.010486
0.000946
0.010337
0.002432
0.032651
0.006883
0.196694
0.234757
0.008919
0.000565
0.008725
0.002265
0.015973
0.003205
0.189632
0.236080
0.009342
0.000645
0.009103
0.002268
0.019145
0.004224
0.184591
0.235126
0.008925
0.000528
0.008711
0.002247
0.014700
0.003011
0.187369
0.278544
0.009460
0.000732
0.009362
0.002298
0.022746
0.005043
0.279316
0.239718
0.010584
0.000962
0.010477
0.002530
0.035039
0.007154
--STOP--
++STRT++
0.187706
0.233531
0.007414
0.000453
0.007339
0.002164
0.007303
0.001895
0.188526
0.235581
0.008824
0.000578
0.008726
0.002272
0.017593
0.003616
0.184473
0.235589
0.008673
0.000553
0.008535
0.002215
0.015102
0.003476
0.192332
0.235298
0.008955
0.000549
0.008754
0.002226
0.015933
0.003266
0.228009
0.282531
0.010437
0.000930
0.010281
0.002451
0.032857
0.006899
0.226844
0.235380
0.008879
0.000550
0.008662
0.002257
0.015579
0.003345
0.196743
0.235514
0.009256
0.000703
0.009102
0.002317
0.019488
0.004384
0.188511
0.234718
0.008821
0.000579
0.008658
0.002212
0.014886
0.002924
0.192896
0.235946
0.009629
0.000726
0.009390
0.002330
0.022892
0.005116
0.249406
0.277637
0.010690
0.000996
0.010520
0.002436
0.076191
0.007239
--STOP--
++STRT++
0.178682
0.234046
0.007534
0.000452
0.007439
0.002195
0.007714
0.002110
0.189087
0.236378
0.008947
0.000646
0.008755
0.002228
0.017962
0.003671
0.180050
0.234256
0.008551
0.000611
0.008471
0.002194
0.014909
0.003379
0.185965
0.235918
0.008891
0.000554
0.008733
0.002277
0.015796
0.002933
0.234647
0.241349
0.010355
0.000923
0.010151
0.002408
0.033295
0.006915
0.187602
0.272902
0.008974
0.000579
0.008787
0.002226
0.015895
0.003314
0.226461
0.235686
0.009384
0.000710
0.009208
0.002313
0.019187
0.004267
0.185591
0.235095
0.008901
0.000528
0.008800
0.002264
0.015060
0.003025
0.194304
0.236315
0.009567
0.000771
0.009471
0.002286
0.022809
0.005044
0.251441
0.238915
0.010640
0.000961
0.010467
0.002390
0.034897
0.007178
--STOP--
++STRT++
0.179239
0.234181
0.007536
0.000433
0.007261
0.002158
0.007322
0.002025
0.176764
0.235201
0.008819
0.000587
0.008703
0.002278
0.017584
0.003698
0.229351
0.234317
0.008561
0.000565
0.008414
0.002246
0.014886
0.003424
0.225886
0.234757
0.008929
0.000555
0.008857
0.002267
0.015564
0.003215
0.270922
0.239431
0.010431
0.000927
0.010308
0.002395
0.032684
0.006866
0.195755
0.235838
0.008908
0.000544
0.008783
0.002267
0.015842
0.003291
0.185822
0.235624
0.009323
0.000653
0.009197
0.002270
0.019196
0.004234
0.182920
0.269127
0.008890
0.000536
0.008705
0.002202
0.014633
0.002858
0.193859
0.262482
0.009528
0.000728
0.009324
0.002342
0.022815
0.005056
0.287184
0.240569
0.010676
0.000984
0.010533
0.002427
0.034608
0.007085
--STOP--
++STRT++
0.178313
0.233679
0.007414
0.000483
0.007377
0.002207
0.007367
0.001936
0.184683
0.236668
0.008997
0.000598
0.008649
0.002279
0.018198
0.003763
0.180753
0.234476
0.008585
0.000627
0.008353
0.002189
0.015075
0.003427
0.186148
0.235520
0.008949
0.000549
0.008813
0.002280
0.015928
0.003114
0.279821
0.238782
0.010452
0.000930
0.010275
0.002356
0.032759
0.006812
0.190104
0.234907
0.008864
0.000595
0.008749
0.002220
0.015884
0.003194
0.223256
0.235469
0.009245
0.000643
0.009181
0.002291
0.019165
0.004222
0.187109
0.233012
0.007294
0.000455
0.007204
0.002182
0.015047
0.002988
0.188257
0.235951
0.009500
0.000719
0.009425
0.002339
0.022626
0.005018
0.232362
0.240534
0.010618
0.001004
0.010498
0.002463
0.034598
0.007103
--STOP--
++STRT++
0.182891
0.234311
0.007635
0.000488
0.007533
0.002182
0.007673
0.001985
0.186195
0.235558
0.008857
0.000577
0.008763
0.002236
0.017243
0.003759
0.226030
0.234316
0.008516
0.000600
0.008452
0.002202
0.015333
0.003348
0.218632
0.235075
0.008949
0.000552
0.008762
0.002264
0.015942
0.003231
0.255628
0.240398
0.010401
0.000899
0.010244
0.002423
0.032713
0.006812
0.188869
0.235179
0.008956
0.000566
0.008756
0.002267
0.015909
0.003238
0.189478
0.235419
0.009369
0.000726
0.009251
0.002330
0.019547
0.004264
0.189328
0.276723
0.008845
0.000524
0.008726
0.002256
0.014593
0.002923
0.193442
0.274402
0.009520
0.000717
0.009409
0.002348
0.023039
0.005050
0.234672
0.241023
0.010902
0.000937
0.010564
0.002380
0.034693
0.007138
--STOP--
++STRT++
0.184680
0.233510
0.007496
0.000433
0.007421
0.002150
0.006927
0.001994
0.187622
0.236458
0.008884
0.000582
0.008610
0.002237
0.017137
0.003600
0.187211
0.234435
0.008633
0.000570
0.008527
0.002205
0.014901
0.003479
0.193608
0.235017
0.008926
0.000537
0.008751
0.002216
0.015677
0.003118
0.240922
0.281777
0.010400
0.000967
0.010185
0.002350
0.032850
0.006904
0.214632
0.235083
0.008877
0.000601
0.008753
0.002208
0.015486
0.003096
0.185055
0.235446
0.009336
0.000671
0.009276
0.002346
0.019265
0.004195
0.193671
0.235025
0.008878
0.000546
0.008699
0.002217
0.014695
0.002903
0.190100
0.236131
0.009652
0.000729
0.009416
0.002331
0.022961
0.005069
0.237230
0.271371
0.010646
0.000966
0.010545
0.002422
0.034797
0.007185
--STOP--
++STRT++
0.182088
0.233936
0.007506
0.000440
0.007357
0.002156
0.007745
0.002101
0.188553
0.236232
0.008969
0.000653
0.008770
0.002263
0.018031
0.003915
0.188549
0.234677
0.008525
0.000571
0.008478
0.002243
0.014897
0.003408
0.191436
0.235059
0.008896
0.000545
0.008802
0.002237
0.015769
0.003240
0.243320
0.239359
0.010894
0.000961
0.010236
0.002368
0.032752
0.006899
0.188890
0.277410
0.008913
0.000546
0.008856
0.002261
0.016060
0.003180
0.187862
0.273460
0.009296
0.000659
0.009117
0.002269
0.019352
0.004261
0.229456
0.234374
0.008849
0.000576
0.008691
0.002213
0.014776
0.002902
0.199682
0.236160
0.009460
0.000729
0.009386
0.002345
0.022957
0.005066
0.236216
0.241370
0.010748
0.000995
0.010596
0.002439
0.034764
0.007170
--STOP--
++STRT++
0.184742
0.234123
0.007486
0.000443
0.007230
0.002188
0.006868
0.002007
0.181078
0.235741
0.008793
0.000577
0.008725
0.002260
0.017193
0.003627
0.227400
0.234319
0.008544
0.000623
0.008413
0.002207
0.015000
0.003474
0.216962
0.235135
0.008960
0.000558
0.008834
0.002265
0.015732
0.003216
0.251285
0.238962
0.010509
0.000923
0.010277
0.002404
0.033227
0.006929
0.191394
0.234780
0.008908
0.000545
0.008703
0.002265
0.015956
0.003317
0.189325
0.278043
0.009362
0.000658
0.009183
0.002267
0.019336
0.004224
0.217282
0.234849
0.008933
0.000527
0.008625
0.002251
0.014946
0.002871
0.225198
0.235885
0.009605
0.000771
0.009510
0.002360
0.022825
0.005066
0.240650
0.240074
0.010792
0.000962
0.010672
0.002447
0.035045
0.007168
--STOP--
++STRT++
0.181370
0.234061
0.007406
0.000457
0.007388
0.002187
0.007691
0.002027
0.194361
0.236152
0.009062
0.000647
0.008747
0.002228
0.017910
0.003963
0.191214
0.276661
0.008550
0.000569
0.008384
0.002196
0.015025
0.003473
0.192004
0.257387
0.009000
0.000560
0.008844
0.002227
0.015917
0.003141
0.276592
0.238469
0.010368
0.000926
0.010201
0.002416
0.033182
0.006903
0.192092
0.235672
0.008931
0.000555
0.008771
0.002274
0.015936
0.003259
0.190021
0.235104
0.009270
0.000646
0.009107
0.002262
0.019251
0.004213
0.188609
0.234425
0.051008
0.000530
0.008676
0.002257
0.014410
0.002970
0.198913
0.261711
0.009527
0.000719
0.009333
0.002271
0.022845
0.005071
0.278370
0.240727
0.010855
0.000975
0.010521
0.002374
0.034500
0.007076
--STOP--
++STRT++
0.190963
0.234001
0.007482
0.000443
0.007413
0.002156
0.008088
0.002082
0.189091
0.235669
0.008925
0.000594
0.008746
0.002219
0.018083
0.003900
0.190111
0.234884
0.008575
0.000565
0.008456
0.040341
0.015107
0.003378
0.186815
0.235428
0.008913
0.000546
0.008787
0.002210
0.015896
0.003189
0.238808
0.270369
0.010321
0.000966
0.010279
0.002365
0.032746
0.006862
0.232100
0.234846
0.008898
0.000539
0.008744
0.002270
0.015865
0.003216
0.191654
0.235068
0.009334
0.000661
0.009202
0.002327
0.019123
0.004116
0.185778
0.233047
0.007295
0.000463
0.007057
0.002187
0.007604
0.002124
0.204874
0.236094
0.009566
0.000773
0.009375
0.002336
0.022800
0.005043
0.239152
0.283447
0.010725
0.000981
0.010525
0.002426
0.035020
0.007154
--STOP--
++STRT++
0.188147
0.233844
0.007624
0.000467
0.007448
0.002169
0.008152
0.002039
0.188362
0.236458
0.008796
0.000593
0.008710
0.002266
0.017236
0.003609
0.194529
0.234606
0.008640
0.000563
0.008465
0.002202
0.015280
0.003445
0.190292
0.235235
0.008930
0.000558
0.008855
0.002274
0.015553
0.003144
0.247439
0.238651
0.010340
0.000917
0.010252
0.002380
0.032926
0.006901
0.234803
0.235187
0.008933
0.000558
0.008672
0.002259
0.015799
0.003213
0.225077
0.235124
0.009378
0.000710
0.009213
0.002335
0.019302
0.004232
0.188692
0.235202
0.008761
0.000589
0.008666
0.002216
0.014914
0.002923
0.195247
0.236433
0.009488
0.000731
0.009370
0.002282
0.023137
0.005069
0.246199
0.240424
0.010618
0.000944
0.010436
0.002434
0.034713
0.007216
--STOP--
++STRT++
0.183088
0.234222
0.007399
0.000451
0.007440
0.002200
0.007653
0.002178
0.186608
0.235789
0.008825
0.000589
0.008675
0.002229
0.017417
0.003633
0.221446
0.234964
0.008718
0.000547
0.008434
0.002235
0.015144
0.003307
0.227083
0.234836
0.008934
0.000565
0.008719
0.002262
0.015492
0.003200
0.236401
0.239576
0.010379
0.000955
0.010266
0.002357
0.032809
0.006877
0.192861
0.235027
0.008889
0.000553
0.008771
0.002266
0.015809
0.003177
0.188744
0.277560
0.009350
0.000644
0.009147
0.002253
0.019530
0.004228
0.224195
0.234855
0.008880
0.000542
0.008703
0.002261
0.014824
0.003025
0.223031
0.236091
0.009604
0.000728
0.009421
0.002362
0.022882
0.004998
0.229207
0.241718
0.010727
0.000954
0.010540
0.002373
0.034903
0.007168
--STOP--
++STRT++
0.178837
0.233864
0.007355
0.000446
0.007259
0.002188
0.007023
0.001951
0.186661
0.235370
0.008952
0.000620
0.008668
0.002217
0.018061
0.003883
0.191785
0.276434
0.008469
0.000568
0.008376
0.002235
0.015263
0.003351
0.191245
0.273150
0.008898
0.000557
0.008877
0.002271
0.015945
0.003292
0.279670
0.238021
0.010734
0.000947
0.010223
0.002419
0.033030
0.006981
0.188714
0.235323
0.008902
0.000557
0.008778
0.002278
0.015831
0.003282
0.189907
0.236541
0.009360
0.000649
0.009107
0.002265
0.019214
0.004310
0.187141
0.234906
0.042983
0.000532
0.008724
0.002203
0.014960
0.002990
0.192541
0.270141
0.009546
0.000720
0.009338
0.002290
0.022834
0.005036
0.277211
0.241617
0.010700
0.000951
0.010758
0.002437
0.034734
0.007100
--STOP--
++STRT++
0.180163
0.233783
0.007503
0.000445
0.007336
0.002163
0.007665
0.002033
0.187623
0.235558
0.008969
0.000601
0.008749
0.002212
0.017871
0.003863
0.184699
0.252653
0.008548
0.000561
0.008418
0.002238
0.015113
0.003428
0.196066
0.277401
0.008927
0.000537
0.008725
0.002257
0.016040
0.003257
0.236901
0.240408
0.010393
0.000925
0.010197
0.002400
0.032525
0.006842
0.189911
0.235276
0.008915
0.000566
0.008824
0.002220
0.015861
0.003172
0.190935
0.235670
0.009301
0.000663
0.009051
0.002267
0.019414
0.004163
0.188607
0.234883
0.008847
0.000551
0.008764
0.002255
0.015204
0.003066
0.197695
0.236213
0.009588
0.000730
0.039640
0.002338
0.022896
0.005175
0.232100
0.278821
0.010673
0.000962
0.010493
0.002422
0.034915
0.007154
--STOP--
++STRT++
0.188986
0.233309
0.007571
0.000440
0.007458
0.002197
0.007876
0.002181
0.191504
0.235773
0.008940
0.000599
0.008651
0.002269
0.017543
0.003938
0.188870
0.233774
0.008548
0.000561
0.008357
0.002203
0.014605
0.003410
0.192646
0.234638
0.008907
0.000540
0.008747
0.002244
0.016076
0.003242
0.238941
0.239244
0.010344
0.000928
0.010112
0.002408
0.032927
0.006861
0.234198
0.235901
0.008987
0.000561
0.008733
0.002332
0.015943
0.003335
0.216966
0.235529
0.009372
0.000706
0.009322
0.002336
0.019256
0.004220
0.184425
0.235030
0.008906
0.000540
0.008739
0.002209
0.014976
0.002982
0.194928
0.236189
0.009501
0.000717
0.009359
0.002323
0.022830
0.005086
0.240101
0.283029
0.010668
0.000984
0.010480
0.002420
0.034720
0.007138
--STOP--
++STRT++
0.190421
0.233209
0.007529
0.000456
0.007312
0.002153
0.008151
0.002017
0.184430
0.236603
0.009005
0.000652
0.008762
0.002225
0.017520
0.003908
0.192127
0.233757
0.008543
0.000605
0.008378
0.002248
0.015232
0.003392
0.187929
0.235223
0.008897
0.000531
0.008797
0.002274
0.015625
0.003035
0.225500
0.238544
0.010410
0.000963
0.010234
0.002398
0.032781
0.006865
0.189639
0.273969
0.008887
0.000555
0.008789
0.002219
0.015906
0.003197
0.190322
0.261368
0.009449
0.000707
0.009300
0.002324
0.019239
0.004142
0.231525
0.235158
0.008852
0.000530
0.008700
0.002220
0.014884
0.002916
0.195525
0.236800
0.009535
0.000725
0.009492
0.002366
0.022902
0.005068
0.216010
0.240021
0.010686
0.000988
0.010439
0.002417
0.034834
0.007108
--STOP--
++STRT++
0.179021
0.234265
0.007559
0.000448
0.007388
0.002154
0.006540
0.001899
0.192682
0.235847
0.008804
0.000587
0.008693
0.002273
0.017298
0.003546
0.189505
0.276146
0.008559
0.000557
0.008495
0.002249
0.014918
0.003472
0.190102
0.272844
0.008944
0.000546
0.008747
0.002212
0.015473
0.003052
0.271913
0.239765
0.010470
0.000927
0.010211
0.002419
0.032823
0.006908
0.189262
0.235265
0.008896
0.000550
0.008772
0.002214
0.015886
0.003239
0.191941
0.235420
0.009344
0.000640
0.009172
0.002328
0.019493
0.004266
0.188030
0.253010
0.008927
0.000573
0.008726
0.002197
0.014923
0.002978
0.193932
0.278432
0.009530
0.000733
0.009372
0.002349
0.022714
0.005024
0.211696
0.240680
0.010858
0.001009
0.010702
0.002470
0.034659
0.007111
--STOP--
++STRT++
0.181696
0.233395
0.007560
0.000470
0.007310
0.002210
0.007033
0.002025
0.185911
0.235976
0.008908
0.000590
0.008644
0.002219
0.017924
0.003898
0.192805
0.234757
0.054860
0.000572
0.008578
0.002232
0.014747
0.003400
0.190453
0.245446
0.008990
0.000594
0.008837
0.002207
0.015634
0.003122
0.237136
0.276378
0.010434
0.000904
0.010286
0.002453
0.032688
0.006821
0.191576
0.235216
0.008890
0.000572
0.008763
0.002218
0.015807
0.003275
0.193657
0.235197
0.009330
0.000663
0.009161
0.002259
0.019282
0.004191
0.190105
0.234608
0.008894
0.000527
0.008726
0.002232
0.014733
0.002944
0.194205
0.278890
0.009630
0.000733
0.009430
0.002324
0.023079
0.005026
0.268687
0.241302
0.010718
0.000950
0.010490
0.002353
0.034719
0.007171
--STOP--
++STRT++
0.187074
0.233833
0.007464
0.000456
0.007390
0.002183
0.006965
0.002064
0.184056
0.235752
0.008945
0.000602
0.008719
0.002230
0.018168
0.003817
0.189196
0.234578
0.008484
0.000565
0.008377
0.002194
0.015194
0.003403
0.193170
0.234937
0.008925
0.000553
0.008711
0.002287
0.015989
0.003224
0.225529
0.239307
0.010390
0.000929
0.010220
0.002428
0.032643
0.006841
0.225978
0.234955
0.008962
0.000543
0.008732
0.002273
0.015767
0.002326
0.189748
0.236659
0.009369
0.000676
0.009321
0.002347
0.019422
0.004218
0.184826
0.234701
0.008953
0.000538
0.008726
0.002213
0.014912
0.002953
0.195218
0.236331
0.009562
0.000785
0.009505
0.002293
0.022867
0.005061
0.248976
0.281910
0.010796
0.000967
0.010531
0.002430
0.034736
0.007172
--STOP--
