++STRT++
0.000876
0.001214
0.000169
0.000012
0.000162
0.000067
0.001835
0.000068
0.000052
0.000875
0.001256
0.000166
0.000010
0.000184
0.000067
0.001837
0.000068
0.000053
0.000874
0.001213
0.000184
0.000010
0.000162
0.000067
0.001836
0.000093
0.000050
0.000886
0.001220
0.000170
0.000012
0.000164
0.000068
0.001835
0.000079
0.000048
--STOP--
++STRT++
0.000876
0.001198
0.000167
0.000010
0.000162
0.000067
0.001814
0.000073
0.000061
0.000904
0.001224
0.000167
0.000010
0.000163
0.000068
0.001816
0.000075
0.000060
0.000902
0.001200
0.000167
0.000011
0.000162
0.000067
0.001869
0.000073
0.000060
0.000875
0.001222
0.000170
0.000013
0.000164
0.000068
0.001842
0.000073
0.000072
--STOP--
++STRT++
0.000866
0.001244
0.000166
0.000011
0.000161
0.000067
0.001829
0.000069
0.000068
0.000876
0.001215
0.000167
0.000010
0.000180
0.000067
0.001835
0.000070
0.000045
0.000876
0.001239
0.000169
0.000010
0.000203
0.000067
0.001837
0.000086
0.000063
0.000875
0.001199
0.000166
0.000011
0.000162
0.000067
0.001839
0.000088
0.000076
--STOP--
++STRT++
0.000870
0.001199
0.000166
0.000010
0.000162
0.000067
0.001819
0.000080
0.000053
0.000872
0.001219
0.000166
0.000011
0.000162
0.000067
0.001833
0.000075
0.000056
0.000871
0.001218
0.000166
0.000011
0.000162
0.000067
0.001881
0.000075
0.000055
0.000880
0.001224
0.000172
0.000012
0.000166
0.000070
0.001837
0.000076
0.000074
--STOP--
++STRT++
0.000863
0.001214
0.000189
0.000012
0.000160
0.000067
0.001887
0.000066
0.000062
0.000874
0.001198
0.000169
0.000012
0.000162
0.000067
0.001834
0.000096
0.000047
0.000877
0.001217
0.000167
0.000011
0.000161
0.000067
0.001837
0.000087
0.000056
0.000884
0.001225
0.000172
0.000014
0.000169
0.000072
0.001848
0.000083
0.000067
--STOP--
++STRT++
0.000873
0.001199
0.000167
0.000012
0.000162
0.000068
0.001818
0.000068
0.000048
0.000903
0.001223
0.000166
0.000010
0.000162
0.000067
0.001831
0.000076
0.000055
0.000896
0.001199
0.000166
0.000010
0.000162
0.000068
0.001836
0.000075
0.000045
0.000885
0.001198
0.000169
0.000010
0.000161
0.000066
0.001817
0.000082
0.000069
--STOP--
++STRT++
0.000875
0.001199
0.000166
0.000010
0.000160
0.000068
0.001816
0.000083
0.000051
0.000872
0.001268
0.000171
0.000010
0.000162
0.000067
0.001833
0.000076
0.000059
0.000881
0.001216
0.000189
0.000010
0.000162
0.000068
0.001834
0.000069
0.000061
0.000876
0.001224
0.000168
0.000011
0.000162
0.000068
0.001885
0.000080
0.000071
--STOP--
++STRT++
0.000892
0.001221
0.000172
0.000011
0.000162
0.000067
0.001834
0.000083
0.000044
0.000873
0.001228
0.000166
0.000011
0.000162
0.000067
0.001833
0.000077
0.000050
0.000877
0.001199
0.000166
0.000012
0.000161
0.000067
0.001816
0.000073
0.000052
0.000877
0.001201
0.000169
0.000013
0.000165
0.000068
0.001838
0.000084
0.000055
--STOP--
++STRT++
0.000865
0.001210
0.000167
0.000010
0.000161
0.000067
0.001829
0.000132
0.000064
0.000876
0.001265
0.000165
0.000010
0.000183
0.000066
0.001837
0.000073
0.000050
0.000873
0.001216
0.000186
0.000010
0.000162
0.000066
0.001829
0.000067
0.000045
0.000874
0.001219
0.000169
0.000013
0.000163
0.000068
0.001818
0.000099
0.000053
--STOP--
++STRT++
0.000876
0.001200
0.000168
0.000010
0.000162
0.000066
0.001815
0.000073
0.000062
0.000874
0.001217
0.000166
0.000011
0.000161
0.000066
0.001838
0.000074
0.000049
0.000875
0.001217
0.000169
0.000011
0.000163
0.000067
0.001816
0.000074
0.000044
0.000876
0.001199
0.000167
0.000011
0.000162
0.000067
0.001834
0.000076
0.000061
--STOP--
++STRT++
0.000875
0.001204
0.000166
0.000010
0.000161
0.000067
0.001815
0.000076
0.000053
0.000872
0.001221
0.000167
0.000010
0.000182
0.000067
0.001837
0.000075
0.000057
0.000867
0.001214
0.000169
0.000010
0.000163
0.000067
0.001814
0.000068
0.000058
0.000889
0.001202
0.000169
0.000011
0.000164
0.000070
0.001818
0.000084
0.000063
--STOP--
++STRT++
0.000875
0.001201
0.000166
0.000010
0.000162
0.000067
0.001816
0.000068
0.000050
0.000872
0.001199
0.000167
0.000011
0.000162
0.000067
0.001835
0.000087
0.000049
0.000870
0.001241
0.000167
0.000011
0.000195
0.000067
0.001835
0.000084
0.000043
0.000871
0.001220
0.000167
0.000010
0.000162
0.000067
0.001831
0.000088
0.000050
--STOP--
++STRT++
0.000876
0.001204
0.000167
0.000012
0.000162
0.000068
0.001845
0.000090
0.000061
0.000875
0.001215
0.000168
0.000010
0.000180
0.000068
0.001834
0.000068
0.000069
0.000870
0.001218
0.000166
0.000011
0.000162
0.000086
0.001876
0.000076
0.000046
0.000876
0.001230
0.000170
0.000012
0.000166
0.000068
0.001886
0.000086
0.000057
--STOP--
++STRT++
0.000873
0.001218
0.000167
0.000010
0.000162
0.000067
0.001832
0.000083
0.000050
0.000872
0.001254
0.000166
0.000010
0.000183
0.000067
0.001838
0.000068
0.000052
0.000884
0.001200
0.000166
0.000012
0.000162
0.000067
0.001815
0.000094
0.000064
0.000874
0.001232
0.000170
0.000013
0.000167
0.000071
0.001881
0.000092
0.000110
--STOP--
++STRT++
0.000863
0.001197
0.000166
0.000011
0.000162
0.000067
0.001868
0.000084
0.000046
0.000882
0.001198
0.000166
0.000011
0.000162
0.000067
0.001816
0.000076
0.000042
0.000871
0.001215
0.000167
0.000011
0.000162
0.000067
0.001834
0.000073
0.000054
0.000875
0.001222
0.000166
0.000010
0.000162
0.000067
0.001837
0.000069
0.000044
--STOP--
++STRT++
0.000877
0.001204
0.000166
0.000010
0.000162
0.000067
0.001817
0.000068
0.000051
0.000876
0.001237
0.000166
0.000010
0.000162
0.000067
0.001833
0.000068
0.000054
0.000899
0.001220
0.000166
0.000011
0.000162
0.000067
0.001835
0.000068
0.000052
0.000869
0.001224
0.000191
0.000011
0.000168
0.000070
0.001823
0.000108
0.000083
--STOP--
++STRT++
0.000868
0.001200
0.000167
0.000010
0.000161
0.000067
0.001815
0.000069
0.000049
0.000920
0.001200
0.000170
0.000010
0.000162
0.000068
0.001868
0.000081
0.000057
0.000877
0.001220
0.000167
0.000010
0.000190
0.000068
0.001843
0.000087
0.000056
0.000871
0.001236
0.000167
0.000011
0.000164
0.000067
0.001833
0.000069
0.000060
--STOP--
++STRT++
0.000866
0.001198
0.000166
0.000011
0.000160
0.000066
0.001816
0.000068
0.000047
0.000875
0.001252
0.000165
0.000013
0.000162
0.000067
0.001828
0.000076
0.000075
0.000874
0.001219
0.000167
0.000011
0.000161
0.000067
0.001834
0.000084
0.000058
0.000873
0.001247
0.000171
0.000012
0.000163
0.000068
0.001817
0.000072
0.000061
--STOP--
++STRT++
0.000865
0.001198
0.000166
0.000010
0.000162
0.000067
0.001819
0.000072
0.000056
0.000877
0.001230
0.000167
0.000011
0.000161
0.000067
0.001815
0.000075
0.000048
0.000900
0.001199
0.000170
0.000011
0.000162
0.000068
0.001834
0.000068
0.000061
0.000893
0.001202
0.000170
0.000011
0.000165
0.000068
0.001818
0.000101
0.000057
--STOP--
++STRT++
0.000874
0.001199
0.000166
0.000010
0.000162
0.000067
0.001817
0.000084
0.000053
0.000913
0.001241
0.000167
0.000011
0.000162
0.000067
0.001881
0.000093
0.000053
0.000898
0.001241
0.000192
0.000011
0.000162
0.000068
0.001841
0.000071
0.000044
0.000869
0.001202
0.000169
0.000013
0.000166
0.000069
0.001826
0.000076
0.000073
--STOP--
++STRT++
0.000876
0.001199
0.000170
0.000011
0.000161
0.000066
0.001817
0.000082
0.000052
0.000874
0.001216
0.000166
0.000010
0.000161
0.000066
0.001833
0.000075
0.000055
0.000872
0.001233
0.000168
0.000010
0.000198
0.000067
0.001834
0.000106
0.000049
0.000875
0.001220
0.000171
0.000014
0.000167
0.000069
0.001819
0.000089
0.000071
--STOP--
++STRT++
0.000876
0.001200
0.000167
0.000011
0.000162
0.000067
0.001821
0.000077
0.000055
0.000894
0.001214
0.000166
0.000011
0.000180
0.000067
0.001833
0.000068
0.000046
0.000886
0.001220
0.000170
0.000010
0.000162
0.000067
0.001835
0.000075
0.000053
0.000870
0.001217
0.000166
0.000011
0.000163
0.000067
0.001837
0.000069
0.000057
--STOP--
++STRT++
0.000867
0.001219
0.000169
0.000011
0.000162
0.000067
0.001831
0.000074
0.000054
0.000876
0.001213
0.000167
0.000010
0.000161
0.000067
0.001833
0.000073
0.000052
0.000874
0.001199
0.000167
0.000011
0.000162
0.000066
0.001829
0.000075
0.000050
0.000868
0.001224
0.000176
0.000012
0.000168
0.000071
0.001840
0.000095
0.000061
--STOP--
++STRT++
0.000876
0.001217
0.000190
0.000011
0.000162
0.000067
0.001831
0.000075
0.000053
0.000872
0.001213
0.000167
0.000011
0.000161
0.000067
0.001834
0.000068
0.000054
0.000869
0.001198
0.000167
0.000011
0.000162
0.000067
0.001826
0.000089
0.000044
0.000878
0.001205
0.000241
0.000012
0.000166
0.000070
0.001821
0.000148
0.000054
--STOP--
++STRT++
0.000877
0.001201
0.000167
0.000010
0.000161
0.000067
0.001868
0.000067
0.000051
0.000910
0.001199
0.000170
0.000011
0.000162
0.000067
0.001814
0.000075
0.000055
0.000900
0.001217
0.000166
0.000010
0.000162
0.000067
0.001835
0.000075
0.000060
0.000877
0.001243
0.000170
0.000014
0.000163
0.000069
0.001823
0.000093
0.000050
--STOP--
++STRT++
0.000875
0.001205
0.000167
0.000011
0.000162
0.000067
0.001815
0.000067
0.000046
0.000949
0.001221
0.000167
0.000011
0.000178
0.000068
0.001850
0.000085
0.000053
0.000875
0.001230
0.000166
0.000010
0.000162
0.000067
0.001837
0.000075
0.000046
0.000870
0.001202
0.000222
0.000014
0.000168
0.000070
0.001823
0.000110
0.000062
--STOP--
++STRT++
0.000876
0.001203
0.000166
0.000011
0.000162
0.000067
0.001815
0.000067
0.000050
0.000899
0.001234
0.000167
0.000011
0.000231
0.000066
0.001839
0.000075
0.000055
0.000884
0.001198
0.000166
0.000012
0.000162
0.000067
0.001832
0.000075
0.000053
0.000873
0.001201
0.000171
0.000011
0.000166
0.000070
0.001823
0.000090
0.000049
--STOP--
++STRT++
0.000875
0.001206
0.000167
0.000012
0.000162
0.000067
0.001816
0.000075
0.000058
0.000929
0.001200
0.000166
0.000011
0.000162
0.000066
0.001832
0.000075
0.000043
0.000879
0.001199
0.000171
0.000011
0.000161
0.000066
0.001819
0.000073
0.000044
0.000874
0.001224
0.000168
0.000015
0.000164
0.000068
0.001817
0.000094
0.000065
--STOP--
++STRT++
0.000888
0.001202
0.000167
0.000011
0.000161
0.000067
0.001867
0.000073
0.000048
0.000876
0.001236
0.000167
0.000010
0.000213
0.000067
0.001829
0.000084
0.000053
0.000871
0.001240
0.000166
0.000010
0.000161
0.000067
0.001833
0.000087
0.000050
0.000878
0.001216
0.000171
0.000012
0.000166
0.000069
0.001817
0.000074
0.000067
--STOP--
++STRT++
0.000876
0.001198
0.000168
0.000010
0.000162
0.000067
0.001816
0.000074
0.000043
0.000872
0.001198
0.000167
0.000010
0.000162
0.000067
0.001828
0.000078
0.000060
0.000900
0.001198
0.000168
0.000010
0.000161
0.000068
0.001837
0.000085
0.000060
0.000879
0.001204
0.000168
0.000013
0.000163
0.000068
0.001840
0.000071
0.000054
--STOP--
++STRT++
0.000892
0.001197
0.000166
0.000011
0.000162
0.000068
0.001841
0.000074
0.000043
0.000880
0.001213
0.000167
0.000012
0.000162
0.000067
0.001837
0.000077
0.000052
0.000873
0.001217
0.000167
0.000010
0.000162
0.000067
0.001828
0.000102
0.000055
0.000875
0.001200
0.000167
0.000011
0.000163
0.000067
0.001830
0.000069
0.000048
--STOP--
++STRT++
0.000864
0.001198
0.000166
0.000011
0.000162
0.000067
0.001817
0.000076
0.000061
0.000884
0.001220
0.000167
0.000011
0.000180
0.000068
0.001833
0.000075
0.000059
0.000872
0.001218
0.000165
0.000011
0.000183
0.000068
0.001839
0.000074
0.000045
0.000885
0.001201
0.000195
0.000014
0.000184
0.000068
0.001839
0.000082
0.000078
--STOP--
++STRT++
0.000876
0.001220
0.000166
0.000011
0.000162
0.000067
0.001834
0.000094
0.000063
0.000874
0.001229
0.000166
0.000013
0.000162
0.000067
0.001878
0.000075
0.000049
0.000873
0.001232
0.000169
0.000011
0.000161
0.000067
0.001837
0.000074
0.000049
0.000873
0.001200
0.000191
0.000011
0.000190
0.000070
0.001819
0.000072
0.000074
--STOP--
++STRT++
0.000871
0.001201
0.000168
0.000011
0.000162
0.000067
0.001815
0.000082
0.000047
0.000872
0.001214
0.000166
0.000012
0.000179
0.000067
0.001830
0.000086
0.000052
0.000870
0.001252
0.000167
0.000011
0.000162
0.000067
0.001830
0.000076
0.000050
0.000877
0.001219
0.000171
0.000013
0.000165
0.000070
0.001832
0.000091
0.000074
--STOP--
++STRT++
0.000894
0.001201
0.000167
0.000010
0.000161
0.000067
0.001849
0.000068
0.000055
0.000880
0.001199
0.000169
0.000012
0.000162
0.000067
0.001827
0.000095
0.000051
0.000879
0.001199
0.000167
0.000010
0.000161
0.000067
0.001840
0.000068
0.000044
0.000897
0.001243
0.000221
0.000013
0.000166
0.000073
0.001818
0.000078
0.000067
--STOP--
++STRT++
0.000897
0.001202
0.000170
0.000011
0.000161
0.000067
0.001837
0.000073
0.000047
0.000871
0.001217
0.000166
0.000010
0.000161
0.000067
0.001883
0.000076
0.000058
0.000882
0.001219
0.000167
0.000011
0.000161
0.000067
0.001876
0.000069
0.000047
0.000874
0.001200
0.000169
0.000011
0.000167
0.000069
0.001820
0.000078
0.000067
--STOP--
++STRT++
0.000863
0.001198
0.000167
0.000010
0.000162
0.000067
0.001816
0.000074
0.000051
0.000870
0.001220
0.000169
0.000013
0.000162
0.000068
0.001829
0.000111
0.000059
0.000878
0.001218
0.000174
0.000012
0.000185
0.000068
0.001839
0.000069
0.000053
0.000875
0.001218
0.000168
0.000012
0.000190
0.000067
0.001846
0.000080
0.000051
--STOP--
++STRT++
0.000876
0.001204
0.000170
0.000011
0.000162
0.000067
0.001816
0.000069
0.000053
0.000933
0.001223
0.000168
0.000011
0.000163
0.000069
0.001816
0.000077
0.000049
0.000898
0.001218
0.000166
0.000011
0.000181
0.000067
0.001842
0.000069
0.000051
0.000871
0.001198
0.000169
0.000010
0.000164
0.000068
0.001840
0.000071
0.000054
--STOP--
++STRT++
0.000870
0.001217
0.000184
0.000011
0.000162
0.000067
0.001834
0.000067
0.000050
0.000872
0.001216
0.000167
0.000012
0.000162
0.000067
0.001829
0.000087
0.000059
0.000876
0.001199
0.000166
0.000012
0.000161
0.000067
0.001816
0.000076
0.000055
0.000872
0.001203
0.000170
0.000011
0.000162
0.000067
0.001816
0.000085
0.000056
--STOP--
++STRT++
0.000876
0.001200
0.000166
0.000011
0.000161
0.000067
0.001836
0.000075
0.000053
0.000876
0.001213
0.000168
0.000011
0.000161
0.000067
0.001815
0.000075
0.000048
0.000874
0.001199
0.000168
0.000010
0.000162
0.000067
0.001817
0.000075
0.000057
0.000877
0.001203
0.000172
0.000012
0.000166
0.000070
0.001820
0.000079
0.000077
--STOP--
++STRT++
0.000875
0.001198
0.000168
0.000011
0.000162
0.000067
0.001816
0.000074
0.000043
0.000880
0.001237
0.000166
0.000010
0.000161
0.000067
0.001837
0.000068
0.000053
0.000870
0.001199
0.000166
0.000011
0.000163
0.000068
0.001843
0.000086
0.000048
0.000871
0.001239
0.000168
0.000010
0.000161
0.000067
0.001834
0.000087
0.000046
--STOP--
++STRT++
0.000875
0.001200
0.000167
0.000010
0.000162
0.000067
0.001870
0.000068
0.000054
0.000880
0.001199
0.000170
0.000010
0.000162
0.000066
0.001818
0.000083
0.000067
0.000870
0.001199
0.000167
0.000011
0.000162
0.000067
0.001833
0.000103
0.000087
0.000874
0.001241
0.000168
0.000012
0.000162
0.000068
0.001860
0.000077
0.000051
--STOP--
++STRT++
0.000892
0.001198
0.000168
0.000012
0.000162
0.000067
0.001816
0.000076
0.000055
0.000884
0.001237
0.000166
0.000011
0.000163
0.000069
0.001879
0.000095
0.000070
0.000884
0.001214
0.000167
0.000010
0.000162
0.000067
0.001833
0.000077
0.000061
0.000876
0.001220
0.000172
0.000012
0.000168
0.000071
0.001880
0.000078
0.000075
--STOP--
++STRT++
0.000875
0.001201
0.000166
0.000010
0.000161
0.000068
0.001816
0.000069
0.000046
0.000881
0.001218
0.000167
0.000010
0.000186
0.000067
0.001886
0.000074
0.000051
0.000874
0.001221
0.000167
0.000010
0.000162
0.000068
0.001838
0.000077
0.000051
0.000875
0.001202
0.000172
0.000011
0.000166
0.000069
0.001825
0.000086
0.000076
--STOP--
++STRT++
0.000876
0.001203
0.000166
0.000011
0.000162
0.000067
0.001824
0.000068
0.000051
0.000902
0.001235
0.000167
0.000011
0.000185
0.000067
0.001839
0.000083
0.000055
0.000874
0.001216
0.000166
0.000011
0.000162
0.000067
0.001815
0.000067
0.000061
0.000888
0.001199
0.000166
0.000010
0.000162
0.000067
0.001818
0.000085
0.000052
--STOP--
++STRT++
0.000876
0.001218
0.000166
0.000010
0.000162
0.000067
0.001833
0.000074
0.000051
0.000876
0.001218
0.000165
0.000010
0.000176
0.000067
0.001830
0.000073
0.000046
0.000872
0.001200
0.000169
0.000011
0.000163
0.000068
0.001837
0.000077
0.000054
0.000870
0.001220
0.000169
0.000010
0.000162
0.000067
0.001836
0.000082
0.000053
--STOP--
++STRT++
0.000874
0.001198
0.000167
0.000010
0.000161
0.000067
0.001870
0.000074
0.000060
0.000907
0.001222
0.000166
0.000011
0.000162
0.000068
0.001838
0.000069
0.000048
0.000877
0.001229
0.000168
0.000011
0.000162
0.000067
0.001816
0.000086
0.000073
0.000902
0.001222
0.000170
0.000013
0.000189
0.000069
0.001819
0.000100
0.000086
--STOP--
++STRT++
0.000869
0.001211
0.000166
0.000011
0.000162
0.000067
0.001830
0.000077
0.000063
0.000878
0.001220
0.000166
0.000011
0.000162
0.000067
0.001838
0.000075
0.000045
0.000869
0.001199
0.000166
0.000010
0.000161
0.000067
0.001828
0.000069
0.000053
0.000874
0.001199
0.000169
0.000012
0.000163
0.000068
0.001832
0.000079
0.000057
--STOP--
++STRT++
0.000876
0.001202
0.000167
0.000010
0.000161
0.000067
0.001816
0.000074
0.000053
0.000875
0.001212
0.000166
0.000011
0.000162
0.000069
0.001837
0.000069
0.000045
0.000896
0.001198
0.000167
0.000010
0.000162
0.000068
0.001837
0.000085
0.000068
0.000877
0.001199
0.000167
0.000010
0.000162
0.000067
0.001832
0.000084
0.000073
--STOP--
++STRT++
0.000890
0.001220
0.000168
0.000011
0.000191
0.000067
0.001848
0.000084
0.000050
0.000875
0.001220
0.000172
0.000010
0.000161
0.000067
0.001851
0.000093
0.000047
0.000890
0.001199
0.000168
0.000011
0.000162
0.000067
0.001833
0.000075
0.000062
0.000887
0.001236
0.000166
0.000011
0.000183
0.000068
0.001841
0.000068
0.000043
--STOP--
++STRT++
0.000877
0.001209
0.000166
0.000012
0.000162
0.000068
0.001830
0.000081
0.000051
0.000875
0.001217
0.000166
0.000011
0.000162
0.000067
0.001828
0.000076
0.000047
0.000869
0.001199
0.000165
0.000010
0.000162
0.000067
0.001815
0.000084
0.000054
0.000869
0.001199
0.000169
0.000011
0.000164
0.000068
0.001831
0.000081
0.000049
--STOP--
++STRT++
0.000867
0.001198
0.000165
0.000011
0.000161
0.000067
0.001815
0.000074
0.000051
0.000876
0.001215
0.000171
0.000010
0.000163
0.000067
0.001827
0.000083
0.000065
0.000877
0.001200
0.000168
0.000011
0.000162
0.000067
0.001833
0.000085
0.000053
0.000871
0.001243
0.000167
0.000012
0.000162
0.000067
0.001838
0.000089
0.000046
--STOP--
++STRT++
0.000864
0.001212
0.000166
0.000011
0.000161
0.000067
0.001862
0.000072
0.000061
0.000881
0.001213
0.000166
0.000011
0.000184
0.000067
0.001841
0.000075
0.000042
0.000882
0.001200
0.000167
0.000012
0.000162
0.000067
0.001816
0.000070
0.000053
0.000881
0.001203
0.000169
0.000013
0.000167
0.000069
0.001819
0.000105
0.000077
--STOP--
++STRT++
0.000864
0.001206
0.000166
0.000010
0.000162
0.000068
0.001818
0.000091
0.000052
0.000875
0.001222
0.000170
0.000012
0.000183
0.000068
0.001839
0.000069
0.000066
0.000875
0.001221
0.000166
0.000012
0.000162
0.000067
0.001815
0.000068
0.000045
0.000877
0.001244
0.000166
0.000011
0.000162
0.000067
0.001837
0.000070
0.000060
--STOP--
++STRT++
0.000892
0.001200
0.000170
0.000010
0.000161
0.000067
0.001866
0.000082
0.000051
0.000872
0.001219
0.000166
0.000011
0.000203
0.000067
0.001837
0.000084
0.000052
0.000874
0.001239
0.000167
0.000012
0.000161
0.000068
0.001833
0.000087
0.000057
0.000879
0.001201
0.000191
0.000012
0.000164
0.000068
0.001844
0.000085
0.000055
--STOP--
++STRT++
0.000892
0.001221
0.000169
0.000010
0.000178
0.000067
0.001842
0.000068
0.000058
0.000873
0.001214
0.000167
0.000011
0.000162
0.000067
0.001816
0.000076
0.000052
0.000878
0.001218
0.000168
0.000011
0.000185
0.000067
0.001838
0.000089
0.000056
0.000868
0.001223
0.000170
0.000011
0.000164
0.000068
0.001846
0.000108
0.000066
--STOP--
++STRT++
0.000875
0.001219
0.000167
0.000010
0.000162
0.000067
0.001835
0.000074
0.000045
0.000874
0.001211
0.000167
0.000010
0.000162
0.000067
0.001838
0.000074
0.000054
0.000873
0.001199
0.000166
0.000010
0.000162
0.000067
0.001815
0.000095
0.000054
0.000878
0.001198
0.000168
0.000014
0.000164
0.000068
0.001836
0.000072
0.000084
--STOP--
++STRT++
0.000875
0.001199
0.000170
0.000011
0.000162
0.000068
0.001816
0.000068
0.000054
0.000895
0.001234
0.000166
0.000010
0.000162
0.000067
0.001835
0.000068
0.000068
0.000871
0.001244
0.000167
0.000012
0.000162
0.000068
0.001816
0.000084
0.000055
0.000885
0.001203
0.000172
0.000014
0.000168
0.000070
0.001819
0.000077
0.000061
--STOP--
++STRT++
0.000927
0.001220
0.000167
0.000010
0.000163
0.000067
0.001851
0.000074
0.000050
0.000872
0.001198
0.000169
0.000011
0.000162
0.000067
0.001817
0.000075
0.000051
0.000875
0.001244
0.000167
0.000010
0.000162
0.000067
0.001815
0.000085
0.000055
0.000870
0.001214
0.000167
0.000012
0.000162
0.000067
0.001817
0.000094
0.000062
--STOP--
++STRT++
0.000864
0.001199
0.000172
0.000010
0.000162
0.000067
0.001817
0.000074
0.000050
0.000910
0.001230
0.000166
0.000010
0.000182
0.000067
0.001833
0.000074
0.000051
0.000869
0.001216
0.000169
0.000011
0.000162
0.000067
0.001844
0.000069
0.000049
0.000877
0.001232
0.000172
0.000011
0.000202
0.000068
0.001882
0.000105
0.000048
--STOP--
++STRT++
0.000864
0.001197
0.000166
0.000011
0.000163
0.000067
0.001816
0.000073
0.000053
0.000883
0.001214
0.000170
0.000010
0.000181
0.000067
0.001834
0.000086
0.000043
0.000872
0.001219
0.000166
0.000011
0.000162
0.000067
0.001839
0.000074
0.000057
0.000876
0.001225
0.000173
0.000011
0.000164
0.000069
0.001817
0.000096
0.000060
--STOP--
++STRT++
0.000877
0.001198
0.000168
0.000011
0.000162
0.000067
0.001817
0.000074
0.000050
0.000873
0.001229
0.000168
0.000011
0.000162
0.000067
0.001879
0.000083
0.000056
0.000875
0.001223
0.000170
0.000010
0.000161
0.000067
0.001815
0.000086
0.000052
0.000892
0.001229
0.000168
0.000011
0.000163
0.000068
0.001817
0.000091
0.000059
--STOP--
++STRT++
0.000864
0.001216
0.000166
0.000010
0.000163
0.000067
0.001863
0.000098
0.000054
0.000873
0.001217
0.000166
0.000010
0.000162
0.000068
0.001834
0.000074
0.000051
0.000868
0.001234
0.000167
0.000010
0.000161
0.000067
0.001836
0.000073
0.000046
0.000872
0.001199
0.000172
0.000012
0.000162
0.000068
0.001836
0.000104
0.000052
--STOP--
++STRT++
0.000875
0.001214
0.000166
0.000010
0.000162
0.000068
0.001831
0.000067
0.000052
0.000885
0.001249
0.000167
0.000011
0.000163
0.000067
0.001836
0.000077
0.000060
0.000877
0.001210
0.000167
0.000011
0.000161
0.000067
0.001832
0.000077
0.000053
0.000881
0.001226
0.000174
0.000017
0.000169
0.000071
0.001836
0.000099
0.000076
--STOP--
++STRT++
0.000877
0.001201
0.000166
0.000010
0.000161
0.000067
0.001816
0.000082
0.000052
0.000898
0.001215
0.000168
0.000010
0.000162
0.000068
0.001816
0.000076
0.000054
0.000900
0.001218
0.000169
0.000011
0.000161
0.000068
0.001817
0.000074
0.000057
0.000877
0.001201
0.000171
0.000011
0.000165
0.000068
0.001818
0.000098
0.000051
--STOP--
++STRT++
0.000864
0.001200
0.000166
0.000010
0.000162
0.000068
0.001816
0.000076
0.000047
0.000898
0.001222
0.000170
0.000011
0.000162
0.000067
0.001838
0.000074
0.000057
0.000877
0.001238
0.000167
0.000011
0.000162
0.000067
0.001837
0.000086
0.000054
0.000882
0.001201
0.000171
0.000013
0.000166
0.000070
0.001836
0.000092
0.000099
--STOP--
++STRT++
0.000876
0.001218
0.000166
0.000011
0.000161
0.000067
0.001832
0.000075
0.000046
0.000867
0.001224
0.000166
0.000010
0.000161
0.000067
0.001818
0.000085
0.000054
0.000877
0.001198
0.000165
0.000011
0.000162
0.000069
0.001837
0.000075
0.000047
0.000875
0.001237
0.000171
0.000014
0.000163
0.000069
0.001819
0.000074
0.000063
--STOP--
++STRT++
0.000876
0.001217
0.000166
0.000010
0.000162
0.000067
0.001843
0.000068
0.000087
0.000874
0.001198
0.000165
0.000010
0.000163
0.000067
0.001820
0.000074
0.000065
0.000875
0.001199
0.000169
0.000010
0.000162
0.000068
0.001833
0.000139
0.000044
0.000874
0.001220
0.000167
0.000010
0.000163
0.000067
0.001838
0.000078
0.000056
--STOP--
++STRT++
0.000866
0.001202
0.000167
0.000011
0.000161
0.000068
0.001821
0.000075
0.000045
0.000896
0.001219
0.000167
0.000010
0.000184
0.000067
0.001839
0.000075
0.000053
0.000886
0.001218
0.000167
0.000011
0.000162
0.000067
0.001832
0.000084
0.000049
0.000877
0.001238
0.000168
0.000010
0.000164
0.000068
0.001837
0.000076
0.000046
--STOP--
++STRT++
0.000867
0.001200
0.000166
0.000010
0.000163
0.000067
0.001817
0.000074
0.000057
0.000888
0.001217
0.000169
0.000010
0.000162
0.000067
0.001832
0.000069
0.000043
0.000871
0.001217
0.000171
0.000010
0.000161
0.000067
0.001816
0.000073
0.000049
0.000891
0.001199
0.000168
0.000010
0.000162
0.000068
0.001816
0.000077
0.000068
--STOP--
++STRT++
0.000868
0.001224
0.000167
0.000010
0.000162
0.000067
0.001836
0.000075
0.000051
0.000872
0.001215
0.000166
0.000010
0.000185
0.000067
0.001876
0.000074
0.000056
0.000875
0.001211
0.000190
0.000011
0.000162
0.000068
0.001839
0.000070
0.000059
0.000871
0.001221
0.000173
0.000012
0.000164
0.000068
0.001817
0.000072
0.000065
--STOP--
++STRT++
0.000875
0.001198
0.000166
0.000011
0.000162
0.000067
0.001815
0.000094
0.000045
0.000900
0.001239
0.000169
0.000010
0.000162
0.000091
0.001881
0.000076
0.000044
0.000875
0.001220
0.000166
0.000012
0.000162
0.000068
0.001817
0.000088
0.000054
0.000901
0.001236
0.000168
0.000013
0.000164
0.000069
0.001822
0.000099
0.000087
--STOP--
++STRT++
0.000877
0.001202
0.000167
0.000011
0.000162
0.000067
0.001818
0.000075
0.000064
0.000924
0.001232
0.000166
0.000013
0.000162
0.000067
0.001832
0.000114
0.000056
0.000884
0.001239
0.000167
0.000011
0.000162
0.000067
0.001840
0.000108
0.000068
0.000869
0.001231
0.000174
0.000013
0.000167
0.000071
0.001822
0.000084
0.000064
--STOP--
++STRT++
0.000864
0.001198
0.000166
0.000010
0.000161
0.000067
0.001819
0.000083
0.000049
0.000871
0.001255
0.000167
0.000012
0.000196
0.000067
0.001883
0.000084
0.000059
0.000874
0.001212
0.000167
0.000010
0.000162
0.000067
0.001859
0.000068
0.000045
0.000882
0.001200
0.000168
0.000015
0.000164
0.000069
0.001817
0.000113
0.000061
--STOP--
++STRT++
0.000864
0.001216
0.000190
0.000010
0.000161
0.000066
0.001837
0.000083
0.000057
0.000875
0.001215
0.000166
0.000011
0.000161
0.000067
0.001828
0.000074
0.000047
0.000876
0.001198
0.000166
0.000010
0.000162
0.000067
0.001816
0.000076
0.000056
0.000878
0.001222
0.000169
0.000011
0.000165
0.000069
0.001820
0.000073
0.000080
--STOP--
++STRT++
0.000883
0.001216
0.000165
0.000010
0.000178
0.000067
0.001838
0.000094
0.000050
0.000874
0.001234
0.000166
0.000010
0.000162
0.000067
0.001816
0.000070
0.000052
0.000891
0.001231
0.000170
0.000011
0.000163
0.000067
0.001833
0.000068
0.000051
0.000871
0.001198
0.000167
0.000011
0.000162
0.000067
0.001849
0.000076
0.000047
--STOP--
++STRT++
0.000875
0.001215
0.000167
0.000011
0.000162
0.000067
0.001832
0.000067
0.000052
0.000871
0.001229
0.000166
0.000010
0.000184
0.000067
0.001843
0.000082
0.000053
0.000874
0.001222
0.000170
0.000011
0.000162
0.000068
0.001833
0.000074
0.000056
0.000871
0.001226
0.000170
0.000015
0.000167
0.000069
0.001817
0.000088
0.000066
--STOP--
++STRT++
0.000876
0.001198
0.000167
0.000011
0.000162
0.000067
0.001816
0.000067
0.000044
0.000873
0.001219
0.000166
0.000010
0.000161
0.000067
0.001831
0.000069
0.000055
0.000875
0.001201
0.000170
0.000011
0.000162
0.000067
0.001834
0.000075
0.000118
0.000876
0.001200
0.000170
0.000012
0.000164
0.000068
0.001873
0.000083
0.000065
--STOP--
++STRT++
0.000864
0.001198
0.000168
0.000012
0.000161
0.000067
0.001816
0.000076
0.000050
0.000880
0.001217
0.000167
0.000010
0.000162
0.000068
0.001833
0.000087
0.000067
0.000873
0.001215
0.000165
0.000010
0.000161
0.000068
0.001835
0.000074
0.000043
0.000871
0.001218
0.000170
0.000012
0.000165
0.000069
0.001820
0.000073
0.000066
--STOP--
++STRT++
0.000899
0.001221
0.000167
0.000010
0.000162
0.000088
0.001851
0.000081
0.000063
0.000881
0.001219
0.000167
0.000010
0.000161
0.000067
0.001837
0.000094
0.000047
0.000870
0.001221
0.000167
0.000011
0.000163
0.000067
0.001828
0.000069
0.000054
0.000879
0.001207
0.000173
0.000012
0.000168
0.000069
0.001826
0.000112
0.000054
--STOP--
++STRT++
0.000874
0.001201
0.000167
0.000010
0.000161
0.000067
0.001816
0.000075
0.000044
0.000874
0.001241
0.000167
0.000011
0.000161
0.000067
0.001815
0.000074
0.000044
0.000888
0.001198
0.000167
0.000011
0.000162
0.000067
0.001816
0.000073
0.000060
0.000864
0.001217
0.000167
0.000012
0.000162
0.000067
0.001816
0.000075
0.000055
--STOP--
++STRT++
0.000876
0.001199
0.000165
0.000012
0.000162
0.000067
0.001815
0.000068
0.000054
0.000872
0.001242
0.000171
0.000011
0.000162
0.000096
0.001839
0.000085
0.000070
0.000891
0.001199
0.000167
0.000011
0.000162
0.000067
0.001829
0.000084
0.000044
0.000892
0.001225
0.000171
0.000012
0.000162
0.000068
0.001816
0.000069
0.000074
--STOP--
++STRT++
0.000884
0.001199
0.000174
0.000010
0.000163
0.000067
0.001870
0.000067
0.000047
0.000873
0.001215
0.000168
0.000011
0.000161
0.000090
0.001880
0.000075
0.000052
0.000877
0.001217
0.000166
0.000011
0.000161
0.000066
0.001831
0.000077
0.000052
0.000878
0.001219
0.000167
0.000012
0.000165
0.000068
0.001817
0.000095
0.000096
--STOP--
++STRT++
0.000876
0.001202
0.000168
0.000011
0.000161
0.000067
0.001818
0.000068
0.000043
0.000946
0.001198
0.000166
0.000010
0.000161
0.000068
0.001829
0.000078
0.000061
0.000874
0.001198
0.000167
0.000011
0.000162
0.000067
0.001834
0.000075
0.000047
0.000874
0.001239
0.000167
0.000011
0.000163
0.000068
0.001834
0.000071
0.000060
--STOP--
++STRT++
0.000877
0.001223
0.000185
0.000010
0.000162
0.000067
0.001835
0.000082
0.000061
0.000881
0.001225
0.000166
0.000010
0.000162
0.000067
0.001835
0.000069
0.000055
0.000879
0.001212
0.000169
0.000011
0.000161
0.000067
0.001837
0.000069
0.000054
0.000878
0.001214
0.000171
0.000014
0.000187
0.000069
0.001820
0.000086
0.000072
--STOP--
++STRT++
0.000864
0.001214
0.000185
0.000010
0.000161
0.000066
0.001834
0.000072
0.000052
0.000874
0.001221
0.000166
0.000012
0.000179
0.000068
0.001850
0.000068
0.000052
0.000876
0.001235
0.000167
0.000011
0.000162
0.000067
0.001829
0.000076
0.000056
0.000867
0.001198
0.000168
0.000012
0.000163
0.000067
0.001833
0.000071
0.000052
--STOP--
++STRT++
0.000896
0.001201
0.000165
0.000012
0.000162
0.000067
0.001816
0.000080
0.000052
0.000871
0.001218
0.000170
0.000011
0.000162
0.000067
0.001875
0.000075
0.000054
0.000870
0.001200
0.000167
0.000010
0.000161
0.000067
0.001830
0.000101
0.000057
0.000877
0.001237
0.000166
0.000011
0.000162
0.000068
0.001817
0.000091
0.000049
--STOP--
++STRT++
0.000876
0.001198
0.000166
0.000010
0.000162
0.000068
0.001877
0.000077
0.000064
0.000882
0.001204
0.000170
0.000010
0.000161
0.000067
0.001835
0.000083
0.000052
0.000877
0.001217
0.000169
0.000011
0.000162
0.000068
0.001815
0.000068
0.000047
0.000877
0.001201
0.000171
0.000011
0.000165
0.000068
0.001837
0.000082
0.000052
--STOP--
++STRT++
0.000875
0.001201
0.000167
0.000011
0.000162
0.000068
0.001816
0.000082
0.000050
0.000879
0.001216
0.000166
0.000014
0.000162
0.000067
0.001835
0.000075
0.000047
0.000878
0.001221
0.000168
0.000010
0.000162
0.000068
0.001844
0.000094
0.000052
0.000877
0.001202
0.000174
0.000012
0.000162
0.000069
0.001835
0.000072
0.000060
--STOP--
++STRT++
0.000868
0.001199
0.000170
0.000011
0.000162
0.000067
0.001815
0.000068
0.000045
0.000904
0.001218
0.000166
0.000010
0.000162
0.000066
0.001837
0.000086
0.000054
0.000871
0.001220
0.000167
0.000010
0.000163
0.000067
0.001822
0.000079
0.000065
0.000885
0.001214
0.000167
0.000010
0.000162
0.000068
0.001835
0.000075
0.000062
--STOP--
++STRT++
0.000877
0.001198
0.000169
0.000011
0.000162
0.000068
0.001832
0.000069
0.000070
0.000878
0.001233
0.000167
0.000011
0.000187
0.000067
0.001845
0.000069
0.000062
0.000869
0.001199
0.000167
0.000011
0.000162
0.000067
0.001830
0.000077
0.000067
0.000876
0.001220
0.000168
0.000012
0.000164
0.000068
0.001816
0.000116
0.000074
--STOP--
++STRT++
0.000876
0.001200
0.000167
0.000010
0.000162
0.000067
0.001816
0.000074
0.000051
0.000917
0.001235
0.000167
0.000011
0.000162
0.000068
0.001848
0.000097
0.000046
0.000875
0.001222
0.000166
0.000010
0.000212
0.000067
0.001829
0.000068
0.000054
0.000872
0.001217
0.000174
0.000011
0.000162
0.000068
0.001830
0.000078
0.000051
--STOP--
++STRT++
0.000863
0.001221
0.000167
0.000011
0.000162
0.000068
0.001834
0.000074
0.000050
0.000871
0.001234
0.000166
0.000010
0.000162
0.000067
0.001833
0.000085
0.000049
0.000874
0.001199
0.000167
0.000011
0.000163
0.000068
0.001816
0.000100
0.000044
0.000871
0.001230
0.000171
0.000011
0.000165
0.000069
0.001821
0.000105
0.000066
--STOP--
++STRT++
0.000864
0.001204
0.000165
0.000010
0.000162
0.000068
0.001815
0.000072
0.000042
0.000896
0.001214
0.000165
0.000011
0.000162
0.000067
0.001831
0.000075
0.000049
0.000871
0.001215
0.000166
0.000010
0.000188
0.000067
0.001844
0.000078
0.000061
0.000871
0.001213
0.000169
0.000010
0.000163
0.000067
0.001842
0.000070
0.000054
--STOP--
++STRT++
0.000864
0.001213
0.000170
0.000011
0.000161
0.000067
0.001863
0.000086
0.000050
0.000890
0.001241
0.000166
0.000010
0.000183
0.000067
0.001843
0.000068
0.000044
0.000877
0.001214
0.000168
0.000012
0.000163
0.000067
0.001876
0.000070
0.000056
0.000874
0.001202
0.000174
0.000014
0.000165
0.000069
0.001833
0.000100
0.000055
--STOP--
++STRT++
0.000875
0.001202
0.000166
0.000010
0.000162
0.000067
0.001816
0.000096
0.000042
0.000877
0.001231
0.000168
0.000011
0.000162
0.000067
0.001873
0.000085
0.000051
0.000882
0.001214
0.000168
0.000012
0.000184
0.000067
0.001882
0.000068
0.000054
0.000877
0.001202
0.000174
0.000011
0.000164
0.000068
0.001878
0.000092
0.000058
--STOP--
++STRT++
0.000875
0.001218
0.000166
0.000010
0.000162
0.000067
0.001872
0.000084
0.000054
0.000880
0.001199
0.000166
0.000011
0.000162
0.000067
0.001838
0.000074
0.000050
0.000896
0.001198
0.000168
0.000011
0.000164
0.000067
0.001877
0.000068
0.000059
0.000877
0.001217
0.000168
0.000011
0.000163
0.000068
0.001854
0.000077
0.000057
--STOP--
++STRT++
0.000869
0.001214
0.000231
0.000011
0.000162
0.000067
0.001840
0.000076
0.000056
0.000881
0.001214
0.000166
0.000011
0.000180
0.000067
0.001833
0.000069
0.000051
0.000873
0.001199
0.000168
0.000012
0.000162
0.000067
0.001816
0.000085
0.000058
0.000904
0.001200
0.000171
0.000012
0.000165
0.000069
0.001863
0.000085
0.000077
--STOP--
++STRT++
0.000876
0.001200
0.000171
0.000011
0.000162
0.000067
0.001816
0.000087
0.000057
0.000901
0.001199
0.000168
0.000011
0.000161
0.000067
0.001831
0.000103
0.000052
0.000901
0.001216
0.000168
0.000010
0.000161
0.000067
0.001830
0.000086
0.000057
0.000877
0.001215
0.000167
0.000013
0.000162
0.000085
0.001834
0.000077
0.000056
--STOP--
++STRT++
0.000875
0.001218
0.000167
0.000011
0.000189
0.000067
0.001843
0.000085
0.000046
0.000883
0.001225
0.000168
0.000012
0.000163
0.000070
0.001836
0.000070
0.000054
0.000870
0.001199
0.000166
0.000011
0.000163
0.000067
0.001837
0.000077
0.000068
0.000871
0.001218
0.000171
0.000011
0.000163
0.000068
0.001839
0.000073
0.000058
--STOP--
++STRT++
0.000864
0.001198
0.000165
0.000011
0.000162
0.000068
0.001815
0.000093
0.000057
0.000901
0.001198
0.000168
0.000010
0.000162
0.000067
0.001883
0.000067
0.000057
0.000874
0.001219
0.000167
0.000010
0.000161
0.000067
0.001840
0.000068
0.000052
0.000877
0.001216
0.000180
0.000015
0.000166
0.000069
0.001819
0.000101
0.000056
--STOP--
++STRT++
0.000864
0.001200
0.000167
0.000011
0.000161
0.000067
0.001818
0.000083
0.000051
0.000871
0.001198
0.000167
0.000011
0.000163
0.000066
0.001815
0.000075
0.000057
0.000876
0.001198
0.000168
0.000010
0.000162
0.000067
0.001876
0.000068
0.000051
0.000876
0.001201
0.000171
0.000012
0.000166
0.000070
0.001837
0.000086
0.000048
--STOP--
++STRT++
0.000863
0.001201
0.000166
0.000010
0.000162
0.000067
0.001816
0.000074
0.000054
0.000906
0.001214
0.000166
0.000010
0.000162
0.000067
0.001817
0.000074
0.000064
0.000869
0.001198
0.000166
0.000010
0.000162
0.000067
0.001832
0.000106
0.000068
0.000872
0.001236
0.000171
0.000011
0.000163
0.000068
0.001820
0.000080
0.000047
--STOP--
++STRT++
0.000875
0.001216
0.000182
0.000011
0.000162
0.000067
0.001840
0.000072
0.000055
0.000873
0.001199
0.000166
0.000010
0.000163
0.000067
0.001836
0.000068
0.000055
0.000872
0.001202
0.000166
0.000010
0.000161
0.000067
0.001819
0.000074
0.000054
0.000878
0.001244
0.000174
0.000013
0.000165
0.000070
0.001819
0.000085
0.000094
--STOP--
++STRT++
0.000864
0.001198
0.000168
0.000010
0.000162
0.000067
0.001816
0.000084
0.000053
0.000871
0.001224
0.000167
0.000011
0.000163
0.000068
0.001823
0.000069
0.000056
0.000921
0.001222
0.000167
0.000010
0.000161
0.000067
0.001875
0.000075
0.000060
0.000878
0.001200
0.000166
0.000011
0.000162
0.000066
0.001857
0.000086
0.000056
--STOP--
++STRT++
0.000870
0.001200
0.000169
0.000010
0.000162
0.000067
0.001816
0.000073
0.000045
0.000872
0.001229
0.000167
0.000011
0.000162
0.000067
0.001841
0.000083
0.000044
0.000869
0.001253
0.000169
0.000010
0.000161
0.000066
0.001839
0.000083
0.000067
0.000873
0.001240
0.000166
0.000011
0.000163
0.000069
0.001816
0.000070
0.000059
--STOP--
++STRT++
0.000875
0.001214
0.000166
0.000010
0.000162
0.000067
0.001868
0.000067
0.000045
0.000871
0.001198
0.000169
0.000011
0.000161
0.000067
0.001815
0.000068
0.000054
0.000874
0.001217
0.000166
0.000010
0.000160
0.000067
0.001876
0.000068
0.000046
0.000874
0.001228
0.000169
0.000012
0.000162
0.000067
0.001881
0.000087
0.000049
--STOP--
++STRT++
0.000876
0.001201
0.000167
0.000011
0.000162
0.000067
0.001871
0.000068
0.000049
0.000901
0.001222
0.000166
0.000011
0.000161
0.000067
0.001831
0.000087
0.000084
0.000872
0.001237
0.000167
0.000012
0.000202
0.000067
0.001837
0.000086
0.000045
0.000871
0.001198
0.000166
0.000010
0.000162
0.000067
0.001827
0.000144
0.000054
--STOP--
++STRT++
0.000882
0.001198
0.000166
0.000012
0.000162
0.000067
0.001888
0.000075
0.000049
0.000871
0.001211
0.000189
0.000010
0.000161
0.000067
0.001835
0.000075
0.000043
0.000873
0.001198
0.000169
0.000012
0.000162
0.000067
0.001834
0.000069
0.000057
0.000872
0.001204
0.000166
0.000011
0.000162
0.000067
0.001867
0.000098
0.000053
--STOP--
++STRT++
0.000875
0.001199
0.000169
0.000011
0.000162
0.000067
0.001816
0.000068
0.000046
0.000880
0.001216
0.000166
0.000012
0.000162
0.000067
0.001835
0.000085
0.000061
0.000873
0.001198
0.000166
0.000011
0.000161
0.000067
0.001829
0.000077
0.000056
0.000875
0.001203
0.000175
0.000012
0.000165
0.000069
0.001878
0.000100
0.000090
--STOP--
++STRT++
0.000863
0.001198
0.000166
0.000010
0.000162
0.000067
0.001816
0.000076
0.000057
0.000874
0.001214
0.000168
0.000010
0.000182
0.000068
0.001835
0.000088
0.000058
0.000877
0.001214
0.000168
0.000011
0.000162
0.000067
0.001831
0.000088
0.000048
0.000879
0.001223
0.000172
0.000011
0.000166
0.000070
0.001839
0.000108
0.000067
--STOP--
++STRT++
0.000870
0.001198
0.000166
0.000011
0.000162
0.000068
0.001878
0.000075
0.000047
0.000872
0.001234
0.000169
0.000010
0.000162
0.000068
0.001843
0.000075
0.000059
0.000875
0.001198
0.000166
0.000011
0.000162
0.000066
0.001816
0.000069
0.000048
0.000889
0.001200
0.000169
0.000012
0.000165
0.000069
0.001827
0.000123
0.000069
--STOP--
++STRT++
0.000876
0.001219
0.000167
0.000028
0.000162
0.000067
0.001830
0.000068
0.000055
0.000870
0.001215
0.000166
0.000010
0.000163
0.000067
0.001819
0.000070
0.000060
0.000877
0.001230
0.000167
0.000010
0.000162
0.000067
0.001833
0.000068
0.000049
0.000873
0.001223
0.000166
0.000012
0.000163
0.000069
0.001882
0.000079
0.000057
--STOP--
++STRT++
0.000864
0.001203
0.000167
0.000011
0.000161
0.000067
0.001817
0.000073
0.000061
0.000878
0.001242
0.000166
0.000011
0.000162
0.000067
0.001815
0.000069
0.000045
0.000872
0.001245
0.000168
0.000011
0.000163
0.000067
0.001831
0.000070
0.000059
0.000873
0.001242
0.000169
0.000013
0.000164
0.000069
0.001817
0.000085
0.000055
--STOP--
++STRT++
0.000864
0.001198
0.000166
0.000011
0.000161
0.000067
0.001816
0.000083
0.000056
0.000897
0.001214
0.000166
0.000011
0.000162
0.000067
0.001834
0.000096
0.000053
0.000875
0.001238
0.000166
0.000013
0.000208
0.000067
0.001835
0.000069
0.000047
0.000872
0.001207
0.000169
0.000011
0.000163
0.000071
0.001842
0.000080
0.000051
--STOP--
++STRT++
0.000866
0.001216
0.000168
0.000011
0.000162
0.000067
0.001841
0.000074
0.000047
0.000872
0.001198
0.000170
0.000011
0.000162
0.000067
0.001833
0.000075
0.000054
0.000874
0.001200
0.000167
0.000011
0.000161
0.000067
0.001834
0.000109
0.000054
0.000873
0.001226
0.000170
0.000014
0.000168
0.000070
0.001873
0.000078
0.000081
--STOP--
++STRT++
0.000885
0.001198
0.000166
0.000011
0.000162
0.000067
0.001844
0.000075
0.000054
0.000874
0.001198
0.000167
0.000010
0.000162
0.000067
0.001838
0.000084
0.000052
0.000875
0.001213
0.000170
0.000010
0.000162
0.000067
0.001829
0.000068
0.000055
0.000877
0.001222
0.000166
0.000011
0.000162
0.000067
0.001815
0.000086
0.000054
--STOP--
++STRT++
0.000876
0.001200
0.000167
0.000011
0.000162
0.000066
0.001819
0.000082
0.000056
0.000920
0.001217
0.000166
0.000010
0.000162
0.000067
0.001831
0.000069
0.000049
0.000876
0.001199
0.000169
0.000010
0.000161
0.000068
0.001829
0.000068
0.000047
0.000885
0.001204
0.000209
0.000012
0.000167
0.000070
0.001844
0.000100
0.000057
--STOP--
++STRT++
0.000863
0.001200
0.000168
0.000010
0.000162
0.000067
0.001816
0.000085
0.000057
0.000885
0.001198
0.000166
0.000010
0.000161
0.000067
0.001831
0.000094
0.000051
0.000873
0.001235
0.000167
0.000012
0.000163
0.000069
0.001838
0.000077
0.000055
0.000879
0.001218
0.000172
0.000011
0.000165
0.000068
0.001820
0.000089
0.000081
--STOP--
++STRT++
0.000890
0.001219
0.000167
0.000010
0.000162
0.000067
0.001835
0.000083
0.000057
0.000874
0.001233
0.000166
0.000011
0.000162
0.000067
0.001875
0.000095
0.000061
0.000876
0.001198
0.000167
0.000011
0.000161
0.000067
0.001815
0.000068
0.000052
0.000878
0.001200
0.000168
0.000012
0.000169
0.000070
0.001821
0.000093
0.000073
--STOP--
++STRT++
0.000898
0.001200
0.000167
0.000012
0.000162
0.000068
0.001852
0.000068
0.000061
0.000870
0.001217
0.000166
0.000011
0.000164
0.000068
0.001816
0.000077
0.000058
0.000899
0.001220
0.000168
0.000011
0.000161
0.000067
0.001839
0.000085
0.000050
0.000875
0.001218
0.000171
0.000013
0.000165
0.000069
0.001820
0.000083
0.000100
--STOP--
++STRT++
0.000876
0.001203
0.000167
0.000011
0.000162
0.000067
0.001816
0.000068
0.000060
0.000904
0.001234
0.000168
0.000011
0.000162
0.000068
0.001869
0.000070
0.000057
0.000875
0.001226
0.000166
0.000011
0.000161
0.000067
0.001828
0.000083
0.000052
0.000878
0.001200
0.000168
0.000011
0.000167
0.000072
0.001872
0.000080
0.000073
--STOP--
++STRT++
0.000876
0.001216
0.000184
0.000010
0.000161
0.000067
0.001830
0.000069
0.000046
0.000879
0.001234
0.000165
0.000010
0.000187
0.000067
0.001840
0.000094
0.000047
0.000873
0.001198
0.000166
0.000013
0.000179
0.000067
0.001834
0.000074
0.000059
0.000876
0.001199
0.000169
0.000011
0.000163
0.000103
0.001832
0.000094
0.000062
--STOP--
++STRT++
0.000876
0.001204
0.000167
0.000011
0.000162
0.000067
0.001867
0.000084
0.000061
0.000877
0.001238
0.000168
0.000012
0.000216
0.000067
0.001839
0.000093
0.000067
0.000876
0.001238
0.000170
0.000010
0.000162
0.000067
0.001874
0.000074
0.000054
0.000878
0.001198
0.000168
0.000011
0.000163
0.000067
0.001859
0.000080
0.000055
--STOP--
++STRT++
0.000902
0.001222
0.000167
0.000012
0.000162
0.000067
0.001859
0.000068
0.000064
0.000873
0.001265
0.000166
0.000011
0.000162
0.000067
0.001836
0.000076
0.000044
0.000874
0.001215
0.000186
0.000011
0.000162
0.000067
0.001835
0.000075
0.000053
0.000870
0.001218
0.000171
0.000012
0.000162
0.000067
0.001818
0.000097
0.000050
--STOP--
++STRT++
0.000889
0.001220
0.000167
0.000011
0.000162
0.000089
0.001920
0.000068
0.000051
0.000868
0.001220
0.000169
0.000010
0.000185
0.000067
0.001839
0.000085
0.000044
0.000878
0.001205
0.000167
0.000011
0.000163
0.000067
0.001816
0.000092
0.000050
0.000912
0.001228
0.000172
0.000011
0.000164
0.000068
0.001819
0.000083
0.000064
--STOP--
++STRT++
0.000864
0.001199
0.000166
0.000011
0.000161
0.000067
0.001816
0.000073
0.000057
0.000875
0.001213
0.000168
0.000011
0.000162
0.000068
0.001875
0.000077
0.000045
0.000870
0.001202
0.000167
0.000013
0.000162
0.000068
0.001886
0.000069
0.000048
0.000871
0.001204
0.000166
0.000011
0.000163
0.000067
0.001852
0.000091
0.000053
--STOP--
++STRT++
0.000893
0.001203
0.000167
0.000012
0.000162
0.000067
0.001832
0.000082
0.000053
0.000873
0.001243
0.000167
0.000010
0.000186
0.000067
0.001839
0.000075
0.000053
0.000887
0.001237
0.000169
0.000013
0.000222
0.000067
0.001884
0.000076
0.000054
0.000891
0.001222
0.000175
0.000013
0.000167
0.000071
0.001819
0.000112
0.000082
--STOP--
