++STRT++
0.001125
0.001457
0.000441
0.000290
0.000428
0.000323
0.002107
0.000372
0.000309
0.038489
0.001488
0.000443
0.000285
0.000435
0.000333
0.002091
0.000359
0.000321
0.038420
0.001461
0.000444
0.000287
0.000436
0.000333
0.002094
0.000349
0.000322
0.037922
0.001473
0.000435
0.000285
0.000428
0.000335
0.002097
0.000342
0.000313
0.046489
0.001484
0.000436
0.000284
0.000432
0.000339
0.002110
0.000358
0.000319
0.038089
0.001476
0.000433
0.000272
0.000426
0.000334
0.002110
0.000368
0.000335
0.038008
0.001470
0.000430
0.000285
0.000439
0.000332
0.002088
0.000345
0.000320
0.038379
0.001468
0.000448
0.000284
0.000431
0.000334
0.002088
0.000352
0.000308
0.046583
0.001474
0.000437
0.000295
0.000429
0.000332
0.002104
0.000357
0.000314
0.038100
0.001478
0.000447
0.000284
0.000433
0.000335
0.002100
0.000362
0.000330
--STOP--
++STRT++
0.001134
0.001488
0.000438
0.000269
0.000427
0.000361
0.002108
0.000342
0.000307
0.013337
0.001476
0.000455
0.000283
0.000430
0.000342
0.002080
0.000349
0.000312
0.013312
0.001462
0.000438
0.000274
0.000435
0.000330
0.002089
0.000347
0.000301
0.038095
0.001469
0.000429
0.000274
0.000434
0.000342
0.002090
0.000365
0.000312
0.013301
0.001462
0.000432
0.000288
0.000432
0.000345
0.002117
0.000339
0.000315
0.038189
0.001468
0.000437
0.000286
0.000425
0.000340
0.002105
0.000374
0.000306
0.012785
0.001474
0.000434
0.000277
0.000428
0.000335
0.002085
0.000353
0.000305
0.013312
0.001462
0.000436
0.000277
0.000438
0.000357
0.002098
0.000357
0.000319
0.038517
0.001474
0.000441
0.000283
0.000430
0.000339
0.002089
0.000356
0.000317
0.037959
0.001476
0.000436
0.000282
0.000427
0.000343
0.002110
0.000345
0.000318
--STOP--
++STRT++
0.001138
0.001469
0.000440
0.000279
0.000434
0.000329
0.002105
0.000357
0.000312
0.012750
0.001464
0.000434
0.000285
0.000422
0.000342
0.002099
0.000346
0.000327
0.039603
0.001484
0.000443
0.000280
0.000432
0.000349
0.002088
0.000361
0.000317
0.037991
0.001475
0.000434
0.000280
0.000446
0.000324
0.002105
0.000353
0.000321
0.037999
0.001464
0.000438
0.000293
0.000434
0.000336
0.002102
0.000372
0.000318
0.037875
0.001464
0.000443
0.000296
0.000439
0.000325
0.002103
0.000360
0.000310
0.038177
0.001487
0.000446
0.000275
0.000453
0.000328
0.002099
0.000357
0.000329
0.038409
0.001480
0.000430
0.000280
0.000431
0.000334
0.002083
0.000347
0.000309
0.013119
0.001467
0.000446
0.000284
0.000428
0.000340
0.002103
0.000358
0.000310
0.038089
0.001468
0.000439
0.000284
0.000433
0.000328
0.002082
0.000350
0.000316
--STOP--
++STRT++
0.001122
0.001468
0.000429
0.000273
0.000422
0.000325
0.002091
0.000347
0.000324
0.038011
0.001461
0.000435
0.000290
0.000440
0.000335
0.002091
0.000358
0.000317
0.038439
0.001475
0.000444
0.000276
0.000432
0.000335
0.002083
0.000354
0.000327
0.013318
0.001472
0.000435
0.000284
0.000426
0.000350
0.002099
0.000344
0.000309
0.038199
0.001474
0.000437
0.000289
0.000427
0.000333
0.002086
0.000345
0.000312
0.037993
0.001468
0.000448
0.000289
0.000436
0.000341
0.002089
0.000357
0.000332
0.046241
0.001480
0.000432
0.000287
0.000432
0.000336
0.002094
0.000353
0.000326
0.038157
0.001472
0.000447
0.000287
0.000432
0.000329
0.002082
0.000364
0.000307
0.012960
0.001485
0.000442
0.000287
0.000422
0.000327
0.002106
0.000346
0.000318
0.012893
0.001474
0.000430
0.000273
0.000432
0.000342
0.002081
0.000349
0.000314
--STOP--
++STRT++
0.001144
0.001471
0.000435
0.000274
0.000434
0.000332
0.002093
0.000347
0.000317
0.014140
0.001457
0.000437
0.000292
0.000427
0.000336
0.002090
0.000356
0.000322
0.038479
0.001493
0.000430
0.000272
0.000432
0.000323
0.002095
0.000370
0.000322
0.013148
0.001470
0.000437
0.000294
0.000432
0.000341
0.002089
0.000349
0.000313
0.038230
0.001471
0.000434
0.000272
0.000435
0.000333
0.002090
0.000361
0.000310
0.038317
0.001459
0.000439
0.000279
0.000423
0.000333
0.002098
0.000363
0.000318
0.011792
0.001469
0.000436
0.000275
0.000437
0.000331
0.002090
0.000354
0.000312
0.038380
0.001465
0.000443
0.000288
0.000441
0.000322
0.002101
0.000374
0.000312
0.038279
0.001462
0.000433
0.000275
0.000434
0.000336
0.002093
0.000340
0.000322
0.046407
0.001496
0.000434
0.000283
0.000445
0.000344
0.002106
0.000341
0.000309
--STOP--
++STRT++
0.001123
0.001474
0.000431
0.000272
0.000431
0.000335
0.002102
0.000349
0.000326
0.038019
0.001460
0.000448
0.000276
0.000448
0.000331
0.002094
0.000337
0.000312
0.013288
0.001465
0.000442
0.000284
0.000434
0.000340
0.002105
0.000350
0.000333
0.038255
0.001469
0.000438
0.000282
0.000423
0.000330
0.002092
0.000349
0.000312
0.046333
0.001456
0.000445
0.000272
0.000425
0.000333
0.002109
0.000348
0.000314
0.038406
0.001452
0.000436
0.000287
0.000423
0.000348
0.002088
0.000349
0.000312
0.013171
0.001473
0.000438
0.000268
0.000422
0.000327
0.002082
0.000341
0.000302
0.038387
0.001468
0.000432
0.000283
0.000447
0.000336
0.002084
0.000342
0.000319
0.038260
0.001473
0.000427
0.000292
0.000428
0.000337
0.002104
0.000349
0.000322
0.038517
0.001472
0.000441
0.000290
0.000428
0.000336
0.002094
0.000366
0.000315
--STOP--
++STRT++
0.001128
0.001479
0.000439
0.000283
0.000435
0.000329
0.002089
0.000345
0.000315
0.012911
0.001459
0.000436
0.000281
0.000433
0.000336
0.002102
0.000358
0.000303
0.038389
0.001466
0.000434
0.000281
0.000432
0.000343
0.002087
0.000352
0.000312
0.089458
0.001483
0.000442
0.000291
0.000437
0.000325
0.002092
0.000368
0.000325
0.013129
0.001467
0.000438
0.000278
0.000443
0.000330
0.002090
0.000351
0.000324
0.038156
0.001475
0.000447
0.000288
0.000435
0.000330
0.002099
0.000343
0.000311
0.012994
0.001470
0.000439
0.000278
0.000430
0.000337
0.002097
0.000351
0.000309
0.037996
0.001465
0.000435
0.000273
0.000426
0.000336
0.002095
0.000364
0.000324
0.013324
0.001459
0.000438
0.000273
0.000424
0.000339
0.002084
0.000356
0.000313
0.013061
0.001480
0.000444
0.000274
0.000432
0.000329
0.002097
0.000347
0.000313
--STOP--
++STRT++
0.001146
0.001477
0.000432
0.000286
0.000437
0.000333
0.002087
0.000388
0.000309
0.038567
0.001469
0.000455
0.000278
0.000428
0.000348
0.002102
0.000365
0.000310
0.038323
0.001473
0.000432
0.000275
0.000429
0.000327
0.002107
0.000353
0.000317
0.012710
0.001456
0.000438
0.000290
0.000432
0.000345
0.002094
0.000381
0.000306
0.038376
0.001472
0.000448
0.000281
0.000429
0.000328
0.002090
0.000369
0.000320
0.037990
0.001473
0.000449
0.000279
0.000445
0.000341
0.002103
0.000354
0.000339
0.038335
0.001476
0.000444
0.000278
0.000419
0.000333
0.002099
0.000368
0.000310
0.013033
0.001466
0.000441
0.000310
0.000419
0.000333
0.002088
0.000349
0.000314
0.038087
0.001470
0.000441
0.000279
0.000428
0.000338
0.002091
0.000352
0.000313
0.012996
0.001464
0.000440
0.000283
0.000429
0.000335
0.002091
0.000364
0.000313
--STOP--
++STRT++
0.001142
0.001465
0.000438
0.000273
0.000441
0.000327
0.002092
0.000351
0.000313
0.014074
0.001476
0.000432
0.000287
0.000430
0.000340
0.002102
0.000351
0.000303
0.013098
0.001464
0.000430
0.000284
0.000432
0.000335
0.002091
0.000345
0.000326
0.038006
0.001468
0.000437
0.000291
0.000426
0.000332
0.002088
0.000357
0.000317
0.038348
0.001475
0.000440
0.000280
0.000423
0.000329
0.002095
0.000350
0.000321
0.038459
0.001461
0.000439
0.000279
0.000431
0.000322
0.002102
0.000361
0.000324
0.039593
0.001460
0.000436
0.000278
0.000434
0.000340
0.002092
0.000347
0.000308
0.037896
0.001471
0.000431
0.000304
0.000433
0.000334
0.002098
0.000351
0.000317
0.038382
0.001462
0.000445
0.000274
0.000436
0.000339
0.002082
0.000354
0.000326
0.038268
0.001470
0.000450
0.000275
0.000425
0.000327
0.002097
0.000359
0.000313
--STOP--
++STRT++
0.001134
0.001470
0.000438
0.000280
0.000426
0.000344
0.002089
0.000367
0.000317
0.038205
0.001471
0.000430
0.000276
0.000427
0.000334
0.002097
0.000335
0.000317
0.012969
0.001471
0.000436
0.000281
0.000445
0.000336
0.002091
0.000346
0.000322
0.038395
0.001467
0.000448
0.000287
0.000435
0.000341
0.002085
0.000369
0.000327
0.038258
0.001482
0.000441
0.000289
0.000437
0.000337
0.002098
0.000362
0.000310
0.038416
0.001464
0.000439
0.000277
0.000426
0.000334
0.002079
0.000363
0.000310
0.038290
0.001493
0.000434
0.000294
0.000435
0.000336
0.002083
0.000362
0.000324
0.038440
0.001476
0.000437
0.000274
0.000435
0.000338
0.002098
0.000365
0.000314
0.038414
0.001472
0.000445
0.000285
0.000440
0.000346
0.002112
0.000366
0.000326
0.013306
0.001481
0.000439
0.000298
0.000441
0.000359
0.002108
0.000355
0.000314
--STOP--
++STRT++
0.001138
0.001465
0.000434
0.000276
0.000432
0.000348
0.002095
0.000350
0.000316
0.013227
0.001468
0.000427
0.000285
0.000424
0.000335
0.002079
0.000365
0.000333
0.038046
0.001467
0.000457
0.000294
0.000432
0.000348
0.002104
0.000380
0.000322
0.013102
0.001469
0.000444
0.000275
0.000434
0.000335
0.002091
0.000358
0.000314
0.038507
0.001466
0.000435
0.000286
0.000445
0.000338
0.002092
0.000352
0.000322
0.012795
0.001466
0.000429
0.000275
0.000434
0.000331
0.002105
0.000348
0.000310
0.038040
0.001476
0.000429
0.000283
0.000434
0.000338
0.002099
0.000355
0.000307
0.038355
0.001469
0.000429
0.000285
0.000441
0.000348
0.002105
0.000359
0.000314
0.046217
0.001479
0.000440
0.000276
0.000443
0.000341
0.002097
0.000356
0.000321
0.014476
0.001460
0.000430
0.000278
0.000437
0.000325
0.002094
0.000359
0.000328
--STOP--
++STRT++
0.001150
0.001457
0.000432
0.000274
0.000437
0.000329
0.002092
0.000377
0.000329
0.038422
0.001473
0.000433
0.000283
0.000433
0.000339
0.002107
0.000348
0.000305
0.038024
0.001486
0.000432
0.000296
0.000430
0.000331
0.002102
0.000337
0.000308
0.038077
0.001484
0.000440
0.000288
0.000440
0.000337
0.002095
0.000361
0.000318
0.038324
0.001470
0.000445
0.000277
0.000431
0.000340
0.002090
0.000362
0.000307
0.012854
0.001461
0.000433
0.000280
0.000423
0.000335
0.002096
0.000341
0.000306
0.038374
0.001479
0.000438
0.000293
0.000438
0.000337
0.002095
0.000369
0.000337
0.038047
0.001474
0.000438
0.000301
0.000446
0.000333
0.002100
0.000362
0.000326
0.113444
0.001487
0.000438
0.000280
0.000440
0.000345
0.002104
0.000358
0.000321
0.038363
0.001475
0.000455
0.000274
0.000436
0.000342
0.002085
0.000367
0.000319
--STOP--
++STRT++
0.001131
0.001491
0.000439
0.000283
0.000439
0.000327
0.002094
0.000386
0.000309
0.038374
0.001486
0.000435
0.000289
0.000427
0.000333
0.002088
0.000353
0.000313
0.038028
0.001478
0.000458
0.000279
0.000445
0.000362
0.002094
0.000366
0.000333
0.011901
0.001480
0.000436
0.000283
0.000437
0.000334
0.002101
0.000350
0.000306
0.038415
0.001472
0.000440
0.000279
0.000435
0.000347
0.002082
0.000353
0.000313
0.012963
0.001468
0.000441
0.000271
0.000439
0.000343
0.002096
0.000345
0.000328
0.037964
0.001476
0.000443
0.000300
0.000437
0.000344
0.002115
0.000360
0.000324
0.039547
0.001470
0.000427
0.000283
0.000437
0.000331
0.002100
0.000361
0.000316
0.038241
0.001469
0.000435
0.000274
0.000424
0.000339
0.002084
0.000361
0.000310
0.013146
0.001477
0.000443
0.000280
0.000441
0.000349
0.002098
0.000374
0.000333
--STOP--
++STRT++
0.001126
0.001484
0.000421
0.000275
0.000429
0.000332
0.002098
0.000351
0.000318
0.013311
0.001466
0.000429
0.000276
0.000436
0.000335
0.002097
0.000349
0.000310
0.038436
0.001483
0.000439
0.000278
0.000431
0.000340
0.002113
0.000347
0.000315
0.038335
0.001485
0.000433
0.000276
0.000436
0.000338
0.002099
0.000358
0.000313
0.038510
0.001487
0.000429
0.000286
0.000425
0.000341
0.002084
0.000348
0.000319
0.046286
0.001468
0.000447
0.000286
0.000429
0.000335
0.002102
0.000348
0.000310
0.038533
0.001468
0.000447
0.000289
0.000444
0.000329
0.002103
0.000358
0.000304
0.012964
0.001476
0.000435
0.000271
0.000436
0.000328
0.002090
0.000355
0.000326
0.046388
0.001474
0.000435
0.000279
0.000437
0.000333
0.002094
0.000355
0.000307
0.038336
0.001467
0.000433
0.000280
0.000464
0.000336
0.002093
0.000339
0.000320
--STOP--
++STRT++
0.001135
0.001474
0.000427
0.000280
0.000420
0.000327
0.002076
0.000367
0.000325
0.038184
0.001456
0.000447
0.000288
0.000428
0.000328
0.002098
0.000361
0.000306
0.046407
0.001467
0.000441
0.000279
0.000433
0.000335
0.002082
0.000365
0.000313
0.046425
0.001474
0.000441
0.000273
0.000426
0.000337
0.002096
0.000348
0.000323
0.046472
0.001463
0.000437
0.000273
0.000434
0.000332
0.002100
0.000366
0.000318
0.012817
0.001474
0.000431
0.000287
0.000441
0.000343
0.002090
0.000348
0.000329
0.038505
0.001462
0.000433
0.000288
0.000431
0.000340
0.002077
0.000345
0.000317
0.038431
0.001483
0.000436
0.000270
0.000426
0.000336
0.002095
0.000355
0.000321
0.012886
0.001484
0.000433
0.000283
0.000432
0.000329
0.002086
0.000357
0.000315
0.013272
0.001482
0.000434
0.000291
0.000436
0.000335
0.002104
0.000354
0.000322
--STOP--
++STRT++
0.001136
0.001488
0.000449
0.000280
0.000433
0.000337
0.002106
0.000360
0.000316
0.038353
0.001468
0.000442
0.000289
0.000437
0.000341
0.002111
0.000361
0.000313
0.013321
0.001468
0.000448
0.000299
0.000436
0.000340
0.002088
0.000352
0.000306
0.037914
0.001474
0.000440
0.000276
0.000449
0.000337
0.002110
0.000352
0.000319
0.012765
0.001457
0.000440
0.000280
0.000437
0.000334
0.002106
0.000380
0.000312
0.013130
0.001468
0.000442
0.000289
0.000453
0.000332
0.002087
0.000362
0.000307
0.013259
0.001460
0.000449
0.000283
0.000438
0.000327
0.002101
0.000352
0.000317
0.038234
0.001477
0.000428
0.000279
0.000430
0.000344
0.002094
0.000346
0.000314
0.013190
0.001480
0.000440
0.000274
0.000426
0.000347
0.002104
0.000355
0.000309
0.013309
0.001471
0.000444
0.000281
0.000434
0.000338
0.002105
0.000350
0.000318
--STOP--
