++STRT++
0.058545
0.080820
0.003506
0.000568
0.003470
0.001411
0.130722
0.002943
0.001189
0.103919
0.081207
0.003780
0.000651
0.003722
0.001517
0.130274
0.003291
0.001300
0.103943
0.081005
0.003677
0.000644
0.003605
0.001479
0.129769
0.003266
0.001281
0.103626
0.081218
0.004042
0.000667
0.003950
0.001513
0.130335
0.003474
0.001360
0.103822
0.081273
0.004033
0.000706
0.003947
0.001534
0.134621
0.004843
0.001544
0.103846
0.081170
0.003974
0.000662
0.003982
0.001526
0.130081
0.003452
0.001335
0.069394
0.081180
0.004040
0.000713
0.004079
0.001531
0.130350
0.003615
0.001400
0.103760
0.080974
0.003745
0.000631
0.003666
0.001455
0.130285
0.003320
0.001336
0.103425
0.081290
0.004111
0.000687
0.004015
0.001551
0.139028
0.004878
0.001454
0.103836
0.081356
0.004211
0.000691
0.004026
0.001558
0.131119
0.005743
0.001660
--STOP--
++STRT++
0.058405
0.080778
0.003544
0.000545
0.003463
0.001407
0.134488
0.002916
0.001179
0.103253
0.081118
0.003735
0.000636
0.003629
0.001516
0.132712
0.003323
0.001295
0.103694
0.081106
0.003690
0.000644
0.003646
0.001466
0.130308
0.003270
0.001307
0.103558
0.081057
0.004064
0.000673
0.003911
0.001540
0.131181
0.003454
0.001335
0.103507
0.081257
0.004151
0.000704
0.004087
0.001517
0.136269
0.005694
0.001655
0.103189
0.081133
0.003988
0.000689
0.004137
0.001531
0.131343
0.003436
0.001378
0.103420
0.081093
0.004000
0.000677
0.003967
0.001542
0.128723
0.003630
0.001380
0.103277
0.081069
0.003750
0.000625
0.003703
0.001481
0.130042
0.003314
0.001284
0.076830
0.081287
0.004145
0.000688
0.004037
0.001530
0.132192
0.004788
0.001480
0.069867
0.081454
0.004118
0.000685
0.004021
0.001562
0.132450
0.005275
0.001683
--STOP--
++STRT++
0.058624
0.080864
0.003514
0.000571
0.003525
0.001442
0.128213
0.003022
0.001190
0.070261
0.081007
0.003777
0.000670
0.003680
0.001508
0.130674
0.003309
0.001337
0.069753
0.081044
0.003753
0.000635
0.003675
0.001480
0.131735
0.003297
0.001327
0.070078
0.081069
0.004043
0.000664
0.004021
0.001515
0.134189
0.003441
0.001344
0.103394
0.081315
0.004093
0.000666
0.004022
0.001542
0.133344
0.005017
0.001589
0.103442
0.081069
0.004112
0.000671
0.004032
0.001532
0.132741
0.003389
0.001336
0.103527
0.081117
0.004086
0.000682
0.003936
0.001535
0.129904
0.003553
0.001369
0.103490
0.080976
0.003706
0.000628
0.003668
0.001455
0.132819
0.003208
0.001291
0.078324
0.081320
0.004116
0.000690
0.003973
0.001537
0.130026
0.004756
0.001452
0.103957
0.081487
0.004096
0.000680
0.004054
0.001547
0.133013
0.006323
0.001748
--STOP--
++STRT++
0.058558
0.080826
0.003528
0.000557
0.003471
0.001422
0.131158
0.003027
0.001189
0.069808
0.080981
0.003823
0.000658
0.003812
0.001491
0.129687
0.003236
0.001300
0.069519
0.081211
0.003719
0.000645
0.003738
0.001484
0.131513
0.003371
0.001356
0.103784
0.081203
0.004042
0.000671
0.003939
0.001516
0.131076
0.003482
0.001386
0.103357
0.081236
0.004052
0.000680
0.004116
0.001526
0.130209
0.005044
0.001586
0.103832
0.081297
0.004060
0.000690
0.003967
0.001531
0.131836
0.003541
0.001380
0.103410
0.081262
0.004109
0.000699
0.004028
0.001528
0.128501
0.003709
0.001355
0.103548
0.081004
0.003719
0.000615
0.003648
0.001461
0.137624
0.003273
0.001277
0.079393
0.081385
0.004097
0.000698
0.004032
0.001527
0.133240
0.004664
0.001486
0.103446
0.081300
0.004082
0.000716
0.004072
0.001537
0.140296
0.005686
0.001623
--STOP--
++STRT++
0.058619
0.080749
0.003568
0.000578
0.003454
0.001413
0.130227
0.002990
0.001174
0.069992
0.081108
0.003791
0.000660
0.003794
0.001514
0.134435
0.003377
0.001307
0.070310
0.080961
0.003801
0.000643
0.003721
0.001488
0.130686
0.003257
0.001276
0.103694
0.081159
0.004029
0.000667
0.004010
0.001522
0.130412
0.003349
0.001353
0.103506
0.081311
0.004029
0.000690
0.003989
0.001520
0.135614
0.004783
0.001544
0.069806
0.081176
0.004067
0.000665
0.004047
0.001508
0.133359
0.003477
0.001346
0.069471
0.081158
0.004064
0.000680
0.003989
0.001510
0.130258
0.003600
0.001396
0.103470
0.081101
0.003734
0.000641
0.003675
0.001454
0.130232
0.003323
0.001316
0.103702
0.081270
0.004117
0.000683
0.003967
0.001535
0.130853
0.004852
0.001466
0.069651
0.081523
0.004179
0.000699
0.004112
0.001550
0.133245
0.005269
0.001667
--STOP--
++STRT++
0.059011
0.080845
0.003564
0.000558
0.003508
0.001422
0.128266
0.003028
0.001199
0.103925
0.080996
0.003739
0.000650
0.003686
0.001517
0.128930
0.003239
0.001329
0.103604
0.080974
0.003765
0.000636
0.003647
0.001497
0.129228
0.003293
0.001267
0.103501
0.081103
0.003988
0.000675
0.004010
0.001544
0.135078
0.003444
0.001340
0.069764
0.081178
0.004060
0.000702
0.004066
0.001565
0.131159
0.004934
0.001590
0.070161
0.081099
0.004057
0.000667
0.003980
0.001520
0.130061
0.003404
0.001357
0.103224
0.081187
0.004004
0.000691
0.004039
0.001547
0.129174
0.003548
0.001349
0.103677
0.080946
0.003658
0.000621
0.003631
0.001467
0.129219
0.003231
0.001246
0.078014
0.081268
0.004034
0.000685
0.004077
0.001540
0.130434
0.004569
0.001527
0.069826
0.081433
0.004313
0.000713
0.004050
0.001539
0.132870
0.004957
0.001690
--STOP--
++STRT++
0.058620
0.080858
0.003493
0.000565
0.003458
0.001410
0.131933
0.003288
0.001213
0.070865
0.081096
0.003726
0.000656
0.003696
0.001516
0.129763
0.003472
0.001327
0.103404
0.081113
0.003707
0.000644
0.003681
0.001476
0.130557
0.003331
0.001291
0.103619
0.081148
0.004082
0.000656
0.003953
0.001514
0.131326
0.003495
0.001376
0.070106
0.081409
0.004045
0.000688
0.004025
0.001559
0.135586
0.004784
0.001542
0.103130
0.081002
0.003997
0.000687
0.003929
0.001522
0.129344
0.003448
0.001376
0.103596
0.081033
0.003998
0.000690
0.003944
0.001511
0.133847
0.003463
0.001376
0.069626
0.080921
0.003714
0.000616
0.003663
0.001463
0.130024
0.003272
0.001259
0.103627
0.081379
0.004086
0.000702
0.004046
0.001568
0.138676
0.004710
0.001442
0.103806
0.081470
0.004023
0.000694
0.004036
0.001548
0.131223
0.005928
0.001681
--STOP--
++STRT++
0.058640
0.080818
0.003485
0.000551
0.003415
0.001418
0.130379
0.002987
0.001160
0.069385
0.080885
0.003710
0.000638
0.003670
0.001493
0.130716
0.003264
0.001289
0.069948
0.080971
0.003787
0.000637
0.003654
0.001495
0.129788
0.003296
0.001342
0.103446
0.081168
0.003970
0.000671
0.003968
0.001548
0.129400
0.003530
0.001359
0.069844
0.081221
0.004094
0.000676
0.004028
0.001539
0.136037
0.005767
0.001628
0.069799
0.081158
0.004023
0.000663
0.003908
0.001508
0.130676
0.003447
0.001353
0.103282
0.081117
0.004010
0.000709
0.003899
0.001505
0.131191
0.003577
0.001388
0.103517
0.080970
0.003744
0.000637
0.003645
0.001468
0.133590
0.003295
0.001296
0.103819
0.081530
0.004110
0.000684
0.003966
0.001527
0.137989
0.004993
0.001438
0.069907
0.081554
0.004139
0.000675
0.004017
0.001529
0.132265
0.005393
0.001705
--STOP--
++STRT++
0.058477
0.080707
0.003520
0.000573
0.003414
0.001423
0.128330
0.002967
0.001161
0.103267
0.081105
0.003735
0.000659
0.003611
0.001477
0.128574
0.003284
0.001310
0.069928
0.081014
0.003727
0.000640
0.003631
0.001486
0.129728
0.003245
0.001272
0.069925
0.081176
0.003983
0.000668
0.003881
0.001517
0.129768
0.003445
0.001331
0.103424
0.081227
0.004093
0.000696
0.004012
0.001538
0.133918
0.005433
0.001666
0.069789
0.080975
0.004080
0.000694
0.003986
0.001518
0.130807
0.003437
0.001381
0.103320
0.081198
0.004000
0.000682
0.004007
0.001546
0.129379
0.003524
0.001371
0.103344
0.081192
0.003729
0.000630
0.003703
0.001462
0.129124
0.003289
0.001285
0.103437
0.081323
0.004020
0.000703
0.004094
0.001550
0.142409
0.004990
0.001492
0.103685
0.081412
0.004144
0.000697
0.004007
0.001567
0.131239
0.005755
0.001746
--STOP--
++STRT++
0.058578
0.080878
0.003459
0.000571
0.003446
0.001413
0.130546
0.002954
0.001165
0.103888
0.081132
0.003767
0.000651
0.003778
0.001503
0.133140
0.003303
0.001298
0.103694
0.080978
0.003728
0.000635
0.003682
0.001470
0.131073
0.003502
0.001307
0.070039
0.081154
0.004059
0.000667
0.004107
0.001507
0.130964
0.003555
0.001377
0.103168
0.081405
0.004121
0.000695
0.004086
0.001520
0.130074
0.005634
0.001637
0.069952
0.081204
0.004050
0.000660
0.004005
0.001514
0.129327
0.003422
0.001394
0.103489
0.081187
0.004040
0.000698
0.003974
0.001525
0.129411
0.003541
0.001355
0.076789
0.080917
0.003751
0.000627
0.003726
0.001450
0.129806
0.003513
0.001286
0.077930
0.081457
0.004082
0.000701
0.003990
0.001535
0.130571
0.005299
0.001440
0.103719
0.081305
0.004122
0.000695
0.004060
0.001538
0.130453
0.005977
0.001760
--STOP--
++STRT++
0.058472
0.080853
0.003499
0.000554
0.003446
0.001424
0.130161
0.003041
0.001196
0.103500
0.081033
0.003780
0.000643
0.003670
0.001483
0.131291
0.003305
0.001285
0.070920
0.081036
0.003733
0.000646
0.003670
0.001472
0.129495
0.003308
0.001268
0.103782
0.081141
0.004016
0.000671
0.003985
0.001538
0.131083
0.003541
0.001350
0.103654
0.081241
0.004108
0.000700
0.004108
0.001536
0.134425
0.005434
0.001655
0.103382
0.081203
0.004034
0.000669
0.004007
0.001505
0.129390
0.003437
0.001359
0.069898
0.081182
0.004025
0.000693
0.004030
0.001510
0.129478
0.003504
0.001413
0.104522
0.080959
0.003743
0.000620
0.003652
0.001498
0.130484
0.003280
0.001267
0.103834
0.081302
0.004049
0.000693
0.004049
0.001521
0.138966
0.004491
0.001483
0.070027
0.081487
0.004149
0.000683
0.004048
0.001557
0.134236
0.005767
0.001702
--STOP--
++STRT++
0.058485
0.080778
0.003501
0.000558
0.003478
0.001405
0.130094
0.002915
0.001198
0.069810
0.081129
0.003718
0.000640
0.003759
0.001475
0.129545
0.003358
0.001316
0.103537
0.081140
0.003722
0.000612
0.003620
0.001491
0.129710
0.003260
0.001249
0.103671
0.081130
0.004021
0.000667
0.003899
0.001531
0.130178
0.003490
0.001332
0.069916
0.081281
0.004037
0.000704
0.003993
0.001526
0.135137
0.005290
0.001512
0.103757
0.081088
0.003993
0.000665
0.003891
0.001507
0.131434
0.003402
0.001336
0.103819
0.081281
0.004055
0.000680
0.003926
0.001535
0.129246
0.003644
0.001359
0.069801
0.080815
0.003691
0.000615
0.003652
0.001459
0.129862
0.003215
0.001243
0.077341
0.081235
0.004135
0.000712
0.003998
0.001536
0.129760
0.004832
0.001468
0.103718
0.081467
0.004141
0.000695
0.004016
0.001534
0.130492
0.005212
0.001724
--STOP--
++STRT++
0.058580
0.080862
0.003515
0.000555
0.003454
0.001421
0.130487
0.003001
0.001190
0.069519
0.081084
0.003730
0.000648
0.003746
0.001468
0.128764
0.003319
0.001311
0.070027
0.081009
0.003715
0.000631
0.003692
0.001496
0.133326
0.003590
0.001328
0.070123
0.081025
0.004083
0.000671
0.004031
0.001512
0.128925
0.003387
0.001388
0.103606
0.081342
0.004059
0.000674
0.003993
0.001547
0.132995
0.005330
0.001566
0.071364
0.080992
0.004042
0.000658
0.004018
0.001507
0.130168
0.003427
0.001350
0.103347
0.081108
0.004084
0.000687
0.003955
0.001535
0.130242
0.003602
0.001402
0.103439
0.081317
0.003717
0.000619
0.003748
0.001492
0.130109
0.003205
0.001291
0.076895
0.081297
0.004070
0.000693
0.004011
0.001523
0.134472
0.004572
0.001441
0.103584
0.081643
0.004173
0.000744
0.004141
0.001555
0.139284
0.006019
0.001790
--STOP--
++STRT++
0.058760
0.081258
0.003532
0.000558
0.003443
0.001407
0.129519
0.002980
0.001203
0.069848
0.081023
0.003701
0.000655
0.003712
0.001516
0.131544
0.003327
0.001311
0.103413
0.081143
0.003732
0.000640
0.003629
0.001467
0.130055
0.003223
0.001276
0.103507
0.081046
0.004065
0.000671
0.003990
0.001525
0.134012
0.003519
0.001342
0.103453
0.081148
0.004119
0.000685
0.004045
0.001523
0.133924
0.004911
0.001557
0.070094
0.081306
0.004022
0.000690
0.003991
0.001521
0.130275
0.003471
0.001353
0.070323
0.081213
0.003998
0.000671
0.003982
0.001523
0.129594
0.003507
0.001345
0.103865
0.080933
0.003688
0.000609
0.003685
0.001461
0.130155
0.003269
0.001261
0.103877
0.081411
0.004030
0.000697
0.004088
0.001518
0.130902
0.004350
0.001503
0.069891
0.081373
0.004086
0.000699
0.004003
0.001576
0.135442
0.005501
0.001674
--STOP--
++STRT++
0.058569
0.080902
0.003594
0.000553
0.003493
0.001411
0.128824
0.002922
0.001160
0.103548
0.081081
0.003691
0.000635
0.003737
0.001508
0.130904
0.003329
0.001348
0.076695
0.080990
0.003727
0.000617
0.003626
0.001470
0.129648
0.003302
0.001276
0.104686
0.081104
0.004007
0.000670
0.003954
0.001535
0.131543
0.003511
0.001338
0.069618
0.081282
0.004050
0.000664
0.004010
0.001526
0.130230
0.004906
0.001501
0.070133
0.081156
0.004020
0.000679
0.003898
0.001531
0.130357
0.003463
0.001338
0.103738
0.081213
0.004087
0.000682
0.003973
0.001512
0.128440
0.003551
0.001405
0.069812
0.080944
0.003716
0.000611
0.003637
0.001455
0.133420
0.003231
0.001260
0.079146
0.081384
0.004060
0.000691
0.003983
0.001527
0.136489
0.004945
0.001458
0.103233
0.081623
0.004219
0.000701
0.004022
0.001533
0.132725
0.006349
0.001810
--STOP--
++STRT++
0.058877
0.080854
0.003536
0.000572
0.003486
0.001421
0.129666
0.003036
0.001214
0.103756
0.081132
0.003726
0.000645
0.003665
0.001461
0.131122
0.003413
0.001304
0.103434
0.081105
0.003756
0.000631
0.003681
0.001474
0.128637
0.003243
0.001278
0.070177
0.081035
0.004021
0.000680
0.003989
0.001519
0.130890
0.003382
0.001346
0.103343
0.081348
0.004078
0.000681
0.004038
0.001534
0.143661
0.006055
0.001727
0.070040
0.081255
0.004082
0.000684
0.003994
0.001525
0.130012
0.003502
0.001329
0.103651
0.081033
0.004082
0.000698
0.003929
0.001540
0.133875
0.003763
0.001344
0.103733
0.080925
0.003755
0.000619
0.003715
0.001457
0.130060
0.003423
0.001327
0.103275
0.081253
0.004146
0.000675
0.004055
0.001517
0.133269
0.004939
0.001482
0.103715
0.081460
0.004092
0.000693
0.004076
0.001534
0.134953
0.005849
0.001778
--STOP--
